Instance: /home/gabriel/Documents/ufrgs/courses/oc/trab/instances/cmb01
Vertices: 500
Colors: 20
NumIterations: 1000
Alpha: 0.850000
Is Factible?: true
Conflicts: 0
Solution Value: 139093.671875
Vertex,	Color
0,	1
1,	1
2,	0
3,	1
4,	4
5,	0
6,	0
7,	0
8,	4
9,	4
10,	0
11,	2
12,	1
13,	0
14,	1
15,	0
16,	8
17,	2
18,	8
19,	0
20,	1
21,	0
22,	1
23,	2
24,	0
25,	1
26,	1
27,	0
28,	2
29,	1
30,	1
31,	0
32,	2
33,	0
34,	4
35,	0
36,	2
37,	3
38,	1
39,	3
40,	0
41,	0
42,	5
43,	3
44,	1
45,	4
46,	0
47,	2
48,	7
49,	2
50,	0
51,	1
52,	2
53,	3
54,	2
55,	0
56,	0
57,	4
58,	0
59,	0
60,	3
61,	0
62,	0
63,	0
64,	0
65,	1
66,	1
67,	3
68,	0
69,	2
70,	2
71,	1
72,	0
73,	1
74,	5
75,	3
76,	4
77,	2
78,	2
79,	3
80,	2
81,	6
82,	2
83,	4
84,	2
85,	0
86,	1
87,	0
88,	2
89,	0
90,	0
91,	3
92,	0
93,	1
94,	3
95,	3
96,	1
97,	2
98,	2
99,	9
100,	1
101,	2
102,	2
103,	1
104,	2
105,	5
106,	1
107,	4
108,	3
109,	3
110,	2
111,	7
112,	2
113,	3
114,	4
115,	0
116,	0
117,	9
118,	2
119,	0
120,	4
121,	4
122,	0
123,	1
124,	1
125,	1
126,	2
127,	2
128,	3
129,	3
130,	1
131,	2
132,	4
133,	2
134,	3
135,	1
136,	2
137,	6
138,	5
139,	4
140,	0
141,	2
142,	3
143,	4
144,	3
145,	1
146,	5
147,	3
148,	6
149,	0
150,	5
151,	5
152,	0
153,	1
154,	3
155,	3
156,	2
157,	0
158,	3
159,	3
160,	3
161,	5
162,	4
163,	5
164,	6
165,	5
166,	0
167,	1
168,	3
169,	4
170,	3
171,	5
172,	2
173,	0
174,	1
175,	0
176,	1
177,	10
178,	5
179,	8
180,	3
181,	2
182,	5
183,	0
184,	1
185,	3
186,	6
187,	0
188,	1
189,	6
190,	6
191,	6
192,	3
193,	1
194,	4
195,	6
196,	1
197,	5
198,	4
199,	5
200,	1
201,	3
202,	4
203,	7
204,	4
205,	1
206,	3
207,	6
208,	2
209,	5
210,	5
211,	1
212,	7
213,	4
214,	1
215,	2
216,	2
217,	6
218,	6
219,	8
220,	7
221,	1
222,	7
223,	6
224,	3
225,	0
226,	5
227,	7
228,	0
229,	5
230,	1
231,	3
232,	4
233,	5
234,	3
235,	8
236,	6
237,	4
238,	2
239,	1
240,	1
241,	2
242,	7
243,	6
244,	8
245,	3
246,	4
247,	4
248,	4
249,	1
250,	2
251,	6
252,	2
253,	3
254,	5
255,	2
256,	3
257,	4
258,	3
259,	1
260,	6
261,	3
262,	6
263,	11
264,	4
265,	3
266,	5
267,	5
268,	4
269,	11
270,	7
271,	5
272,	6
273,	5
274,	8
275,	2
276,	10
277,	4
278,	8
279,	3
280,	3
281,	3
282,	7
283,	3
284,	7
285,	4
286,	0
287,	4
288,	4
289,	3
290,	2
291,	4
292,	6
293,	2
294,	10
295,	2
296,	7
297,	5
298,	4
299,	3
300,	3
301,	1
302,	5
303,	4
304,	0
305,	1
306,	2
307,	7
308,	4
309,	7
310,	5
311,	1
312,	1
313,	7
314,	7
315,	5
316,	6
317,	0
318,	4
319,	2
320,	4
321,	5
322,	7
323,	6
324,	6
325,	5
326,	2
327,	5
328,	8
329,	6
330,	2
331,	6
332,	2
333,	7
334,	8
335,	7
336,	6
337,	9
338,	7
339,	1
340,	6
341,	6
342,	6
343,	9
344,	1
345,	8
346,	9
347,	12
348,	7
349,	6
350,	2
351,	0
352,	9
353,	7
354,	3
355,	6
356,	0
357,	8
358,	7
359,	12
360,	8
361,	6
362,	4
363,	7
364,	8
365,	9
366,	5
367,	4
368,	7
369,	6
370,	8
371,	7
372,	4
373,	4
374,	3
375,	5
376,	8
377,	7
378,	5
379,	5
380,	0
381,	3
382,	2
383,	4
384,	4
385,	5
386,	8
387,	8
388,	7
389,	8
390,	7
391,	5
392,	5
393,	9
394,	11
395,	6
396,	10
397,	7
398,	1
399,	9
400,	7
401,	0
402,	3
403,	5
404,	4
405,	9
406,	9
407,	4
408,	13
409,	8
410,	4
411,	6
412,	7
413,	2
414,	10
415,	11
416,	5
417,	5
418,	9
419,	7
420,	9
421,	5
422,	7
423,	10
424,	8
425,	6
426,	10
427,	8
428,	1
429,	3
430,	9
431,	6
432,	12
433,	8
434,	6
435,	10
436,	5
437,	1
438,	6
439,	9
440,	4
441,	9
442,	13
443,	0
444,	3
445,	11
446,	10
447,	5
448,	6
449,	9
450,	10
451,	4
452,	7
453,	5
454,	3
455,	7
456,	9
457,	11
458,	0
459,	13
460,	9
461,	2
462,	8
463,	6
464,	7
465,	8
466,	9
467,	4
468,	10
469,	6
470,	8
471,	9
472,	7
473,	3
474,	8
475,	11
476,	6
477,	0
478,	5
479,	12
480,	10
481,	4
482,	11
483,	4
484,	8
485,	4
486,	8
487,	9
488,	7
489,	0
490,	5
491,	9
492,	11
493,	10
494,	6
495,	11
496,	10
497,	6
498,	5
499,	9
