Instance: /home/gabriel/Documents/ufrgs/courses/oc/trab/instances/cmb01
Vertices: 500
Colors: 15
NumIterations: 500
Alpha: 0.850000
Is Factible?: true
Conflicts: 0
Solution Value: 145282.734375
Vertex,	Color
0,	0
1,	1
2,	2
3,	1
4,	2
5,	1
6,	6
7,	1
8,	1
9,	1
10,	2
11,	4
12,	0
13,	3
14,	1
15,	0
16,	1
17,	2
18,	6
19,	2
20,	0
21,	0
22,	1
23,	3
24,	1
25,	0
26,	3
27,	0
28,	0
29,	1
30,	1
31,	0
32,	2
33,	0
34,	3
35,	3
36,	2
37,	1
38,	3
39,	0
40,	1
41,	2
42,	0
43,	2
44,	1
45,	2
46,	0
47,	0
48,	1
49,	0
50,	1
51,	2
52,	1
53,	1
54,	0
55,	0
56,	2
57,	1
58,	2
59,	0
60,	8
61,	0
62,	1
63,	1
64,	1
65,	2
66,	1
67,	2
68,	6
69,	0
70,	1
71,	2
72,	0
73,	2
74,	4
75,	3
76,	1
77,	2
78,	2
79,	0
80,	1
81,	0
82,	1
83,	0
84,	1
85,	3
86,	4
87,	1
88,	4
89,	4
90,	3
91,	2
92,	0
93,	3
94,	2
95,	0
96,	1
97,	4
98,	1
99,	5
100,	3
101,	2
102,	1
103,	0
104,	2
105,	5
106,	4
107,	3
108,	2
109,	0
110,	0
111,	1
112,	1
113,	1
114,	2
115,	0
116,	0
117,	5
118,	1
119,	5
120,	0
121,	3
122,	0
123,	1
124,	1
125,	1
126,	2
127,	4
128,	1
129,	5
130,	1
131,	2
132,	4
133,	2
134,	5
135,	0
136,	4
137,	7
138,	3
139,	0
140,	0
141,	2
142,	0
143,	4
144,	3
145,	1
146,	4
147,	3
148,	7
149,	2
150,	4
151,	6
152,	2
153,	3
154,	4
155,	1
156,	2
157,	4
158,	3
159,	2
160,	3
161,	6
162,	4
163,	5
164,	4
165,	6
166,	0
167,	1
168,	1
169,	3
170,	8
171,	4
172,	1
173,	1
174,	2
175,	1
176,	2
177,	8
178,	5
179,	6
180,	6
181,	2
182,	4
183,	6
184,	2
185,	3
186,	3
187,	1
188,	3
189,	6
190,	6
191,	2
192,	3
193,	2
194,	5
195,	5
196,	2
197,	3
198,	3
199,	4
200,	1
201,	3
202,	5
203,	0
204,	5
205,	4
206,	3
207,	5
208,	0
209,	5
210,	4
211,	0
212,	9
213,	5
214,	3
215,	3
216,	2
217,	4
218,	6
219,	7
220,	2
221,	0
222,	5
223,	4
224,	3
225,	1
226,	3
227,	4
228,	0
229,	5
230,	3
231,	7
232,	5
233,	6
234,	3
235,	2
236,	5
237,	7
238,	0
239,	0
240,	1
241,	2
242,	7
243,	4
244,	7
245,	2
246,	3
247,	4
248,	4
249,	4
250,	3
251,	4
252,	2
253,	5
254,	8
255,	5
256,	8
257,	2
258,	4
259,	0
260,	6
261,	3
262,	7
263,	10
264,	3
265,	4
266,	1
267,	6
268,	7
269,	4
270,	8
271,	5
272,	6
273,	6
274,	7
275,	0
276,	7
277,	4
278,	7
279,	0
280,	3
281,	5
282,	7
283,	6
284,	7
285,	3
286,	5
287,	5
288,	1
289,	5
290,	4
291,	2
292,	5
293,	3
294,	11
295,	4
296,	6
297,	8
298,	3
299,	0
300,	2
301,	0
302,	4
303,	3
304,	0
305,	6
306,	2
307,	8
308,	3
309,	6
310,	8
311,	5
312,	2
313,	7
314,	3
315,	5
316,	6
317,	0
318,	2
319,	2
320,	4
321,	5
322,	5
323,	6
324,	7
325,	5
326,	2
327,	5
328,	8
329,	6
330,	1
331,	7
332,	4
333,	4
334,	8
335,	0
336,	6
337,	5
338,	4
339,	7
340,	6
341,	9
342,	6
343,	10
344,	0
345,	7
346,	8
347,	8
348,	7
349,	6
350,	1
351,	1
352,	10
353,	7
354,	4
355,	5
356,	9
357,	9
358,	6
359,	12
360,	7
361,	7
362,	1
363,	8
364,	7
365,	9
366,	5
367,	3
368,	7
369,	6
370,	6
371,	0
372,	4
373,	5
374,	4
375,	6
376,	8
377,	5
378,	6
379,	5
380,	6
381,	1
382,	3
383,	2
384,	2
385,	5
386,	9
387,	8
388,	2
389,	6
390,	9
391,	6
392,	3
393,	9
394,	8
395,	5
396,	10
397,	8
398,	3
399,	8
400,	6
401,	1
402,	0
403,	5
404,	5
405,	9
406,	8
407,	5
408,	13
409,	3
410,	8
411,	5
412,	7
413,	5
414,	5
415,	12
416,	9
417,	7
418,	11
419,	3
420,	9
421,	6
422,	5
423,	10
424,	9
425,	7
426,	10
427,	6
428,	1
429,	4
430,	9
431,	7
432,	14
433,	5
434,	6
435,	11
436,	7
437,	3
438,	6
439,	8
440,	11
441,	8
442,	13
443,	4
444,	3
445,	7
446,	10
447,	1
448,	4
449,	12
450,	10
451,	4
452,	7
453,	5
454,	4
455,	6
456,	9
457,	12
458,	6
459,	11
460,	10
461,	4
462,	4
463,	8
464,	3
465,	7
466,	9
467,	2
468,	6
469,	3
470,	8
471,	9
472,	6
473,	5
474,	7
475,	8
476,	5
477,	0
478,	4
479,	11
480,	10
481,	4
482,	10
483,	4
484,	8
485,	4
486,	7
487,	7
488,	4
489,	0
490,	6
491,	8
492,	11
493,	9
494,	7
495,	10
496,	8
497,	6
498,	6
499,	5
