Instance: /home/gabriel/Documents/ufrgs/courses/oc/trab/instances/cmb02
Vertices: 1000
Colors: 10
NumIterations: 1000
Alpha: 0.750000
Is Factible?: true
Conflicts: 1
Solution Value: 516433.000000
Vertex,	Color
0,	1
1,	1
2,	1
3,	2
4,	4
5,	7
6,	2
7,	0
8,	2
9,	0
10,	3
11,	0
12,	0
13,	1
14,	0
15,	0
16,	1
17,	0
18,	2
19,	1
20,	4
21,	0
22,	2
23,	0
24,	3
25,	3
26,	0
27,	3
28,	1
29,	1
30,	0
31,	2
32,	0
33,	0
34,	3
35,	1
36,	0
37,	0
38,	0
39,	1
40,	0
41,	0
42,	2
43,	1
44,	2
45,	1
46,	0
47,	0
48,	1
49,	3
50,	1
51,	1
52,	1
53,	1
54,	2
55,	1
56,	1
57,	2
58,	0
59,	1
60,	0
61,	3
62,	1
63,	0
64,	0
65,	0
66,	1
67,	0
68,	1
69,	0
70,	0
71,	3
72,	4
73,	4
74,	2
75,	1
76,	1
77,	1
78,	0
79,	3
80,	0
81,	1
82,	2
83,	2
84,	2
85,	2
86,	0
87,	0
88,	3
89,	0
90,	0
91,	2
92,	2
93,	0
94,	1
95,	2
96,	3
97,	0
98,	1
99,	0
100,	1
101,	1
102,	0
103,	2
104,	3
105,	0
106,	0
107,	1
108,	1
109,	0
110,	3
111,	1
112,	2
113,	0
114,	3
115,	3
116,	0
117,	0
118,	0
119,	0
120,	0
121,	1
122,	0
123,	2
124,	1
125,	0
126,	1
127,	3
128,	1
129,	1
130,	2
131,	0
132,	0
133,	5
134,	3
135,	0
136,	1
137,	6
138,	0
139,	0
140,	0
141,	1
142,	3
143,	4
144,	8
145,	1
146,	1
147,	1
148,	2
149,	1
150,	0
151,	2
152,	0
153,	1
154,	4
155,	1
156,	3
157,	0
158,	5
159,	0
160,	2
161,	2
162,	1
163,	0
164,	0
165,	1
166,	4
167,	0
168,	0
169,	1
170,	0
171,	3
172,	2
173,	4
174,	1
175,	0
176,	1
177,	1
178,	2
179,	2
180,	0
181,	3
182,	0
183,	1
184,	1
185,	0
186,	0
187,	0
188,	1
189,	2
190,	0
191,	2
192,	0
193,	1
194,	2
195,	0
196,	2
197,	1
198,	0
199,	1
200,	1
201,	0
202,	2
203,	0
204,	2
205,	0
206,	0
207,	0
208,	2
209,	1
210,	2
211,	2
212,	0
213,	2
214,	0
215,	0
216,	4
217,	3
218,	0
219,	1
220,	1
221,	1
222,	1
223,	0
224,	1
225,	0
226,	1
227,	0
228,	0
229,	1
230,	0
231,	0
232,	0
233,	1
234,	2
235,	2
236,	3
237,	2
238,	5
239,	0
240,	0
241,	2
242,	2
243,	1
244,	0
245,	1
246,	0
247,	1
248,	1
249,	1
250,	3
251,	0
252,	1
253,	2
254,	3
255,	1
256,	0
257,	3
258,	2
259,	2
260,	2
261,	4
262,	2
263,	6
264,	3
265,	0
266,	0
267,	2
268,	3
269,	2
270,	1
271,	3
272,	1
273,	0
274,	0
275,	0
276,	7
277,	1
278,	1
279,	2
280,	2
281,	1
282,	2
283,	1
284,	0
285,	0
286,	1
287,	1
288,	4
289,	1
290,	0
291,	2
292,	0
293,	0
294,	0
295,	2
296,	0
297,	1
298,	0
299,	1
300,	1
301,	0
302,	0
303,	3
304,	5
305,	0
306,	4
307,	4
308,	2
309,	2
310,	1
311,	2
312,	0
313,	0
314,	0
315,	1
316,	0
317,	0
318,	0
319,	1
320,	2
321,	0
322,	2
323,	2
324,	1
325,	1
326,	1
327,	0
328,	2
329,	2
330,	0
331,	2
332,	1
333,	2
334,	0
335,	6
336,	0
337,	1
338,	5
339,	0
340,	3
341,	5
342,	2
343,	1
344,	3
345,	1
346,	0
347,	3
348,	7
349,	2
350,	1
351,	0
352,	1
353,	2
354,	1
355,	2
356,	0
357,	0
358,	0
359,	1
360,	0
361,	0
362,	0
363,	0
364,	0
365,	2
366,	0
367,	0
368,	0
369,	0
370,	2
371,	1
372,	4
373,	2
374,	4
375,	2
376,	0
377,	2
378,	1
379,	2
380,	0
381,	0
382,	3
383,	2
384,	1
385,	1
386,	1
387,	4
388,	0
389,	0
390,	4
391,	0
392,	2
393,	2
394,	2
395,	2
396,	1
397,	1
398,	1
399,	1
400,	1
401,	2
402,	3
403,	1
404,	0
405,	4
406,	2
407,	0
408,	2
409,	2
410,	5
411,	0
412,	3
413,	0
414,	2
415,	0
416,	2
417,	2
418,	1
419,	0
420,	1
421,	1
422,	0
423,	0
424,	0
425,	1
426,	0
427,	0
428,	1
429,	1
430,	2
431,	1
432,	3
433,	3
434,	2
435,	0
436,	0
437,	1
438,	1
439,	4
440,	0
441,	1
442,	0
443,	1
444,	3
445,	1
446,	1
447,	5
448,	0
449,	1
450,	1
451,	0
452,	3
453,	2
454,	1
455,	0
456,	1
457,	1
458,	1
459,	5
460,	2
461,	0
462,	2
463,	4
464,	1
465,	1
466,	1
467,	2
468,	2
469,	2
470,	4
471,	6
472,	1
473,	3
474,	2
475,	0
476,	0
477,	3
478,	1
479,	1
480,	2
481,	2
482,	1
483,	4
484,	1
485,	0
486,	0
487,	1
488,	2
489,	3
490,	0
491,	3
492,	1
493,	0
494,	0
495,	0
496,	0
497,	1
498,	0
499,	4
500,	1
501,	1
502,	5
503,	2
504,	3
505,	1
506,	3
507,	2
508,	1
509,	0
510,	1
511,	0
512,	1
513,	1
514,	2
515,	3
516,	2
517,	3
518,	1
519,	1
520,	0
521,	1
522,	3
523,	4
524,	5
525,	2
526,	3
527,	3
528,	1
529,	3
530,	2
531,	2
532,	3
533,	5
534,	3
535,	1
536,	3
537,	0
538,	3
539,	3
540,	1
541,	2
542,	1
543,	2
544,	3
545,	0
546,	1
547,	5
548,	3
549,	1
550,	3
551,	2
552,	3
553,	3
554,	3
555,	3
556,	1
557,	3
558,	3
559,	1
560,	2
561,	2
562,	1
563,	3
564,	5
565,	2
566,	2
567,	2
568,	3
569,	2
570,	0
571,	3
572,	2
573,	1
574,	3
575,	4
576,	0
577,	1
578,	2
579,	0
580,	2
581,	0
582,	4
583,	2
584,	4
585,	2
586,	2
587,	2
588,	2
589,	2
590,	4
591,	1
592,	0
593,	1
594,	1
595,	5
596,	0
597,	4
598,	5
599,	5
600,	5
601,	3
602,	5
603,	3
604,	1
605,	4
606,	0
607,	5
608,	3
609,	4
610,	2
611,	3
612,	0
613,	1
614,	0
615,	2
616,	4
617,	1
618,	1
619,	5
620,	6
621,	1
622,	2
623,	0
624,	2
625,	3
626,	2
627,	4
628,	1
629,	4
630,	1
631,	2
632,	2
633,	2
634,	2
635,	1
636,	1
637,	8
638,	3
639,	1
640,	1
641,	2
642,	0
643,	3
644,	2
645,	2
646,	4
647,	4
648,	1
649,	2
650,	3
651,	4
652,	1
653,	2
654,	3
655,	0
656,	1
657,	3
658,	2
659,	3
660,	0
661,	0
662,	4
663,	2
664,	2
665,	0
666,	0
667,	1
668,	4
669,	2
670,	0
671,	0
672,	3
673,	3
674,	5
675,	1
676,	3
677,	3
678,	1
679,	4
680,	4
681,	6
682,	2
683,	2
684,	3
685,	2
686,	4
687,	5
688,	2
689,	3
690,	4
691,	2
692,	5
693,	1
694,	5
695,	2
696,	3
697,	2
698,	5
699,	5
700,	4
701,	0
702,	2
703,	3
704,	2
705,	7
706,	2
707,	1
708,	3
709,	3
710,	0
711,	1
712,	3
713,	4
714,	0
715,	3
716,	5
717,	1
718,	4
719,	4
720,	1
721,	3
722,	0
723,	3
724,	3
725,	3
726,	4
727,	2
728,	6
729,	3
730,	4
731,	2
732,	1
733,	4
734,	3
735,	1
736,	0
737,	1
738,	2
739,	6
740,	5
741,	0
742,	3
743,	3
744,	6
745,	3
746,	1
747,	5
748,	3
749,	2
750,	6
751,	4
752,	4
753,	4
754,	1
755,	2
756,	5
757,	2
758,	2
759,	2
760,	4
761,	5
762,	4
763,	0
764,	5
765,	5
766,	3
767,	4
768,	3
769,	0
770,	2
771,	1
772,	5
773,	2
774,	3
775,	6
776,	4
777,	3
778,	4
779,	0
780,	3
781,	4
782,	6
783,	7
784,	2
785,	2
786,	1
787,	5
788,	3
789,	6
790,	3
791,	5
792,	6
793,	0
794,	6
795,	2
796,	3
797,	4
798,	0
799,	5
800,	1
801,	6
802,	0
803,	3
804,	7
805,	5
806,	2
807,	2
808,	3
809,	6
810,	4
811,	4
812,	2
813,	4
814,	2
815,	4
816,	2
817,	4
818,	2
819,	0
820,	3
821,	4
822,	2
823,	1
824,	3
825,	7
826,	1
827,	3
828,	1
829,	2
830,	3
831,	2
832,	4
833,	4
834,	1
835,	7
836,	7
837,	2
838,	6
839,	4
840,	3
841,	0
842,	3
843,	4
844,	4
845,	3
846,	3
847,	4
848,	4
849,	5
850,	3
851,	5
852,	3
853,	5
854,	5
855,	6
856,	3
857,	1
858,	1
859,	4
860,	3
861,	6
862,	3
863,	2
864,	4
865,	5
866,	2
867,	4
868,	5
869,	6
870,	4
871,	3
872,	4
873,	3
874,	1
875,	4
876,	4
877,	3
878,	1
879,	5
880,	1
881,	5
882,	3
883,	0
884,	5
885,	4
886,	2
887,	1
888,	3
889,	0
890,	3
891,	4
892,	3
893,	3
894,	2
895,	3
896,	6
897,	5
898,	2
899,	1
900,	0
901,	4
902,	3
903,	1
904,	0
905,	3
906,	6
907,	3
908,	3
909,	6
910,	6
911,	6
912,	0
913,	1
914,	4
915,	2
916,	4
917,	4
918,	5
919,	6
920,	7
921,	4
922,	2
923,	5
924,	6
925,	3
926,	5
927,	3
928,	7
929,	4
930,	4
931,	1
932,	2
933,	2
934,	2
935,	5
936,	5
937,	4
938,	8
939,	3
940,	3
941,	6
942,	3
943,	7
944,	4
945,	1
946,	6
947,	3
948,	5
949,	5
950,	5
951,	3
952,	6
953,	4
954,	3
955,	5
956,	3
957,	1
958,	8
959,	3
960,	5
961,	1
962,	5
963,	5
964,	3
965,	4
966,	3
967,	1
968,	9
969,	4
970,	4
971,	4
972,	1
973,	1
974,	3
975,	4
976,	3
977,	3
978,	3
979,	2
980,	7
981,	4
982,	5
983,	2
984,	4
985,	2
986,	7
987,	4
988,	3
989,	6
990,	3
991,	5
992,	0
993,	4
994,	7
995,	8
996,	9
997,	4
998,	5
999,	3
