Instance: /home/gabriel/Documents/ufrgs/courses/oc/trab/instances/cmb01
Vertices: 500
Colors: 13
NumIterations: 500
Alpha: 0.750000
Is Factible?: true
Conflicts: 2
Solution Value: 139990.000000
Vertex,	Color
0,	3
1,	0
2,	4
3,	0
4,	1
5,	3
6,	2
7,	0
8,	1
9,	4
10,	3
11,	2
12,	1
13,	3
14,	0
15,	1
16,	1
17,	0
18,	1
19,	2
20,	4
21,	0
22,	0
23,	0
24,	0
25,	1
26,	2
27,	4
28,	0
29,	2
30,	1
31,	0
32,	2
33,	3
34,	4
35,	0
36,	1
37,	0
38,	3
39,	0
40,	0
41,	2
42,	0
43,	3
44,	3
45,	2
46,	0
47,	6
48,	1
49,	2
50,	1
51,	2
52,	1
53,	1
54,	2
55,	3
56,	3
57,	1
58,	0
59,	0
60,	8
61,	3
62,	0
63,	1
64,	0
65,	3
66,	1
67,	4
68,	7
69,	0
70,	2
71,	2
72,	3
73,	2
74,	7
75,	1
76,	0
77,	3
78,	0
79,	3
80,	0
81,	0
82,	4
83,	3
84,	0
85,	0
86,	1
87,	0
88,	1
89,	4
90,	3
91,	4
92,	2
93,	2
94,	2
95,	2
96,	1
97,	1
98,	4
99,	1
100,	5
101,	4
102,	3
103,	3
104,	0
105,	4
106,	3
107,	1
108,	3
109,	2
110,	6
111,	2
112,	0
113,	4
114,	3
115,	4
116,	1
117,	6
118,	0
119,	7
120,	2
121,	3
122,	5
123,	4
124,	2
125,	1
126,	6
127,	5
128,	1
129,	5
130,	0
131,	2
132,	5
133,	2
134,	3
135,	2
136,	4
137,	5
138,	0
139,	2
140,	2
141,	0
142,	6
143,	2
144,	7
145,	1
146,	3
147,	2
148,	8
149,	0
150,	6
151,	1
152,	0
153,	2
154,	6
155,	5
156,	0
157,	2
158,	0
159,	3
160,	5
161,	4
162,	9
163,	5
164,	7
165,	4
166,	0
167,	1
168,	0
169,	2
170,	5
171,	1
172,	2
173,	0
174,	0
175,	1
176,	3
177,	6
178,	5
179,	2
180,	1
181,	1
182,	1
183,	4
184,	1
185,	3
186,	1
187,	0
188,	5
189,	4
190,	5
191,	5
192,	1
193,	2
194,	3
195,	2
196,	2
197,	4
198,	0
199,	6
200,	1
201,	4
202,	1
203,	5
204,	6
205,	3
206,	1
207,	2
208,	2
209,	2
210,	1
211,	3
212,	8
213,	2
214,	4
215,	4
216,	2
217,	1
218,	5
219,	8
220,	7
221,	1
222,	5
223,	4
224,	5
225,	3
226,	7
227,	4
228,	4
229,	4
230,	1
231,	6
232,	3
233,	5
234,	6
235,	2
236,	6
237,	5
238,	0
239,	3
240,	0
241,	2
242,	8
243,	3
244,	6
245,	0
246,	1
247,	3
248,	6
249,	2
250,	0
251,	5
252,	3
253,	6
254,	6
255,	3
256,	2
257,	1
258,	4
259,	3
260,	4
261,	3
262,	6
263,	10
264,	2
265,	3
266,	5
267,	4
268,	5
269,	7
270,	8
271,	5
272,	4
273,	7
274,	5
275,	0
276,	7
277,	7
278,	5
279,	1
280,	0
281,	6
282,	9
283,	6
284,	7
285,	2
286,	3
287,	6
288,	1
289,	0
290,	4
291,	1
292,	5
293,	1
294,	9
295,	4
296,	7
297,	9
298,	4
299,	2
300,	4
301,	2
302,	4
303,	5
304,	3
305,	3
306,	2
307,	7
308,	3
309,	7
310,	7
311,	3
312,	1
313,	7
314,	8
315,	5
316,	5
317,	2
318,	2
319,	2
320,	4
321,	3
322,	6
323,	6
324,	5
325,	3
326,	4
327,	5
328,	7
329,	6
330,	0
331,	6
332,	2
333,	3
334,	8
335,	3
336,	3
337,	8
338,	6
339,	1
340,	3
341,	8
342,	8
343,	0
344,	3
345,	4
346,	6
347,	9
348,	7
349,	6
350,	5
351,	3
352,	9
353,	8
354,	4
355,	4
356,	7
357,	7
358,	4
359,	11
360,	8
361,	5
362,	6
363,	7
364,	9
365,	8
366,	9
367,	5
368,	5
369,	5
370,	6
371,	5
372,	4
373,	6
374,	3
375,	5
376,	7
377,	5
378,	7
379,	5
380,	8
381,	1
382,	1
383,	3
384,	2
385,	5
386,	10
387,	9
388,	7
389,	8
390,	7
391,	1
392,	3
393,	9
394,	10
395,	0
396,	8
397,	7
398,	0
399,	9
400,	4
401,	0
402,	6
403,	5
404,	5
405,	10
406,	0
407,	4
408,	12
409,	6
410,	7
411,	3
412,	6
413,	6
414,	6
415,	10
416,	10
417,	5
418,	9
419,	5
420,	8
421,	7
422,	5
423,	7
424,	7
425,	6
426,	9
427,	7
428,	1
429,	6
430,	9
431,	7
432,	11
433,	8
434,	6
435,	10
436,	8
437,	4
438,	3
439,	7
440,	12
441,	9
442,	11
443,	7
444,	4
445,	6
446,	11
447,	5
448,	5
449,	9
450,	12
451,	5
452,	7
453,	8
454,	4
455,	6
456,	9
457,	10
458,	7
459,	12
460,	10
461,	3
462,	8
463,	7
464,	5
465,	7
466,	8
467,	4
468,	8
469,	6
470,	8
471,	9
472,	7
473,	5
474,	8
475,	11
476,	6
477,	2
478,	8
479,	11
480,	10
481,	5
482,	10
483,	4
484,	7
485,	9
486,	8
487,	9
488,	6
489,	6
490,	4
491,	9
492,	10
493,	7
494,	11
495,	9
496,	9
497,	4
498,	7
499,	6
