Instance: /home/gabriel/Documents/ufrgs/courses/oc/trab/instances/cmb05
Vertices: 2000
Colors: 7
NumIterations: 10000000
Alpha: 0.850000
Is Factible?: true
Conflicts: 0
Solution Value: 1807066.875000
Vertex,	Color
0,	0
1,	0
2,	1
3,	1
4,	1
5,	0
6,	0
7,	1
8,	2
9,	0
10,	1
11,	1
12,	0
13,	0
14,	0
15,	0
16,	0
17,	0
18,	1
19,	0
20,	0
21,	0
22,	1
23,	0
24,	0
25,	0
26,	0
27,	0
28,	0
29,	0
30,	0
31,	0
32,	0
33,	0
34,	0
35,	1
36,	0
37,	0
38,	0
39,	1
40,	0
41,	0
42,	1
43,	1
44,	0
45,	1
46,	0
47,	1
48,	1
49,	0
50,	0
51,	1
52,	0
53,	0
54,	0
55,	0
56,	1
57,	0
58,	1
59,	1
60,	0
61,	1
62,	1
63,	0
64,	1
65,	0
66,	1
67,	1
68,	0
69,	2
70,	0
71,	0
72,	1
73,	1
74,	1
75,	1
76,	1
77,	0
78,	0
79,	0
80,	0
81,	0
82,	0
83,	0
84,	0
85,	1
86,	0
87,	0
88,	0
89,	0
90,	4
91,	0
92,	2
93,	0
94,	0
95,	1
96,	0
97,	1
98,	2
99,	0
100,	0
101,	0
102,	0
103,	0
104,	1
105,	0
106,	0
107,	1
108,	0
109,	0
110,	1
111,	0
112,	1
113,	2
114,	0
115,	0
116,	1
117,	0
118,	2
119,	0
120,	2
121,	0
122,	1
123,	0
124,	0
125,	0
126,	0
127,	1
128,	0
129,	0
130,	1
131,	0
132,	0
133,	0
134,	0
135,	0
136,	0
137,	0
138,	1
139,	1
140,	0
141,	0
142,	0
143,	0
144,	0
145,	0
146,	1
147,	0
148,	0
149,	0
150,	2
151,	0
152,	2
153,	0
154,	0
155,	1
156,	0
157,	0
158,	1
159,	0
160,	0
161,	4
162,	0
163,	0
164,	0
165,	0
166,	1
167,	0
168,	0
169,	1
170,	0
171,	1
172,	0
173,	0
174,	1
175,	1
176,	3
177,	0
178,	0
179,	0
180,	0
181,	0
182,	0
183,	1
184,	1
185,	0
186,	0
187,	0
188,	1
189,	0
190,	0
191,	0
192,	0
193,	1
194,	0
195,	0
196,	0
197,	1
198,	0
199,	3
200,	0
201,	1
202,	1
203,	0
204,	1
205,	0
206,	0
207,	0
208,	1
209,	0
210,	1
211,	1
212,	1
213,	0
214,	1
215,	0
216,	0
217,	1
218,	0
219,	1
220,	0
221,	0
222,	1
223,	1
224,	2
225,	1
226,	2
227,	1
228,	0
229,	2
230,	1
231,	2
232,	0
233,	0
234,	1
235,	0
236,	0
237,	0
238,	0
239,	0
240,	0
241,	1
242,	1
243,	0
244,	1
245,	0
246,	0
247,	0
248,	0
249,	0
250,	1
251,	0
252,	0
253,	0
254,	1
255,	0
256,	0
257,	0
258,	0
259,	1
260,	1
261,	1
262,	1
263,	1
264,	0
265,	0
266,	1
267,	1
268,	0
269,	0
270,	2
271,	1
272,	0
273,	0
274,	0
275,	0
276,	2
277,	0
278,	0
279,	2
280,	0
281,	1
282,	0
283,	0
284,	0
285,	0
286,	1
287,	0
288,	0
289,	0
290,	1
291,	0
292,	1
293,	0
294,	0
295,	0
296,	0
297,	0
298,	0
299,	1
300,	0
301,	1
302,	1
303,	2
304,	0
305,	0
306,	0
307,	0
308,	0
309,	1
310,	0
311,	0
312,	0
313,	1
314,	0
315,	1
316,	3
317,	1
318,	0
319,	0
320,	1
321,	0
322,	0
323,	0
324,	0
325,	2
326,	0
327,	0
328,	2
329,	0
330,	0
331,	3
332,	0
333,	0
334,	0
335,	1
336,	1
337,	0
338,	0
339,	0
340,	0
341,	3
342,	0
343,	0
344,	0
345,	1
346,	0
347,	1
348,	0
349,	1
350,	0
351,	0
352,	2
353,	0
354,	1
355,	0
356,	0
357,	0
358,	0
359,	1
360,	0
361,	1
362,	0
363,	1
364,	2
365,	0
366,	0
367,	1
368,	1
369,	2
370,	1
371,	0
372,	2
373,	0
374,	1
375,	0
376,	2
377,	3
378,	2
379,	0
380,	0
381,	0
382,	1
383,	0
384,	0
385,	1
386,	1
387,	1
388,	0
389,	0
390,	0
391,	1
392,	3
393,	0
394,	0
395,	0
396,	0
397,	0
398,	1
399,	0
400,	0
401,	0
402,	0
403,	0
404,	0
405,	0
406,	0
407,	1
408,	0
409,	0
410,	0
411,	0
412,	1
413,	0
414,	0
415,	1
416,	2
417,	1
418,	0
419,	1
420,	0
421,	0
422,	1
423,	0
424,	0
425,	0
426,	1
427,	2
428,	0
429,	1
430,	0
431,	0
432,	2
433,	0
434,	0
435,	0
436,	2
437,	0
438,	0
439,	1
440,	0
441,	1
442,	0
443,	0
444,	2
445,	1
446,	0
447,	1
448,	0
449,	2
450,	0
451,	0
452,	1
453,	3
454,	0
455,	1
456,	3
457,	0
458,	1
459,	0
460,	0
461,	2
462,	0
463,	0
464,	3
465,	0
466,	1
467,	2
468,	1
469,	1
470,	1
471,	0
472,	0
473,	3
474,	1
475,	0
476,	0
477,	0
478,	1
479,	0
480,	0
481,	2
482,	0
483,	0
484,	0
485,	2
486,	0
487,	0
488,	0
489,	2
490,	0
491,	0
492,	1
493,	0
494,	2
495,	0
496,	0
497,	2
498,	0
499,	2
500,	0
501,	0
502,	0
503,	0
504,	0
505,	1
506,	0
507,	0
508,	0
509,	1
510,	1
511,	0
512,	0
513,	0
514,	0
515,	2
516,	0
517,	2
518,	1
519,	0
520,	0
521,	0
522,	0
523,	0
524,	1
525,	4
526,	1
527,	1
528,	0
529,	1
530,	0
531,	0
532,	0
533,	0
534,	1
535,	3
536,	1
537,	0
538,	1
539,	1
540,	1
541,	0
542,	2
543,	1
544,	1
545,	3
546,	1
547,	1
548,	1
549,	1
550,	1
551,	2
552,	0
553,	2
554,	0
555,	1
556,	0
557,	0
558,	0
559,	2
560,	2
561,	1
562,	0
563,	0
564,	2
565,	0
566,	2
567,	1
568,	1
569,	1
570,	1
571,	2
572,	0
573,	1
574,	0
575,	1
576,	1
577,	1
578,	0
579,	0
580,	2
581,	1
582,	2
583,	0
584,	2
585,	2
586,	0
587,	2
588,	0
589,	0
590,	1
591,	2
592,	1
593,	2
594,	0
595,	0
596,	0
597,	0
598,	3
599,	0
600,	0
601,	2
602,	1
603,	1
604,	3
605,	1
606,	0
607,	1
608,	0
609,	1
610,	1
611,	3
612,	1
613,	0
614,	2
615,	0
616,	0
617,	0
618,	0
619,	0
620,	1
621,	0
622,	2
623,	0
624,	1
625,	1
626,	1
627,	0
628,	0
629,	0
630,	0
631,	1
632,	0
633,	0
634,	0
635,	2
636,	0
637,	4
638,	0
639,	0
640,	0
641,	2
642,	3
643,	1
644,	0
645,	0
646,	0
647,	1
648,	0
649,	1
650,	1
651,	2
652,	0
653,	0
654,	1
655,	5
656,	0
657,	0
658,	3
659,	3
660,	1
661,	0
662,	1
663,	1
664,	1
665,	0
666,	0
667,	2
668,	1
669,	1
670,	2
671,	0
672,	2
673,	1
674,	0
675,	0
676,	0
677,	3
678,	1
679,	2
680,	0
681,	0
682,	1
683,	2
684,	1
685,	2
686,	2
687,	0
688,	0
689,	0
690,	1
691,	0
692,	1
693,	0
694,	0
695,	0
696,	0
697,	2
698,	0
699,	0
700,	2
701,	1
702,	0
703,	1
704,	3
705,	1
706,	1
707,	0
708,	1
709,	0
710,	0
711,	1
712,	1
713,	0
714,	0
715,	0
716,	0
717,	0
718,	1
719,	1
720,	0
721,	1
722,	3
723,	0
724,	1
725,	0
726,	0
727,	1
728,	1
729,	3
730,	0
731,	0
732,	0
733,	1
734,	1
735,	2
736,	0
737,	0
738,	1
739,	2
740,	0
741,	1
742,	1
743,	1
744,	0
745,	0
746,	0
747,	0
748,	1
749,	2
750,	0
751,	0
752,	1
753,	0
754,	0
755,	2
756,	1
757,	1
758,	1
759,	0
760,	3
761,	1
762,	1
763,	1
764,	2
765,	1
766,	2
767,	1
768,	1
769,	1
770,	0
771,	2
772,	0
773,	1
774,	2
775,	0
776,	1
777,	1
778,	2
779,	2
780,	1
781,	0
782,	0
783,	0
784,	1
785,	1
786,	1
787,	1
788,	0
789,	1
790,	1
791,	0
792,	0
793,	0
794,	2
795,	1
796,	0
797,	1
798,	1
799,	1
800,	0
801,	1
802,	2
803,	0
804,	0
805,	3
806,	1
807,	2
808,	2
809,	1
810,	2
811,	1
812,	1
813,	0
814,	0
815,	1
816,	2
817,	2
818,	2
819,	2
820,	1
821,	0
822,	1
823,	1
824,	0
825,	3
826,	1
827,	1
828,	2
829,	1
830,	1
831,	1
832,	0
833,	1
834,	1
835,	0
836,	2
837,	0
838,	1
839,	0
840,	0
841,	0
842,	0
843,	0
844,	0
845,	2
846,	2
847,	0
848,	1
849,	1
850,	0
851,	2
852,	2
853,	1
854,	0
855,	0
856,	0
857,	2
858,	1
859,	1
860,	0
861,	1
862,	2
863,	0
864,	1
865,	1
866,	1
867,	2
868,	1
869,	2
870,	1
871,	2
872,	0
873,	2
874,	0
875,	0
876,	2
877,	3
878,	1
879,	1
880,	1
881,	1
882,	0
883,	2
884,	0
885,	1
886,	2
887,	0
888,	0
889,	1
890,	0
891,	1
892,	2
893,	2
894,	1
895,	0
896,	1
897,	1
898,	2
899,	2
900,	1
901,	1
902,	1
903,	1
904,	0
905,	0
906,	3
907,	2
908,	1
909,	1
910,	1
911,	0
912,	0
913,	0
914,	1
915,	1
916,	1
917,	0
918,	3
919,	2
920,	0
921,	0
922,	1
923,	0
924,	1
925,	0
926,	1
927,	0
928,	0
929,	0
930,	2
931,	1
932,	1
933,	1
934,	0
935,	2
936,	1
937,	0
938,	2
939,	2
940,	2
941,	0
942,	0
943,	1
944,	0
945,	0
946,	0
947,	0
948,	2
949,	0
950,	1
951,	0
952,	0
953,	0
954,	3
955,	1
956,	0
957,	2
958,	0
959,	0
960,	0
961,	1
962,	0
963,	3
964,	1
965,	3
966,	3
967,	0
968,	1
969,	3
970,	2
971,	2
972,	0
973,	1
974,	1
975,	1
976,	2
977,	2
978,	1
979,	2
980,	2
981,	1
982,	2
983,	0
984,	2
985,	1
986,	0
987,	4
988,	1
989,	1
990,	2
991,	0
992,	4
993,	3
994,	1
995,	3
996,	1
997,	1
998,	1
999,	1
1000,	1
1001,	0
1002,	2
1003,	1
1004,	0
1005,	1
1006,	2
1007,	3
1008,	2
1009,	1
1010,	0
1011,	0
1012,	0
1013,	0
1014,	2
1015,	0
1016,	1
1017,	2
1018,	1
1019,	0
1020,	1
1021,	1
1022,	3
1023,	2
1024,	1
1025,	1
1026,	0
1027,	3
1028,	2
1029,	1
1030,	1
1031,	2
1032,	2
1033,	1
1034,	3
1035,	2
1036,	1
1037,	0
1038,	0
1039,	1
1040,	0
1041,	2
1042,	2
1043,	4
1044,	1
1045,	1
1046,	0
1047,	0
1048,	1
1049,	0
1050,	2
1051,	1
1052,	3
1053,	0
1054,	1
1055,	1
1056,	1
1057,	0
1058,	1
1059,	0
1060,	1
1061,	2
1062,	0
1063,	1
1064,	0
1065,	3
1066,	4
1067,	1
1068,	0
1069,	0
1070,	2
1071,	0
1072,	0
1073,	0
1074,	0
1075,	1
1076,	1
1077,	0
1078,	2
1079,	1
1080,	2
1081,	0
1082,	1
1083,	3
1084,	0
1085,	3
1086,	0
1087,	0
1088,	0
1089,	1
1090,	0
1091,	2
1092,	1
1093,	1
1094,	2
1095,	0
1096,	2
1097,	1
1098,	0
1099,	1
1100,	2
1101,	0
1102,	2
1103,	0
1104,	2
1105,	0
1106,	1
1107,	1
1108,	2
1109,	1
1110,	1
1111,	1
1112,	0
1113,	1
1114,	0
1115,	1
1116,	0
1117,	1
1118,	0
1119,	1
1120,	1
1121,	2
1122,	1
1123,	1
1124,	1
1125,	2
1126,	0
1127,	3
1128,	0
1129,	1
1130,	0
1131,	0
1132,	4
1133,	0
1134,	0
1135,	0
1136,	0
1137,	2
1138,	1
1139,	2
1140,	0
1141,	3
1142,	0
1143,	0
1144,	4
1145,	2
1146,	2
1147,	1
1148,	2
1149,	1
1150,	1
1151,	2
1152,	1
1153,	0
1154,	0
1155,	2
1156,	1
1157,	1
1158,	2
1159,	2
1160,	1
1161,	1
1162,	1
1163,	0
1164,	0
1165,	0
1166,	0
1167,	2
1168,	3
1169,	1
1170,	0
1171,	1
1172,	0
1173,	4
1174,	2
1175,	0
1176,	0
1177,	4
1178,	0
1179,	0
1180,	4
1181,	1
1182,	2
1183,	1
1184,	2
1185,	0
1186,	2
1187,	0
1188,	1
1189,	0
1190,	0
1191,	2
1192,	1
1193,	2
1194,	1
1195,	4
1196,	0
1197,	3
1198,	3
1199,	2
1200,	1
1201,	1
1202,	0
1203,	1
1204,	0
1205,	3
1206,	2
1207,	0
1208,	1
1209,	2
1210,	0
1211,	1
1212,	2
1213,	0
1214,	2
1215,	3
1216,	1
1217,	0
1218,	3
1219,	4
1220,	1
1221,	3
1222,	1
1223,	2
1224,	0
1225,	2
1226,	1
1227,	1
1228,	1
1229,	0
1230,	2
1231,	1
1232,	0
1233,	2
1234,	1
1235,	2
1236,	1
1237,	3
1238,	3
1239,	1
1240,	2
1241,	0
1242,	0
1243,	1
1244,	1
1245,	2
1246,	0
1247,	1
1248,	2
1249,	1
1250,	1
1251,	0
1252,	1
1253,	1
1254,	1
1255,	1
1256,	1
1257,	0
1258,	3
1259,	3
1260,	3
1261,	0
1262,	2
1263,	2
1264,	1
1265,	2
1266,	2
1267,	1
1268,	0
1269,	5
1270,	0
1271,	1
1272,	3
1273,	0
1274,	2
1275,	2
1276,	2
1277,	2
1278,	0
1279,	1
1280,	2
1281,	2
1282,	2
1283,	1
1284,	1
1285,	4
1286,	2
1287,	1
1288,	2
1289,	3
1290,	0
1291,	1
1292,	2
1293,	3
1294,	3
1295,	0
1296,	0
1297,	0
1298,	2
1299,	0
1300,	0
1301,	1
1302,	2
1303,	0
1304,	0
1305,	1
1306,	2
1307,	0
1308,	2
1309,	1
1310,	1
1311,	0
1312,	1
1313,	1
1314,	2
1315,	4
1316,	0
1317,	3
1318,	2
1319,	2
1320,	1
1321,	1
1322,	1
1323,	0
1324,	2
1325,	3
1326,	0
1327,	0
1328,	0
1329,	3
1330,	1
1331,	1
1332,	1
1333,	0
1334,	4
1335,	0
1336,	4
1337,	5
1338,	1
1339,	1
1340,	1
1341,	2
1342,	0
1343,	1
1344,	0
1345,	0
1346,	3
1347,	2
1348,	3
1349,	2
1350,	0
1351,	0
1352,	3
1353,	2
1354,	2
1355,	1
1356,	1
1357,	3
1358,	2
1359,	1
1360,	0
1361,	0
1362,	2
1363,	1
1364,	1
1365,	1
1366,	2
1367,	2
1368,	0
1369,	1
1370,	0
1371,	1
1372,	0
1373,	2
1374,	0
1375,	0
1376,	2
1377,	1
1378,	0
1379,	0
1380,	1
1381,	3
1382,	2
1383,	1
1384,	4
1385,	2
1386,	1
1387,	0
1388,	1
1389,	0
1390,	2
1391,	0
1392,	4
1393,	1
1394,	0
1395,	3
1396,	2
1397,	3
1398,	1
1399,	4
1400,	0
1401,	0
1402,	1
1403,	2
1404,	0
1405,	1
1406,	0
1407,	1
1408,	1
1409,	3
1410,	0
1411,	1
1412,	1
1413,	2
1414,	0
1415,	1
1416,	2
1417,	3
1418,	1
1419,	3
1420,	0
1421,	0
1422,	0
1423,	2
1424,	4
1425,	3
1426,	0
1427,	3
1428,	2
1429,	1
1430,	1
1431,	0
1432,	4
1433,	0
1434,	2
1435,	0
1436,	0
1437,	0
1438,	1
1439,	2
1440,	0
1441,	0
1442,	1
1443,	2
1444,	2
1445,	0
1446,	1
1447,	2
1448,	0
1449,	1
1450,	1
1451,	0
1452,	2
1453,	2
1454,	2
1455,	0
1456,	1
1457,	2
1458,	2
1459,	0
1460,	1
1461,	3
1462,	1
1463,	2
1464,	3
1465,	4
1466,	3
1467,	2
1468,	0
1469,	2
1470,	3
1471,	3
1472,	4
1473,	1
1474,	1
1475,	2
1476,	3
1477,	1
1478,	3
1479,	3
1480,	3
1481,	2
1482,	2
1483,	4
1484,	4
1485,	2
1486,	1
1487,	4
1488,	0
1489,	2
1490,	0
1491,	2
1492,	0
1493,	2
1494,	2
1495,	2
1496,	3
1497,	0
1498,	2
1499,	3
1500,	1
1501,	0
1502,	3
1503,	0
1504,	1
1505,	5
1506,	3
1507,	0
1508,	1
1509,	1
1510,	0
1511,	2
1512,	5
1513,	4
1514,	3
1515,	3
1516,	2
1517,	1
1518,	0
1519,	1
1520,	1
1521,	3
1522,	2
1523,	1
1524,	2
1525,	0
1526,	1
1527,	4
1528,	0
1529,	1
1530,	1
1531,	2
1532,	3
1533,	1
1534,	2
1535,	3
1536,	3
1537,	3
1538,	2
1539,	2
1540,	2
1541,	2
1542,	0
1543,	2
1544,	2
1545,	0
1546,	1
1547,	1
1548,	4
1549,	1
1550,	3
1551,	1
1552,	2
1553,	2
1554,	4
1555,	1
1556,	4
1557,	4
1558,	2
1559,	0
1560,	0
1561,	2
1562,	1
1563,	0
1564,	2
1565,	1
1566,	1
1567,	2
1568,	1
1569,	1
1570,	2
1571,	2
1572,	1
1573,	1
1574,	1
1575,	2
1576,	2
1577,	2
1578,	1
1579,	4
1580,	2
1581,	1
1582,	3
1583,	2
1584,	1
1585,	2
1586,	0
1587,	2
1588,	1
1589,	3
1590,	5
1591,	2
1592,	1
1593,	0
1594,	1
1595,	2
1596,	1
1597,	0
1598,	2
1599,	3
1600,	3
1601,	3
1602,	2
1603,	2
1604,	1
1605,	1
1606,	3
1607,	1
1608,	3
1609,	3
1610,	2
1611,	2
1612,	3
1613,	2
1614,	1
1615,	3
1616,	1
1617,	2
1618,	4
1619,	3
1620,	1
1621,	0
1622,	0
1623,	2
1624,	1
1625,	3
1626,	3
1627,	3
1628,	1
1629,	4
1630,	3
1631,	0
1632,	1
1633,	3
1634,	0
1635,	3
1636,	2
1637,	6
1638,	3
1639,	3
1640,	2
1641,	1
1642,	1
1643,	3
1644,	1
1645,	2
1646,	2
1647,	2
1648,	2
1649,	2
1650,	1
1651,	2
1652,	0
1653,	2
1654,	3
1655,	3
1656,	5
1657,	1
1658,	3
1659,	0
1660,	2
1661,	0
1662,	1
1663,	2
1664,	1
1665,	4
1666,	1
1667,	2
1668,	2
1669,	5
1670,	1
1671,	2
1672,	0
1673,	2
1674,	3
1675,	3
1676,	0
1677,	2
1678,	4
1679,	1
1680,	1
1681,	2
1682,	2
1683,	1
1684,	2
1685,	1
1686,	2
1687,	4
1688,	1
1689,	3
1690,	0
1691,	3
1692,	4
1693,	2
1694,	2
1695,	3
1696,	1
1697,	0
1698,	0
1699,	1
1700,	1
1701,	3
1702,	0
1703,	2
1704,	3
1705,	1
1706,	0
1707,	2
1708,	4
1709,	2
1710,	2
1711,	1
1712,	1
1713,	1
1714,	1
1715,	1
1716,	1
1717,	3
1718,	1
1719,	4
1720,	0
1721,	3
1722,	1
1723,	2
1724,	2
1725,	5
1726,	2
1727,	2
1728,	3
1729,	2
1730,	1
1731,	3
1732,	2
1733,	1
1734,	2
1735,	1
1736,	2
1737,	2
1738,	0
1739,	4
1740,	2
1741,	3
1742,	4
1743,	2
1744,	3
1745,	2
1746,	3
1747,	1
1748,	0
1749,	1
1750,	2
1751,	0
1752,	1
1753,	1
1754,	5
1755,	2
1756,	3
1757,	1
1758,	1
1759,	2
1760,	3
1761,	0
1762,	0
1763,	2
1764,	2
1765,	0
1766,	2
1767,	1
1768,	5
1769,	3
1770,	5
1771,	3
1772,	2
1773,	1
1774,	0
1775,	2
1776,	0
1777,	2
1778,	5
1779,	3
1780,	2
1781,	1
1782,	3
1783,	2
1784,	1
1785,	0
1786,	3
1787,	3
1788,	0
1789,	3
1790,	4
1791,	3
1792,	2
1793,	3
1794,	1
1795,	2
1796,	1
1797,	4
1798,	0
1799,	2
1800,	2
1801,	1
1802,	3
1803,	1
1804,	0
1805,	3
1806,	3
1807,	3
1808,	3
1809,	1
1810,	5
1811,	2
1812,	4
1813,	3
1814,	6
1815,	3
1816,	0
1817,	6
1818,	5
1819,	5
1820,	0
1821,	1
1822,	2
1823,	0
1824,	1
1825,	3
1826,	3
1827,	1
1828,	2
1829,	2
1830,	2
1831,	2
1832,	3
1833,	2
1834,	0
1835,	3
1836,	2
1837,	0
1838,	3
1839,	2
1840,	2
1841,	0
1842,	0
1843,	3
1844,	2
1845,	1
1846,	3
1847,	3
1848,	1
1849,	2
1850,	2
1851,	2
1852,	3
1853,	3
1854,	3
1855,	1
1856,	0
1857,	1
1858,	1
1859,	3
1860,	1
1861,	3
1862,	2
1863,	2
1864,	0
1865,	1
1866,	2
1867,	1
1868,	5
1869,	3
1870,	1
1871,	1
1872,	1
1873,	1
1874,	1
1875,	3
1876,	2
1877,	0
1878,	1
1879,	4
1880,	1
1881,	1
1882,	2
1883,	2
1884,	0
1885,	1
1886,	0
1887,	2
1888,	4
1889,	2
1890,	0
1891,	3
1892,	0
1893,	2
1894,	1
1895,	3
1896,	0
1897,	3
1898,	2
1899,	2
1900,	4
1901,	1
1902,	0
1903,	3
1904,	2
1905,	4
1906,	0
1907,	0
1908,	2
1909,	4
1910,	2
1911,	2
1912,	2
1913,	2
1914,	4
1915,	1
1916,	3
1917,	5
1918,	2
1919,	2
1920,	3
1921,	3
1922,	4
1923,	0
1924,	2
1925,	2
1926,	2
1927,	0
1928,	1
1929,	2
1930,	3
1931,	0
1932,	6
1933,	2
1934,	5
1935,	4
1936,	4
1937,	3
1938,	5
1939,	0
1940,	2
1941,	3
1942,	0
1943,	2
1944,	1
1945,	1
1946,	0
1947,	5
1948,	4
1949,	4
1950,	0
1951,	4
1952,	1
1953,	0
1954,	3
1955,	0
1956,	3
1957,	1
1958,	3
1959,	3
1960,	1
1961,	5
1962,	5
1963,	3
1964,	5
1965,	2
1966,	4
1967,	4
1968,	3
1969,	3
1970,	1
1971,	0
1972,	3
1973,	1
1974,	1
1975,	0
1976,	2
1977,	2
1978,	3
1979,	4
1980,	3
1981,	1
1982,	0
1983,	1
1984,	5
1985,	2
1986,	4
1987,	2
1988,	2
1989,	2
1990,	4
1991,	4
1992,	4
1993,	3
1994,	2
1995,	2
1996,	1
1997,	4
1998,	1
1999,	1
