Instance: /home/gabriel/Documents/ufrgs/courses/oc/trab/instances/cmb02
Vertices: 1000
Colors: 10
NumIterations: 10000000
Alpha: 0.850000
Is Factible?: true
Conflicts: 0
Solution Value: 522642.375000
Vertex,	Color
0,	0
1,	0
2,	0
3,	1
4,	2
5,	2
6,	0
7,	4
8,	1
9,	0
10,	3
11,	1
12,	0
13,	1
14,	2
15,	0
16,	2
17,	0
18,	0
19,	0
20,	3
21,	0
22,	0
23,	0
24,	1
25,	0
26,	1
27,	1
28,	1
29,	1
30,	3
31,	3
32,	0
33,	0
34,	1
35,	0
36,	0
37,	0
38,	0
39,	1
40,	1
41,	1
42,	0
43,	1
44,	3
45,	0
46,	0
47,	0
48,	2
49,	2
50,	2
51,	1
52,	2
53,	2
54,	1
55,	0
56,	0
57,	1
58,	0
59,	0
60,	1
61,	1
62,	1
63,	0
64,	1
65,	1
66,	0
67,	0
68,	0
69,	0
70,	1
71,	2
72,	0
73,	2
74,	2
75,	0
76,	1
77,	0
78,	0
79,	1
80,	3
81,	2
82,	3
83,	1
84,	3
85,	1
86,	2
87,	2
88,	0
89,	0
90,	0
91,	1
92,	1
93,	1
94,	2
95,	0
96,	5
97,	0
98,	1
99,	3
100,	0
101,	0
102,	0
103,	0
104,	1
105,	3
106,	2
107,	0
108,	2
109,	1
110,	0
111,	0
112,	0
113,	0
114,	3
115,	1
116,	0
117,	1
118,	1
119,	3
120,	1
121,	0
122,	0
123,	2
124,	3
125,	0
126,	1
127,	2
128,	1
129,	0
130,	2
131,	0
132,	1
133,	5
134,	1
135,	0
136,	1
137,	0
138,	2
139,	0
140,	0
141,	2
142,	1
143,	0
144,	1
145,	0
146,	3
147,	1
148,	2
149,	0
150,	0
151,	2
152,	2
153,	0
154,	4
155,	3
156,	0
157,	0
158,	1
159,	0
160,	1
161,	0
162,	1
163,	0
164,	0
165,	2
166,	4
167,	0
168,	0
169,	1
170,	0
171,	3
172,	3
173,	4
174,	4
175,	1
176,	1
177,	0
178,	0
179,	1
180,	0
181,	0
182,	0
183,	1
184,	2
185,	0
186,	2
187,	1
188,	1
189,	2
190,	0
191,	2
192,	0
193,	2
194,	1
195,	0
196,	1
197,	1
198,	1
199,	0
200,	1
201,	0
202,	0
203,	0
204,	0
205,	2
206,	0
207,	1
208,	1
209,	1
210,	1
211,	2
212,	0
213,	2
214,	0
215,	0
216,	1
217,	0
218,	0
219,	0
220,	2
221,	1
222,	1
223,	1
224,	0
225,	0
226,	1
227,	0
228,	0
229,	4
230,	1
231,	0
232,	1
233,	1
234,	3
235,	4
236,	4
237,	0
238,	3
239,	0
240,	0
241,	2
242,	1
243,	4
244,	0
245,	1
246,	0
247,	0
248,	0
249,	1
250,	3
251,	1
252,	2
253,	0
254,	3
255,	0
256,	2
257,	2
258,	0
259,	1
260,	0
261,	4
262,	3
263,	6
264,	3
265,	1
266,	0
267,	0
268,	2
269,	2
270,	2
271,	0
272,	2
273,	1
274,	0
275,	1
276,	0
277,	1
278,	2
279,	4
280,	2
281,	1
282,	1
283,	0
284,	0
285,	0
286,	1
287,	2
288,	4
289,	1
290,	1
291,	2
292,	1
293,	0
294,	2
295,	1
296,	1
297,	6
298,	2
299,	2
300,	1
301,	1
302,	0
303,	3
304,	2
305,	0
306,	5
307,	3
308,	0
309,	2
310,	1
311,	2
312,	2
313,	2
314,	1
315,	3
316,	0
317,	0
318,	0
319,	1
320,	0
321,	0
322,	2
323,	0
324,	2
325,	1
326,	4
327,	0
328,	3
329,	0
330,	0
331,	3
332,	1
333,	2
334,	0
335,	3
336,	0
337,	1
338,	5
339,	0
340,	3
341,	7
342,	2
343,	0
344,	3
345,	1
346,	0
347,	2
348,	0
349,	2
350,	0
351,	0
352,	2
353,	3
354,	1
355,	1
356,	2
357,	0
358,	0
359,	2
360,	1
361,	1
362,	3
363,	1
364,	2
365,	1
366,	0
367,	0
368,	1
369,	1
370,	2
371,	3
372,	3
373,	2
374,	4
375,	2
376,	0
377,	3
378,	3
379,	3
380,	4
381,	0
382,	2
383,	1
384,	0
385,	2
386,	4
387,	4
388,	1
389,	1
390,	2
391,	0
392,	2
393,	2
394,	2
395,	1
396,	1
397,	2
398,	1
399,	0
400,	0
401,	2
402,	4
403,	1
404,	2
405,	1
406,	2
407,	0
408,	1
409,	3
410,	4
411,	2
412,	3
413,	0
414,	2
415,	0
416,	3
417,	4
418,	1
419,	2
420,	1
421,	1
422,	2
423,	1
424,	8
425,	1
426,	1
427,	0
428,	3
429,	1
430,	0
431,	1
432,	2
433,	2
434,	1
435,	0
436,	0
437,	0
438,	0
439,	1
440,	0
441,	1
442,	3
443,	1
444,	2
445,	1
446,	1
447,	5
448,	2
449,	1
450,	1
451,	1
452,	0
453,	2
454,	1
455,	2
456,	2
457,	3
458,	3
459,	1
460,	4
461,	0
462,	1
463,	3
464,	4
465,	0
466,	2
467,	2
468,	2
469,	0
470,	2
471,	6
472,	3
473,	2
474,	1
475,	1
476,	1
477,	1
478,	5
479,	2
480,	4
481,	0
482,	1
483,	3
484,	1
485,	1
486,	3
487,	0
488,	2
489,	0
490,	2
491,	4
492,	1
493,	2
494,	0
495,	0
496,	3
497,	1
498,	2
499,	3
500,	0
501,	1
502,	5
503,	1
504,	3
505,	3
506,	0
507,	2
508,	0
509,	0
510,	2
511,	5
512,	1
513,	7
514,	1
515,	2
516,	4
517,	3
518,	0
519,	3
520,	0
521,	1
522,	4
523,	6
524,	5
525,	1
526,	3
527,	0
528,	2
529,	2
530,	2
531,	1
532,	2
533,	3
534,	3
535,	3
536,	1
537,	0
538,	0
539,	3
540,	1
541,	2
542,	3
543,	1
544,	2
545,	1
546,	1
547,	5
548,	1
549,	0
550,	2
551,	2
552,	3
553,	3
554,	4
555,	3
556,	1
557,	3
558,	3
559,	1
560,	2
561,	3
562,	3
563,	4
564,	4
565,	2
566,	7
567,	2
568,	0
569,	2
570,	0
571,	2
572,	2
573,	3
574,	6
575,	2
576,	4
577,	2
578,	1
579,	0
580,	1
581,	2
582,	4
583,	1
584,	1
585,	1
586,	2
587,	4
588,	2
589,	2
590,	4
591,	2
592,	0
593,	1
594,	1
595,	5
596,	1
597,	3
598,	5
599,	5
600,	6
601,	3
602,	5
603,	3
604,	0
605,	2
606,	5
607,	2
608,	2
609,	5
610,	3
611,	3
612,	0
613,	2
614,	0
615,	3
616,	4
617,	2
618,	2
619,	5
620,	8
621,	1
622,	2
623,	1
624,	1
625,	3
626,	3
627,	4
628,	2
629,	3
630,	1
631,	6
632,	6
633,	3
634,	4
635,	4
636,	0
637,	6
638,	2
639,	2
640,	3
641,	2
642,	0
643,	1
644,	2
645,	4
646,	4
647,	3
648,	2
649,	2
650,	2
651,	4
652,	2
653,	1
654,	3
655,	4
656,	2
657,	0
658,	4
659,	1
660,	2
661,	3
662,	0
663,	1
664,	2
665,	2
666,	0
667,	7
668,	1
669,	0
670,	0
671,	0
672,	1
673,	3
674,	4
675,	1
676,	5
677,	3
678,	1
679,	4
680,	3
681,	7
682,	0
683,	1
684,	3
685,	2
686,	6
687,	6
688,	0
689,	4
690,	3
691,	2
692,	4
693,	0
694,	5
695,	2
696,	5
697,	4
698,	5
699,	5
700,	4
701,	0
702,	2
703,	4
704,	4
705,	7
706,	2
707,	3
708,	3
709,	3
710,	0
711,	5
712,	4
713,	4
714,	3
715,	2
716,	6
717,	2
718,	6
719,	4
720,	2
721,	1
722,	0
723,	3
724,	5
725,	5
726,	4
727,	1
728,	6
729,	2
730,	4
731,	2
732,	0
733,	4
734,	2
735,	1
736,	3
737,	2
738,	1
739,	6
740,	4
741,	0
742,	4
743,	4
744,	7
745,	2
746,	1
747,	2
748,	2
749,	3
750,	6
751,	4
752,	4
753,	5
754,	1
755,	2
756,	6
757,	1
758,	1
759,	1
760,	4
761,	5
762,	3
763,	0
764,	2
765,	5
766,	3
767,	4
768,	3
769,	0
770,	2
771,	0
772,	3
773,	2
774,	3
775,	2
776,	4
777,	4
778,	4
779,	0
780,	3
781,	3
782,	8
783,	5
784,	2
785,	3
786,	2
787,	6
788,	3
789,	6
790,	4
791,	5
792,	5
793,	1
794,	6
795,	3
796,	2
797,	5
798,	2
799,	6
800,	3
801,	5
802,	1
803,	2
804,	7
805,	5
806,	2
807,	2
808,	3
809,	7
810,	4
811,	4
812,	2
813,	5
814,	2
815,	4
816,	3
817,	4
818,	0
819,	0
820,	2
821,	4
822,	1
823,	0
824,	3
825,	7
826,	3
827,	4
828,	1
829,	3
830,	3
831,	1
832,	4
833,	5
834,	1
835,	0
836,	6
837,	2
838,	2
839,	3
840,	3
841,	0
842,	3
843,	3
844,	5
845,	4
846,	2
847,	4
848,	5
849,	4
850,	3
851,	5
852,	3
853,	3
854,	6
855,	7
856,	3
857,	3
858,	1
859,	1
860,	3
861,	5
862,	2
863,	3
864,	3
865,	5
866,	3
867,	4
868,	5
869,	4
870,	4
871,	2
872,	4
873,	2
874,	7
875,	4
876,	3
877,	3
878,	2
879,	5
880,	6
881,	5
882,	4
883,	0
884,	5
885,	5
886,	3
887,	1
888,	3
889,	0
890,	2
891,	4
892,	2
893,	3
894,	6
895,	3
896,	6
897,	5
898,	2
899,	2
900,	1
901,	4
902,	3
903,	4
904,	4
905,	2
906,	6
907,	3
908,	5
909,	5
910,	5
911,	6
912,	0
913,	1
914,	1
915,	4
916,	3
917,	4
918,	4
919,	6
920,	7
921,	4
922,	1
923,	5
924,	5
925,	3
926,	5
927,	2
928,	7
929,	4
930,	4
931,	0
932,	4
933,	2
934,	1
935,	5
936,	5
937,	5
938,	9
939,	4
940,	2
941,	6
942,	3
943,	6
944,	5
945,	1
946,	6
947,	3
948,	5
949,	5
950,	5
951,	4
952,	6
953,	5
954,	3
955,	2
956,	3
957,	0
958,	8
959,	3
960,	6
961,	1
962,	3
963,	5
964,	3
965,	3
966,	3
967,	1
968,	9
969,	6
970,	5
971,	5
972,	4
973,	0
974,	4
975,	5
976,	0
977,	3
978,	3
979,	2
980,	7
981,	3
982,	5
983,	3
984,	3
985,	2
986,	7
987,	4
988,	4
989,	6
990,	2
991,	5
992,	0
993,	4
994,	7
995,	8
996,	9
997,	4
998,	5
999,	3
