Instance: /home/gabriel/Documents/ufrgs/courses/oc/trab/instances/cmb01
Vertices: 500
Colors: 13
NumIterations: 500
Alpha: 0.750000
Is Factible?: true
Conflicts: 2
Solution Value: 147349.000000
Vertex,	Color
0,	9
1,	3
2,	3
3,	3
4,	7
5,	1
6,	2
7,	0
8,	0
9,	2
10,	3
11,	0
12,	1
13,	2
14,	4
15,	0
16,	4
17,	2
18,	0
19,	8
20,	0
21,	1
22,	5
23,	1
24,	0
25,	1
26,	5
27,	1
28,	2
29,	1
30,	3
31,	1
32,	2
33,	1
34,	3
35,	1
36,	1
37,	0
38,	2
39,	7
40,	1
41,	0
42,	3
43,	6
44,	2
45,	0
46,	2
47,	4
48,	0
49,	7
50,	1
51,	3
52,	0
53,	1
54,	2
55,	0
56,	0
57,	2
58,	1
59,	0
60,	3
61,	1
62,	2
63,	1
64,	2
65,	0
66,	1
67,	0
68,	6
69,	0
70,	6
71,	0
72,	3
73,	3
74,	3
75,	1
76,	1
77,	1
78,	1
79,	2
80,	6
81,	5
82,	1
83,	0
84,	1
85,	1
86,	5
87,	1
88,	4
89,	3
90,	2
91,	1
92,	2
93,	4
94,	8
95,	0
96,	4
97,	2
98,	0
99,	5
100,	8
101,	4
102,	0
103,	2
104,	0
105,	3
106,	0
107,	3
108,	2
109,	8
110,	3
111,	5
112,	2
113,	9
114,	5
115,	0
116,	1
117,	3
118,	1
119,	1
120,	1
121,	0
122,	0
123,	1
124,	1
125,	0
126,	2
127,	2
128,	1
129,	5
130,	0
131,	0
132,	4
133,	0
134,	2
135,	7
136,	5
137,	0
138,	7
139,	1
140,	0
141,	0
142,	4
143,	3
144,	5
145,	0
146,	5
147,	1
148,	9
149,	2
150,	5
151,	4
152,	2
153,	0
154,	3
155,	2
156,	0
157,	0
158,	4
159,	3
160,	3
161,	4
162,	4
163,	4
164,	6
165,	3
166,	1
167,	1
168,	6
169,	3
170,	7
171,	1
172,	3
173,	3
174,	2
175,	0
176,	2
177,	3
178,	4
179,	5
180,	0
181,	2
182,	2
183,	2
184,	4
185,	2
186,	0
187,	0
188,	6
189,	0
190,	5
191,	4
192,	5
193,	1
194,	1
195,	2
196,	2
197,	2
198,	3
199,	2
200,	0
201,	3
202,	5
203,	0
204,	2
205,	2
206,	0
207,	3
208,	1
209,	2
210,	2
211,	1
212,	9
213,	4
214,	6
215,	3
216,	2
217,	0
218,	6
219,	1
220,	5
221,	0
222,	4
223,	3
224,	3
225,	1
226,	3
227,	5
228,	0
229,	6
230,	3
231,	3
232,	1
233,	5
234,	3
235,	11
236,	4
237,	1
238,	1
239,	2
240,	0
241,	0
242,	6
243,	3
244,	6
245,	0
246,	5
247,	1
248,	6
249,	2
250,	2
251,	5
252,	5
253,	2
254,	8
255,	0
256,	2
257,	0
258,	4
259,	4
260,	6
261,	4
262,	6
263,	10
264,	4
265,	4
266,	6
267,	6
268,	6
269,	4
270,	7
271,	3
272,	5
273,	5
274,	8
275,	0
276,	6
277,	4
278,	7
279,	3
280,	1
281,	2
282,	5
283,	0
284,	5
285,	4
286,	7
287,	4
288,	3
289,	6
290,	5
291,	4
292,	4
293,	4
294,	7
295,	3
296,	6
297,	9
298,	4
299,	1
300,	3
301,	1
302,	6
303,	4
304,	0
305,	6
306,	2
307,	7
308,	4
309,	6
310,	7
311,	0
312,	1
313,	7
314,	4
315,	6
316,	6
317,	1
318,	5
319,	2
320,	5
321,	8
322,	7
323,	6
324,	5
325,	4
326,	5
327,	3
328,	6
329,	6
330,	2
331,	6
332,	3
333,	0
334,	8
335,	6
336,	5
337,	7
338,	4
339,	7
340,	7
341,	2
342,	4
343,	7
344,	4
345,	7
346,	9
347,	11
348,	7
349,	0
350,	2
351,	6
352,	10
353,	7
354,	3
355,	5
356,	1
357,	8
358,	5
359,	12
360,	8
361,	7
362,	2
363,	7
364,	8
365,	8
366,	5
367,	3
368,	7
369,	6
370,	7
371,	7
372,	5
373,	8
374,	3
375,	6
376,	6
377,	9
378,	5
379,	4
380,	6
381,	4
382,	3
383,	2
384,	6
385,	4
386,	8
387,	8
388,	5
389,	8
390,	7
391,	1
392,	4
393,	10
394,	8
395,	5
396,	9
397,	6
398,	3
399,	9
400,	9
401,	6
402,	6
403,	3
404,	4
405,	9
406,	6
407,	3
408,	11
409,	6
410,	8
411,	3
412,	8
413,	5
414,	6
415,	11
416,	3
417,	4
418,	10
419,	4
420,	9
421,	5
422,	6
423,	5
424,	7
425,	7
426,	10
427,	8
428,	5
429,	7
430,	9
431,	1
432,	12
433,	6
434,	6
435,	4
436,	4
437,	2
438,	5
439,	6
440,	10
441,	2
442,	12
443,	6
444,	3
445,	7
446,	10
447,	4
448,	6
449,	9
450,	1
451,	3
452,	7
453,	9
454,	5
455,	6
456,	9
457,	11
458,	11
459,	11
460,	10
461,	3
462,	8
463,	7
464,	4
465,	7
466,	8
467,	5
468,	8
469,	6
470,	5
471,	9
472,	7
473,	4
474,	8
475,	11
476,	9
477,	1
478,	7
479,	12
480,	9
481,	4
482,	9
483,	5
484,	8
485,	8
486,	4
487,	9
488,	4
489,	3
490,	5
491,	9
492,	11
493,	11
494,	11
495,	7
496,	9
497,	6
498,	1
499,	9
