Instance: /home/gabriel/Documents/ufrgs/courses/oc/trab/instances/cmb02
Vertices: 1000
Colors: 10
NumIterations: 1000
Alpha: 0.250000
Is Factible?: true
Conflicts: 0
Solution Value: 519248.781250
Vertex,	Color
0,	5
1,	1
2,	0
3,	0
4,	8
5,	7
6,	0
7,	2
8,	3
9,	0
10,	6
11,	0
12,	0
13,	1
14,	1
15,	1
16,	1
17,	0
18,	2
19,	0
20,	7
21,	0
22,	0
23,	0
24,	8
25,	1
26,	0
27,	3
28,	3
29,	1
30,	2
31,	6
32,	0
33,	0
34,	4
35,	1
36,	2
37,	2
38,	0
39,	0
40,	0
41,	4
42,	0
43,	1
44,	2
45,	1
46,	0
47,	3
48,	2
49,	4
50,	0
51,	0
52,	0
53,	2
54,	0
55,	1
56,	2
57,	1
58,	2
59,	0
60,	1
61,	1
62,	4
63,	2
64,	4
65,	0
66,	0
67,	0
68,	1
69,	3
70,	2
71,	4
72,	1
73,	4
74,	1
75,	2
76,	2
77,	1
78,	2
79,	4
80,	2
81,	3
82,	4
83,	3
84,	2
85,	3
86,	7
87,	1
88,	3
89,	1
90,	1
91,	1
92,	0
93,	5
94,	1
95,	2
96,	2
97,	0
98,	2
99,	1
100,	3
101,	4
102,	1
103,	7
104,	5
105,	2
106,	4
107,	2
108,	0
109,	0
110,	3
111,	2
112,	0
113,	1
114,	1
115,	4
116,	2
117,	5
118,	2
119,	0
120,	0
121,	0
122,	1
123,	3
124,	1
125,	0
126,	1
127,	2
128,	1
129,	5
130,	2
131,	0
132,	0
133,	8
134,	2
135,	0
136,	2
137,	2
138,	1
139,	0
140,	0
141,	1
142,	5
143,	2
144,	1
145,	1
146,	7
147,	5
148,	8
149,	1
150,	3
151,	4
152,	0
153,	0
154,	4
155,	2
156,	6
157,	3
158,	4
159,	0
160,	3
161,	3
162,	1
163,	5
164,	2
165,	0
166,	2
167,	4
168,	2
169,	2
170,	1
171,	2
172,	6
173,	0
174,	0
175,	4
176,	0
177,	3
178,	0
179,	4
180,	1
181,	1
182,	0
183,	0
184,	1
185,	0
186,	0
187,	2
188,	0
189,	3
190,	1
191,	2
192,	0
193,	0
194,	3
195,	5
196,	2
197,	0
198,	0
199,	1
200,	2
201,	0
202,	0
203,	4
204,	0
205,	5
206,	0
207,	4
208,	0
209,	3
210,	2
211,	2
212,	2
213,	8
214,	5
215,	0
216,	1
217,	6
218,	3
219,	4
220,	1
221,	1
222,	2
223,	1
224,	4
225,	2
226,	5
227,	0
228,	0
229,	6
230,	2
231,	1
232,	2
233,	1
234,	2
235,	3
236,	2
237,	2
238,	1
239,	1
240,	1
241,	1
242,	3
243,	1
244,	1
245,	1
246,	0
247,	1
248,	5
249,	0
250,	0
251,	1
252,	1
253,	3
254,	5
255,	1
256,	2
257,	4
258,	2
259,	2
260,	4
261,	1
262,	3
263,	6
264,	2
265,	0
266,	3
267,	3
268,	1
269,	3
270,	2
271,	6
272,	5
273,	0
274,	1
275,	2
276,	9
277,	3
278,	3
279,	0
280,	6
281,	0
282,	1
283,	3
284,	0
285,	0
286,	0
287,	4
288,	7
289,	5
290,	2
291,	1
292,	3
293,	2
294,	2
295,	2
296,	0
297,	5
298,	3
299,	0
300,	5
301,	3
302,	0
303,	3
304,	0
305,	0
306,	8
307,	3
308,	2
309,	3
310,	0
311,	4
312,	6
313,	0
314,	2
315,	5
316,	4
317,	0
318,	1
319,	2
320,	6
321,	1
322,	0
323,	2
324,	5
325,	3
326,	0
327,	4
328,	1
329,	4
330,	2
331,	1
332,	0
333,	2
334,	2
335,	5
336,	0
337,	0
338,	1
339,	0
340,	2
341,	0
342,	0
343,	4
344,	4
345,	2
346,	2
347,	3
348,	1
349,	1
350,	1
351,	2
352,	0
353,	0
354,	1
355,	3
356,	7
357,	0
358,	0
359,	1
360,	2
361,	1
362,	3
363,	2
364,	7
365,	0
366,	1
367,	4
368,	3
369,	5
370,	1
371,	0
372,	3
373,	0
374,	0
375,	0
376,	3
377,	0
378,	3
379,	3
380,	3
381,	3
382,	2
383,	1
384,	1
385,	1
386,	4
387,	0
388,	0
389,	3
390,	2
391,	0
392,	2
393,	0
394,	3
395,	3
396,	0
397,	1
398,	2
399,	4
400,	0
401,	1
402,	2
403,	5
404,	1
405,	0
406,	0
407,	0
408,	1
409,	2
410,	1
411,	0
412,	2
413,	0
414,	1
415,	0
416,	2
417,	0
418,	0
419,	3
420,	2
421,	2
422,	0
423,	1
424,	9
425,	0
426,	0
427,	0
428,	4
429,	0
430,	0
431,	2
432,	0
433,	2
434,	2
435,	2
436,	2
437,	0
438,	0
439,	0
440,	0
441,	5
442,	0
443,	1
444,	0
445,	1
446,	0
447,	2
448,	2
449,	1
450,	0
451,	3
452,	0
453,	1
454,	0
455,	0
456,	3
457,	0
458,	1
459,	5
460,	4
461,	2
462,	4
463,	2
464,	1
465,	0
466,	2
467,	2
468,	1
469,	0
470,	4
471,	4
472,	2
473,	2
474,	0
475,	4
476,	0
477,	3
478,	6
479,	0
480,	5
481,	2
482,	1
483,	3
484,	0
485,	0
486,	2
487,	0
488,	1
489,	0
490,	3
491,	0
492,	0
493,	5
494,	0
495,	2
496,	7
497,	4
498,	1
499,	5
500,	0
501,	0
502,	2
503,	1
504,	1
505,	1
506,	6
507,	2
508,	0
509,	0
510,	1
511,	3
512,	0
513,	4
514,	2
515,	1
516,	0
517,	5
518,	2
519,	3
520,	1
521,	1
522,	3
523,	6
524,	4
525,	3
526,	0
527,	0
528,	3
529,	2
530,	2
531,	3
532,	6
533,	2
534,	3
535,	3
536,	2
537,	1
538,	0
539,	3
540,	4
541,	2
542,	5
543,	1
544,	2
545,	0
546,	0
547,	3
548,	0
549,	2
550,	3
551,	3
552,	4
553,	3
554,	5
555,	1
556,	1
557,	1
558,	2
559,	1
560,	2
561,	2
562,	0
563,	5
564,	4
565,	1
566,	4
567,	3
568,	1
569,	4
570,	2
571,	2
572,	1
573,	1
574,	3
575,	3
576,	6
577,	0
578,	1
579,	0
580,	1
581,	0
582,	4
583,	3
584,	3
585,	2
586,	1
587,	4
588,	0
589,	5
590,	0
591,	1
592,	0
593,	0
594,	0
595,	2
596,	0
597,	0
598,	4
599,	1
600,	1
601,	2
602,	3
603,	1
604,	2
605,	4
606,	3
607,	2
608,	3
609,	6
610,	3
611,	3
612,	0
613,	1
614,	7
615,	1
616,	5
617,	1
618,	4
619,	3
620,	6
621,	1
622,	5
623,	1
624,	0
625,	0
626,	3
627,	4
628,	2
629,	2
630,	1
631,	0
632,	5
633,	3
634,	3
635,	3
636,	2
637,	2
638,	3
639,	0
640,	0
641,	1
642,	1
643,	3
644,	1
645,	2
646,	5
647,	3
648,	3
649,	1
650,	1
651,	1
652,	4
653,	2
654,	2
655,	0
656,	0
657,	3
658,	0
659,	2
660,	7
661,	3
662,	5
663,	3
664,	3
665,	4
666,	4
667,	4
668,	3
669,	1
670,	4
671,	0
672,	2
673,	3
674,	2
675,	3
676,	3
677,	1
678,	1
679,	0
680,	4
681,	2
682,	0
683,	3
684,	3
685,	0
686,	0
687,	8
688,	1
689,	1
690,	2
691,	2
692,	4
693,	0
694,	4
695,	2
696,	4
697,	6
698,	4
699,	1
700,	4
701,	1
702,	4
703,	1
704,	1
705,	3
706,	1
707,	1
708,	3
709,	2
710,	0
711,	4
712,	4
713,	1
714,	1
715,	1
716,	3
717,	3
718,	1
719,	3
720,	1
721,	4
722,	1
723,	1
724,	5
725,	4
726,	4
727,	3
728,	5
729,	2
730,	3
731,	0
732,	0
733,	5
734,	0
735,	0
736,	3
737,	0
738,	3
739,	2
740,	5
741,	1
742,	0
743,	1
744,	4
745,	1
746,	2
747,	1
748,	1
749,	0
750,	5
751,	2
752,	5
753,	3
754,	1
755,	1
756,	1
757,	0
758,	0
759,	0
760,	5
761,	5
762,	1
763,	0
764,	4
765,	2
766,	0
767,	1
768,	3
769,	1
770,	2
771,	0
772,	1
773,	2
774,	5
775,	3
776,	2
777,	1
778,	0
779,	0
780,	4
781,	2
782,	4
783,	6
784,	1
785,	3
786,	2
787,	1
788,	2
789,	6
790,	6
791,	5
792,	3
793,	2
794,	6
795,	1
796,	2
797,	3
798,	3
799,	4
800,	1
801,	5
802,	1
803,	2
804,	7
805,	0
806,	1
807,	0
808,	3
809,	4
810,	4
811,	1
812,	0
813,	5
814,	3
815,	4
816,	1
817,	1
818,	1
819,	2
820,	2
821,	0
822,	3
823,	1
824,	5
825,	3
826,	2
827,	3
828,	1
829,	3
830,	1
831,	0
832,	4
833,	2
834,	1
835,	5
836,	4
837,	0
838,	4
839,	5
840,	2
841,	0
842,	1
843,	3
844,	5
845,	3
846,	4
847,	2
848,	1
849,	6
850,	3
851,	0
852,	3
853,	5
854,	4
855,	6
856,	2
857,	3
858,	1
859,	3
860,	2
861,	3
862,	0
863,	3
864,	4
865,	1
866,	2
867,	1
868,	6
869,	6
870,	1
871,	4
872,	4
873,	0
874,	4
875,	5
876,	4
877,	2
878,	1
879,	3
880,	2
881,	1
882,	3
883,	0
884,	3
885,	4
886,	1
887,	0
888,	4
889,	1
890,	3
891,	1
892,	1
893,	2
894,	4
895,	2
896,	4
897,	4
898,	2
899,	1
900,	2
901,	2
902,	3
903,	3
904,	0
905,	2
906,	3
907,	0
908,	4
909,	6
910,	5
911,	6
912,	1
913,	0
914,	2
915,	4
916,	2
917,	3
918,	4
919,	5
920,	8
921,	4
922,	1
923,	4
924,	6
925,	3
926,	2
927,	2
928,	2
929,	3
930,	5
931,	1
932,	1
933,	0
934,	3
935,	4
936,	3
937,	4
938,	7
939,	5
940,	1
941,	3
942,	2
943,	6
944,	2
945,	2
946,	2
947,	3
948,	2
949,	5
950,	4
951,	3
952,	6
953,	3
954,	1
955,	5
956,	3
957,	3
958,	7
959,	3
960,	5
961,	2
962,	6
963,	2
964,	4
965,	4
966,	3
967,	1
968,	0
969,	5
970,	5
971,	3
972,	3
973,	1
974,	2
975,	5
976,	1
977,	3
978,	3
979,	4
980,	6
981,	4
982,	6
983,	4
984,	5
985,	3
986,	7
987,	4
988,	4
989,	3
990,	3
991,	5
992,	0
993,	4
994,	7
995,	9
996,	9
997,	4
998,	5
999,	1
