Instance: /home/gabriel/Documents/ufrgs/courses/oc/trab/instances/cmb02
Vertices: 1000
Colors: 10
NumIterations: 100
Alpha: 0.850000
Is Factible?: true
Conflicts: 0
Solution Value: 531063.437500
Vertex,	Color
0,	3
1,	0
2,	2
3,	0
4,	3
5,	1
6,	1
7,	0
8,	0
9,	0
10,	0
11,	1
12,	0
13,	0
14,	1
15,	0
16,	0
17,	0
18,	0
19,	0
20,	1
21,	0
22,	1
23,	0
24,	2
25,	4
26,	0
27,	1
28,	0
29,	1
30,	0
31,	0
32,	3
33,	0
34,	0
35,	1
36,	1
37,	0
38,	1
39,	2
40,	1
41,	1
42,	0
43,	0
44,	0
45,	1
46,	1
47,	0
48,	1
49,	0
50,	0
51,	0
52,	1
53,	1
54,	2
55,	3
56,	1
57,	2
58,	0
59,	0
60,	1
61,	0
62,	2
63,	0
64,	0
65,	0
66,	0
67,	0
68,	0
69,	1
70,	0
71,	1
72,	0
73,	3
74,	1
75,	1
76,	2
77,	1
78,	0
79,	0
80,	0
81,	3
82,	1
83,	0
84,	2
85,	2
86,	0
87,	3
88,	1
89,	0
90,	0
91,	0
92,	0
93,	1
94,	1
95,	2
96,	5
97,	0
98,	0
99,	0
100,	0
101,	1
102,	1
103,	0
104,	0
105,	0
106,	0
107,	0
108,	1
109,	0
110,	1
111,	0
112,	0
113,	1
114,	0
115,	1
116,	0
117,	1
118,	0
119,	1
120,	0
121,	0
122,	3
123,	1
124,	1
125,	0
126,	1
127,	1
128,	0
129,	0
130,	0
131,	1
132,	0
133,	0
134,	1
135,	0
136,	1
137,	0
138,	0
139,	2
140,	1
141,	0
142,	2
143,	1
144,	3
145,	0
146,	3
147,	2
148,	6
149,	0
150,	0
151,	1
152,	2
153,	0
154,	1
155,	1
156,	2
157,	1
158,	1
159,	0
160,	0
161,	1
162,	5
163,	0
164,	1
165,	0
166,	0
167,	0
168,	0
169,	1
170,	0
171,	0
172,	1
173,	3
174,	3
175,	2
176,	1
177,	0
178,	0
179,	2
180,	0
181,	2
182,	1
183,	0
184,	0
185,	0
186,	0
187,	1
188,	0
189,	1
190,	0
191,	0
192,	1
193,	2
194,	1
195,	1
196,	1
197,	0
198,	0
199,	1
200,	0
201,	0
202,	0
203,	1
204,	1
205,	4
206,	0
207,	1
208,	1
209,	0
210,	3
211,	1
212,	1
213,	1
214,	0
215,	3
216,	2
217,	2
218,	0
219,	0
220,	1
221,	0
222,	1
223,	1
224,	2
225,	0
226,	3
227,	0
228,	0
229,	2
230,	1
231,	1
232,	0
233,	1
234,	2
235,	1
236,	1
237,	0
238,	2
239,	0
240,	0
241,	2
242,	1
243,	0
244,	1
245,	1
246,	0
247,	0
248,	2
249,	0
250,	0
251,	0
252,	0
253,	2
254,	0
255,	0
256,	0
257,	2
258,	1
259,	2
260,	1
261,	2
262,	4
263,	6
264,	4
265,	0
266,	1
267,	0
268,	2
269,	1
270,	0
271,	0
272,	1
273,	1
274,	2
275,	7
276,	2
277,	1
278,	0
279,	2
280,	1
281,	1
282,	3
283,	1
284,	2
285,	1
286,	1
287,	1
288,	3
289,	2
290,	2
291,	2
292,	1
293,	0
294,	1
295,	2
296,	0
297,	7
298,	1
299,	3
300,	3
301,	1
302,	0
303,	3
304,	2
305,	0
306,	5
307,	0
308,	1
309,	0
310,	1
311,	3
312,	2
313,	1
314,	1
315,	4
316,	0
317,	0
318,	2
319,	0
320,	1
321,	1
322,	0
323,	2
324,	2
325,	1
326,	3
327,	1
328,	2
329,	1
330,	0
331,	1
332,	2
333,	2
334,	0
335,	3
336,	0
337,	1
338,	5
339,	1
340,	2
341,	6
342,	3
343,	0
344,	3
345,	0
346,	1
347,	5
348,	2
349,	0
350,	0
351,	1
352,	0
353,	2
354,	2
355,	1
356,	4
357,	0
358,	0
359,	2
360,	2
361,	1
362,	2
363,	1
364,	3
365,	2
366,	0
367,	1
368,	3
369,	1
370,	2
371,	3
372,	4
373,	2
374,	4
375,	2
376,	0
377,	2
378,	1
379,	2
380,	3
381,	1
382,	2
383,	2
384,	1
385,	0
386,	4
387,	3
388,	1
389,	0
390,	2
391,	1
392,	1
393,	2
394,	2
395,	1
396,	2
397,	1
398,	1
399,	0
400,	0
401,	2
402,	1
403,	2
404,	2
405,	2
406,	1
407,	1
408,	2
409,	3
410,	4
411,	1
412,	4
413,	2
414,	2
415,	1
416,	0
417,	2
418,	1
419,	2
420,	1
421,	1
422,	3
423,	1
424,	4
425,	2
426,	2
427,	1
428,	3
429,	1
430,	0
431,	2
432,	4
433,	2
434,	2
435,	3
436,	0
437,	3
438,	2
439,	3
440,	0
441,	4
442,	3
443,	2
444,	2
445,	1
446,	1
447,	4
448,	3
449,	2
450,	2
451,	0
452,	3
453,	0
454,	1
455,	1
456,	2
457,	2
458,	2
459,	4
460,	3
461,	0
462,	2
463,	4
464,	3
465,	2
466,	0
467,	2
468,	2
469,	1
470,	2
471,	6
472,	1
473,	0
474,	3
475,	1
476,	5
477,	1
478,	3
479,	2
480,	3
481,	0
482,	1
483,	3
484,	1
485,	2
486,	2
487,	0
488,	2
489,	1
490,	0
491,	2
492,	2
493,	2
494,	0
495,	1
496,	6
497,	1
498,	5
499,	5
500,	2
501,	1
502,	2
503,	2
504,	6
505,	2
506,	1
507,	2
508,	1
509,	0
510,	2
511,	7
512,	0
513,	5
514,	3
515,	3
516,	4
517,	4
518,	3
519,	5
520,	0
521,	1
522,	2
523,	5
524,	4
525,	3
526,	3
527,	3
528,	0
529,	3
530,	2
531,	0
532,	4
533,	3
534,	2
535,	1
536,	0
537,	0
538,	0
539,	3
540,	1
541,	2
542,	3
543,	3
544,	3
545,	5
546,	1
547,	5
548,	1
549,	0
550,	5
551,	2
552,	2
553,	1
554,	4
555,	2
556,	0
557,	2
558,	3
559,	2
560,	3
561,	2
562,	2
563,	4
564,	5
565,	3
566,	4
567,	2
568,	2
569,	3
570,	1
571,	3
572,	2
573,	2
574,	3
575,	1
576,	5
577,	2
578,	5
579,	1
580,	1
581,	2
582,	3
583,	4
584,	1
585,	3
586,	2
587,	4
588,	1
589,	2
590,	4
591,	2
592,	1
593,	1
594,	1
595,	5
596,	0
597,	4
598,	5
599,	4
600,	5
601,	2
602,	4
603,	2
604,	1
605,	3
606,	5
607,	4
608,	2
609,	4
610,	2
611,	3
612,	1
613,	0
614,	4
615,	2
616,	4
617,	2
618,	0
619,	4
620,	8
621,	3
622,	2
623,	0
624,	2
625,	4
626,	4
627,	4
628,	1
629,	4
630,	1
631,	6
632,	6
633,	2
634,	3
635,	5
636,	0
637,	9
638,	7
639,	1
640,	0
641,	2
642,	1
643,	3
644,	2
645,	6
646,	2
647,	4
648,	1
649,	2
650,	3
651,	3
652,	2
653,	2
654,	4
655,	3
656,	2
657,	2
658,	5
659,	4
660,	2
661,	1
662,	3
663,	2
664,	2
665,	1
666,	1
667,	5
668,	4
669,	0
670,	1
671,	0
672,	1
673,	3
674,	5
675,	0
676,	2
677,	3
678,	2
679,	3
680,	0
681,	4
682,	0
683,	0
684,	4
685,	4
686,	4
687,	5
688,	0
689,	5
690,	3
691,	3
692,	4
693,	1
694,	6
695,	1
696,	3
697,	5
698,	5
699,	4
700,	4
701,	1
702,	1
703,	0
704,	2
705,	7
706,	2
707,	4
708,	2
709,	4
710,	0
711,	6
712,	4
713,	3
714,	1
715,	3
716,	7
717,	2
718,	4
719,	3
720,	1
721,	2
722,	0
723,	3
724,	6
725,	3
726,	4
727,	2
728,	6
729,	3
730,	4
731,	3
732,	2
733,	6
734,	3
735,	1
736,	5
737,	2
738,	7
739,	6
740,	0
741,	1
742,	3
743,	3
744,	5
745,	5
746,	0
747,	3
748,	1
749,	3
750,	7
751,	4
752,	4
753,	5
754,	0
755,	2
756,	4
757,	1
758,	2
759,	1
760,	3
761,	5
762,	3
763,	0
764,	1
765,	6
766,	3
767,	4
768,	3
769,	1
770,	1
771,	0
772,	0
773,	0
774,	4
775,	7
776,	4
777,	4
778,	3
779,	0
780,	4
781,	3
782,	8
783,	8
784,	1
785,	2
786,	1
787,	5
788,	3
789,	5
790,	3
791,	4
792,	6
793,	0
794,	6
795,	4
796,	3
797,	5
798,	2
799,	6
800,	3
801,	5
802,	0
803,	0
804,	7
805,	4
806,	2
807,	2
808,	3
809,	6
810,	4
811,	3
812,	2
813,	2
814,	1
815,	3
816,	3
817,	4
818,	2
819,	0
820,	3
821,	2
822,	1
823,	0
824,	4
825,	7
826,	0
827,	4
828,	0
829,	2
830,	3
831,	2
832,	5
833,	4
834,	1
835,	0
836,	7
837,	2
838,	6
839,	6
840,	2
841,	0
842,	4
843,	3
844,	5
845,	4
846,	3
847,	4
848,	5
849,	4
850,	3
851,	7
852,	3
853,	4
854,	5
855,	7
856,	4
857,	3
858,	6
859,	3
860,	4
861,	6
862,	2
863,	2
864,	4
865,	5
866,	3
867,	3
868,	6
869,	6
870,	5
871,	3
872,	5
873,	3
874,	5
875,	5
876,	5
877,	4
878,	2
879,	5
880,	5
881,	0
882,	4
883,	0
884,	4
885,	1
886,	4
887,	1
888,	4
889,	0
890,	3
891,	3
892,	4
893,	3
894,	5
895,	3
896,	7
897,	5
898,	2
899,	2
900,	2
901,	4
902,	3
903,	2
904,	4
905,	4
906,	6
907,	3
908,	5
909,	5
910,	5
911,	6
912,	0
913,	2
914,	3
915,	3
916,	3
917,	5
918,	3
919,	6
920,	8
921,	1
922,	1
923,	5
924,	5
925,	3
926,	5
927,	4
928,	8
929,	4
930,	6
931,	1
932,	2
933,	3
934,	2
935,	5
936,	5
937,	4
938,	9
939,	4
940,	3
941,	7
942,	4
943,	1
944,	5
945,	2
946,	5
947,	4
948,	5
949,	5
950,	5
951,	3
952,	6
953,	4
954,	3
955,	5
956,	3
957,	1
958,	8
959,	2
960,	7
961,	1
962,	2
963,	3
964,	3
965,	3
966,	3
967,	3
968,	0
969,	4
970,	4
971,	4
972,	5
973,	1
974,	4
975,	5
976,	2
977,	3
978,	2
979,	3
980,	8
981,	5
982,	6
983,	2
984,	1
985,	3
986,	7
987,	4
988,	4
989,	6
990,	0
991,	4
992,	0
993,	5
994,	7
995,	7
996,	9
997,	5
998,	4
999,	1
