Instance: /home/gabriel/Documents/ufrgs/courses/oc/trab/instances/cmb05
Vertices: 2000
Colors: 7
NumIterations: 100
Alpha: 0.850000
Is Factible?: true
Conflicts: 0
Solution Value: 1862373.375000
Vertex,	Color
0,	0
1,	0
2,	0
3,	1
4,	1
5,	0
6,	0
7,	1
8,	1
9,	0
10,	0
11,	2
12,	0
13,	0
14,	0
15,	1
16,	1
17,	0
18,	0
19,	0
20,	0
21,	0
22,	0
23,	1
24,	0
25,	0
26,	0
27,	0
28,	0
29,	1
30,	0
31,	1
32,	0
33,	0
34,	0
35,	1
36,	0
37,	0
38,	0
39,	0
40,	0
41,	1
42,	0
43,	0
44,	0
45,	0
46,	1
47,	1
48,	1
49,	0
50,	0
51,	3
52,	0
53,	1
54,	0
55,	0
56,	0
57,	1
58,	0
59,	0
60,	1
61,	0
62,	0
63,	0
64,	0
65,	0
66,	1
67,	0
68,	0
69,	0
70,	0
71,	0
72,	1
73,	0
74,	0
75,	1
76,	1
77,	1
78,	0
79,	0
80,	1
81,	0
82,	0
83,	0
84,	1
85,	1
86,	0
87,	0
88,	0
89,	0
90,	4
91,	0
92,	1
93,	0
94,	0
95,	2
96,	1
97,	2
98,	0
99,	0
100,	2
101,	0
102,	0
103,	0
104,	0
105,	0
106,	1
107,	0
108,	0
109,	0
110,	0
111,	0
112,	0
113,	0
114,	0
115,	0
116,	0
117,	1
118,	0
119,	0
120,	0
121,	0
122,	1
123,	0
124,	0
125,	0
126,	0
127,	0
128,	0
129,	0
130,	0
131,	0
132,	0
133,	0
134,	1
135,	0
136,	0
137,	0
138,	1
139,	1
140,	0
141,	0
142,	0
143,	0
144,	2
145,	0
146,	1
147,	0
148,	0
149,	1
150,	1
151,	0
152,	0
153,	0
154,	0
155,	0
156,	0
157,	0
158,	0
159,	0
160,	1
161,	2
162,	0
163,	0
164,	0
165,	0
166,	0
167,	0
168,	0
169,	0
170,	1
171,	0
172,	0
173,	0
174,	0
175,	0
176,	0
177,	0
178,	0
179,	0
180,	1
181,	0
182,	1
183,	1
184,	0
185,	0
186,	2
187,	0
188,	0
189,	0
190,	0
191,	0
192,	1
193,	1
194,	0
195,	0
196,	0
197,	0
198,	0
199,	0
200,	0
201,	2
202,	1
203,	0
204,	1
205,	0
206,	0
207,	1
208,	0
209,	0
210,	0
211,	1
212,	0
213,	0
214,	0
215,	0
216,	0
217,	0
218,	0
219,	0
220,	0
221,	1
222,	0
223,	1
224,	0
225,	1
226,	1
227,	0
228,	0
229,	1
230,	0
231,	0
232,	0
233,	0
234,	0
235,	0
236,	1
237,	0
238,	0
239,	0
240,	0
241,	0
242,	0
243,	0
244,	1
245,	1
246,	1
247,	0
248,	0
249,	0
250,	2
251,	1
252,	0
253,	0
254,	0
255,	0
256,	0
257,	0
258,	0
259,	1
260,	1
261,	2
262,	0
263,	0
264,	0
265,	0
266,	0
267,	1
268,	0
269,	0
270,	1
271,	0
272,	0
273,	0
274,	1
275,	0
276,	1
277,	0
278,	0
279,	2
280,	1
281,	1
282,	0
283,	0
284,	0
285,	0
286,	0
287,	0
288,	0
289,	1
290,	1
291,	0
292,	0
293,	0
294,	0
295,	0
296,	0
297,	0
298,	0
299,	0
300,	0
301,	1
302,	1
303,	1
304,	0
305,	0
306,	0
307,	0
308,	1
309,	1
310,	0
311,	0
312,	0
313,	0
314,	0
315,	0
316,	0
317,	0
318,	0
319,	0
320,	1
321,	0
322,	0
323,	0
324,	0
325,	2
326,	0
327,	0
328,	2
329,	0
330,	1
331,	2
332,	0
333,	0
334,	0
335,	0
336,	1
337,	0
338,	0
339,	0
340,	0
341,	1
342,	0
343,	0
344,	0
345,	0
346,	0
347,	1
348,	0
349,	1
350,	0
351,	0
352,	2
353,	1
354,	0
355,	0
356,	0
357,	1
358,	0
359,	1
360,	0
361,	2
362,	0
363,	1
364,	1
365,	0
366,	0
367,	0
368,	0
369,	0
370,	0
371,	0
372,	2
373,	0
374,	2
375,	0
376,	1
377,	0
378,	1
379,	0
380,	0
381,	0
382,	0
383,	0
384,	0
385,	3
386,	1
387,	0
388,	0
389,	0
390,	0
391,	0
392,	1
393,	0
394,	0
395,	0
396,	0
397,	0
398,	3
399,	0
400,	0
401,	0
402,	0
403,	0
404,	1
405,	0
406,	0
407,	1
408,	0
409,	0
410,	0
411,	0
412,	0
413,	1
414,	0
415,	0
416,	2
417,	2
418,	0
419,	1
420,	0
421,	1
422,	0
423,	2
424,	0
425,	0
426,	1
427,	2
428,	0
429,	0
430,	0
431,	1
432,	3
433,	0
434,	0
435,	0
436,	2
437,	0
438,	0
439,	0
440,	0
441,	1
442,	0
443,	0
444,	1
445,	1
446,	0
447,	1
448,	1
449,	1
450,	0
451,	0
452,	1
453,	1
454,	0
455,	0
456,	1
457,	0
458,	1
459,	0
460,	0
461,	2
462,	0
463,	0
464,	1
465,	0
466,	1
467,	2
468,	0
469,	0
470,	1
471,	0
472,	0
473,	0
474,	1
475,	0
476,	0
477,	0
478,	1
479,	0
480,	0
481,	1
482,	0
483,	0
484,	0
485,	2
486,	0
487,	1
488,	1
489,	2
490,	0
491,	1
492,	0
493,	1
494,	2
495,	0
496,	0
497,	1
498,	0
499,	2
500,	0
501,	0
502,	0
503,	1
504,	0
505,	1
506,	0
507,	1
508,	0
509,	0
510,	1
511,	0
512,	0
513,	1
514,	1
515,	1
516,	0
517,	2
518,	1
519,	1
520,	1
521,	0
522,	0
523,	1
524,	0
525,	4
526,	0
527,	1
528,	0
529,	1
530,	0
531,	0
532,	0
533,	0
534,	1
535,	3
536,	3
537,	0
538,	1
539,	1
540,	1
541,	1
542,	1
543,	2
544,	1
545,	3
546,	0
547,	1
548,	0
549,	0
550,	1
551,	2
552,	0
553,	0
554,	0
555,	1
556,	1
557,	0
558,	0
559,	3
560,	0
561,	1
562,	0
563,	0
564,	2
565,	1
566,	1
567,	1
568,	0
569,	0
570,	1
571,	2
572,	0
573,	1
574,	0
575,	0
576,	0
577,	0
578,	0
579,	0
580,	0
581,	1
582,	2
583,	0
584,	1
585,	2
586,	2
587,	2
588,	0
589,	0
590,	1
591,	1
592,	1
593,	1
594,	0
595,	0
596,	0
597,	0
598,	2
599,	0
600,	0
601,	1
602,	0
603,	0
604,	4
605,	1
606,	1
607,	0
608,	1
609,	4
610,	0
611,	2
612,	0
613,	0
614,	1
615,	0
616,	2
617,	0
618,	0
619,	0
620,	1
621,	0
622,	1
623,	2
624,	1
625,	0
626,	2
627,	0
628,	1
629,	2
630,	0
631,	0
632,	0
633,	0
634,	1
635,	2
636,	2
637,	3
638,	0
639,	0
640,	0
641,	3
642,	2
643,	1
644,	2
645,	0
646,	0
647,	0
648,	0
649,	0
650,	2
651,	2
652,	2
653,	0
654,	1
655,	2
656,	0
657,	1
658,	2
659,	3
660,	1
661,	2
662,	1
663,	1
664,	2
665,	0
666,	0
667,	1
668,	1
669,	1
670,	1
671,	0
672,	1
673,	1
674,	0
675,	0
676,	2
677,	1
678,	1
679,	2
680,	0
681,	1
682,	1
683,	1
684,	0
685,	2
686,	1
687,	1
688,	1
689,	0
690,	0
691,	1
692,	1
693,	1
694,	0
695,	1
696,	1
697,	2
698,	2
699,	0
700,	2
701,	1
702,	0
703,	1
704,	3
705,	1
706,	1
707,	1
708,	1
709,	0
710,	1
711,	1
712,	1
713,	0
714,	0
715,	0
716,	0
717,	1
718,	1
719,	1
720,	0
721,	1
722,	3
723,	1
724,	1
725,	0
726,	0
727,	1
728,	2
729,	3
730,	0
731,	0
732,	0
733,	2
734,	0
735,	2
736,	0
737,	1
738,	1
739,	0
740,	0
741,	1
742,	1
743,	1
744,	0
745,	1
746,	0
747,	1
748,	1
749,	2
750,	1
751,	1
752,	1
753,	2
754,	0
755,	2
756,	0
757,	1
758,	0
759,	0
760,	3
761,	2
762,	1
763,	0
764,	2
765,	1
766,	2
767,	1
768,	1
769,	1
770,	0
771,	1
772,	1
773,	1
774,	2
775,	1
776,	1
777,	1
778,	1
779,	1
780,	1
781,	0
782,	0
783,	3
784,	0
785,	1
786,	1
787,	1
788,	1
789,	1
790,	1
791,	1
792,	1
793,	0
794,	2
795,	0
796,	0
797,	1
798,	1
799,	2
800,	0
801,	0
802,	2
803,	1
804,	1
805,	2
806,	1
807,	0
808,	2
809,	1
810,	2
811,	2
812,	0
813,	0
814,	0
815,	1
816,	0
817,	2
818,	4
819,	3
820,	1
821,	0
822,	0
823,	0
824,	0
825,	3
826,	1
827,	1
828,	3
829,	1
830,	3
831,	1
832,	0
833,	0
834,	1
835,	0
836,	2
837,	2
838,	1
839,	0
840,	0
841,	0
842,	0
843,	0
844,	0
845,	3
846,	2
847,	0
848,	1
849,	1
850,	0
851,	1
852,	1
853,	0
854,	5
855,	0
856,	0
857,	2
858,	2
859,	2
860,	0
861,	0
862,	0
863,	0
864,	1
865,	2
866,	1
867,	1
868,	0
869,	2
870,	3
871,	1
872,	0
873,	2
874,	0
875,	1
876,	1
877,	3
878,	1
879,	0
880,	1
881,	1
882,	1
883,	3
884,	0
885,	3
886,	1
887,	0
888,	0
889,	1
890,	2
891,	1
892,	2
893,	1
894,	1
895,	0
896,	2
897,	1
898,	2
899,	2
900,	1
901,	1
902,	0
903,	2
904,	0
905,	0
906,	3
907,	2
908,	0
909,	1
910,	1
911,	0
912,	0
913,	0
914,	1
915,	1
916,	1
917,	2
918,	2
919,	2
920,	0
921,	0
922,	0
923,	1
924,	1
925,	1
926,	1
927,	1
928,	2
929,	1
930,	3
931,	1
932,	0
933,	2
934,	0
935,	2
936,	0
937,	0
938,	2
939,	1
940,	1
941,	1
942,	1
943,	0
944,	0
945,	1
946,	0
947,	1
948,	1
949,	0
950,	1
951,	0
952,	0
953,	0
954,	3
955,	1
956,	0
957,	2
958,	1
959,	0
960,	0
961,	1
962,	2
963,	1
964,	1
965,	3
966,	2
967,	1
968,	1
969,	3
970,	2
971,	2
972,	0
973,	0
974,	1
975,	1
976,	2
977,	1
978,	1
979,	2
980,	2
981,	1
982,	1
983,	2
984,	1
985,	1
986,	0
987,	4
988,	1
989,	1
990,	2
991,	1
992,	4
993,	2
994,	2
995,	2
996,	1
997,	1
998,	0
999,	1
1000,	1
1001,	1
1002,	2
1003,	1
1004,	0
1005,	2
1006,	2
1007,	2
1008,	2
1009,	1
1010,	0
1011,	0
1012,	0
1013,	0
1014,	1
1015,	0
1016,	0
1017,	2
1018,	0
1019,	1
1020,	0
1021,	0
1022,	4
1023,	1
1024,	1
1025,	2
1026,	1
1027,	3
1028,	2
1029,	1
1030,	1
1031,	3
1032,	2
1033,	0
1034,	3
1035,	2
1036,	0
1037,	1
1038,	0
1039,	3
1040,	0
1041,	1
1042,	2
1043,	4
1044,	1
1045,	2
1046,	1
1047,	0
1048,	2
1049,	0
1050,	2
1051,	1
1052,	0
1053,	1
1054,	2
1055,	1
1056,	1
1057,	0
1058,	1
1059,	0
1060,	1
1061,	3
1062,	0
1063,	1
1064,	0
1065,	2
1066,	0
1067,	3
1068,	0
1069,	0
1070,	2
1071,	0
1072,	0
1073,	0
1074,	0
1075,	1
1076,	1
1077,	2
1078,	3
1079,	2
1080,	2
1081,	0
1082,	1
1083,	2
1084,	0
1085,	3
1086,	1
1087,	0
1088,	0
1089,	1
1090,	0
1091,	2
1092,	1
1093,	1
1094,	1
1095,	2
1096,	2
1097,	1
1098,	2
1099,	1
1100,	2
1101,	0
1102,	2
1103,	1
1104,	2
1105,	0
1106,	1
1107,	1
1108,	2
1109,	1
1110,	1
1111,	1
1112,	0
1113,	1
1114,	0
1115,	2
1116,	1
1117,	1
1118,	0
1119,	1
1120,	2
1121,	2
1122,	1
1123,	3
1124,	1
1125,	2
1126,	0
1127,	2
1128,	0
1129,	2
1130,	0
1131,	2
1132,	3
1133,	1
1134,	2
1135,	0
1136,	0
1137,	2
1138,	0
1139,	2
1140,	0
1141,	2
1142,	0
1143,	0
1144,	4
1145,	2
1146,	0
1147,	1
1148,	3
1149,	1
1150,	1
1151,	1
1152,	1
1153,	2
1154,	1
1155,	3
1156,	1
1157,	0
1158,	3
1159,	2
1160,	0
1161,	2
1162,	0
1163,	0
1164,	1
1165,	1
1166,	0
1167,	3
1168,	2
1169,	1
1170,	0
1171,	1
1172,	0
1173,	5
1174,	2
1175,	0
1176,	0
1177,	4
1178,	0
1179,	0
1180,	3
1181,	1
1182,	2
1183,	0
1184,	2
1185,	0
1186,	2
1187,	0
1188,	1
1189,	0
1190,	0
1191,	2
1192,	1
1193,	3
1194,	1
1195,	4
1196,	1
1197,	3
1198,	3
1199,	1
1200,	0
1201,	3
1202,	0
1203,	1
1204,	0
1205,	1
1206,	0
1207,	2
1208,	1
1209,	2
1210,	0
1211,	1
1212,	2
1213,	0
1214,	2
1215,	3
1216,	2
1217,	0
1218,	4
1219,	4
1220,	1
1221,	5
1222,	1
1223,	2
1224,	0
1225,	1
1226,	0
1227,	2
1228,	1
1229,	0
1230,	3
1231,	1
1232,	0
1233,	2
1234,	3
1235,	4
1236,	1
1237,	4
1238,	2
1239,	1
1240,	1
1241,	0
1242,	0
1243,	1
1244,	1
1245,	1
1246,	0
1247,	1
1248,	2
1249,	2
1250,	0
1251,	0
1252,	0
1253,	2
1254,	2
1255,	2
1256,	3
1257,	2
1258,	3
1259,	2
1260,	1
1261,	0
1262,	3
1263,	3
1264,	2
1265,	2
1266,	2
1267,	1
1268,	0
1269,	4
1270,	4
1271,	1
1272,	3
1273,	0
1274,	2
1275,	2
1276,	2
1277,	2
1278,	0
1279,	2
1280,	1
1281,	1
1282,	1
1283,	1
1284,	2
1285,	5
1286,	2
1287,	1
1288,	2
1289,	2
1290,	0
1291,	2
1292,	2
1293,	3
1294,	3
1295,	0
1296,	0
1297,	0
1298,	3
1299,	0
1300,	4
1301,	1
1302,	0
1303,	0
1304,	0
1305,	1
1306,	2
1307,	2
1308,	2
1309,	1
1310,	1
1311,	1
1312,	2
1313,	2
1314,	2
1315,	3
1316,	1
1317,	3
1318,	1
1319,	2
1320,	1
1321,	1
1322,	1
1323,	0
1324,	1
1325,	3
1326,	0
1327,	0
1328,	0
1329,	3
1330,	1
1331,	0
1332,	1
1333,	0
1334,	4
1335,	0
1336,	4
1337,	4
1338,	1
1339,	0
1340,	1
1341,	1
1342,	0
1343,	2
1344,	0
1345,	0
1346,	3
1347,	1
1348,	2
1349,	2
1350,	1
1351,	0
1352,	3
1353,	2
1354,	2
1355,	1
1356,	2
1357,	3
1358,	1
1359,	0
1360,	0
1361,	0
1362,	2
1363,	1
1364,	1
1365,	2
1366,	1
1367,	2
1368,	0
1369,	1
1370,	0
1371,	1
1372,	0
1373,	0
1374,	0
1375,	0
1376,	3
1377,	0
1378,	0
1379,	0
1380,	1
1381,	3
1382,	2
1383,	1
1384,	4
1385,	2
1386,	2
1387,	0
1388,	0
1389,	0
1390,	2
1391,	0
1392,	3
1393,	1
1394,	0
1395,	3
1396,	2
1397,	3
1398,	0
1399,	4
1400,	0
1401,	1
1402,	1
1403,	1
1404,	2
1405,	3
1406,	1
1407,	3
1408,	0
1409,	3
1410,	1
1411,	1
1412,	2
1413,	1
1414,	1
1415,	0
1416,	2
1417,	5
1418,	1
1419,	3
1420,	3
1421,	0
1422,	0
1423,	1
1424,	4
1425,	2
1426,	0
1427,	3
1428,	1
1429,	1
1430,	2
1431,	0
1432,	4
1433,	0
1434,	2
1435,	0
1436,	0
1437,	0
1438,	1
1439,	3
1440,	1
1441,	0
1442,	1
1443,	2
1444,	3
1445,	0
1446,	1
1447,	2
1448,	0
1449,	3
1450,	1
1451,	0
1452,	2
1453,	2
1454,	3
1455,	0
1456,	1
1457,	2
1458,	3
1459,	0
1460,	1
1461,	3
1462,	1
1463,	2
1464,	3
1465,	4
1466,	2
1467,	2
1468,	0
1469,	2
1470,	3
1471,	2
1472,	4
1473,	1
1474,	1
1475,	2
1476,	3
1477,	3
1478,	3
1479,	0
1480,	3
1481,	3
1482,	3
1483,	4
1484,	4
1485,	2
1486,	1
1487,	4
1488,	1
1489,	2
1490,	1
1491,	2
1492,	1
1493,	2
1494,	2
1495,	3
1496,	3
1497,	0
1498,	2
1499,	3
1500,	1
1501,	0
1502,	3
1503,	0
1504,	1
1505,	4
1506,	2
1507,	0
1508,	1
1509,	1
1510,	0
1511,	2
1512,	5
1513,	4
1514,	3
1515,	3
1516,	2
1517,	1
1518,	0
1519,	1
1520,	1
1521,	4
1522,	2
1523,	1
1524,	2
1525,	0
1526,	1
1527,	6
1528,	1
1529,	1
1530,	1
1531,	2
1532,	2
1533,	2
1534,	2
1535,	3
1536,	2
1537,	1
1538,	2
1539,	2
1540,	2
1541,	2
1542,	0
1543,	0
1544,	0
1545,	1
1546,	1
1547,	2
1548,	4
1549,	0
1550,	3
1551,	1
1552,	2
1553,	2
1554,	4
1555,	1
1556,	3
1557,	3
1558,	2
1559,	0
1560,	0
1561,	0
1562,	1
1563,	0
1564,	2
1565,	1
1566,	1
1567,	2
1568,	0
1569,	1
1570,	1
1571,	2
1572,	1
1573,	1
1574,	1
1575,	2
1576,	2
1577,	2
1578,	0
1579,	4
1580,	1
1581,	1
1582,	2
1583,	4
1584,	1
1585,	1
1586,	0
1587,	2
1588,	2
1589,	2
1590,	5
1591,	3
1592,	0
1593,	1
1594,	1
1595,	2
1596,	1
1597,	0
1598,	0
1599,	3
1600,	3
1601,	1
1602,	2
1603,	0
1604,	0
1605,	1
1606,	2
1607,	1
1608,	1
1609,	3
1610,	1
1611,	2
1612,	3
1613,	3
1614,	1
1615,	1
1616,	2
1617,	2
1618,	3
1619,	0
1620,	1
1621,	2
1622,	0
1623,	3
1624,	1
1625,	4
1626,	3
1627,	2
1628,	1
1629,	1
1630,	2
1631,	0
1632,	1
1633,	3
1634,	0
1635,	3
1636,	2
1637,	6
1638,	3
1639,	3
1640,	4
1641,	1
1642,	1
1643,	3
1644,	0
1645,	1
1646,	0
1647,	1
1648,	2
1649,	2
1650,	1
1651,	2
1652,	1
1653,	2
1654,	4
1655,	1
1656,	4
1657,	1
1658,	3
1659,	0
1660,	2
1661,	0
1662,	2
1663,	3
1664,	1
1665,	4
1666,	1
1667,	2
1668,	2
1669,	4
1670,	1
1671,	2
1672,	0
1673,	3
1674,	3
1675,	3
1676,	0
1677,	2
1678,	5
1679,	0
1680,	1
1681,	1
1682,	2
1683,	4
1684,	3
1685,	1
1686,	2
1687,	4
1688,	1
1689,	3
1690,	0
1691,	3
1692,	0
1693,	1
1694,	2
1695,	3
1696,	1
1697,	1
1698,	0
1699,	1
1700,	2
1701,	3
1702,	1
1703,	2
1704,	3
1705,	1
1706,	1
1707,	2
1708,	4
1709,	2
1710,	2
1711,	1
1712,	1
1713,	1
1714,	2
1715,	1
1716,	1
1717,	3
1718,	1
1719,	4
1720,	0
1721,	3
1722,	2
1723,	2
1724,	5
1725,	2
1726,	2
1727,	2
1728,	1
1729,	3
1730,	1
1731,	3
1732,	1
1733,	1
1734,	1
1735,	0
1736,	2
1737,	2
1738,	0
1739,	3
1740,	2
1741,	2
1742,	5
1743,	2
1744,	3
1745,	2
1746,	2
1747,	2
1748,	0
1749,	1
1750,	2
1751,	0
1752,	2
1753,	3
1754,	4
1755,	2
1756,	2
1757,	1
1758,	1
1759,	2
1760,	3
1761,	0
1762,	0
1763,	2
1764,	2
1765,	0
1766,	2
1767,	1
1768,	5
1769,	3
1770,	3
1771,	5
1772,	1
1773,	1
1774,	0
1775,	2
1776,	0
1777,	2
1778,	5
1779,	4
1780,	2
1781,	1
1782,	3
1783,	1
1784,	1
1785,	0
1786,	1
1787,	3
1788,	1
1789,	3
1790,	4
1791,	3
1792,	2
1793,	1
1794,	0
1795,	2
1796,	1
1797,	5
1798,	0
1799,	2
1800,	2
1801,	1
1802,	3
1803,	1
1804,	0
1805,	3
1806,	3
1807,	3
1808,	3
1809,	1
1810,	4
1811,	1
1812,	5
1813,	3
1814,	6
1815,	3
1816,	3
1817,	6
1818,	5
1819,	5
1820,	0
1821,	1
1822,	2
1823,	2
1824,	1
1825,	3
1826,	3
1827,	1
1828,	2
1829,	2
1830,	2
1831,	0
1832,	2
1833,	2
1834,	0
1835,	2
1836,	1
1837,	0
1838,	3
1839,	2
1840,	2
1841,	0
1842,	0
1843,	3
1844,	2
1845,	1
1846,	1
1847,	3
1848,	1
1849,	2
1850,	2
1851,	2
1852,	3
1853,	3
1854,	3
1855,	1
1856,	0
1857,	1
1858,	1
1859,	3
1860,	1
1861,	3
1862,	2
1863,	1
1864,	2
1865,	1
1866,	2
1867,	1
1868,	2
1869,	3
1870,	1
1871,	1
1872,	2
1873,	0
1874,	0
1875,	3
1876,	2
1877,	0
1878,	1
1879,	4
1880,	1
1881,	1
1882,	2
1883,	2
1884,	0
1885,	1
1886,	0
1887,	2
1888,	4
1889,	0
1890,	0
1891,	3
1892,	0
1893,	0
1894,	1
1895,	3
1896,	0
1897,	3
1898,	1
1899,	2
1900,	4
1901,	1
1902,	1
1903,	3
1904,	1
1905,	4
1906,	0
1907,	0
1908,	1
1909,	1
1910,	2
1911,	2
1912,	4
1913,	2
1914,	3
1915,	1
1916,	3
1917,	5
1918,	2
1919,	2
1920,	2
1921,	3
1922,	4
1923,	0
1924,	2
1925,	2
1926,	2
1927,	0
1928,	1
1929,	1
1930,	2
1931,	1
1932,	6
1933,	2
1934,	5
1935,	4
1936,	4
1937,	3
1938,	5
1939,	0
1940,	2
1941,	2
1942,	1
1943,	2
1944,	1
1945,	0
1946,	2
1947,	5
1948,	4
1949,	3
1950,	0
1951,	4
1952,	2
1953,	0
1954,	0
1955,	0
1956,	3
1957,	2
1958,	3
1959,	3
1960,	0
1961,	5
1962,	5
1963,	3
1964,	4
1965,	2
1966,	3
1967,	4
1968,	2
1969,	3
1970,	1
1971,	4
1972,	3
1973,	1
1974,	1
1975,	3
1976,	1
1977,	2
1978,	3
1979,	0
1980,	2
1981,	2
1982,	0
1983,	1
1984,	5
1985,	3
1986,	4
1987,	2
1988,	2
1989,	2
1990,	4
1991,	4
1992,	5
1993,	3
1994,	2
1995,	2
1996,	1
1997,	4
1998,	3
1999,	1
