Instance: /home/gabriel/Documents/ufrgs/courses/oc/trab/instances/cmb02
Vertices: 1000
Colors: 10
NumIterations: 1000
Alpha: 0.850000
Is Factible?: true
Conflicts: 0
Solution Value: 523266.750000
Vertex,	Color
0,	3
1,	1
2,	0
3,	4
4,	1
5,	2
6,	0
7,	7
8,	0
9,	1
10,	3
11,	0
12,	0
13,	1
14,	0
15,	0
16,	1
17,	0
18,	1
19,	1
20,	3
21,	0
22,	0
23,	0
24,	0
25,	1
26,	0
27,	1
28,	0
29,	1
30,	0
31,	2
32,	1
33,	0
34,	1
35,	1
36,	2
37,	1
38,	1
39,	1
40,	0
41,	1
42,	4
43,	0
44,	7
45,	1
46,	0
47,	0
48,	0
49,	2
50,	1
51,	0
52,	1
53,	1
54,	1
55,	0
56,	0
57,	1
58,	1
59,	0
60,	1
61,	0
62,	0
63,	1
64,	3
65,	1
66,	0
67,	0
68,	0
69,	0
70,	0
71,	2
72,	0
73,	2
74,	0
75,	1
76,	2
77,	0
78,	0
79,	0
80,	0
81,	2
82,	0
83,	0
84,	1
85,	0
86,	2
87,	1
88,	1
89,	0
90,	0
91,	1
92,	0
93,	0
94,	1
95,	0
96,	0
97,	0
98,	0
99,	0
100,	1
101,	0
102,	0
103,	2
104,	5
105,	0
106,	3
107,	0
108,	2
109,	0
110,	0
111,	1
112,	1
113,	0
114,	0
115,	3
116,	0
117,	2
118,	2
119,	0
120,	1
121,	1
122,	0
123,	2
124,	0
125,	0
126,	1
127,	0
128,	0
129,	0
130,	2
131,	0
132,	1
133,	2
134,	0
135,	0
136,	0
137,	4
138,	0
139,	1
140,	0
141,	0
142,	2
143,	4
144,	3
145,	1
146,	4
147,	3
148,	2
149,	3
150,	0
151,	1
152,	2
153,	0
154,	2
155,	4
156,	5
157,	0
158,	2
159,	0
160,	1
161,	4
162,	1
163,	1
164,	3
165,	1
166,	3
167,	0
168,	0
169,	1
170,	1
171,	4
172,	2
173,	4
174,	3
175,	3
176,	0
177,	0
178,	0
179,	2
180,	1
181,	0
182,	0
183,	0
184,	0
185,	2
186,	1
187,	2
188,	0
189,	1
190,	0
191,	2
192,	0
193,	2
194,	1
195,	1
196,	1
197,	1
198,	0
199,	1
200,	1
201,	0
202,	2
203,	2
204,	0
205,	3
206,	0
207,	1
208,	0
209,	1
210,	3
211,	0
212,	0
213,	2
214,	2
215,	1
216,	1
217,	5
218,	0
219,	1
220,	1
221,	1
222,	0
223,	1
224,	1
225,	0
226,	2
227,	0
228,	0
229,	5
230,	1
231,	0
232,	0
233,	1
234,	2
235,	0
236,	4
237,	0
238,	2
239,	0
240,	0
241,	2
242,	2
243,	1
244,	0
245,	1
246,	0
247,	2
248,	3
249,	1
250,	3
251,	1
252,	2
253,	0
254,	1
255,	0
256,	1
257,	2
258,	0
259,	1
260,	2
261,	5
262,	1
263,	6
264,	2
265,	3
266,	1
267,	0
268,	2
269,	2
270,	0
271,	1
272,	3
273,	1
274,	1
275,	1
276,	5
277,	2
278,	2
279,	4
280,	2
281,	2
282,	3
283,	0
284,	2
285,	0
286,	1
287,	1
288,	3
289,	1
290,	1
291,	2
292,	0
293,	0
294,	2
295,	1
296,	0
297,	6
298,	2
299,	1
300,	1
301,	1
302,	0
303,	3
304,	0
305,	0
306,	4
307,	3
308,	0
309,	0
310,	1
311,	2
312,	3
313,	1
314,	0
315,	3
316,	0
317,	0
318,	0
319,	1
320,	3
321,	0
322,	2
323,	2
324,	2
325,	1
326,	1
327,	1
328,	3
329,	0
330,	0
331,	2
332,	0
333,	2
334,	0
335,	1
336,	0
337,	1
338,	5
339,	0
340,	3
341,	8
342,	2
343,	0
344,	3
345,	1
346,	1
347,	3
348,	5
349,	2
350,	0
351,	0
352,	2
353,	1
354,	1
355,	2
356,	2
357,	0
358,	0
359,	1
360,	1
361,	1
362,	3
363,	1
364,	2
365,	2
366,	0
367,	0
368,	1
369,	2
370,	2
371,	4
372,	4
373,	2
374,	4
375,	1
376,	1
377,	1
378,	2
379,	5
380,	3
381,	1
382,	2
383,	1
384,	1
385,	1
386,	0
387,	4
388,	1
389,	1
390,	3
391,	2
392,	1
393,	1
394,	2
395,	1
396,	0
397,	2
398,	1
399,	0
400,	0
401,	2
402,	3
403,	0
404,	1
405,	2
406,	2
407,	0
408,	1
409,	3
410,	5
411,	0
412,	3
413,	0
414,	2
415,	1
416,	3
417,	1
418,	1
419,	4
420,	1
421,	1
422,	2
423,	1
424,	3
425,	3
426,	3
427,	0
428,	4
429,	1
430,	0
431,	1
432,	2
433,	1
434,	1
435,	2
436,	1
437,	2
438,	1
439,	3
440,	0
441,	1
442,	2
443,	2
444,	1
445,	1
446,	0
447,	5
448,	2
449,	2
450,	3
451,	0
452,	1
453,	4
454,	1
455,	2
456,	2
457,	2
458,	2
459,	1
460,	4
461,	0
462,	2
463,	4
464,	2
465,	1
466,	0
467,	2
468,	2
469,	1
470,	3
471,	6
472,	3
473,	3
474,	0
475,	1
476,	0
477,	0
478,	1
479,	3
480,	3
481,	0
482,	2
483,	1
484,	0
485,	4
486,	1
487,	0
488,	2
489,	1
490,	2
491,	4
492,	2
493,	0
494,	0
495,	1
496,	1
497,	1
498,	2
499,	4
500,	1
501,	1
502,	0
503,	1
504,	4
505,	3
506,	6
507,	2
508,	0
509,	0
510,	2
511,	7
512,	1
513,	9
514,	1
515,	2
516,	3
517,	0
518,	0
519,	2
520,	0
521,	1
522,	4
523,	3
524,	5
525,	1
526,	4
527,	1
528,	0
529,	3
530,	3
531,	0
532,	3
533,	3
534,	4
535,	2
536,	2
537,	0
538,	3
539,	3
540,	1
541,	2
542,	3
543,	5
544,	2
545,	0
546,	1
547,	5
548,	3
549,	0
550,	3
551,	2
552,	3
553,	3
554,	4
555,	3
556,	1
557,	1
558,	4
559,	1
560,	2
561,	3
562,	3
563,	3
564,	3
565,	2
566,	6
567,	2
568,	5
569,	2
570,	1
571,	1
572,	2
573,	3
574,	6
575,	4
576,	0
577,	0
578,	1
579,	1
580,	1
581,	2
582,	4
583,	2
584,	2
585,	0
586,	2
587,	2
588,	2
589,	2
590,	4
591,	2
592,	0
593,	1
594,	1
595,	5
596,	1
597,	2
598,	5
599,	5
600,	5
601,	3
602,	5
603,	3
604,	1
605,	3
606,	3
607,	5
608,	2
609,	4
610,	2
611,	3
612,	1
613,	0
614,	0
615,	3
616,	4
617,	2
618,	0
619,	5
620,	8
621,	1
622,	3
623,	2
624,	2
625,	3
626,	3
627,	4
628,	2
629,	3
630,	2
631,	6
632,	4
633,	5
634,	4
635,	3
636,	0
637,	6
638,	1
639,	2
640,	3
641,	2
642,	0
643,	2
644,	2
645,	4
646,	4
647,	4
648,	2
649,	1
650,	3
651,	4
652,	2
653,	2
654,	3
655,	2
656,	2
657,	3
658,	3
659,	4
660,	4
661,	1
662,	1
663,	1
664,	2
665,	1
666,	1
667,	6
668,	2
669,	0
670,	0
671,	0
672,	1
673,	3
674,	3
675,	1
676,	4
677,	3
678,	3
679,	4
680,	4
681,	5
682,	1
683,	2
684,	3
685,	2
686,	6
687,	5
688,	2
689,	3
690,	3
691,	2
692,	4
693,	1
694,	7
695,	2
696,	5
697,	4
698,	5
699,	5
700,	4
701,	1
702,	2
703,	3
704,	4
705,	7
706,	3
707,	3
708,	3
709,	3
710,	0
711,	6
712,	3
713,	4
714,	4
715,	2
716,	5
717,	2
718,	5
719,	4
720,	2
721,	3
722,	1
723,	2
724,	5
725,	3
726,	4
727,	4
728,	6
729,	2
730,	4
731,	2
732,	0
733,	6
734,	2
735,	2
736,	2
737,	2
738,	4
739,	6
740,	5
741,	1
742,	4
743,	1
744,	3
745,	5
746,	1
747,	4
748,	1
749,	3
750,	5
751,	4
752,	3
753,	4
754,	0
755,	3
756,	5
757,	2
758,	5
759,	4
760,	4
761,	5
762,	3
763,	2
764,	1
765,	6
766,	3
767,	4
768,	3
769,	0
770,	0
771,	0
772,	5
773,	3
774,	3
775,	7
776,	4
777,	3
778,	4
779,	0
780,	3
781,	4
782,	9
783,	7
784,	1
785,	3
786,	2
787,	5
788,	3
789,	6
790,	3
791,	5
792,	5
793,	0
794,	6
795,	2
796,	2
797,	5
798,	2
799,	5
800,	2
801,	6
802,	2
803,	0
804,	7
805,	2
806,	2
807,	2
808,	3
809,	6
810,	4
811,	4
812,	2
813,	4
814,	1
815,	4
816,	4
817,	5
818,	2
819,	0
820,	2
821,	3
822,	1
823,	0
824,	3
825,	7
826,	3
827,	4
828,	6
829,	2
830,	2
831,	2
832,	4
833,	4
834,	1
835,	5
836,	6
837,	2
838,	7
839,	4
840,	3
841,	0
842,	3
843,	3
844,	5
845,	4
846,	2
847,	4
848,	4
849,	8
850,	3
851,	5
852,	3
853,	5
854,	5
855,	6
856,	3
857,	4
858,	0
859,	0
860,	3
861,	6
862,	2
863,	2
864,	3
865,	5
866,	3
867,	4
868,	6
869,	6
870,	4
871,	3
872,	4
873,	4
874,	4
875,	4
876,	5
877,	3
878,	6
879,	5
880,	6
881,	5
882,	4
883,	0
884,	5
885,	7
886,	3
887,	1
888,	3
889,	0
890,	5
891,	4
892,	2
893,	3
894,	5
895,	3
896,	6
897,	5
898,	3
899,	2
900,	1
901,	4
902,	3
903,	2
904,	1
905,	3
906,	6
907,	3
908,	6
909,	6
910,	5
911,	6
912,	0
913,	1
914,	1
915,	3
916,	3
917,	4
918,	0
919,	6
920,	7
921,	3
922,	1
923,	5
924,	6
925,	3
926,	4
927,	3
928,	7
929,	4
930,	3
931,	0
932,	2
933,	2
934,	1
935,	4
936,	5
937,	5
938,	9
939,	5
940,	3
941,	4
942,	3
943,	3
944,	4
945,	1
946,	6
947,	3
948,	5
949,	5
950,	5
951,	3
952,	6
953,	4
954,	3
955,	6
956,	5
957,	2
958,	6
959,	3
960,	6
961,	1
962,	3
963,	5
964,	3
965,	3
966,	3
967,	1
968,	0
969,	5
970,	5
971,	4
972,	5
973,	0
974,	2
975,	5
976,	5
977,	3
978,	3
979,	2
980,	7
981,	8
982,	4
983,	2
984,	3
985,	2
986,	7
987,	3
988,	4
989,	6
990,	4
991,	5
992,	0
993,	4
994,	7
995,	8
996,	0
997,	4
998,	5
999,	2
