Instance: /home/gabriel/Documents/ufrgs/courses/oc/trab/instances/cmb02
Vertices: 1000
Colors: 10
NumIterations: 1000
Alpha: 0.250000
Is Factible?: true
Conflicts: 0
Solution Value: 563480.062500
Vertex,	Color
0,	2
1,	1
2,	4
3,	7
4,	6
5,	2
6,	6
7,	4
8,	0
9,	2
10,	1
11,	1
12,	1
13,	0
14,	1
15,	1
16,	1
17,	3
18,	1
19,	0
20,	0
21,	0
22,	1
23,	1
24,	9
25,	2
26,	3
27,	0
28,	1
29,	0
30,	2
31,	1
32,	2
33,	0
34,	3
35,	2
36,	0
37,	0
38,	3
39,	1
40,	0
41,	1
42,	3
43,	3
44,	4
45,	1
46,	4
47,	3
48,	4
49,	3
50,	1
51,	0
52,	2
53,	0
54,	0
55,	0
56,	4
57,	2
58,	4
59,	3
60,	1
61,	0
62,	4
63,	4
64,	1
65,	1
66,	0
67,	0
68,	0
69,	1
70,	1
71,	1
72,	1
73,	4
74,	1
75,	5
76,	3
77,	4
78,	2
79,	4
80,	7
81,	1
82,	2
83,	2
84,	5
85,	1
86,	2
87,	5
88,	5
89,	0
90,	1
91,	2
92,	1
93,	5
94,	4
95,	5
96,	0
97,	2
98,	0
99,	4
100,	4
101,	3
102,	0
103,	3
104,	4
105,	1
106,	4
107,	1
108,	0
109,	1
110,	3
111,	3
112,	1
113,	2
114,	5
115,	2
116,	3
117,	3
118,	0
119,	2
120,	0
121,	0
122,	3
123,	0
124,	2
125,	2
126,	0
127,	1
128,	2
129,	0
130,	1
131,	1
132,	0
133,	5
134,	4
135,	0
136,	0
137,	2
138,	1
139,	1
140,	0
141,	0
142,	2
143,	8
144,	7
145,	0
146,	3
147,	1
148,	1
149,	3
150,	3
151,	0
152,	0
153,	3
154,	0
155,	0
156,	5
157,	1
158,	4
159,	1
160,	1
161,	2
162,	7
163,	5
164,	0
165,	4
166,	0
167,	1
168,	1
169,	2
170,	0
171,	2
172,	7
173,	3
174,	2
175,	2
176,	2
177,	3
178,	0
179,	1
180,	1
181,	4
182,	0
183,	0
184,	0
185,	2
186,	3
187,	2
188,	3
189,	1
190,	1
191,	3
192,	1
193,	0
194,	4
195,	1
196,	2
197,	3
198,	0
199,	7
200,	2
201,	0
202,	2
203,	4
204,	0
205,	6
206,	0
207,	4
208,	2
209,	2
210,	0
211,	3
212,	0
213,	7
214,	3
215,	4
216,	5
217,	5
218,	1
219,	0
220,	3
221,	1
222,	0
223,	1
224,	1
225,	0
226,	6
227,	0
228,	2
229,	2
230,	0
231,	0
232,	1
233,	2
234,	2
235,	1
236,	2
237,	3
238,	1
239,	0
240,	1
241,	2
242,	1
243,	0
244,	0
245,	0
246,	0
247,	3
248,	0
249,	2
250,	5
251,	0
252,	2
253,	4
254,	5
255,	5
256,	0
257,	1
258,	1
259,	2
260,	1
261,	5
262,	0
263,	7
264,	2
265,	0
266,	2
267,	2
268,	3
269,	2
270,	6
271,	5
272,	2
273,	2
274,	1
275,	2
276,	1
277,	0
278,	2
279,	3
280,	0
281,	0
282,	0
283,	1
284,	0
285,	0
286,	2
287,	1
288,	4
289,	6
290,	1
291,	1
292,	4
293,	0
294,	1
295,	5
296,	1
297,	8
298,	3
299,	1
300,	4
301,	4
302,	0
303,	5
304,	0
305,	1
306,	6
307,	3
308,	0
309,	2
310,	0
311,	3
312,	1
313,	1
314,	2
315,	1
316,	1
317,	2
318,	1
319,	4
320,	4
321,	1
322,	2
323,	3
324,	2
325,	2
326,	3
327,	0
328,	1
329,	4
330,	3
331,	2
332,	3
333,	1
334,	1
335,	7
336,	1
337,	2
338,	5
339,	0
340,	0
341,	1
342,	5
343,	3
344,	2
345,	3
346,	1
347,	4
348,	0
349,	0
350,	0
351,	0
352,	3
353,	0
354,	1
355,	4
356,	1
357,	0
358,	5
359,	1
360,	1
361,	2
362,	3
363,	2
364,	0
365,	0
366,	0
367,	1
368,	0
369,	2
370,	0
371,	4
372,	0
373,	1
374,	2
375,	4
376,	1
377,	1
378,	3
379,	2
380,	2
381,	3
382,	2
383,	4
384,	2
385,	2
386,	2
387,	0
388,	4
389,	3
390,	3
391,	0
392,	1
393,	2
394,	2
395,	0
396,	2
397,	1
398,	0
399,	2
400,	0
401,	1
402,	0
403,	1
404,	1
405,	5
406,	0
407,	0
408,	1
409,	1
410,	0
411,	3
412,	4
413,	0
414,	2
415,	1
416,	2
417,	1
418,	0
419,	2
420,	0
421,	2
422,	4
423,	1
424,	0
425,	2
426,	0
427,	0
428,	1
429,	0
430,	4
431,	3
432,	0
433,	3
434,	1
435,	4
436,	3
437,	5
438,	2
439,	5
440,	1
441,	6
442,	0
443,	1
444,	0
445,	0
446,	0
447,	3
448,	0
449,	2
450,	2
451,	1
452,	5
453,	3
454,	4
455,	2
456,	0
457,	1
458,	4
459,	6
460,	7
461,	0
462,	2
463,	0
464,	3
465,	1
466,	0
467,	4
468,	0
469,	0
470,	3
471,	6
472,	2
473,	1
474,	3
475,	4
476,	1
477,	1
478,	1
479,	1
480,	4
481,	2
482,	0
483,	2
484,	1
485,	5
486,	2
487,	0
488,	1
489,	0
490,	1
491,	0
492,	1
493,	6
494,	0
495,	1
496,	8
497,	0
498,	1
499,	3
500,	0
501,	0
502,	7
503,	0
504,	0
505,	4
506,	8
507,	1
508,	2
509,	0
510,	2
511,	5
512,	0
513,	3
514,	1
515,	2
516,	3
517,	3
518,	3
519,	2
520,	3
521,	0
522,	1
523,	6
524,	6
525,	0
526,	3
527,	0
528,	3
529,	0
530,	0
531,	0
532,	4
533,	2
534,	3
535,	1
536,	5
537,	0
538,	0
539,	2
540,	1
541,	0
542,	1
543,	2
544,	0
545,	6
546,	0
547,	3
548,	1
549,	2
550,	4
551,	2
552,	2
553,	0
554,	3
555,	1
556,	1
557,	2
558,	3
559,	1
560,	2
561,	3
562,	0
563,	2
564,	3
565,	2
566,	0
567,	0
568,	0
569,	0
570,	0
571,	2
572,	1
573,	2
574,	4
575,	1
576,	6
577,	5
578,	7
579,	2
580,	0
581,	1
582,	3
583,	1
584,	2
585,	2
586,	2
587,	2
588,	1
589,	0
590,	1
591,	3
592,	1
593,	1
594,	1
595,	0
596,	1
597,	2
598,	4
599,	5
600,	2
601,	1
602,	5
603,	1
604,	0
605,	0
606,	0
607,	6
608,	4
609,	3
610,	2
611,	2
612,	3
613,	0
614,	2
615,	2
616,	0
617,	4
618,	3
619,	3
620,	2
621,	3
622,	2
623,	1
624,	0
625,	2
626,	2
627,	2
628,	0
629,	3
630,	0
631,	3
632,	3
633,	2
634,	6
635,	4
636,	2
637,	8
638,	1
639,	0
640,	1
641,	0
642,	3
643,	1
644,	1
645,	4
646,	2
647,	0
648,	0
649,	2
650,	2
651,	0
652,	1
653,	0
654,	1
655,	2
656,	0
657,	4
658,	6
659,	4
660,	2
661,	2
662,	2
663,	1
664,	3
665,	1
666,	2
667,	5
668,	5
669,	1
670,	0
671,	1
672,	2
673,	0
674,	0
675,	3
676,	1
677,	1
678,	2
679,	0
680,	6
681,	0
682,	1
683,	1
684,	2
685,	0
686,	1
687,	6
688,	0
689,	3
690,	1
691,	0
692,	3
693,	0
694,	5
695,	2
696,	3
697,	4
698,	4
699,	2
700,	4
701,	1
702,	0
703,	0
704,	4
705,	2
706,	0
707,	4
708,	4
709,	1
710,	0
711,	5
712,	3
713,	4
714,	3
715,	0
716,	6
717,	3
718,	1
719,	4
720,	0
721,	3
722,	2
723,	3
724,	0
725,	4
726,	3
727,	1
728,	1
729,	3
730,	0
731,	3
732,	0
733,	5
734,	1
735,	1
736,	1
737,	0
738,	4
739,	1
740,	5
741,	1
742,	1
743,	2
744,	5
745,	0
746,	0
747,	2
748,	0
749,	2
750,	9
751,	0
752,	5
753,	5
754,	2
755,	1
756,	1
757,	0
758,	2
759,	2
760,	4
761,	2
762,	0
763,	2
764,	0
765,	6
766,	2
767,	3
768,	3
769,	0
770,	3
771,	1
772,	1
773,	3
774,	2
775,	5
776,	3
777,	4
778,	1
779,	3
780,	1
781,	1
782,	3
783,	2
784,	2
785,	0
786,	0
787,	4
788,	3
789,	6
790,	4
791,	2
792,	4
793,	0
794,	6
795,	0
796,	1
797,	1
798,	2
799,	3
800,	1
801,	5
802,	0
803,	1
804,	6
805,	4
806,	3
807,	0
808,	2
809,	7
810,	4
811,	2
812,	0
813,	8
814,	1
815,	3
816,	3
817,	0
818,	0
819,	0
820,	1
821,	4
822,	1
823,	1
824,	1
825,	5
826,	3
827,	3
828,	5
829,	3
830,	2
831,	1
832,	5
833,	0
834,	1
835,	1
836,	6
837,	1
838,	0
839,	3
840,	0
841,	0
842,	3
843,	0
844,	5
845,	1
846,	3
847,	3
848,	4
849,	4
850,	2
851,	4
852,	2
853,	5
854,	6
855,	6
856,	2
857,	3
858,	0
859,	2
860,	1
861,	5
862,	3
863,	1
864,	2
865,	6
866,	0
867,	4
868,	4
869,	3
870,	1
871,	4
872,	3
873,	1
874,	3
875,	4
876,	3
877,	3
878,	1
879,	5
880,	2
881,	4
882,	1
883,	0
884,	0
885,	4
886,	2
887,	2
888,	1
889,	1
890,	3
891,	2
892,	0
893,	2
894,	3
895,	2
896,	6
897,	2
898,	0
899,	1
900,	1
901,	4
902,	1
903,	1
904,	1
905,	4
906,	5
907,	1
908,	3
909,	3
910,	5
911,	6
912,	0
913,	1
914,	1
915,	5
916,	2
917,	2
918,	2
919,	5
920,	6
921,	3
922,	1
923,	4
924,	3
925,	3
926,	4
927,	0
928,	5
929,	4
930,	4
931,	0
932,	1
933,	0
934,	1
935,	4
936,	4
937,	4
938,	4
939,	3
940,	2
941,	4
942,	4
943,	4
944,	3
945,	0
946,	5
947,	4
948,	4
949,	5
950,	4
951,	4
952,	6
953,	1
954,	2
955,	6
956,	4
957,	2
958,	8
959,	3
960,	5
961,	1
962,	3
963,	5
964,	5
965,	3
966,	4
967,	4
968,	9
969,	5
970,	4
971,	5
972,	3
973,	1
974,	3
975,	4
976,	4
977,	3
978,	3
979,	4
980,	4
981,	5
982,	6
983,	2
984,	0
985,	2
986,	7
987,	3
988,	3
989,	6
990,	3
991,	6
992,	1
993,	2
994,	7
995,	0
996,	9
997,	3
998,	5
999,	1
