Instance: /home/gabriel/Documents/ufrgs/courses/oc/trab/instances/cmb02
Vertices: 1000
Colors: 10
NumIterations: 100
Alpha: 0.250000
Is Factible?: true
Conflicts: 0
Solution Value: 524607.437500
Vertex,	Color
0,	3
1,	0
2,	1
3,	1
4,	3
5,	3
6,	2
7,	4
8,	1
9,	0
10,	0
11,	2
12,	1
13,	0
14,	0
15,	2
16,	0
17,	2
18,	5
19,	2
20,	3
21,	4
22,	2
23,	0
24,	8
25,	1
26,	2
27,	1
28,	0
29,	0
30,	2
31,	0
32,	2
33,	0
34,	0
35,	3
36,	1
37,	2
38,	3
39,	0
40,	0
41,	0
42,	0
43,	2
44,	4
45,	0
46,	3
47,	0
48,	1
49,	0
50,	3
51,	0
52,	2
53,	2
54,	0
55,	2
56,	1
57,	1
58,	2
59,	3
60,	2
61,	4
62,	1
63,	1
64,	6
65,	0
66,	0
67,	1
68,	1
69,	0
70,	0
71,	3
72,	0
73,	3
74,	4
75,	1
76,	2
77,	4
78,	3
79,	3
80,	2
81,	2
82,	0
83,	3
84,	0
85,	1
86,	2
87,	4
88,	1
89,	0
90,	3
91,	0
92,	2
93,	1
94,	0
95,	5
96,	7
97,	1
98,	4
99,	1
100,	3
101,	1
102,	2
103,	0
104,	0
105,	4
106,	1
107,	3
108,	0
109,	0
110,	4
111,	1
112,	6
113,	1
114,	1
115,	3
116,	1
117,	1
118,	2
119,	2
120,	2
121,	0
122,	3
123,	2
124,	3
125,	2
126,	0
127,	2
128,	2
129,	4
130,	2
131,	0
132,	0
133,	4
134,	3
135,	0
136,	1
137,	4
138,	5
139,	0
140,	1
141,	2
142,	2
143,	6
144,	6
145,	1
146,	1
147,	0
148,	6
149,	1
150,	5
151,	2
152,	1
153,	1
154,	7
155,	4
156,	5
157,	1
158,	5
159,	0
160,	3
161,	4
162,	5
163,	0
164,	2
165,	2
166,	0
167,	4
168,	0
169,	2
170,	0
171,	1
172,	0
173,	1
174,	4
175,	0
176,	6
177,	1
178,	0
179,	2
180,	2
181,	1
182,	3
183,	0
184,	0
185,	0
186,	4
187,	2
188,	0
189,	4
190,	1
191,	0
192,	4
193,	0
194,	0
195,	1
196,	0
197,	0
198,	1
199,	0
200,	2
201,	0
202,	3
203,	0
204,	3
205,	0
206,	0
207,	1
208,	3
209,	0
210,	3
211,	0
212,	0
213,	6
214,	5
215,	3
216,	2
217,	5
218,	2
219,	4
220,	1
221,	0
222,	1
223,	2
224,	6
225,	1
226,	4
227,	1
228,	3
229,	4
230,	0
231,	1
232,	2
233,	5
234,	1
235,	5
236,	4
237,	0
238,	5
239,	2
240,	1
241,	2
242,	2
243,	1
244,	0
245,	3
246,	0
247,	0
248,	1
249,	0
250,	7
251,	0
252,	2
253,	0
254,	1
255,	0
256,	0
257,	5
258,	0
259,	2
260,	0
261,	2
262,	8
263,	4
264,	5
265,	1
266,	4
267,	3
268,	0
269,	3
270,	3
271,	4
272,	1
273,	3
274,	1
275,	2
276,	7
277,	0
278,	0
279,	3
280,	2
281,	5
282,	6
283,	2
284,	2
285,	3
286,	2
287,	1
288,	0
289,	4
290,	4
291,	0
292,	2
293,	3
294,	2
295,	5
296,	1
297,	7
298,	6
299,	3
300,	1
301,	0
302,	0
303,	1
304,	5
305,	0
306,	2
307,	2
308,	1
309,	1
310,	0
311,	6
312,	2
313,	4
314,	0
315,	1
316,	1
317,	1
318,	0
319,	0
320,	6
321,	1
322,	1
323,	3
324,	3
325,	2
326,	1
327,	3
328,	4
329,	1
330,	6
331,	1
332,	3
333,	1
334,	0
335,	0
336,	3
337,	6
338,	2
339,	0
340,	1
341,	1
342,	4
343,	0
344,	0
345,	1
346,	3
347,	5
348,	3
349,	1
350,	1
351,	0
352,	1
353,	1
354,	1
355,	4
356,	5
357,	2
358,	2
359,	0
360,	3
361,	2
362,	1
363,	1
364,	2
365,	1
366,	1
367,	2
368,	1
369,	3
370,	2
371,	2
372,	2
373,	2
374,	6
375,	2
376,	0
377,	0
378,	1
379,	2
380,	1
381,	1
382,	0
383,	4
384,	1
385,	1
386,	4
387,	1
388,	4
389,	0
390,	0
391,	2
392,	2
393,	2
394,	3
395,	4
396,	0
397,	1
398,	0
399,	2
400,	0
401,	0
402,	0
403,	2
404,	2
405,	3
406,	1
407,	1
408,	1
409,	2
410,	2
411,	2
412,	1
413,	1
414,	2
415,	0
416,	0
417,	0
418,	2
419,	4
420,	0
421,	1
422,	2
423,	2
424,	6
425,	2
426,	3
427,	0
428,	3
429,	1
430,	1
431,	0
432,	0
433,	1
434,	2
435,	8
436,	3
437,	3
438,	1
439,	4
440,	2
441,	4
442,	6
443,	2
444,	1
445,	1
446,	1
447,	4
448,	2
449,	2
450,	0
451,	0
452,	4
453,	2
454,	3
455,	3
456,	2
457,	4
458,	3
459,	4
460,	3
461,	1
462,	4
463,	1
464,	3
465,	4
466,	2
467,	1
468,	1
469,	1
470,	0
471,	5
472,	3
473,	3
474,	4
475,	1
476,	1
477,	1
478,	0
479,	0
480,	6
481,	1
482,	3
483,	0
484,	0
485,	3
486,	0
487,	2
488,	0
489,	3
490,	2
491,	4
492,	2
493,	4
494,	0
495,	1
496,	6
497,	5
498,	5
499,	0
500,	1
501,	0
502,	5
503,	4
504,	3
505,	4
506,	2
507,	2
508,	1
509,	2
510,	1
511,	8
512,	1
513,	5
514,	3
515,	3
516,	1
517,	1
518,	8
519,	3
520,	2
521,	0
522,	2
523,	1
524,	5
525,	0
526,	3
527,	3
528,	0
529,	2
530,	1
531,	3
532,	3
533,	3
534,	4
535,	4
536,	1
537,	0
538,	0
539,	5
540,	2
541,	2
542,	1
543,	0
544,	0
545,	4
546,	1
547,	2
548,	0
549,	0
550,	5
551,	2
552,	2
553,	4
554,	2
555,	4
556,	1
557,	1
558,	5
559,	2
560,	3
561,	0
562,	2
563,	3
564,	0
565,	2
566,	4
567,	1
568,	1
569,	1
570,	1
571,	0
572,	0
573,	2
574,	3
575,	1
576,	6
577,	5
578,	2
579,	0
580,	2
581,	3
582,	5
583,	6
584,	0
585,	3
586,	0
587,	4
588,	0
589,	3
590,	2
591,	0
592,	1
593,	0
594,	3
595,	0
596,	1
597,	2
598,	3
599,	5
600,	1
601,	4
602,	0
603,	2
604,	5
605,	0
606,	0
607,	0
608,	1
609,	3
610,	0
611,	3
612,	0
613,	1
614,	3
615,	3
616,	0
617,	1
618,	0
619,	4
620,	1
621,	0
622,	4
623,	2
624,	2
625,	2
626,	1
627,	0
628,	1
629,	3
630,	1
631,	2
632,	7
633,	2
634,	2
635,	0
636,	0
637,	2
638,	5
639,	5
640,	1
641,	4
642,	3
643,	2
644,	2
645,	8
646,	6
647,	5
648,	0
649,	2
650,	3
651,	2
652,	4
653,	1
654,	2
655,	2
656,	0
657,	1
658,	3
659,	0
660,	1
661,	4
662,	2
663,	2
664,	1
665,	2
666,	0
667,	0
668,	5
669,	0
670,	0
671,	0
672,	1
673,	1
674,	6
675,	0
676,	1
677,	0
678,	1
679,	1
680,	5
681,	2
682,	8
683,	2
684,	3
685,	1
686,	2
687,	4
688,	1
689,	0
690,	4
691,	0
692,	3
693,	1
694,	8
695,	0
696,	3
697,	6
698,	4
699,	2
700,	3
701,	1
702,	3
703,	1
704,	2
705,	3
706,	3
707,	3
708,	4
709,	3
710,	1
711,	4
712,	1
713,	4
714,	2
715,	1
716,	7
717,	1
718,	5
719,	3
720,	0
721,	2
722,	2
723,	3
724,	1
725,	3
726,	4
727,	1
728,	6
729,	4
730,	2
731,	0
732,	0
733,	1
734,	2
735,	0
736,	3
737,	0
738,	4
739,	2
740,	2
741,	1
742,	2
743,	0
744,	1
745,	1
746,	1
747,	0
748,	2
749,	0
750,	7
751,	0
752,	6
753,	3
754,	1
755,	2
756,	1
757,	1
758,	2
759,	1
760,	3
761,	1
762,	4
763,	0
764,	1
765,	4
766,	1
767,	4
768,	1
769,	0
770,	0
771,	1
772,	1
773,	1
774,	0
775,	2
776,	0
777,	0
778,	4
779,	2
780,	0
781,	1
782,	0
783,	2
784,	0
785,	0
786,	1
787,	0
788,	3
789,	6
790,	3
791,	4
792,	4
793,	0
794,	5
795,	0
796,	1
797,	0
798,	3
799,	5
800,	2
801,	4
802,	2
803,	1
804,	7
805,	6
806,	3
807,	0
808,	0
809,	6
810,	2
811,	4
812,	2
813,	5
814,	1
815,	4
816,	2
817,	1
818,	1
819,	0
820,	4
821,	0
822,	2
823,	1
824,	5
825,	7
826,	1
827,	0
828,	0
829,	3
830,	2
831,	2
832,	4
833,	1
834,	1
835,	0
836,	5
837,	2
838,	2
839,	2
840,	1
841,	0
842,	3
843,	0
844,	4
845,	2
846,	0
847,	3
848,	2
849,	4
850,	3
851,	3
852,	2
853,	7
854,	6
855,	2
856,	0
857,	4
858,	2
859,	2
860,	4
861,	5
862,	1
863,	2
864,	3
865,	3
866,	0
867,	1
868,	4
869,	4
870,	3
871,	3
872,	5
873,	1
874,	5
875,	3
876,	3
877,	3
878,	0
879,	6
880,	3
881,	5
882,	3
883,	0
884,	4
885,	0
886,	2
887,	1
888,	1
889,	1
890,	3
891,	2
892,	4
893,	3
894,	4
895,	3
896,	7
897,	3
898,	2
899,	2
900,	1
901,	4
902,	1
903,	1
904,	0
905,	1
906,	4
907,	4
908,	5
909,	6
910,	2
911,	5
912,	1
913,	0
914,	1
915,	3
916,	3
917,	2
918,	3
919,	5
920,	6
921,	3
922,	1
923,	1
924,	4
925,	3
926,	3
927,	3
928,	6
929,	3
930,	4
931,	1
932,	4
933,	1
934,	2
935,	5
936,	5
937,	4
938,	8
939,	2
940,	1
941,	6
942,	2
943,	3
944,	2
945,	2
946,	4
947,	2
948,	3
949,	5
950,	3
951,	1
952,	5
953,	1
954,	3
955,	7
956,	5
957,	3
958,	7
959,	2
960,	4
961,	2
962,	1
963,	6
964,	4
965,	3
966,	3
967,	1
968,	9
969,	2
970,	4
971,	5
972,	3
973,	2
974,	4
975,	5
976,	5
977,	4
978,	4
979,	2
980,	9
981,	3
982,	5
983,	5
984,	3
985,	2
986,	7
987,	4
988,	4
989,	5
990,	2
991,	5
992,	0
993,	4
994,	7
995,	7
996,	9
997,	2
998,	4
999,	2
