Instance: /home/gabriel/Documents/ufrgs/courses/oc/trab/instances/cmb02
Vertices: 1000
Colors: 10
NumIterations: 100
Alpha: 0.850000
Is Factible?: true
Conflicts: 0
Solution Value: 584966.375000
Vertex,	Color
0,	3
1,	0
2,	0
3,	2
4,	0
5,	3
6,	0
7,	2
8,	0
9,	0
10,	1
11,	3
12,	0
13,	0
14,	1
15,	0
16,	0
17,	0
18,	0
19,	0
20,	3
21,	0
22,	0
23,	0
24,	0
25,	0
26,	1
27,	0
28,	0
29,	1
30,	0
31,	1
32,	0
33,	0
34,	0
35,	1
36,	1
37,	0
38,	1
39,	3
40,	1
41,	0
42,	0
43,	0
44,	2
45,	2
46,	2
47,	0
48,	0
49,	1
50,	0
51,	1
52,	1
53,	1
54,	0
55,	2
56,	1
57,	3
58,	0
59,	2
60,	0
61,	1
62,	0
63,	0
64,	0
65,	0
66,	0
67,	0
68,	0
69,	0
70,	0
71,	0
72,	4
73,	2
74,	1
75,	0
76,	0
77,	1
78,	0
79,	0
80,	2
81,	0
82,	0
83,	1
84,	0
85,	0
86,	2
87,	5
88,	2
89,	0
90,	0
91,	0
92,	0
93,	1
94,	0
95,	1
96,	0
97,	0
98,	0
99,	0
100,	2
101,	1
102,	0
103,	1
104,	0
105,	0
106,	0
107,	0
108,	1
109,	0
110,	1
111,	0
112,	2
113,	2
114,	1
115,	2
116,	0
117,	2
118,	2
119,	2
120,	0
121,	0
122,	0
123,	2
124,	0
125,	0
126,	0
127,	0
128,	0
129,	0
130,	0
131,	0
132,	0
133,	0
134,	2
135,	0
136,	1
137,	0
138,	0
139,	2
140,	1
141,	0
142,	0
143,	1
144,	0
145,	0
146,	1
147,	0
148,	0
149,	1
150,	4
151,	0
152,	3
153,	0
154,	0
155,	1
156,	1
157,	0
158,	3
159,	0
160,	0
161,	1
162,	5
163,	1
164,	1
165,	0
166,	1
167,	0
168,	0
169,	1
170,	0
171,	1
172,	0
173,	2
174,	2
175,	0
176,	3
177,	0
178,	0
179,	2
180,	0
181,	0
182,	0
183,	0
184,	1
185,	2
186,	0
187,	1
188,	2
189,	1
190,	0
191,	1
192,	0
193,	1
194,	1
195,	0
196,	1
197,	1
198,	0
199,	1
200,	1
201,	0
202,	2
203,	1
204,	0
205,	6
206,	0
207,	1
208,	1
209,	1
210,	3
211,	1
212,	1
213,	0
214,	1
215,	2
216,	2
217,	1
218,	0
219,	1
220,	1
221,	0
222,	1
223,	1
224,	1
225,	0
226,	1
227,	0
228,	1
229,	1
230,	0
231,	1
232,	0
233,	1
234,	0
235,	0
236,	1
237,	0
238,	3
239,	0
240,	1
241,	2
242,	0
243,	1
244,	0
245,	2
246,	0
247,	0
248,	0
249,	0
250,	1
251,	1
252,	1
253,	0
254,	1
255,	0
256,	1
257,	1
258,	0
259,	2
260,	0
261,	5
262,	7
263,	4
264,	3
265,	2
266,	2
267,	0
268,	3
269,	2
270,	2
271,	1
272,	0
273,	1
274,	0
275,	2
276,	1
277,	2
278,	1
279,	4
280,	0
281,	1
282,	0
283,	0
284,	2
285,	0
286,	1
287,	0
288,	2
289,	2
290,	2
291,	2
292,	1
293,	1
294,	2
295,	1
296,	0
297,	4
298,	4
299,	1
300,	2
301,	1
302,	0
303,	3
304,	2
305,	1
306,	5
307,	2
308,	1
309,	2
310,	0
311,	3
312,	1
313,	1
314,	2
315,	3
316,	1
317,	0
318,	0
319,	1
320,	1
321,	0
322,	2
323,	2
324,	2
325,	0
326,	2
327,	2
328,	0
329,	1
330,	1
331,	1
332,	0
333,	1
334,	0
335,	3
336,	0
337,	1
338,	5
339,	0
340,	1
341,	6
342,	3
343,	0
344,	4
345,	3
346,	1
347,	5
348,	1
349,	0
350,	0
351,	1
352,	1
353,	1
354,	0
355,	1
356,	0
357,	3
358,	0
359,	0
360,	1
361,	1
362,	1
363,	0
364,	3
365,	1
366,	0
367,	0
368,	1
369,	2
370,	2
371,	2
372,	4
373,	1
374,	3
375,	0
376,	0
377,	2
378,	1
379,	3
380,	3
381,	1
382,	2
383,	4
384,	2
385,	1
386,	4
387,	3
388,	1
389,	0
390,	2
391,	1
392,	1
393,	0
394,	2
395,	1
396,	2
397,	0
398,	1
399,	0
400,	0
401,	2
402,	2
403,	0
404,	1
405,	0
406,	2
407,	1
408,	0
409,	2
410,	3
411,	2
412,	3
413,	1
414,	1
415,	1
416,	1
417,	2
418,	3
419,	2
420,	1
421,	1
422,	2
423,	1
424,	4
425,	2
426,	2
427,	0
428,	4
429,	1
430,	1
431,	1
432,	1
433,	3
434,	2
435,	3
436,	0
437,	3
438,	2
439,	4
440,	1
441,	4
442,	2
443,	2
444,	1
445,	1
446,	1
447,	4
448,	2
449,	0
450,	2
451,	0
452,	2
453,	0
454,	2
455,	2
456,	1
457,	0
458,	3
459,	3
460,	4
461,	0
462,	2
463,	4
464,	3
465,	1
466,	0
467,	2
468,	2
469,	1
470,	4
471,	4
472,	1
473,	0
474,	2
475,	1
476,	1
477,	2
478,	1
479,	1
480,	3
481,	1
482,	3
483,	3
484,	2
485,	4
486,	2
487,	0
488,	2
489,	0
490,	2
491,	0
492,	0
493,	5
494,	0
495,	0
496,	4
497,	0
498,	4
499,	4
500,	2
501,	1
502,	2
503,	3
504,	6
505,	3
506,	1
507,	2
508,	0
509,	0
510,	2
511,	5
512,	1
513,	4
514,	1
515,	1
516,	2
517,	3
518,	3
519,	2
520,	0
521,	1
522,	5
523,	5
524,	0
525,	1
526,	3
527,	3
528,	1
529,	2
530,	2
531,	0
532,	4
533,	3
534,	3
535,	2
536,	3
537,	0
538,	1
539,	2
540,	0
541,	2
542,	2
543,	2
544,	2
545,	2
546,	1
547,	6
548,	1
549,	0
550,	5
551,	2
552,	3
553,	2
554,	5
555,	3
556,	1
557,	2
558,	3
559,	2
560,	3
561,	2
562,	4
563,	0
564,	5
565,	3
566,	1
567,	1
568,	5
569,	3
570,	0
571,	0
572,	2
573,	3
574,	3
575,	4
576,	4
577,	2
578,	4
579,	1
580,	2
581,	2
582,	4
583,	1
584,	3
585,	3
586,	0
587,	3
588,	1
589,	2
590,	2
591,	3
592,	1
593,	1
594,	2
595,	3
596,	0
597,	4
598,	5
599,	3
600,	4
601,	3
602,	6
603,	2
604,	3
605,	3
606,	6
607,	5
608,	2
609,	5
610,	3
611,	3
612,	1
613,	0
614,	2
615,	3
616,	4
617,	3
618,	0
619,	4
620,	7
621,	0
622,	2
623,	0
624,	2
625,	4
626,	2
627,	3
628,	2
629,	3
630,	2
631,	5
632,	5
633,	3
634,	3
635,	3
636,	0
637,	8
638,	3
639,	1
640,	3
641,	2
642,	0
643,	3
644,	1
645,	5
646,	6
647,	4
648,	1
649,	2
650,	2
651,	4
652,	2
653,	1
654,	3
655,	4
656,	2
657,	3
658,	4
659,	2
660,	2
661,	3
662,	3
663,	3
664,	3
665,	2
666,	1
667,	6
668,	6
669,	0
670,	1
671,	0
672,	1
673,	3
674,	5
675,	1
676,	3
677,	2
678,	2
679,	4
680,	3
681,	4
682,	2
683,	0
684,	3
685,	2
686,	6
687,	4
688,	1
689,	5
690,	4
691,	3
692,	3
693,	1
694,	5
695,	3
696,	4
697,	5
698,	5
699,	5
700,	4
701,	1
702,	3
703,	1
704,	2
705,	7
706,	2
707,	3
708,	2
709,	4
710,	0
711,	6
712,	4
713,	4
714,	4
715,	2
716,	5
717,	1
718,	5
719,	4
720,	1
721,	1
722,	0
723,	3
724,	4
725,	3
726,	4
727,	2
728,	6
729,	2
730,	4
731,	4
732,	2
733,	5
734,	3
735,	1
736,	1
737,	2
738,	1
739,	6
740,	3
741,	0
742,	4
743,	4
744,	5
745,	4
746,	2
747,	4
748,	1
749,	3
750,	8
751,	4
752,	4
753,	4
754,	0
755,	3
756,	5
757,	1
758,	2
759,	1
760,	6
761,	6
762,	4
763,	2
764,	2
765,	3
766,	4
767,	4
768,	3
769,	1
770,	1
771,	0
772,	3
773,	0
774,	4
775,	6
776,	3
777,	3
778,	4
779,	0
780,	5
781,	3
782,	8
783,	7
784,	1
785,	3
786,	1
787,	5
788,	3
789,	5
790,	4
791,	6
792,	6
793,	0
794,	5
795,	4
796,	2
797,	5
798,	2
799,	5
800,	3
801,	6
802,	2
803,	0
804,	7
805,	5
806,	2
807,	3
808,	4
809,	6
810,	4
811,	3
812,	2
813,	4
814,	1
815,	3
816,	4
817,	4
818,	2
819,	2
820,	2
821,	5
822,	1
823,	0
824,	1
825,	6
826,	3
827,	4
828,	1
829,	4
830,	0
831,	2
832,	4
833,	6
834,	1
835,	4
836,	7
837,	1
838,	6
839,	4
840,	3
841,	0
842,	2
843,	3
844,	4
845,	3
846,	1
847,	4
848,	2
849,	7
850,	3
851,	6
852,	3
853,	3
854,	5
855,	6
856,	4
857,	4
858,	6
859,	1
860,	3
861,	6
862,	2
863,	2
864,	4
865,	5
866,	1
867,	1
868,	6
869,	6
870,	3
871,	4
872,	5
873,	3
874,	4
875,	4
876,	3
877,	3
878,	3
879,	5
880,	2
881,	5
882,	4
883,	0
884,	5
885,	5
886,	4
887,	1
888,	3
889,	0
890,	3
891,	4
892,	1
893,	3
894,	1
895,	3
896,	6
897,	5
898,	2
899,	2
900,	2
901,	3
902,	2
903,	3
904,	1
905,	1
906,	5
907,	3
908,	5
909,	8
910,	5
911,	6
912,	0
913,	1
914,	0
915,	5
916,	4
917,	4
918,	4
919,	6
920,	7
921,	1
922,	1
923,	5
924,	5
925,	3
926,	5
927,	4
928,	7
929,	4
930,	4
931,	1
932,	4
933,	2
934,	3
935,	5
936,	4
937,	5
938,	9
939,	4
940,	3
941,	6
942,	3
943,	7
944,	4
945,	2
946,	6
947,	3
948,	5
949,	5
950,	5
951,	3
952,	6
953,	4
954,	3
955,	3
956,	5
957,	1
958,	8
959,	2
960,	7
961,	1
962,	4
963,	6
964,	5
965,	3
966,	3
967,	2
968,	9
969,	6
970,	6
971,	4
972,	5
973,	0
974,	2
975,	5
976,	0
977,	3
978,	3
979,	2
980,	7
981,	5
982,	6
983,	2
984,	3
985,	2
986,	7
987,	3
988,	4
989,	6
990,	3
991,	5
992,	0
993,	4
994,	7
995,	8
996,	9
997,	5
998,	4
999,	1
