Instance: /home/gabriel/Documents/ufrgs/courses/oc/trab/instances/cmb02
Vertices: 1000
Colors: 10
NumIterations: 1
Alpha: 0.500000
Is Factible?: true
Conflicts: 0
Solution Value: 569882.625000
Vertex,	Color
0,	0
1,	1
2,	3
3,	0
4,	5
5,	1
6,	0
7,	5
8,	3
9,	2
10,	3
11,	3
12,	1
13,	0
14,	0
15,	0
16,	1
17,	0
18,	1
19,	1
20,	6
21,	0
22,	0
23,	0
24,	0
25,	0
26,	0
27,	0
28,	0
29,	1
30,	0
31,	0
32,	2
33,	0
34,	0
35,	0
36,	3
37,	0
38,	5
39,	1
40,	1
41,	5
42,	1
43,	0
44,	0
45,	2
46,	2
47,	1
48,	0
49,	0
50,	4
51,	2
52,	1
53,	1
54,	6
55,	1
56,	2
57,	4
58,	0
59,	3
60,	1
61,	4
62,	2
63,	0
64,	1
65,	0
66,	1
67,	0
68,	0
69,	0
70,	1
71,	0
72,	3
73,	5
74,	4
75,	1
76,	3
77,	1
78,	1
79,	4
80,	1
81,	3
82,	0
83,	0
84,	1
85,	2
86,	2
87,	1
88,	1
89,	0
90,	1
91,	2
92,	5
93,	2
94,	2
95,	0
96,	6
97,	0
98,	0
99,	4
100,	5
101,	2
102,	3
103,	0
104,	2
105,	7
106,	0
107,	0
108,	0
109,	0
110,	3
111,	3
112,	3
113,	0
114,	0
115,	2
116,	2
117,	2
118,	2
119,	1
120,	0
121,	0
122,	2
123,	0
124,	1
125,	0
126,	0
127,	0
128,	1
129,	0
130,	1
131,	1
132,	2
133,	2
134,	6
135,	2
136,	0
137,	2
138,	0
139,	1
140,	0
141,	3
142,	0
143,	1
144,	7
145,	2
146,	2
147,	2
148,	3
149,	2
150,	3
151,	0
152,	2
153,	2
154,	1
155,	5
156,	4
157,	0
158,	7
159,	1
160,	1
161,	0
162,	0
163,	4
164,	2
165,	1
166,	1
167,	0
168,	1
169,	1
170,	1
171,	3
172,	0
173,	5
174,	5
175,	0
176,	2
177,	1
178,	0
179,	0
180,	0
181,	5
182,	0
183,	0
184,	2
185,	0
186,	3
187,	1
188,	2
189,	1
190,	0
191,	1
192,	4
193,	2
194,	0
195,	3
196,	2
197,	2
198,	0
199,	3
200,	3
201,	0
202,	2
203,	1
204,	1
205,	4
206,	1
207,	0
208,	2
209,	1
210,	3
211,	2
212,	3
213,	8
214,	3
215,	3
216,	1
217,	4
218,	0
219,	1
220,	0
221,	1
222,	1
223,	1
224,	0
225,	0
226,	2
227,	0
228,	1
229,	2
230,	0
231,	0
232,	1
233,	3
234,	0
235,	3
236,	2
237,	0
238,	2
239,	0
240,	1
241,	0
242,	0
243,	1
244,	0
245,	1
246,	0
247,	2
248,	3
249,	2
250,	2
251,	1
252,	0
253,	0
254,	0
255,	0
256,	0
257,	0
258,	3
259,	0
260,	1
261,	0
262,	6
263,	1
264,	2
265,	1
266,	3
267,	2
268,	0
269,	2
270,	4
271,	0
272,	0
273,	0
274,	1
275,	0
276,	4
277,	1
278,	3
279,	3
280,	3
281,	2
282,	3
283,	0
284,	1
285,	1
286,	0
287,	3
288,	5
289,	0
290,	2
291,	1
292,	1
293,	0
294,	1
295,	2
296,	0
297,	3
298,	2
299,	1
300,	3
301,	2
302,	0
303,	3
304,	3
305,	1
306,	2
307,	3
308,	1
309,	2
310,	0
311,	4
312,	1
313,	5
314,	0
315,	4
316,	1
317,	0
318,	1
319,	1
320,	3
321,	3
322,	0
323,	0
324,	4
325,	2
326,	1
327,	1
328,	3
329,	1
330,	1
331,	2
332,	0
333,	2
334,	0
335,	4
336,	0
337,	1
338,	0
339,	0
340,	0
341,	0
342,	2
343,	1
344,	3
345,	0
346,	2
347,	3
348,	4
349,	1
350,	0
351,	0
352,	1
353,	1
354,	0
355,	3
356,	4
357,	0
358,	0
359,	1
360,	3
361,	2
362,	1
363,	0
364,	1
365,	1
366,	0
367,	0
368,	2
369,	1
370,	1
371,	3
372,	3
373,	1
374,	2
375,	4
376,	0
377,	2
378,	5
379,	4
380,	1
381,	2
382,	1
383,	1
384,	3
385,	2
386,	3
387,	5
388,	1
389,	0
390,	4
391,	2
392,	0
393,	3
394,	2
395,	3
396,	0
397,	1
398,	1
399,	4
400,	0
401,	3
402,	0
403,	1
404,	0
405,	4
406,	1
407,	0
408,	3
409,	0
410,	1
411,	0
412,	2
413,	1
414,	2
415,	0
416,	1
417,	3
418,	0
419,	2
420,	0
421,	3
422,	1
423,	1
424,	1
425,	1
426,	0
427,	0
428,	1
429,	0
430,	1
431,	1
432,	2
433,	5
434,	2
435,	5
436,	1
437,	2
438,	4
439,	3
440,	0
441,	7
442,	1
443,	0
444,	1
445,	0
446,	1
447,	2
448,	1
449,	1
450,	1
451,	1
452,	3
453,	2
454,	1
455,	1
456,	2
457,	1
458,	0
459,	0
460,	0
461,	2
462,	4
463,	1
464,	7
465,	0
466,	0
467,	0
468,	0
469,	0
470,	3
471,	4
472,	1
473,	0
474,	0
475,	1
476,	0
477,	3
478,	1
479,	3
480,	0
481,	1
482,	0
483,	1
484,	1
485,	0
486,	0
487,	0
488,	1
489,	0
490,	0
491,	1
492,	2
493,	1
494,	0
495,	2
496,	1
497,	0
498,	2
499,	6
500,	0
501,	1
502,	3
503,	2
504,	3
505,	0
506,	4
507,	1
508,	0
509,	0
510,	1
511,	1
512,	0
513,	2
514,	2
515,	3
516,	3
517,	2
518,	0
519,	2
520,	2
521,	0
522,	4
523,	4
524,	4
525,	2
526,	1
527,	1
528,	0
529,	2
530,	0
531,	1
532,	1
533,	0
534,	1
535,	0
536,	2
537,	1
538,	0
539,	2
540,	0
541,	1
542,	1
543,	2
544,	0
545,	1
546,	0
547,	5
548,	1
549,	0
550,	3
551,	2
552,	2
553,	3
554,	1
555,	3
556,	1
557,	1
558,	2
559,	1
560,	2
561,	0
562,	2
563,	4
564,	2
565,	1
566,	6
567,	2
568,	5
569,	3
570,	1
571,	2
572,	1
573,	2
574,	4
575,	0
576,	4
577,	3
578,	6
579,	0
580,	0
581,	2
582,	3
583,	2
584,	0
585,	5
586,	2
587,	0
588,	1
589,	2
590,	3
591,	1
592,	1
593,	1
594,	2
595,	5
596,	2
597,	2
598,	4
599,	4
600,	6
601,	2
602,	1
603,	3
604,	1
605,	2
606,	6
607,	4
608,	2
609,	4
610,	2
611,	2
612,	1
613,	1
614,	1
615,	1
616,	4
617,	1
618,	0
619,	5
620,	7
621,	3
622,	2
623,	1
624,	1
625,	0
626,	2
627,	3
628,	2
629,	3
630,	1
631,	5
632,	0
633,	4
634,	4
635,	0
636,	0
637,	6
638,	3
639,	1
640,	2
641,	2
642,	0
643,	3
644,	0
645,	8
646,	6
647,	2
648,	0
649,	2
650,	2
651,	4
652,	1
653,	1
654,	3
655,	4
656,	0
657,	4
658,	3
659,	3
660,	2
661,	4
662,	0
663,	1
664,	4
665,	2
666,	0
667,	6
668,	3
669,	1
670,	3
671,	0
672,	2
673,	4
674,	7
675,	2
676,	2
677,	2
678,	1
679,	5
680,	4
681,	5
682,	3
683,	0
684,	2
685,	3
686,	5
687,	2
688,	1
689,	4
690,	5
691,	2
692,	4
693,	0
694,	7
695,	1
696,	4
697,	5
698,	5
699,	2
700,	3
701,	1
702,	3
703,	0
704,	6
705,	5
706,	1
707,	3
708,	4
709,	4
710,	0
711,	6
712,	3
713,	3
714,	0
715,	2
716,	5
717,	2
718,	5
719,	2
720,	2
721,	3
722,	0
723,	4
724,	2
725,	4
726,	3
727,	2
728,	6
729,	4
730,	4
731,	2
732,	0
733,	5
734,	2
735,	1
736,	4
737,	0
738,	2
739,	6
740,	2
741,	0
742,	3
743,	1
744,	4
745,	2
746,	2
747,	3
748,	1
749,	2
750,	7
751,	4
752,	3
753,	4
754,	1
755,	2
756,	5
757,	2
758,	1
759,	0
760,	4
761,	6
762,	5
763,	0
764,	3
765,	2
766,	4
767,	3
768,	2
769,	2
770,	2
771,	0
772,	4
773,	2
774,	4
775,	5
776,	4
777,	3
778,	4
779,	0
780,	4
781,	3
782,	8
783,	4
784,	1
785,	3
786,	3
787,	5
788,	3
789,	4
790,	6
791,	4
792,	5
793,	0
794,	5
795,	3
796,	1
797,	4
798,	4
799,	5
800,	1
801,	6
802,	2
803,	1
804,	7
805,	5
806,	3
807,	1
808,	3
809,	7
810,	4
811,	3
812,	2
813,	6
814,	2
815,	2
816,	4
817,	3
818,	2
819,	0
820,	2
821,	3
822,	2
823,	1
824,	5
825,	7
826,	1
827,	4
828,	1
829,	2
830,	2
831,	1
832,	4
833,	2
834,	1
835,	2
836,	6
837,	1
838,	6
839,	4
840,	3
841,	0
842,	2
843,	5
844,	5
845,	3
846,	0
847,	2
848,	2
849,	5
850,	3
851,	7
852,	2
853,	2
854,	5
855,	6
856,	3
857,	4
858,	1
859,	0
860,	2
861,	6
862,	1
863,	0
864,	4
865,	4
866,	2
867,	1
868,	6
869,	7
870,	4
871,	3
872,	5
873,	2
874,	8
875,	5
876,	2
877,	3
878,	2
879,	5
880,	6
881,	5
882,	4
883,	1
884,	5
885,	0
886,	3
887,	0
888,	3
889,	0
890,	5
891,	3
892,	4
893,	3
894,	5
895,	3
896,	6
897,	5
898,	2
899,	1
900,	2
901,	4
902,	3
903,	1
904,	1
905,	3
906,	3
907,	4
908,	3
909,	6
910,	6
911,	6
912,	0
913,	1
914,	5
915,	3
916,	4
917,	4
918,	4
919,	4
920,	4
921,	2
922,	2
923,	5
924,	5
925,	3
926,	5
927,	2
928,	9
929,	4
930,	5
931,	1
932,	4
933,	3
934,	3
935,	5
936,	5
937,	4
938,	8
939,	3
940,	1
941,	7
942,	4
943,	4
944,	3
945,	0
946,	6
947,	4
948,	5
949,	5
950,	4
951,	4
952,	6
953,	6
954,	3
955,	2
956,	4
957,	1
958,	8
959,	3
960,	5
961,	2
962,	3
963,	2
964,	2
965,	3
966,	2
967,	3
968,	9
969,	6
970,	4
971,	4
972,	4
973,	0
974,	2
975,	5
976,	4
977,	4
978,	2
979,	3
980,	7
981,	5
982,	4
983,	2
984,	6
985,	2
986,	7
987,	4
988,	4
989,	7
990,	3
991,	5
992,	0
993,	5
994,	6
995,	8
996,	9
997,	1
998,	5
999,	4
