Instance: /home/gabriel/Documents/ufrgs/courses/oc/trab/instances/cmb02
Vertices: 1000
Colors: 10
NumIterations: 1
Alpha: 0.050000
Is Factible?: true
Conflicts: 0
Solution Value: 567568.687500
Vertex,	Color
0,	0
1,	0
2,	2
3,	0
4,	1
5,	0
6,	0
7,	1
8,	0
9,	0
10,	0
11,	0
12,	0
13,	1
14,	1
15,	0
16,	1
17,	0
18,	1
19,	0
20,	0
21,	0
22,	0
23,	0
24,	0
25,	1
26,	0
27,	0
28,	0
29,	0
30,	0
31,	0
32,	0
33,	0
34,	0
35,	1
36,	0
37,	0
38,	0
39,	0
40,	0
41,	0
42,	1
43,	0
44,	1
45,	1
46,	1
47,	0
48,	0
49,	0
50,	0
51,	0
52,	0
53,	0
54,	0
55,	1
56,	1
57,	0
58,	0
59,	1
60,	0
61,	1
62,	0
63,	0
64,	0
65,	0
66,	0
67,	0
68,	0
69,	0
70,	0
71,	1
72,	0
73,	1
74,	2
75,	1
76,	0
77,	2
78,	0
79,	0
80,	1
81,	2
82,	0
83,	0
84,	2
85,	1
86,	2
87,	1
88,	0
89,	0
90,	0
91,	0
92,	0
93,	0
94,	1
95,	2
96,	0
97,	0
98,	0
99,	0
100,	1
101,	2
102,	0
103,	1
104,	0
105,	0
106,	0
107,	0
108,	1
109,	0
110,	2
111,	1
112,	1
113,	0
114,	0
115,	3
116,	0
117,	1
118,	1
119,	0
120,	0
121,	0
122,	1
123,	2
124,	2
125,	1
126,	0
127,	0
128,	0
129,	0
130,	0
131,	0
132,	0
133,	0
134,	2
135,	0
136,	1
137,	1
138,	3
139,	1
140,	0
141,	0
142,	0
143,	1
144,	2
145,	0
146,	2
147,	1
148,	0
149,	1
150,	2
151,	0
152,	1
153,	0
154,	1
155,	1
156,	3
157,	1
158,	3
159,	0
160,	1
161,	1
162,	1
163,	0
164,	1
165,	0
166,	3
167,	0
168,	0
169,	1
170,	0
171,	3
172,	0
173,	3
174,	2
175,	0
176,	0
177,	0
178,	0
179,	1
180,	0
181,	0
182,	0
183,	0
184,	2
185,	2
186,	0
187,	1
188,	1
189,	1
190,	0
191,	1
192,	0
193,	2
194,	1
195,	1
196,	3
197,	0
198,	0
199,	1
200,	1
201,	0
202,	1
203,	1
204,	0
205,	5
206,	1
207,	2
208,	2
209,	1
210,	1
211,	1
212,	2
213,	0
214,	2
215,	1
216,	1
217,	3
218,	0
219,	1
220,	0
221,	1
222,	0
223,	1
224,	1
225,	0
226,	2
227,	0
228,	1
229,	2
230,	0
231,	0
232,	0
233,	1
234,	3
235,	0
236,	3
237,	1
238,	3
239,	0
240,	1
241,	2
242,	0
243,	1
244,	0
245,	1
246,	0
247,	0
248,	3
249,	1
250,	1
251,	1
252,	1
253,	2
254,	1
255,	0
256,	0
257,	2
258,	0
259,	0
260,	0
261,	4
262,	4
263,	6
264,	3
265,	0
266,	2
267,	1
268,	3
269,	2
270,	1
271,	2
272,	1
273,	1
274,	3
275,	1
276,	2
277,	1
278,	1
279,	4
280,	0
281,	1
282,	2
283,	1
284,	2
285,	0
286,	1
287,	1
288,	1
289,	2
290,	2
291,	2
292,	1
293,	0
294,	2
295,	2
296,	0
297,	5
298,	3
299,	3
300,	3
301,	2
302,	0
303,	3
304,	2
305,	0
306,	6
307,	2
308,	1
309,	2
310,	0
311,	3
312,	1
313,	0
314,	1
315,	5
316,	1
317,	0
318,	0
319,	0
320,	1
321,	1
322,	1
323,	1
324,	2
325,	1
326,	1
327,	1
328,	1
329,	1
330,	2
331,	2
332,	0
333,	2
334,	1
335,	3
336,	1
337,	1
338,	4
339,	0
340,	2
341,	7
342,	2
343,	1
344,	3
345,	1
346,	1
347,	3
348,	2
349,	2
350,	0
351,	1
352,	1
353,	1
354,	0
355,	0
356,	3
357,	1
358,	0
359,	0
360,	1
361,	1
362,	2
363,	1
364,	3
365,	2
366,	0
367,	0
368,	3
369,	0
370,	2
371,	4
372,	4
373,	2
374,	4
375,	0
376,	0
377,	2
378,	2
379,	4
380,	3
381,	2
382,	1
383,	0
384,	1
385,	1
386,	2
387,	5
388,	0
389,	0
390,	2
391,	2
392,	1
393,	0
394,	2
395,	1
396,	0
397,	0
398,	1
399,	0
400,	0
401,	2
402,	3
403,	0
404,	2
405,	3
406,	2
407,	0
408,	0
409,	3
410,	4
411,	1
412,	3
413,	1
414,	2
415,	1
416,	3
417,	2
418,	0
419,	2
420,	1
421,	1
422,	2
423,	0
424,	4
425,	2
426,	3
427,	0
428,	3
429,	1
430,	0
431,	1
432,	2
433,	2
434,	2
435,	3
436,	0
437,	2
438,	2
439,	3
440,	0
441,	4
442,	3
443,	2
444,	2
445,	1
446,	1
447,	4
448,	2
449,	2
450,	2
451,	1
452,	2
453,	0
454,	0
455,	1
456,	2
457,	1
458,	3
459,	3
460,	4
461,	0
462,	2
463,	3
464,	3
465,	1
466,	0
467,	2
468,	2
469,	0
470,	3
471,	5
472,	1
473,	0
474,	2
475,	2
476,	1
477,	2
478,	1
479,	1
480,	3
481,	1
482,	2
483,	1
484,	1
485,	3
486,	2
487,	0
488,	2
489,	0
490,	2
491,	0
492,	3
493,	2
494,	0
495,	0
496,	6
497,	1
498,	2
499,	4
500,	2
501,	1
502,	2
503,	3
504,	5
505,	3
506,	4
507,	2
508,	2
509,	0
510,	2
511,	6
512,	1
513,	4
514,	2
515,	3
516,	4
517,	2
518,	3
519,	3
520,	0
521,	1
522,	3
523,	4
524,	5
525,	1
526,	3
527,	3
528,	1
529,	3
530,	2
531,	0
532,	5
533,	4
534,	3
535,	2
536,	2
537,	0
538,	1
539,	3
540,	0
541,	2
542,	1
543,	3
544,	1
545,	2
546,	1
547,	6
548,	3
549,	0
550,	3
551,	2
552,	3
553,	0
554,	4
555,	3
556,	1
557,	3
558,	3
559,	1
560,	2
561,	2
562,	3
563,	1
564,	4
565,	3
566,	5
567,	2
568,	5
569,	2
570,	0
571,	3
572,	2
573,	2
574,	3
575,	5
576,	4
577,	2
578,	4
579,	1
580,	2
581,	2
582,	4
583,	0
584,	3
585,	3
586,	1
587,	4
588,	1
589,	2
590,	5
591,	3
592,	0
593,	1
594,	1
595,	5
596,	0
597,	2
598,	5
599,	4
600,	4
601,	3
602,	5
603,	2
604,	1
605,	4
606,	6
607,	5
608,	2
609,	5
610,	3
611,	3
612,	1
613,	0
614,	4
615,	2
616,	3
617,	3
618,	1
619,	2
620,	7
621,	0
622,	3
623,	0
624,	2
625,	4
626,	2
627,	4
628,	3
629,	3
630,	1
631,	6
632,	5
633,	4
634,	4
635,	0
636,	1
637,	8
638,	3
639,	1
640,	0
641,	2
642,	1
643,	3
644,	2
645,	5
646,	4
647,	4
648,	1
649,	1
650,	2
651,	4
652,	1
653,	2
654,	3
655,	2
656,	2
657,	2
658,	4
659,	3
660,	2
661,	3
662,	3
663,	1
664,	2
665,	1
666,	1
667,	6
668,	2
669,	1
670,	2
671,	1
672,	1
673,	3
674,	0
675,	1
676,	2
677,	3
678,	3
679,	5
680,	4
681,	6
682,	1
683,	0
684,	3
685,	2
686,	4
687,	4
688,	2
689,	5
690,	3
691,	3
692,	4
693,	1
694,	5
695,	4
696,	3
697,	5
698,	4
699,	5
700,	4
701,	2
702,	3
703,	1
704,	3
705,	7
706,	2
707,	3
708,	3
709,	4
710,	0
711,	5
712,	4
713,	3
714,	4
715,	2
716,	6
717,	1
718,	6
719,	4
720,	2
721,	4
722,	0
723,	3
724,	5
725,	4
726,	4
727,	2
728,	6
729,	4
730,	4
731,	4
732,	0
733,	6
734,	3
735,	2
736,	1
737,	1
738,	5
739,	6
740,	4
741,	1
742,	4
743,	2
744,	7
745,	3
746,	2
747,	0
748,	4
749,	3
750,	7
751,	4
752,	4
753,	4
754,	1
755,	2
756,	6
757,	1
758,	2
759,	2
760,	4
761,	5
762,	4
763,	2
764,	1
765,	6
766,	4
767,	4
768,	3
769,	2
770,	1
771,	0
772,	1
773,	2
774,	4
775,	7
776,	3
777,	1
778,	4
779,	3
780,	4
781,	3
782,	8
783,	8
784,	1
785,	3
786,	2
787,	5
788,	3
789,	6
790,	4
791,	4
792,	4
793,	0
794,	6
795,	3
796,	3
797,	5
798,	3
799,	5
800,	3
801,	6
802,	1
803,	0
804,	7
805,	5
806,	2
807,	2
808,	3
809,	6
810,	4
811,	3
812,	2
813,	2
814,	1
815,	4
816,	3
817,	4
818,	2
819,	0
820,	3
821,	5
822,	2
823,	0
824,	5
825,	7
826,	3
827,	4
828,	1
829,	2
830,	3
831,	2
832,	4
833,	5
834,	1
835,	0
836,	5
837,	2
838,	7
839,	4
840,	2
841,	0
842,	3
843,	3
844,	5
845,	3
846,	0
847,	4
848,	2
849,	7
850,	3
851,	7
852,	3
853,	4
854,	6
855,	6
856,	4
857,	3
858,	2
859,	3
860,	3
861,	6
862,	2
863,	2
864,	4
865,	5
866,	2
867,	4
868,	6
869,	6
870,	4
871,	4
872,	5
873,	2
874,	4
875,	5
876,	4
877,	3
878,	1
879,	5
880,	5
881,	6
882,	4
883,	0
884,	5
885,	6
886,	3
887,	1
888,	3
889,	0
890,	5
891,	4
892,	4
893,	3
894,	1
895,	3
896,	6
897,	5
898,	3
899,	1
900,	2
901,	4
902,	3
903,	4
904,	1
905,	2
906,	6
907,	3
908,	6
909,	2
910,	5
911,	6
912,	0
913,	1
914,	0
915,	5
916,	4
917,	4
918,	3
919,	6
920,	8
921,	2
922,	2
923,	4
924,	6
925,	3
926,	5
927,	0
928,	8
929,	4
930,	4
931,	1
932,	4
933,	2
934,	4
935,	5
936,	5
937,	5
938,	9
939,	4
940,	4
941,	2
942,	3
943,	1
944,	4
945,	2
946,	5
947,	3
948,	5
949,	5
950,	5
951,	3
952,	6
953,	4
954,	3
955,	5
956,	5
957,	1
958,	7
959,	2
960,	6
961,	1
962,	5
963,	2
964,	3
965,	3
966,	3
967,	3
968,	9
969,	6
970,	6
971,	5
972,	4
973,	0
974,	4
975,	5
976,	0
977,	3
978,	3
979,	2
980,	7
981,	3
982,	5
983,	2
984,	0
985,	2
986,	7
987,	4
988,	4
989,	6
990,	3
991,	5
992,	0
993,	4
994,	7
995,	8
996,	9
997,	4
998,	5
999,	3
