Instance: /home/gabriel/Documents/ufrgs/courses/oc/trab/instances/cmb02
Vertices: 1000
Colors: 10
NumIterations: 100
Alpha: 0.850000
Is Factible?: true
Conflicts: 0
Solution Value: 541192.250000
Vertex,	Color
0,	2
1,	0
2,	0
3,	0
4,	1
5,	4
6,	0
7,	0
8,	0
9,	0
10,	1
11,	0
12,	0
13,	0
14,	0
15,	0
16,	1
17,	0
18,	2
19,	1
20,	3
21,	1
22,	0
23,	0
24,	0
25,	0
26,	0
27,	0
28,	1
29,	0
30,	1
31,	5
32,	0
33,	0
34,	0
35,	1
36,	0
37,	0
38,	4
39,	3
40,	1
41,	1
42,	0
43,	0
44,	0
45,	0
46,	0
47,	0
48,	0
49,	1
50,	2
51,	1
52,	1
53,	3
54,	0
55,	1
56,	0
57,	2
58,	0
59,	0
60,	2
61,	0
62,	1
63,	0
64,	0
65,	0
66,	0
67,	0
68,	1
69,	0
70,	0
71,	0
72,	2
73,	1
74,	3
75,	1
76,	1
77,	2
78,	0
79,	0
80,	1
81,	1
82,	0
83,	1
84,	1
85,	0
86,	1
87,	2
88,	0
89,	0
90,	1
91,	1
92,	0
93,	0
94,	0
95,	0
96,	1
97,	0
98,	2
99,	0
100,	1
101,	1
102,	0
103,	0
104,	0
105,	0
106,	0
107,	0
108,	0
109,	0
110,	2
111,	0
112,	0
113,	2
114,	0
115,	1
116,	0
117,	1
118,	1
119,	2
120,	1
121,	0
122,	1
123,	0
124,	1
125,	1
126,	0
127,	0
128,	0
129,	0
130,	0
131,	0
132,	0
133,	0
134,	4
135,	0
136,	1
137,	0
138,	3
139,	0
140,	0
141,	0
142,	0
143,	3
144,	1
145,	2
146,	4
147,	1
148,	1
149,	0
150,	4
151,	1
152,	1
153,	2
154,	0
155,	1
156,	2
157,	0
158,	6
159,	0
160,	0
161,	1
162,	1
163,	0
164,	0
165,	2
166,	3
167,	0
168,	0
169,	0
170,	0
171,	2
172,	1
173,	2
174,	5
175,	0
176,	1
177,	1
178,	0
179,	4
180,	0
181,	0
182,	0
183,	0
184,	3
185,	2
186,	0
187,	0
188,	0
189,	0
190,	0
191,	1
192,	0
193,	1
194,	0
195,	0
196,	2
197,	1
198,	0
199,	1
200,	1
201,	0
202,	1
203,	1
204,	0
205,	5
206,	0
207,	2
208,	1
209,	1
210,	1
211,	1
212,	4
213,	1
214,	1
215,	2
216,	2
217,	2
218,	0
219,	2
220,	1
221,	1
222,	0
223,	1
224,	1
225,	0
226,	0
227,	0
228,	1
229,	2
230,	1
231,	0
232,	0
233,	1
234,	1
235,	1
236,	2
237,	0
238,	3
239,	0
240,	0
241,	2
242,	1
243,	1
244,	0
245,	1
246,	0
247,	0
248,	0
249,	1
250,	0
251,	1
252,	2
253,	0
254,	2
255,	1
256,	2
257,	1
258,	1
259,	0
260,	1
261,	3
262,	3
263,	2
264,	4
265,	4
266,	2
267,	0
268,	3
269,	2
270,	2
271,	0
272,	0
273,	0
274,	0
275,	0
276,	2
277,	1
278,	1
279,	3
280,	1
281,	1
282,	3
283,	0
284,	2
285,	0
286,	1
287,	0
288,	3
289,	2
290,	1
291,	2
292,	1
293,	1
294,	2
295,	1
296,	0
297,	7
298,	3
299,	2
300,	2
301,	1
302,	0
303,	3
304,	2
305,	0
306,	5
307,	2
308,	1
309,	0
310,	1
311,	3
312,	1
313,	0
314,	0
315,	5
316,	0
317,	0
318,	0
319,	2
320,	1
321,	0
322,	1
323,	2
324,	2
325,	1
326,	1
327,	1
328,	1
329,	1
330,	1
331,	1
332,	1
333,	2
334,	0
335,	2
336,	1
337,	1
338,	3
339,	0
340,	2
341,	6
342,	2
343,	1
344,	3
345,	1
346,	1
347,	5
348,	2
349,	0
350,	2
351,	0
352,	1
353,	2
354,	1
355,	4
356,	3
357,	3
358,	0
359,	0
360,	0
361,	2
362,	2
363,	0
364,	3
365,	2
366,	0
367,	0
368,	0
369,	1
370,	2
371,	4
372,	1
373,	1
374,	3
375,	1
376,	0
377,	2
378,	3
379,	3
380,	3
381,	1
382,	2
383,	0
384,	2
385,	1
386,	2
387,	3
388,	1
389,	1
390,	1
391,	0
392,	1
393,	2
394,	2
395,	1
396,	2
397,	0
398,	1
399,	0
400,	0
401,	3
402,	1
403,	1
404,	0
405,	3
406,	2
407,	0
408,	2
409,	3
410,	4
411,	1
412,	3
413,	0
414,	2
415,	1
416,	2
417,	4
418,	0
419,	2
420,	1
421,	1
422,	2
423,	1
424,	4
425,	2
426,	2
427,	0
428,	2
429,	1
430,	0
431,	1
432,	1
433,	2
434,	2
435,	3
436,	1
437,	3
438,	2
439,	5
440,	0
441,	4
442,	3
443,	3
444,	1
445,	1
446,	1
447,	2
448,	1
449,	1
450,	4
451,	0
452,	3
453,	1
454,	1
455,	5
456,	1
457,	0
458,	2
459,	6
460,	4
461,	0
462,	2
463,	4
464,	5
465,	1
466,	0
467,	2
468,	2
469,	1
470,	4
471,	1
472,	2
473,	0
474,	2
475,	1
476,	2
477,	2
478,	1
479,	1
480,	3
481,	2
482,	2
483,	2
484,	2
485,	2
486,	2
487,	0
488,	2
489,	2
490,	2
491,	0
492,	3
493,	2
494,	0
495,	0
496,	4
497,	1
498,	4
499,	4
500,	2
501,	1
502,	2
503,	2
504,	5
505,	3
506,	4
507,	2
508,	2
509,	0
510,	2
511,	0
512,	1
513,	4
514,	2
515,	1
516,	5
517,	4
518,	4
519,	3
520,	0
521,	1
522,	2
523,	3
524,	0
525,	1
526,	3
527,	2
528,	2
529,	2
530,	2
531,	0
532,	5
533,	2
534,	2
535,	2
536,	0
537,	0
538,	0
539,	3
540,	3
541,	2
542,	1
543,	2
544,	3
545,	2
546,	1
547,	6
548,	1
549,	0
550,	5
551,	2
552,	3
553,	0
554,	4
555,	3
556,	1
557,	2
558,	3
559,	1
560,	2
561,	2
562,	0
563,	4
564,	5
565,	3
566,	1
567,	1
568,	0
569,	3
570,	1
571,	2
572,	2
573,	2
574,	3
575,	2
576,	6
577,	1
578,	3
579,	1
580,	2
581,	3
582,	4
583,	3
584,	2
585,	3
586,	2
587,	3
588,	1
589,	2
590,	4
591,	3
592,	1
593,	1
594,	1
595,	3
596,	0
597,	2
598,	4
599,	4
600,	4
601,	3
602,	4
603,	2
604,	1
605,	3
606,	6
607,	3
608,	3
609,	5
610,	2
611,	2
612,	1
613,	0
614,	2
615,	2
616,	4
617,	3
618,	0
619,	5
620,	7
621,	0
622,	3
623,	0
624,	1
625,	4
626,	3
627,	4
628,	0
629,	3
630,	1
631,	5
632,	5
633,	3
634,	3
635,	3
636,	1
637,	8
638,	3
639,	1
640,	2
641,	2
642,	0
643,	3
644,	2
645,	5
646,	4
647,	5
648,	1
649,	2
650,	4
651,	4
652,	2
653,	1
654,	3
655,	5
656,	2
657,	3
658,	4
659,	4
660,	2
661,	2
662,	3
663,	1
664,	2
665,	0
666,	1
667,	6
668,	3
669,	1
670,	4
671,	0
672,	1
673,	3
674,	5
675,	1
676,	2
677,	3
678,	2
679,	5
680,	5
681,	5
682,	0
683,	0
684,	3
685,	2
686,	3
687,	6
688,	2
689,	4
690,	4
691,	3
692,	2
693,	1
694,	6
695,	3
696,	4
697,	5
698,	5
699,	4
700,	4
701,	1
702,	2
703,	0
704,	4
705,	7
706,	3
707,	4
708,	2
709,	4
710,	0
711,	6
712,	4
713,	4
714,	4
715,	2
716,	1
717,	1
718,	3
719,	4
720,	2
721,	3
722,	0
723,	3
724,	5
725,	5
726,	4
727,	2
728,	6
729,	3
730,	4
731,	3
732,	0
733,	6
734,	3
735,	1
736,	1
737,	2
738,	1
739,	6
740,	3
741,	0
742,	3
743,	2
744,	6
745,	5
746,	2
747,	5
748,	4
749,	3
750,	7
751,	4
752,	4
753,	4
754,	0
755,	2
756,	5
757,	1
758,	2
759,	1
760,	4
761,	6
762,	3
763,	1
764,	4
765,	5
766,	3
767,	4
768,	3
769,	2
770,	1
771,	0
772,	3
773,	2
774,	4
775,	6
776,	5
777,	4
778,	3
779,	3
780,	3
781,	3
782,	8
783,	8
784,	1
785,	1
786,	1
787,	4
788,	3
789,	6
790,	3
791,	6
792,	6
793,	0
794,	5
795,	3
796,	2
797,	5
798,	3
799,	5
800,	4
801,	5
802,	1
803,	0
804,	7
805,	5
806,	2
807,	2
808,	3
809,	7
810,	3
811,	4
812,	3
813,	5
814,	2
815,	4
816,	3
817,	4
818,	2
819,	0
820,	4
821,	4
822,	1
823,	1
824,	1
825,	7
826,	1
827,	3
828,	0
829,	2
830,	3
831,	2
832,	5
833,	4
834,	1
835,	4
836,	7
837,	1
838,	7
839,	4
840,	2
841,	0
842,	4
843,	3
844,	5
845,	4
846,	1
847,	4
848,	2
849,	6
850,	3
851,	5
852,	3
853,	4
854,	5
855,	6
856,	4
857,	3
858,	2
859,	1
860,	3
861,	6
862,	1
863,	1
864,	4
865,	5
866,	2
867,	4
868,	6
869,	6
870,	4
871,	3
872,	5
873,	3
874,	4
875,	4
876,	3
877,	3
878,	1
879,	5
880,	1
881,	5
882,	4
883,	0
884,	5
885,	6
886,	4
887,	2
888,	4
889,	0
890,	5
891,	4
892,	4
893,	3
894,	0
895,	3
896,	6
897,	5
898,	0
899,	1
900,	1
901,	4
902,	3
903,	2
904,	1
905,	4
906,	6
907,	3
908,	6
909,	2
910,	5
911,	6
912,	0
913,	1
914,	5
915,	6
916,	3
917,	3
918,	4
919,	6
920,	7
921,	4
922,	2
923,	5
924,	5
925,	3
926,	5
927,	2
928,	8
929,	4
930,	4
931,	1
932,	4
933,	2
934,	3
935,	5
936,	5
937,	4
938,	9
939,	4
940,	4
941,	7
942,	3
943,	7
944,	4
945,	0
946,	6
947,	4
948,	4
949,	5
950,	4
951,	3
952,	6
953,	5
954,	3
955,	6
956,	5
957,	1
958,	8
959,	2
960,	6
961,	2
962,	5
963,	2
964,	4
965,	2
966,	3
967,	2
968,	9
969,	6
970,	3
971,	4
972,	2
973,	0
974,	4
975,	4
976,	0
977,	2
978,	3
979,	4
980,	7
981,	3
982,	5
983,	3
984,	3
985,	2
986,	7
987,	3
988,	3
989,	6
990,	4
991,	5
992,	0
993,	2
994,	7
995,	8
996,	9
997,	4
998,	5
999,	3
