Instance: /home/gabriel/Documents/ufrgs/courses/oc/trab/instances/cmb02
Vertices: 1000
Colors: 10
NumIterations: 1
Alpha: 0.500000
Is Factible?: true
Conflicts: 0
Solution Value: 547009.625000
Vertex,	Color
0,	5
1,	0
2,	2
3,	3
4,	2
5,	3
6,	0
7,	7
8,	0
9,	3
10,	0
11,	1
12,	0
13,	0
14,	3
15,	0
16,	3
17,	2
18,	0
19,	0
20,	3
21,	1
22,	0
23,	0
24,	1
25,	4
26,	0
27,	0
28,	1
29,	1
30,	1
31,	1
32,	0
33,	0
34,	2
35,	2
36,	1
37,	3
38,	1
39,	2
40,	2
41,	2
42,	1
43,	0
44,	6
45,	0
46,	1
47,	1
48,	1
49,	0
50,	1
51,	0
52,	0
53,	1
54,	3
55,	4
56,	1
57,	0
58,	2
59,	3
60,	0
61,	4
62,	0
63,	1
64,	0
65,	0
66,	0
67,	0
68,	0
69,	1
70,	0
71,	3
72,	2
73,	2
74,	5
75,	1
76,	0
77,	0
78,	0
79,	4
80,	1
81,	3
82,	1
83,	1
84,	0
85,	0
86,	5
87,	0
88,	0
89,	0
90,	0
91,	2
92,	0
93,	5
94,	0
95,	4
96,	1
97,	2
98,	0
99,	5
100,	0
101,	0
102,	1
103,	4
104,	1
105,	0
106,	0
107,	0
108,	1
109,	2
110,	4
111,	1
112,	2
113,	3
114,	0
115,	4
116,	2
117,	2
118,	2
119,	1
120,	2
121,	1
122,	3
123,	1
124,	5
125,	2
126,	0
127,	1
128,	3
129,	1
130,	1
131,	0
132,	1
133,	0
134,	4
135,	0
136,	1
137,	4
138,	5
139,	1
140,	3
141,	1
142,	1
143,	2
144,	4
145,	1
146,	5
147,	2
148,	5
149,	2
150,	4
151,	0
152,	1
153,	2
154,	5
155,	1
156,	5
157,	2
158,	7
159,	0
160,	1
161,	0
162,	6
163,	1
164,	2
165,	1
166,	2
167,	0
168,	1
169,	0
170,	1
171,	0
172,	0
173,	4
174,	1
175,	2
176,	0
177,	1
178,	1
179,	3
180,	1
181,	0
182,	1
183,	0
184,	3
185,	2
186,	1
187,	1
188,	1
189,	3
190,	0
191,	2
192,	0
193,	0
194,	1
195,	2
196,	5
197,	1
198,	2
199,	3
200,	2
201,	0
202,	2
203,	1
204,	2
205,	0
206,	2
207,	1
208,	2
209,	1
210,	2
211,	4
212,	2
213,	6
214,	2
215,	0
216,	3
217,	5
218,	0
219,	0
220,	0
221,	0
222,	1
223,	0
224,	0
225,	0
226,	6
227,	0
228,	2
229,	4
230,	0
231,	1
232,	0
233,	0
234,	2
235,	1
236,	5
237,	1
238,	0
239,	0
240,	2
241,	0
242,	1
243,	0
244,	0
245,	1
246,	0
247,	0
248,	6
249,	2
250,	0
251,	4
252,	1
253,	1
254,	7
255,	3
256,	1
257,	2
258,	1
259,	0
260,	4
261,	4
262,	2
263,	3
264,	2
265,	1
266,	1
267,	1
268,	4
269,	2
270,	1
271,	0
272,	0
273,	0
274,	1
275,	1
276,	0
277,	1
278,	2
279,	3
280,	0
281,	2
282,	2
283,	0
284,	4
285,	1
286,	3
287,	0
288,	2
289,	2
290,	0
291,	2
292,	0
293,	1
294,	1
295,	1
296,	0
297,	0
298,	3
299,	0
300,	6
301,	0
302,	0
303,	2
304,	2
305,	0
306,	1
307,	5
308,	2
309,	4
310,	2
311,	3
312,	1
313,	0
314,	0
315,	0
316,	1
317,	0
318,	1
319,	2
320,	1
321,	2
322,	0
323,	2
324,	3
325,	1
326,	1
327,	1
328,	0
329,	2
330,	1
331,	2
332,	0
333,	0
334,	3
335,	0
336,	2
337,	2
338,	1
339,	0
340,	0
341,	6
342,	3
343,	1
344,	0
345,	2
346,	2
347,	0
348,	0
349,	1
350,	0
351,	0
352,	2
353,	0
354,	0
355,	1
356,	1
357,	3
358,	2
359,	0
360,	0
361,	2
362,	0
363,	0
364,	5
365,	2
366,	3
367,	3
368,	0
369,	0
370,	3
371,	4
372,	2
373,	2
374,	3
375,	2
376,	0
377,	2
378,	0
379,	3
380,	3
381,	1
382,	2
383,	4
384,	6
385,	0
386,	4
387,	4
388,	0
389,	0
390,	2
391,	3
392,	1
393,	0
394,	4
395,	1
396,	0
397,	0
398,	0
399,	0
400,	0
401,	0
402,	1
403,	2
404,	0
405,	1
406,	1
407,	3
408,	0
409,	2
410,	3
411,	1
412,	2
413,	0
414,	0
415,	2
416,	2
417,	2
418,	0
419,	4
420,	1
421,	1
422,	1
423,	0
424,	1
425,	1
426,	2
427,	1
428,	0
429,	0
430,	3
431,	1
432,	1
433,	0
434,	1
435,	5
436,	2
437,	2
438,	1
439,	1
440,	1
441,	4
442,	3
443,	0
444,	2
445,	1
446,	0
447,	2
448,	0
449,	0
450,	0
451,	2
452,	3
453,	2
454,	1
455,	1
456,	1
457,	0
458,	1
459,	8
460,	3
461,	0
462,	1
463,	3
464,	7
465,	0
466,	0
467,	1
468,	2
469,	1
470,	3
471,	5
472,	1
473,	2
474,	0
475,	0
476,	1
477,	1
478,	2
479,	3
480,	2
481,	3
482,	3
483,	0
484,	1
485,	2
486,	1
487,	1
488,	1
489,	0
490,	1
491,	3
492,	2
493,	4
494,	0
495,	0
496,	5
497,	1
498,	3
499,	3
500,	1
501,	2
502,	2
503,	2
504,	5
505,	3
506,	1
507,	0
508,	0
509,	0
510,	0
511,	1
512,	0
513,	3
514,	1
515,	0
516,	5
517,	0
518,	2
519,	6
520,	2
521,	1
522,	5
523,	3
524,	6
525,	1
526,	3
527,	1
528,	2
529,	1
530,	3
531,	0
532,	1
533,	4
534,	0
535,	1
536,	2
537,	0
538,	1
539,	0
540,	1
541,	0
542,	0
543,	1
544,	2
545,	1
546,	0
547,	2
548,	2
549,	0
550,	0
551,	3
552,	2
553,	3
554,	3
555,	3
556,	1
557,	0
558,	0
559,	1
560,	2
561,	3
562,	0
563,	0
564,	4
565,	1
566,	4
567,	0
568,	4
569,	1
570,	0
571,	3
572,	0
573,	0
574,	3
575,	2
576,	0
577,	1
578,	3
579,	1
580,	1
581,	1
582,	1
583,	2
584,	0
585,	5
586,	2
587,	3
588,	1
589,	2
590,	1
591,	0
592,	1
593,	0
594,	2
595,	4
596,	1
597,	1
598,	3
599,	0
600,	3
601,	3
602,	1
603,	3
604,	1
605,	2
606,	5
607,	4
608,	3
609,	4
610,	2
611,	3
612,	1
613,	1
614,	1
615,	2
616,	4
617,	0
618,	1
619,	5
620,	4
621,	0
622,	0
623,	0
624,	1
625,	3
626,	2
627,	3
628,	1
629,	4
630,	0
631,	5
632,	3
633,	3
634,	3
635,	2
636,	1
637,	7
638,	7
639,	1
640,	2
641,	1
642,	0
643,	2
644,	2
645,	3
646,	4
647,	3
648,	0
649,	3
650,	2
651,	3
652,	0
653,	1
654,	4
655,	1
656,	2
657,	3
658,	3
659,	4
660,	1
661,	0
662,	0
663,	2
664,	3
665,	1
666,	1
667,	6
668,	6
669,	1
670,	2
671,	0
672,	2
673,	4
674,	5
675,	1
676,	2
677,	2
678,	2
679,	5
680,	3
681,	6
682,	2
683,	0
684,	3
685,	2
686,	4
687,	2
688,	2
689,	2
690,	4
691,	2
692,	2
693,	1
694,	5
695,	2
696,	4
697,	4
698,	4
699,	4
700,	4
701,	3
702,	2
703,	4
704,	3
705,	6
706,	1
707,	3
708,	0
709,	3
710,	1
711,	7
712,	2
713,	2
714,	0
715,	3
716,	6
717,	2
718,	2
719,	3
720,	1
721,	2
722,	2
723,	2
724,	2
725,	4
726,	2
727,	2
728,	7
729,	4
730,	2
731,	3
732,	3
733,	5
734,	2
735,	1
736,	2
737,	1
738,	1
739,	3
740,	3
741,	1
742,	3
743,	0
744,	3
745,	2
746,	2
747,	3
748,	1
749,	0
750,	7
751,	4
752,	5
753,	3
754,	3
755,	3
756,	4
757,	1
758,	1
759,	1
760,	3
761,	5
762,	4
763,	2
764,	3
765,	6
766,	3
767,	4
768,	3
769,	2
770,	4
771,	0
772,	2
773,	1
774,	3
775,	6
776,	3
777,	4
778,	3
779,	2
780,	3
781,	3
782,	8
783,	5
784,	0
785,	3
786,	2
787,	4
788,	1
789,	5
790,	3
791,	5
792,	4
793,	0
794,	6
795,	4
796,	1
797,	5
798,	4
799,	4
800,	4
801,	6
802,	2
803,	0
804,	5
805,	6
806,	3
807,	2
808,	3
809,	6
810,	4
811,	4
812,	3
813,	7
814,	1
815,	3
816,	4
817,	4
818,	2
819,	2
820,	2
821,	3
822,	1
823,	1
824,	4
825,	7
826,	3
827,	3
828,	2
829,	2
830,	1
831,	3
832,	4
833,	5
834,	1
835,	1
836,	6
837,	2
838,	3
839,	1
840,	3
841,	0
842,	4
843,	3
844,	5
845,	3
846,	0
847,	4
848,	3
849,	8
850,	3
851,	8
852,	2
853,	6
854,	6
855,	5
856,	3
857,	4
858,	4
859,	1
860,	2
861,	5
862,	1
863,	0
864,	3
865,	4
866,	3
867,	4
868,	4
869,	5
870,	3
871,	4
872,	4
873,	3
874,	3
875,	4
876,	2
877,	3
878,	2
879,	5
880,	6
881,	5
882,	4
883,	0
884,	5
885,	1
886,	2
887,	1
888,	5
889,	1
890,	3
891,	0
892,	0
893,	3
894,	2
895,	4
896,	3
897,	5
898,	2
899,	1
900,	0
901,	4
902,	3
903,	1
904,	4
905,	4
906,	6
907,	3
908,	1
909,	5
910,	5
911,	6
912,	1
913,	0
914,	2
915,	4
916,	4
917,	4
918,	4
919,	6
920,	7
921,	2
922,	2
923,	2
924,	5
925,	3
926,	5
927,	2
928,	6
929,	4
930,	5
931,	1
932,	3
933,	1
934,	3
935,	6
936,	5
937,	4
938,	8
939,	4
940,	3
941,	4
942,	2
943,	3
944,	2
945,	0
946,	3
947,	4
948,	4
949,	5
950,	3
951,	4
952,	6
953,	9
954,	3
955,	3
956,	5
957,	1
958,	8
959,	3
960,	6
961,	3
962,	5
963,	5
964,	3
965,	3
966,	3
967,	6
968,	9
969,	5
970,	7
971,	5
972,	4
973,	0
974,	2
975,	4
976,	5
977,	3
978,	3
979,	4
980,	8
981,	6
982,	5
983,	2
984,	3
985,	3
986,	7
987,	4
988,	4
989,	6
990,	1
991,	4
992,	1
993,	3
994,	7
995,	6
996,	9
997,	4
998,	5
999,	5
