Instance: /home/gabriel/Documents/ufrgs/courses/oc/trab/instances/cmb02
Vertices: 1000
Colors: 10
NumIterations: 100
Alpha: 0.850000
Is Factible?: true
Conflicts: 0
Solution Value: 539989.812500
Vertex,	Color
0,	2
1,	0
2,	1
3,	0
4,	1
5,	2
6,	1
7,	1
8,	0
9,	0
10,	1
11,	0
12,	0
13,	0
14,	1
15,	0
16,	0
17,	0
18,	1
19,	0
20,	3
21,	0
22,	1
23,	0
24,	2
25,	0
26,	0
27,	0
28,	1
29,	1
30,	0
31,	6
32,	1
33,	0
34,	2
35,	1
36,	1
37,	0
38,	0
39,	2
40,	2
41,	1
42,	0
43,	0
44,	1
45,	1
46,	0
47,	0
48,	0
49,	1
50,	0
51,	1
52,	2
53,	0
54,	3
55,	1
56,	1
57,	1
58,	0
59,	0
60,	0
61,	1
62,	0
63,	0
64,	3
65,	0
66,	0
67,	0
68,	1
69,	0
70,	0
71,	0
72,	0
73,	0
74,	3
75,	1
76,	0
77,	1
78,	0
79,	1
80,	1
81,	3
82,	1
83,	0
84,	0
85,	1
86,	0
87,	2
88,	0
89,	0
90,	0
91,	0
92,	0
93,	2
94,	1
95,	1
96,	4
97,	0
98,	1
99,	2
100,	1
101,	0
102,	0
103,	1
104,	1
105,	0
106,	0
107,	0
108,	1
109,	0
110,	2
111,	0
112,	3
113,	0
114,	0
115,	0
116,	0
117,	2
118,	0
119,	1
120,	0
121,	0
122,	0
123,	3
124,	5
125,	0
126,	0
127,	1
128,	0
129,	0
130,	1
131,	0
132,	0
133,	0
134,	0
135,	0
136,	1
137,	0
138,	1
139,	0
140,	0
141,	1
142,	0
143,	3
144,	3
145,	0
146,	0
147,	3
148,	1
149,	0
150,	1
151,	0
152,	0
153,	1
154,	0
155,	0
156,	0
157,	0
158,	1
159,	0
160,	1
161,	0
162,	2
163,	0
164,	0
165,	0
166,	2
167,	0
168,	0
169,	1
170,	0
171,	1
172,	1
173,	1
174,	0
175,	0
176,	0
177,	0
178,	0
179,	1
180,	0
181,	0
182,	0
183,	0
184,	1
185,	2
186,	0
187,	0
188,	0
189,	1
190,	0
191,	0
192,	1
193,	2
194,	0
195,	0
196,	2
197,	1
198,	0
199,	0
200,	1
201,	0
202,	0
203,	0
204,	1
205,	2
206,	0
207,	2
208,	1
209,	0
210,	3
211,	0
212,	4
213,	1
214,	1
215,	2
216,	2
217,	0
218,	0
219,	1
220,	1
221,	1
222,	0
223,	1
224,	1
225,	0
226,	2
227,	0
228,	1
229,	2
230,	1
231,	0
232,	0
233,	1
234,	3
235,	0
236,	2
237,	0
238,	4
239,	0
240,	1
241,	1
242,	0
243,	1
244,	0
245,	1
246,	0
247,	0
248,	1
249,	1
250,	2
251,	0
252,	0
253,	1
254,	1
255,	0
256,	2
257,	1
258,	0
259,	1
260,	1
261,	6
262,	4
263,	5
264,	4
265,	0
266,	1
267,	0
268,	3
269,	0
270,	0
271,	0
272,	2
273,	1
274,	1
275,	0
276,	3
277,	1
278,	1
279,	3
280,	1
281,	3
282,	3
283,	1
284,	2
285,	0
286,	1
287,	1
288,	0
289,	4
290,	2
291,	2
292,	1
293,	0
294,	2
295,	1
296,	0
297,	5
298,	3
299,	2
300,	2
301,	2
302,	0
303,	2
304,	2
305,	0
306,	7
307,	2
308,	1
309,	1
310,	1
311,	2
312,	1
313,	1
314,	1
315,	5
316,	0
317,	0
318,	0
319,	1
320,	1
321,	0
322,	2
323,	0
324,	2
325,	1
326,	1
327,	1
328,	1
329,	2
330,	2
331,	2
332,	1
333,	2
334,	0
335,	1
336,	1
337,	1
338,	4
339,	0
340,	2
341,	6
342,	2
343,	0
344,	3
345,	1
346,	2
347,	3
348,	3
349,	0
350,	0
351,	1
352,	2
353,	2
354,	1
355,	2
356,	4
357,	0
358,	0
359,	2
360,	1
361,	1
362,	2
363,	1
364,	3
365,	2
366,	0
367,	1
368,	3
369,	1
370,	2
371,	3
372,	4
373,	2
374,	5
375,	1
376,	0
377,	2
378,	0
379,	3
380,	2
381,	1
382,	2
383,	3
384,	1
385,	1
386,	2
387,	2
388,	1
389,	0
390,	1
391,	0
392,	1
393,	0
394,	2
395,	2
396,	1
397,	1
398,	1
399,	0
400,	0
401,	2
402,	3
403,	2
404,	0
405,	4
406,	2
407,	0
408,	0
409,	2
410,	4
411,	2
412,	4
413,	1
414,	2
415,	1
416,	2
417,	4
418,	0
419,	2
420,	1
421,	1
422,	2
423,	1
424,	3
425,	2
426,	2
427,	1
428,	3
429,	1
430,	0
431,	2
432,	4
433,	2
434,	1
435,	3
436,	0
437,	2
438,	2
439,	4
440,	1
441,	4
442,	3
443,	1
444,	2
445,	1
446,	1
447,	4
448,	2
449,	2
450,	2
451,	0
452,	1
453,	0
454,	1
455,	0
456,	2
457,	1
458,	2
459,	2
460,	5
461,	0
462,	2
463,	4
464,	3
465,	1
466,	0
467,	2
468,	2
469,	1
470,	3
471,	4
472,	1
473,	0
474,	4
475,	2
476,	3
477,	3
478,	2
479,	1
480,	3
481,	1
482,	2
483,	3
484,	2
485,	2
486,	3
487,	0
488,	2
489,	0
490,	2
491,	3
492,	2
493,	0
494,	0
495,	1
496,	6
497,	1
498,	4
499,	5
500,	2
501,	1
502,	4
503,	5
504,	7
505,	2
506,	7
507,	2
508,	1
509,	0
510,	1
511,	5
512,	1
513,	4
514,	1
515,	1
516,	5
517,	3
518,	3
519,	3
520,	0
521,	1
522,	4
523,	7
524,	4
525,	2
526,	3
527,	2
528,	0
529,	2
530,	2
531,	0
532,	5
533,	2
534,	2
535,	2
536,	2
537,	0
538,	2
539,	3
540,	3
541,	2
542,	0
543,	4
544,	2
545,	3
546,	1
547,	3
548,	3
549,	0
550,	3
551,	2
552,	2
553,	2
554,	5
555,	3
556,	1
557,	2
558,	3
559,	1
560,	2
561,	2
562,	2
563,	4
564,	5
565,	3
566,	5
567,	1
568,	3
569,	3
570,	2
571,	0
572,	2
573,	3
574,	2
575,	2
576,	6
577,	2
578,	5
579,	1
580,	2
581,	2
582,	3
583,	0
584,	1
585,	3
586,	1
587,	1
588,	1
589,	2
590,	4
591,	3
592,	1
593,	1
594,	1
595,	3
596,	0
597,	2
598,	5
599,	4
600,	5
601,	3
602,	5
603,	2
604,	1
605,	3
606,	3
607,	4
608,	2
609,	6
610,	3
611,	3
612,	1
613,	1
614,	4
615,	3
616,	4
617,	3
618,	0
619,	4
620,	6
621,	0
622,	3
623,	1
624,	2
625,	4
626,	3
627,	4
628,	2
629,	3
630,	2
631,	4
632,	5
633,	3
634,	3
635,	3
636,	0
637,	8
638,	7
639,	1
640,	3
641,	2
642,	0
643,	3
644,	1
645,	5
646,	4
647,	4
648,	1
649,	2
650,	2
651,	4
652,	2
653,	2
654,	3
655,	2
656,	2
657,	3
658,	4
659,	3
660,	2
661,	0
662,	3
663,	3
664,	2
665,	0
666,	1
667,	7
668,	3
669,	1
670,	4
671,	1
672,	1
673,	3
674,	5
675,	0
676,	3
677,	4
678,	2
679,	5
680,	4
681,	5
682,	3
683,	0
684,	3
685,	4
686,	5
687,	4
688,	2
689,	5
690,	4
691,	3
692,	3
693,	1
694,	6
695,	0
696,	3
697,	5
698,	5
699,	4
700,	3
701,	1
702,	1
703,	4
704,	4
705,	7
706,	2
707,	3
708,	4
709,	4
710,	0
711,	6
712,	4
713,	3
714,	0
715,	3
716,	0
717,	1
718,	3
719,	4
720,	1
721,	3
722,	0
723,	3
724,	5
725,	5
726,	4
727,	2
728,	6
729,	2
730,	4
731,	3
732,	3
733,	6
734,	2
735,	1
736,	0
737,	2
738,	1
739,	6
740,	4
741,	0
742,	4
743,	3
744,	7
745,	5
746,	0
747,	5
748,	4
749,	3
750,	6
751,	4
752,	4
753,	5
754,	1
755,	2
756,	5
757,	1
758,	2
759,	1
760,	2
761,	5
762,	4
763,	2
764,	2
765,	6
766,	3
767,	4
768,	3
769,	2
770,	0
771,	0
772,	1
773,	2
774,	4
775,	2
776,	4
777,	4
778,	4
779,	0
780,	4
781,	3
782,	8
783,	8
784,	1
785,	3
786,	1
787,	4
788,	3
789,	6
790,	3
791,	4
792,	6
793,	0
794,	6
795,	3
796,	1
797,	5
798,	0
799,	6
800,	3
801,	6
802,	0
803,	1
804,	7
805,	4
806,	2
807,	2
808,	3
809,	7
810,	4
811,	3
812,	2
813,	5
814,	1
815,	4
816,	5
817,	4
818,	3
819,	0
820,	4
821,	3
822,	1
823,	0
824,	1
825,	5
826,	1
827,	3
828,	1
829,	3
830,	3
831,	2
832,	4
833,	4
834,	1
835,	0
836,	7
837,	2
838,	5
839,	5
840,	1
841,	0
842,	4
843,	3
844,	5
845,	2
846,	1
847,	2
848,	2
849,	6
850,	3
851,	4
852,	3
853,	3
854,	5
855,	7
856,	4
857,	5
858,	2
859,	2
860,	4
861,	6
862,	3
863,	2
864,	4
865,	5
866,	2
867,	0
868,	6
869,	6
870,	4
871,	3
872,	5
873,	2
874,	4
875,	5
876,	4
877,	3
878,	5
879,	5
880,	1
881,	5
882,	4
883,	0
884,	5
885,	5
886,	4
887,	1
888,	4
889,	1
890,	3
891,	5
892,	2
893,	3
894,	1
895,	3
896,	6
897,	5
898,	2
899,	1
900,	2
901,	4
902,	3
903,	2
904,	1
905,	2
906,	6
907,	3
908,	4
909,	8
910,	5
911,	6
912,	0
913,	1
914,	5
915,	3
916,	4
917,	3
918,	3
919,	6
920,	7
921,	4
922,	1
923,	5
924,	5
925,	3
926,	5
927,	0
928,	8
929,	3
930,	6
931,	1
932,	2
933,	2
934,	3
935,	5
936,	5
937,	5
938,	9
939,	4
940,	1
941,	2
942,	3
943,	1
944,	5
945,	0
946,	6
947,	3
948,	5
949,	5
950,	5
951,	3
952,	6
953,	4
954,	3
955,	5
956,	4
957,	1
958,	8
959,	2
960,	6
961,	1
962,	3
963,	6
964,	4
965,	3
966,	3
967,	2
968,	9
969,	4
970,	3
971,	4
972,	3
973,	1
974,	4
975,	4
976,	0
977,	3
978,	3
979,	4
980,	7
981,	7
982,	6
983,	2
984,	3
985,	0
986,	7
987,	3
988,	4
989,	6
990,	2
991,	5
992,	0
993,	4
994,	7
995,	8
996,	9
997,	4
998,	4
999,	3
