Instance: /home/gabriel/Documents/ufrgs/courses/oc/trab/instances/cmb02
Vertices: 1000
Colors: 10
NumIterations: 1
Alpha: 0.050000
Is Factible?: true
Conflicts: 0
Solution Value: 558507.250000
Vertex,	Color
0,	0
1,	0
2,	0
3,	0
4,	1
5,	1
6,	0
7,	4
8,	0
9,	0
10,	1
11,	0
12,	0
13,	0
14,	1
15,	0
16,	1
17,	0
18,	0
19,	0
20,	1
21,	0
22,	0
23,	0
24,	0
25,	0
26,	0
27,	1
28,	0
29,	0
30,	1
31,	2
32,	0
33,	0
34,	0
35,	1
36,	0
37,	0
38,	1
39,	0
40,	1
41,	1
42,	0
43,	0
44,	8
45,	0
46,	0
47,	0
48,	0
49,	0
50,	0
51,	1
52,	0
53,	0
54,	1
55,	0
56,	1
57,	1
58,	0
59,	0
60,	0
61,	1
62,	0
63,	0
64,	0
65,	0
66,	0
67,	0
68,	1
69,	0
70,	0
71,	0
72,	0
73,	0
74,	0
75,	1
76,	0
77,	1
78,	0
79,	0
80,	0
81,	2
82,	0
83,	1
84,	2
85,	1
86,	1
87,	3
88,	0
89,	0
90,	0
91,	0
92,	0
93,	1
94,	0
95,	2
96,	1
97,	0
98,	1
99,	0
100,	1
101,	0
102,	0
103,	1
104,	0
105,	0
106,	1
107,	0
108,	1
109,	0
110,	2
111,	0
112,	0
113,	0
114,	0
115,	1
116,	0
117,	1
118,	1
119,	1
120,	0
121,	0
122,	1
123,	2
124,	0
125,	1
126,	0
127,	0
128,	0
129,	0
130,	1
131,	0
132,	0
133,	0
134,	0
135,	0
136,	1
137,	0
138,	1
139,	0
140,	0
141,	0
142,	2
143,	2
144,	2
145,	0
146,	4
147,	2
148,	6
149,	1
150,	2
151,	0
152,	2
153,	0
154,	0
155,	1
156,	3
157,	0
158,	2
159,	0
160,	1
161,	1
162,	1
163,	2
164,	1
165,	0
166,	3
167,	0
168,	0
169,	1
170,	0
171,	3
172,	0
173,	3
174,	2
175,	2
176,	0
177,	0
178,	0
179,	1
180,	0
181,	0
182,	0
183,	0
184,	0
185,	2
186,	0
187,	0
188,	0
189,	1
190,	0
191,	1
192,	1
193,	2
194,	1
195,	1
196,	1
197,	1
198,	0
199,	0
200,	1
201,	0
202,	1
203,	0
204,	1
205,	6
206,	1
207,	1
208,	1
209,	0
210,	3
211,	1
212,	2
213,	2
214,	1
215,	1
216,	2
217,	3
218,	0
219,	1
220,	0
221,	1
222,	0
223,	1
224,	1
225,	0
226,	1
227,	0
228,	1
229,	2
230,	1
231,	0
232,	0
233,	1
234,	2
235,	0
236,	3
237,	1
238,	3
239,	0
240,	1
241,	2
242,	0
243,	1
244,	0
245,	1
246,	0
247,	0
248,	1
249,	1
250,	1
251,	1
252,	0
253,	2
254,	1
255,	0
256,	2
257,	2
258,	0
259,	1
260,	0
261,	3
262,	5
263,	5
264,	2
265,	0
266,	1
267,	1
268,	3
269,	2
270,	1
271,	0
272,	1
273,	1
274,	2
275,	3
276,	1
277,	1
278,	1
279,	3
280,	0
281,	3
282,	2
283,	1
284,	2
285,	0
286,	1
287,	0
288,	3
289,	2
290,	2
291,	2
292,	1
293,	1
294,	2
295,	2
296,	0
297,	6
298,	3
299,	3
300,	3
301,	2
302,	0
303,	4
304,	2
305,	1
306,	7
307,	1
308,	1
309,	1
310,	0
311,	3
312,	0
313,	0
314,	1
315,	5
316,	1
317,	0
318,	0
319,	0
320,	1
321,	1
322,	1
323,	1
324,	2
325,	0
326,	1
327,	1
328,	1
329,	1
330,	2
331,	2
332,	0
333,	2
334,	0
335,	3
336,	0
337,	2
338,	4
339,	0
340,	2
341,	8
342,	3
343,	2
344,	3
345,	1
346,	1
347,	3
348,	1
349,	0
350,	2
351,	1
352,	1
353,	1
354,	2
355,	2
356,	4
357,	0
358,	0
359,	2
360,	1
361,	1
362,	2
363,	1
364,	3
365,	2
366,	0
367,	1
368,	3
369,	2
370,	2
371,	4
372,	4
373,	2
374,	4
375,	0
376,	0
377,	2
378,	2
379,	4
380,	3
381,	2
382,	1
383,	1
384,	1
385,	1
386,	2
387,	4
388,	0
389,	0
390,	1
391,	2
392,	1
393,	0
394,	2
395,	3
396,	2
397,	1
398,	1
399,	0
400,	0
401,	2
402,	2
403,	0
404,	2
405,	2
406,	2
407,	0
408,	2
409,	3
410,	4
411,	2
412,	3
413,	1
414,	2
415,	1
416,	1
417,	2
418,	0
419,	2
420,	1
421,	1
422,	2
423,	0
424,	4
425,	2
426,	2
427,	0
428,	3
429,	1
430,	0
431,	2
432,	3
433,	2
434,	2
435,	3
436,	0
437,	3
438,	2
439,	3
440,	0
441,	4
442,	3
443,	2
444,	2
445,	1
446,	2
447,	5
448,	2
449,	2
450,	2
451,	0
452,	2
453,	0
454,	1
455,	2
456,	2
457,	0
458,	3
459,	4
460,	5
461,	0
462,	2
463,	3
464,	3
465,	1
466,	0
467,	2
468,	2
469,	2
470,	2
471,	5
472,	1
473,	0
474,	2
475,	2
476,	1
477,	2
478,	3
479,	2
480,	4
481,	1
482,	2
483,	2
484,	1
485,	2
486,	2
487,	0
488,	2
489,	3
490,	1
491,	3
492,	2
493,	2
494,	0
495,	0
496,	4
497,	1
498,	4
499,	5
500,	2
501,	2
502,	2
503,	3
504,	6
505,	3
506,	4
507,	2
508,	0
509,	0
510,	1
511,	7
512,	1
513,	5
514,	2
515,	3
516,	5
517,	4
518,	3
519,	3
520,	0
521,	1
522,	3
523,	5
524,	0
525,	2
526,	3
527,	2
528,	1
529,	3
530,	2
531,	0
532,	5
533,	1
534,	2
535,	2
536,	1
537,	0
538,	0
539,	3
540,	0
541,	2
542,	0
543,	4
544,	1
545,	2
546,	1
547,	6
548,	1
549,	0
550,	3
551,	1
552,	3
553,	0
554,	4
555,	3
556,	1
557,	3
558,	3
559,	1
560,	2
561,	2
562,	3
563,	1
564,	4
565,	3
566,	6
567,	2
568,	3
569,	3
570,	1
571,	3
572,	2
573,	3
574,	3
575,	5
576,	4
577,	2
578,	4
579,	1
580,	1
581,	2
582,	4
583,	0
584,	2
585,	3
586,	1
587,	4
588,	1
589,	2
590,	4
591,	3
592,	1
593,	1
594,	1
595,	5
596,	1
597,	2
598,	5
599,	4
600,	4
601,	3
602,	5
603,	2
604,	1
605,	4
606,	5
607,	4
608,	2
609,	5
610,	3
611,	3
612,	1
613,	0
614,	3
615,	2
616,	4
617,	1
618,	1
619,	5
620,	8
621,	0
622,	3
623,	0
624,	2
625,	4
626,	3
627,	4
628,	3
629,	3
630,	1
631,	6
632,	6
633,	4
634,	3
635,	0
636,	1
637,	9
638,	3
639,	1
640,	0
641,	2
642,	1
643,	3
644,	2
645,	5
646,	4
647,	4
648,	2
649,	2
650,	2
651,	4
652,	2
653,	1
654,	3
655,	4
656,	2
657,	2
658,	4
659,	5
660,	2
661,	3
662,	3
663,	1
664,	4
665,	1
666,	1
667,	6
668,	3
669,	1
670,	2
671,	1
672,	1
673,	3
674,	5
675,	0
676,	3
677,	2
678,	2
679,	5
680,	4
681,	5
682,	0
683,	0
684,	3
685,	4
686,	5
687,	4
688,	2
689,	5
690,	3
691,	3
692,	4
693,	1
694,	6
695,	4
696,	3
697,	4
698,	4
699,	5
700,	3
701,	2
702,	1
703,	4
704,	4
705,	7
706,	3
707,	3
708,	2
709,	4
710,	0
711,	6
712,	4
713,	3
714,	0
715,	2
716,	1
717,	2
718,	5
719,	4
720,	2
721,	2
722,	0
723,	3
724,	5
725,	4
726,	4
727,	2
728,	6
729,	1
730,	4
731,	2
732,	0
733,	5
734,	3
735,	1
736,	2
737,	1
738,	6
739,	6
740,	4
741,	0
742,	4
743,	3
744,	7
745,	5
746,	0
747,	3
748,	4
749,	3
750,	7
751,	4
752,	4
753,	5
754,	0
755,	2
756,	5
757,	1
758,	2
759,	1
760,	4
761,	5
762,	4
763,	2
764,	1
765,	6
766,	3
767,	4
768,	3
769,	2
770,	1
771,	0
772,	5
773,	3
774,	4
775,	7
776,	3
777,	1
778,	4
779,	3
780,	4
781,	3
782,	9
783,	8
784,	1
785,	3
786,	1
787,	5
788,	3
789,	6
790,	4
791,	5
792,	6
793,	0
794,	6
795,	3
796,	3
797,	4
798,	2
799,	6
800,	3
801,	6
802,	1
803,	3
804,	7
805,	4
806,	2
807,	2
808,	3
809,	6
810,	4
811,	3
812,	2
813,	6
814,	1
815,	4
816,	4
817,	4
818,	2
819,	0
820,	2
821,	2
822,	2
823,	0
824,	1
825,	7
826,	3
827,	3
828,	2
829,	2
830,	0
831,	2
832,	4
833,	5
834,	1
835,	0
836,	7
837,	2
838,	6
839,	5
840,	1
841,	0
842,	4
843,	3
844,	5
845,	3
846,	3
847,	4
848,	2
849,	8
850,	3
851,	6
852,	3
853,	3
854,	6
855,	7
856,	4
857,	4
858,	0
859,	2
860,	3
861,	6
862,	2
863,	2
864,	4
865,	5
866,	0
867,	4
868,	6
869,	2
870,	4
871,	4
872,	5
873,	2
874,	2
875,	5
876,	3
877,	3
878,	1
879,	5
880,	5
881,	6
882,	4
883,	0
884,	5
885,	2
886,	4
887,	1
888,	3
889,	0
890,	3
891,	4
892,	4
893,	3
894,	1
895,	3
896,	6
897,	5
898,	2
899,	2
900,	2
901,	4
902,	3
903,	3
904,	1
905,	2
906,	5
907,	3
908,	4
909,	5
910,	5
911,	6
912,	0
913,	1
914,	5
915,	3
916,	4
917,	4
918,	3
919,	6
920,	7
921,	2
922,	2
923,	5
924,	6
925,	3
926,	5
927,	4
928,	8
929,	4
930,	6
931,	1
932,	2
933,	2
934,	4
935,	5
936,	5
937,	5
938,	9
939,	4
940,	3
941,	6
942,	4
943,	7
944,	4
945,	0
946,	3
947,	3
948,	5
949,	5
950,	5
951,	3
952,	6
953,	5
954,	3
955,	4
956,	5
957,	1
958,	8
959,	2
960,	5
961,	1
962,	5
963,	2
964,	3
965,	3
966,	3
967,	3
968,	0
969,	4
970,	3
971,	3
972,	3
973,	0
974,	4
975,	4
976,	0
977,	3
978,	3
979,	3
980,	7
981,	3
982,	5
983,	2
984,	1
985,	2
986,	7
987,	4
988,	4
989,	6
990,	3
991,	5
992,	0
993,	4
994,	7
995,	8
996,	0
997,	5
998,	5
999,	3
