Instance: /home/gabriel/Documents/ufrgs/courses/oc/trab/instances/cmb02
Vertices: 1000
Colors: 10
NumIterations: 100
Alpha: 0.850000
Is Factible?: true
Conflicts: 0
Solution Value: 523998.250000
Vertex,	Color
0,	1
1,	0
2,	0
3,	0
4,	4
5,	3
6,	0
7,	0
8,	1
9,	0
10,	0
11,	0
12,	0
13,	1
14,	1
15,	0
16,	1
17,	0
18,	2
19,	0
20,	0
21,	1
22,	0
23,	0
24,	0
25,	0
26,	0
27,	1
28,	1
29,	2
30,	0
31,	2
32,	2
33,	0
34,	0
35,	0
36,	0
37,	0
38,	0
39,	2
40,	2
41,	2
42,	1
43,	0
44,	4
45,	2
46,	2
47,	0
48,	0
49,	1
50,	1
51,	1
52,	1
53,	2
54,	2
55,	0
56,	0
57,	3
58,	2
59,	0
60,	1
61,	2
62,	1
63,	0
64,	0
65,	0
66,	0
67,	0
68,	0
69,	0
70,	1
71,	0
72,	0
73,	0
74,	0
75,	3
76,	0
77,	1
78,	0
79,	0
80,	0
81,	0
82,	0
83,	0
84,	0
85,	0
86,	2
87,	1
88,	0
89,	0
90,	1
91,	0
92,	0
93,	0
94,	1
95,	2
96,	0
97,	0
98,	0
99,	0
100,	2
101,	2
102,	0
103,	0
104,	0
105,	0
106,	1
107,	0
108,	0
109,	0
110,	2
111,	0
112,	4
113,	2
114,	0
115,	3
116,	0
117,	0
118,	2
119,	0
120,	1
121,	0
122,	0
123,	3
124,	0
125,	0
126,	1
127,	2
128,	0
129,	0
130,	1
131,	0
132,	0
133,	0
134,	0
135,	0
136,	1
137,	1
138,	2
139,	1
140,	0
141,	0
142,	1
143,	1
144,	1
145,	0
146,	6
147,	1
148,	1
149,	0
150,	1
151,	0
152,	2
153,	0
154,	1
155,	1
156,	2
157,	0
158,	3
159,	0
160,	0
161,	1
162,	4
163,	2
164,	0
165,	1
166,	1
167,	0
168,	0
169,	0
170,	0
171,	1
172,	1
173,	1
174,	3
175,	1
176,	1
177,	0
178,	0
179,	1
180,	0
181,	0
182,	0
183,	0
184,	0
185,	3
186,	0
187,	1
188,	0
189,	0
190,	0
191,	0
192,	0
193,	1
194,	2
195,	0
196,	2
197,	2
198,	0
199,	0
200,	1
201,	0
202,	0
203,	1
204,	2
205,	2
206,	1
207,	1
208,	1
209,	1
210,	3
211,	1
212,	2
213,	1
214,	1
215,	2
216,	2
217,	2
218,	0
219,	1
220,	0
221,	1
222,	0
223,	1
224,	1
225,	0
226,	1
227,	0
228,	0
229,	1
230,	1
231,	0
232,	0
233,	1
234,	3
235,	0
236,	4
237,	2
238,	1
239,	0
240,	1
241,	1
242,	0
243,	2
244,	0
245,	1
246,	0
247,	0
248,	3
249,	1
250,	1
251,	2
252,	0
253,	0
254,	1
255,	0
256,	1
257,	3
258,	0
259,	0
260,	0
261,	5
262,	4
263,	1
264,	3
265,	0
266,	3
267,	1
268,	1
269,	2
270,	1
271,	3
272,	2
273,	1
274,	0
275,	4
276,	2
277,	1
278,	2
279,	2
280,	1
281,	1
282,	4
283,	1
284,	2
285,	0
286,	2
287,	1
288,	3
289,	3
290,	1
291,	3
292,	1
293,	0
294,	2
295,	1
296,	0
297,	5
298,	3
299,	1
300,	2
301,	2
302,	0
303,	3
304,	2
305,	0
306,	6
307,	2
308,	1
309,	1
310,	0
311,	2
312,	0
313,	0
314,	1
315,	3
316,	1
317,	0
318,	0
319,	1
320,	1
321,	0
322,	1
323,	1
324,	1
325,	1
326,	4
327,	1
328,	1
329,	1
330,	1
331,	2
332,	1
333,	2
334,	0
335,	3
336,	2
337,	1
338,	5
339,	0
340,	1
341,	7
342,	3
343,	1
344,	3
345,	1
346,	1
347,	3
348,	2
349,	0
350,	1
351,	0
352,	2
353,	3
354,	0
355,	1
356,	4
357,	0
358,	0
359,	2
360,	1
361,	1
362,	1
363,	1
364,	2
365,	1
366,	0
367,	0
368,	2
369,	0
370,	1
371,	2
372,	4
373,	2
374,	5
375,	2
376,	0
377,	2
378,	0
379,	3
380,	3
381,	1
382,	2
383,	1
384,	1
385,	1
386,	3
387,	4
388,	0
389,	1
390,	2
391,	0
392,	1
393,	2
394,	2
395,	2
396,	2
397,	1
398,	1
399,	0
400,	0
401,	2
402,	0
403,	1
404,	2
405,	3
406,	2
407,	0
408,	1
409,	3
410,	4
411,	1
412,	3
413,	1
414,	1
415,	1
416,	1
417,	4
418,	0
419,	2
420,	1
421,	1
422,	2
423,	0
424,	3
425,	2
426,	3
427,	0
428,	3
429,	1
430,	0
431,	1
432,	4
433,	2
434,	1
435,	4
436,	0
437,	2
438,	2
439,	4
440,	1
441,	4
442,	3
443,	2
444,	2
445,	1
446,	1
447,	5
448,	1
449,	1
450,	2
451,	1
452,	2
453,	0
454,	2
455,	1
456,	2
457,	5
458,	3
459,	4
460,	3
461,	0
462,	2
463,	3
464,	7
465,	1
466,	0
467,	2
468,	2
469,	0
470,	4
471,	4
472,	3
473,	0
474,	4
475,	2
476,	2
477,	1
478,	0
479,	2
480,	3
481,	0
482,	0
483,	2
484,	3
485,	2
486,	2
487,	0
488,	1
489,	2
490,	2
491,	4
492,	2
493,	2
494,	0
495,	0
496,	6
497,	1
498,	5
499,	5
500,	2
501,	1
502,	3
503,	3
504,	7
505,	3
506,	2
507,	2
508,	0
509,	0
510,	1
511,	6
512,	1
513,	5
514,	2
515,	1
516,	4
517,	4
518,	5
519,	3
520,	0
521,	1
522,	2
523,	4
524,	4
525,	2
526,	4
527,	2
528,	2
529,	4
530,	2
531,	0
532,	5
533,	2
534,	3
535,	2
536,	1
537,	0
538,	1
539,	3
540,	2
541,	1
542,	0
543,	5
544,	2
545,	2
546,	1
547,	6
548,	2
549,	0
550,	3
551,	2
552,	2
553,	1
554,	3
555,	3
556,	1
557,	2
558,	3
559,	1
560,	2
561,	2
562,	2
563,	4
564,	4
565,	3
566,	5
567,	0
568,	0
569,	3
570,	1
571,	3
572,	2
573,	3
574,	3
575,	2
576,	4
577,	2
578,	3
579,	0
580,	1
581,	2
582,	4
583,	0
584,	1
585,	3
586,	2
587,	3
588,	1
589,	1
590,	4
591,	3
592,	0
593,	1
594,	2
595,	5
596,	2
597,	4
598,	5
599,	4
600,	6
601,	3
602,	5
603,	2
604,	1
605,	3
606,	6
607,	4
608,	2
609,	5
610,	3
611,	3
612,	1
613,	0
614,	3
615,	4
616,	4
617,	3
618,	1
619,	4
620,	9
621,	3
622,	2
623,	0
624,	1
625,	5
626,	3
627,	3
628,	2
629,	2
630,	0
631,	6
632,	5
633,	3
634,	2
635,	3
636,	1
637,	8
638,	3
639,	1
640,	3
641,	2
642,	0
643,	3
644,	2
645,	5
646,	4
647,	5
648,	1
649,	1
650,	3
651,	4
652,	3
653,	1
654,	3
655,	4
656,	2
657,	3
658,	4
659,	3
660,	2
661,	3
662,	2
663,	1
664,	4
665,	0
666,	1
667,	6
668,	3
669,	1
670,	2
671,	0
672,	2
673,	3
674,	5
675,	3
676,	3
677,	2
678,	2
679,	5
680,	2
681,	6
682,	4
683,	0
684,	4
685,	2
686,	4
687,	3
688,	2
689,	4
690,	4
691,	3
692,	3
693,	0
694,	5
695,	3
696,	4
697,	6
698,	5
699,	5
700,	3
701,	1
702,	2
703,	0
704,	5
705,	7
706,	3
707,	3
708,	2
709,	4
710,	0
711,	6
712,	4
713,	4
714,	4
715,	1
716,	7
717,	2
718,	5
719,	4
720,	2
721,	1
722,	1
723,	3
724,	4
725,	5
726,	4
727,	2
728,	6
729,	2
730,	5
731,	2
732,	0
733,	6
734,	3
735,	2
736,	2
737,	2
738,	8
739,	6
740,	4
741,	0
742,	3
743,	4
744,	5
745,	5
746,	2
747,	1
748,	4
749,	3
750,	7
751,	4
752,	4
753,	5
754,	1
755,	2
756,	5
757,	1
758,	2
759,	1
760,	4
761,	4
762,	4
763,	1
764,	1
765,	6
766,	3
767,	4
768,	3
769,	1
770,	1
771,	0
772,	5
773,	3
774,	4
775,	2
776,	4
777,	4
778,	4
779,	0
780,	5
781,	3
782,	8
783,	8
784,	1
785,	3
786,	1
787,	4
788,	3
789,	6
790,	4
791,	3
792,	6
793,	0
794,	6
795,	3
796,	1
797,	4
798,	2
799,	7
800,	3
801,	5
802,	2
803,	3
804,	7
805,	4
806,	2
807,	2
808,	3
809,	7
810,	4
811,	2
812,	2
813,	5
814,	2
815,	4
816,	4
817,	4
818,	2
819,	0
820,	3
821,	2
822,	1
823,	0
824,	4
825,	7
826,	3
827,	3
828,	1
829,	2
830,	3
831,	2
832,	4
833,	6
834,	1
835,	0
836,	7
837,	2
838,	6
839,	5
840,	2
841,	0
842,	3
843,	4
844,	4
845,	3
846,	1
847,	4
848,	2
849,	9
850,	3
851,	7
852,	3
853,	3
854,	5
855,	6
856,	3
857,	4
858,	0
859,	1
860,	5
861,	7
862,	3
863,	2
864,	4
865,	5
866,	2
867,	3
868,	6
869,	6
870,	4
871,	3
872,	5
873,	2
874,	5
875,	4
876,	2
877,	3
878,	1
879,	6
880,	2
881,	5
882,	4
883,	0
884,	5
885,	5
886,	4
887,	2
888,	4
889,	0
890,	3
891,	4
892,	4
893,	3
894,	3
895,	4
896,	6
897,	5
898,	0
899,	1
900,	1
901,	4
902,	3
903,	3
904,	1
905,	2
906,	6
907,	3
908,	4
909,	6
910,	5
911,	6
912,	0
913,	1
914,	0
915,	3
916,	4
917,	3
918,	3
919,	6
920,	8
921,	2
922,	2
923,	5
924,	5
925,	3
926,	5
927,	4
928,	8
929,	3
930,	4
931,	1
932,	5
933,	2
934,	1
935,	5
936,	4
937,	5
938,	9
939,	2
940,	3
941,	2
942,	3
943,	7
944,	4
945,	2
946,	6
947,	4
948,	5
949,	5
950,	5
951,	2
952,	6
953,	5
954,	3
955,	3
956,	3
957,	1
958,	8
959,	2
960,	5
961,	2
962,	2
963,	6
964,	4
965,	3
966,	3
967,	2
968,	0
969,	6
970,	3
971,	5
972,	3
973,	0
974,	4
975,	4
976,	0
977,	3
978,	3
979,	2
980,	8
981,	5
982,	6
983,	2
984,	0
985,	2
986,	7
987,	4
988,	4
989,	6
990,	3
991,	5
992,	0
993,	5
994,	7
995,	7
996,	9
997,	5
998,	4
999,	1
