Instance: /home/gabriel/Documents/ufrgs/courses/oc/trab/instances/cmb02
Vertices: 1000
Colors: 10
NumIterations: 1
Alpha: 0.500000
Is Factible?: true
Conflicts: 0
Solution Value: 754520.187500
Vertex,	Color
0,	6
1,	3
2,	5
3,	9
4,	2
5,	9
6,	7
7,	1
8,	4
9,	4
10,	7
11,	0
12,	3
13,	2
14,	3
15,	3
16,	4
17,	4
18,	5
19,	0
20,	6
21,	4
22,	5
23,	0
24,	8
25,	4
26,	5
27,	6
28,	1
29,	1
30,	3
31,	6
32,	4
33,	1
34,	6
35,	5
36,	1
37,	0
38,	6
39,	3
40,	3
41,	3
42,	2
43,	3
44,	1
45,	0
46,	4
47,	2
48,	4
49,	6
50,	5
51,	2
52,	3
53,	4
54,	5
55,	5
56,	4
57,	6
58,	4
59,	4
60,	4
61,	2
62,	5
63,	6
64,	6
65,	1
66,	0
67,	1
68,	4
69,	2
70,	3
71,	0
72,	5
73,	3
74,	5
75,	0
76,	2
77,	2
78,	3
79,	4
80,	5
81,	0
82,	3
83,	4
84,	1
85,	1
86,	1
87,	7
88,	7
89,	2
90,	2
91,	1
92,	4
93,	2
94,	3
95,	6
96,	7
97,	3
98,	4
99,	6
100,	3
101,	4
102,	2
103,	1
104,	7
105,	7
106,	7
107,	4
108,	0
109,	4
110,	0
111,	0
112,	2
113,	1
114,	3
115,	4
116,	3
117,	1
118,	4
119,	7
120,	1
121,	1
122,	4
123,	2
124,	5
125,	3
126,	2
127,	5
128,	4
129,	0
130,	1
131,	1
132,	0
133,	7
134,	4
135,	2
136,	5
137,	7
138,	0
139,	0
140,	0
141,	3
142,	2
143,	0
144,	2
145,	3
146,	5
147,	2
148,	5
149,	6
150,	0
151,	4
152,	3
153,	4
154,	8
155,	0
156,	3
157,	2
158,	3
159,	3
160,	2
161,	2
162,	1
163,	2
164,	0
165,	5
166,	3
167,	2
168,	3
169,	1
170,	1
171,	0
172,	0
173,	8
174,	4
175,	0
176,	5
177,	3
178,	0
179,	1
180,	0
181,	1
182,	1
183,	0
184,	1
185,	3
186,	5
187,	2
188,	4
189,	4
190,	3
191,	1
192,	6
193,	0
194,	2
195,	0
196,	5
197,	0
198,	1
199,	6
200,	2
201,	0
202,	3
203,	5
204,	4
205,	4
206,	4
207,	1
208,	1
209,	2
210,	3
211,	5
212,	3
213,	5
214,	1
215,	0
216,	0
217,	3
218,	2
219,	4
220,	1
221,	1
222,	0
223,	1
224,	1
225,	2
226,	2
227,	1
228,	0
229,	1
230,	0
231,	2
232,	2
233,	1
234,	2
235,	7
236,	2
237,	0
238,	1
239,	1
240,	2
241,	2
242,	0
243,	3
244,	2
245,	2
246,	3
247,	0
248,	5
249,	1
250,	4
251,	1
252,	1
253,	2
254,	1
255,	4
256,	0
257,	1
258,	0
259,	0
260,	2
261,	1
262,	7
263,	0
264,	0
265,	4
266,	4
267,	2
268,	3
269,	4
270,	4
271,	1
272,	4
273,	4
274,	1
275,	6
276,	3
277,	1
278,	0
279,	2
280,	0
281,	5
282,	2
283,	2
284,	0
285,	3
286,	1
287,	1
288,	0
289,	1
290,	0
291,	2
292,	0
293,	0
294,	1
295,	6
296,	0
297,	5
298,	0
299,	0
300,	0
301,	4
302,	0
303,	0
304,	5
305,	3
306,	0
307,	2
308,	0
309,	5
310,	1
311,	0
312,	1
313,	6
314,	0
315,	1
316,	2
317,	3
318,	1
319,	5
320,	1
321,	3
322,	0
323,	0
324,	2
325,	1
326,	1
327,	0
328,	1
329,	2
330,	7
331,	1
332,	4
333,	1
334,	4
335,	5
336,	4
337,	7
338,	4
339,	1
340,	1
341,	4
342,	1
343,	1
344,	3
345,	2
346,	5
347,	6
348,	1
349,	0
350,	0
351,	0
352,	0
353,	0
354,	0
355,	3
356,	4
357,	4
358,	6
359,	0
360,	0
361,	2
362,	1
363,	0
364,	2
365,	1
366,	1
367,	1
368,	0
369,	1
370,	1
371,	4
372,	1
373,	1
374,	0
375,	0
376,	1
377,	0
378,	1
379,	2
380,	2
381,	2
382,	5
383,	2
384,	8
385,	0
386,	0
387,	3
388,	3
389,	1
390,	1
391,	0
392,	1
393,	1
394,	1
395,	4
396,	1
397,	1
398,	0
399,	3
400,	0
401,	2
402,	0
403,	0
404,	0
405,	2
406,	1
407,	0
408,	1
409,	1
410,	0
411,	0
412,	0
413,	2
414,	1
415,	0
416,	1
417,	1
418,	3
419,	2
420,	0
421,	0
422,	1
423,	1
424,	7
425,	1
426,	0
427,	0
428,	0
429,	0
430,	0
431,	0
432,	3
433,	0
434,	1
435,	2
436,	0
437,	0
438,	1
439,	0
440,	2
441,	4
442,	1
443,	3
444,	1
445,	0
446,	1
447,	4
448,	0
449,	0
450,	8
451,	3
452,	7
453,	1
454,	0
455,	0
456,	3
457,	1
458,	1
459,	8
460,	0
461,	0
462,	0
463,	4
464,	3
465,	0
466,	3
467,	0
468,	1
469,	0
470,	4
471,	1
472,	0
473,	2
474,	2
475,	2
476,	1
477,	3
478,	0
479,	1
480,	1
481,	0
482,	1
483,	0
484,	5
485,	0
486,	1
487,	0
488,	2
489,	0
490,	0
491,	2
492,	1
493,	0
494,	0
495,	3
496,	4
497,	1
498,	2
499,	2
500,	0
501,	0
502,	0
503,	1
504,	1
505,	0
506,	4
507,	0
508,	0
509,	1
510,	1
511,	2
512,	0
513,	7
514,	1
515,	2
516,	3
517,	3
518,	1
519,	2
520,	4
521,	0
522,	3
523,	1
524,	3
525,	0
526,	1
527,	0
528,	1
529,	0
530,	0
531,	4
532,	4
533,	2
534,	0
535,	0
536,	0
537,	0
538,	1
539,	3
540,	0
541,	1
542,	3
543,	0
544,	0
545,	1
546,	0
547,	2
548,	1
549,	0
550,	0
551,	1
552,	0
553,	0
554,	3
555,	1
556,	0
557,	2
558,	0
559,	1
560,	2
561,	1
562,	4
563,	0
564,	1
565,	2
566,	2
567,	0
568,	1
569,	2
570,	2
571,	1
572,	0
573,	1
574,	2
575,	2
576,	4
577,	0
578,	4
579,	1
580,	0
581,	1
582,	3
583,	1
584,	1
585,	4
586,	1
587,	1
588,	0
589,	1
590,	3
591,	2
592,	0
593,	0
594,	0
595,	2
596,	1
597,	1
598,	0
599,	5
600,	3
601,	0
602,	5
603,	1
604,	4
605,	2
606,	3
607,	4
608,	3
609,	5
610,	1
611,	0
612,	0
613,	1
614,	5
615,	3
616,	2
617,	3
618,	0
619,	2
620,	4
621,	2
622,	0
623,	1
624,	0
625,	1
626,	1
627,	3
628,	2
629,	0
630,	0
631,	3
632,	5
633,	2
634,	2
635,	2
636,	2
637,	6
638,	2
639,	0
640,	4
641,	0
642,	0
643,	2
644,	0
645,	5
646,	4
647,	2
648,	0
649,	0
650,	3
651,	3
652,	2
653,	1
654,	3
655,	1
656,	0
657,	2
658,	2
659,	2
660,	2
661,	4
662,	1
663,	0
664,	0
665,	0
666,	0
667,	3
668,	5
669,	0
670,	3
671,	0
672,	0
673,	2
674,	1
675,	0
676,	2
677,	3
678,	0
679,	3
680,	3
681,	3
682,	2
683,	0
684,	3
685,	2
686,	5
687,	4
688,	3
689,	3
690,	4
691,	2
692,	2
693,	0
694,	5
695,	2
696,	2
697,	1
698,	2
699,	3
700,	2
701,	1
702,	1
703,	1
704,	4
705,	6
706,	0
707,	1
708,	3
709,	2
710,	1
711,	4
712,	2
713,	3
714,	3
715,	1
716,	6
717,	1
718,	3
719,	2
720,	2
721,	0
722,	1
723,	2
724,	0
725,	3
726,	3
727,	1
728,	5
729,	2
730,	3
731,	2
732,	0
733,	5
734,	2
735,	1
736,	1
737,	0
738,	2
739,	4
740,	2
741,	0
742,	0
743,	2
744,	1
745,	4
746,	1
747,	1
748,	2
749,	2
750,	6
751,	1
752,	4
753,	4
754,	0
755,	2
756,	3
757,	1
758,	4
759,	1
760,	4
761,	4
762,	5
763,	0
764,	1
765,	5
766,	2
767,	1
768,	4
769,	2
770,	5
771,	1
772,	3
773,	2
774,	0
775,	6
776,	1
777,	0
778,	4
779,	3
780,	2
781,	2
782,	6
783,	4
784,	0
785,	0
786,	1
787,	2
788,	2
789,	3
790,	2
791,	3
792,	5
793,	0
794,	2
795,	4
796,	0
797,	3
798,	0
799,	6
800,	0
801,	3
802,	1
803,	1
804,	6
805,	4
806,	2
807,	1
808,	2
809,	6
810,	3
811,	3
812,	1
813,	3
814,	2
815,	3
816,	2
817,	3
818,	1
819,	1
820,	3
821,	1
822,	2
823,	0
824,	3
825,	5
826,	1
827,	2
828,	0
829,	2
830,	1
831,	1
832,	3
833,	5
834,	0
835,	4
836,	4
837,	1
838,	3
839,	5
840,	2
841,	0
842,	4
843,	3
844,	3
845,	2
846,	0
847,	1
848,	3
849,	4
850,	1
851,	0
852,	1
853,	5
854,	3
855,	5
856,	1
857,	3
858,	1
859,	1
860,	6
861,	6
862,	0
863,	1
864,	3
865,	3
866,	0
867,	0
868,	5
869,	5
870,	2
871,	3
872,	5
873,	1
874,	3
875,	3
876,	3
877,	2
878,	3
879,	4
880,	3
881,	4
882,	3
883,	0
884,	4
885,	0
886,	3
887,	1
888,	3
889,	0
890,	2
891,	3
892,	3
893,	2
894,	3
895,	3
896,	6
897,	3
898,	0
899,	0
900,	0
901,	1
902,	2
903,	1
904,	2
905,	2
906,	5
907,	2
908,	4
909,	5
910,	5
911,	5
912,	1
913,	0
914,	3
915,	6
916,	4
917,	2
918,	4
919,	5
920,	6
921,	3
922,	1
923,	4
924,	4
925,	2
926,	5
927,	2
928,	7
929,	3
930,	4
931,	0
932,	2
933,	1
934,	1
935,	5
936,	4
937,	4
938,	8
939,	4
940,	2
941,	2
942,	3
943,	6
944,	4
945,	1
946,	5
947,	3
948,	4
949,	4
950,	0
951,	2
952,	5
953,	4
954,	2
955,	5
956,	3
957,	1
958,	7
959,	3
960,	4
961,	1
962,	5
963,	6
964,	3
965,	3
966,	1
967,	0
968,	9
969,	4
970,	6
971,	3
972,	2
973,	0
974,	2
975,	3
976,	3
977,	3
978,	2
979,	2
980,	7
981,	5
982,	0
983,	1
984,	2
985,	1
986,	6
987,	3
988,	3
989,	4
990,	2
991,	5
992,	0
993,	4
994,	6
995,	6
996,	8
997,	3
998,	5
999,	1
