Instance: /home/gabriel/Documents/ufrgs/courses/oc/trab/instances/cmb02
Vertices: 1000
Colors: 10
NumIterations: 1
Alpha: 0.500000
Is Factible?: true
Conflicts: 0
Solution Value: 756273.875000
Vertex,	Color
0,	6
1,	2
2,	5
3,	9
4,	1
5,	4
6,	6
7,	1
8,	4
9,	3
10,	7
11,	0
12,	3
13,	2
14,	3
15,	2
16,	4
17,	4
18,	5
19,	0
20,	7
21,	4
22,	3
23,	2
24,	8
25,	4
26,	5
27,	4
28,	3
29,	1
30,	2
31,	6
32,	4
33,	2
34,	6
35,	5
36,	5
37,	4
38,	3
39,	3
40,	3
41,	4
42,	0
43,	7
44,	1
45,	0
46,	3
47,	1
48,	5
49,	2
50,	5
51,	2
52,	3
53,	3
54,	5
55,	4
56,	4
57,	5
58,	1
59,	3
60,	6
61,	3
62,	4
63,	6
64,	6
65,	1
66,	3
67,	1
68,	3
69,	5
70,	2
71,	3
72,	6
73,	6
74,	5
75,	1
76,	2
77,	7
78,	2
79,	5
80,	7
81,	0
82,	3
83,	4
84,	1
85,	0
86,	1
87,	7
88,	6
89,	1
90,	3
91,	0
92,	5
93,	0
94,	5
95,	6
96,	7
97,	4
98,	5
99,	6
100,	4
101,	4
102,	3
103,	5
104,	7
105,	6
106,	0
107,	2
108,	0
109,	4
110,	0
111,	1
112,	4
113,	4
114,	3
115,	0
116,	3
117,	4
118,	2
119,	7
120,	0
121,	1
122,	1
123,	2
124,	5
125,	2
126,	3
127,	0
128,	4
129,	5
130,	3
131,	4
132,	0
133,	7
134,	2
135,	1
136,	0
137,	8
138,	3
139,	0
140,	4
141,	5
142,	6
143,	2
144,	8
145,	3
146,	2
147,	0
148,	5
149,	7
150,	1
151,	5
152,	2
153,	3
154,	8
155,	1
156,	3
157,	3
158,	3
159,	3
160,	1
161,	0
162,	2
163,	2
164,	2
165,	5
166,	4
167,	4
168,	2
169,	2
170,	1
171,	0
172,	0
173,	8
174,	2
175,	1
176,	6
177,	3
178,	6
179,	3
180,	3
181,	7
182,	0
183,	0
184,	0
185,	5
186,	5
187,	0
188,	6
189,	6
190,	3
191,	0
192,	6
193,	0
194,	6
195,	0
196,	3
197,	1
198,	0
199,	2
200,	1
201,	0
202,	2
203,	6
204,	3
205,	5
206,	4
207,	0
208,	3
209,	3
210,	0
211,	4
212,	4
213,	4
214,	3
215,	3
216,	2
217,	3
218,	2
219,	1
220,	1
221,	2
222,	1
223,	0
224,	4
225,	3
226,	3
227,	2
228,	5
229,	1
230,	0
231,	2
232,	1
233,	2
234,	2
235,	8
236,	3
237,	0
238,	5
239,	0
240,	2
241,	0
242,	0
243,	0
244,	3
245,	0
246,	1
247,	0
248,	5
249,	1
250,	4
251,	4
252,	0
253,	1
254,	2
255,	5
256,	1
257,	1
258,	0
259,	0
260,	7
261,	1
262,	0
263,	0
264,	2
265,	6
266,	1
267,	3
268,	3
269,	2
270,	0
271,	1
272,	0
273,	4
274,	1
275,	0
276,	5
277,	1
278,	1
279,	1
280,	0
281,	3
282,	0
283,	1
284,	0
285,	3
286,	1
287,	3
288,	3
289,	6
290,	2
291,	3
292,	0
293,	0
294,	1
295,	5
296,	4
297,	5
298,	0
299,	0
300,	4
301,	3
302,	0
303,	3
304,	1
305,	3
306,	2
307,	2
308,	0
309,	6
310,	3
311,	2
312,	0
313,	6
314,	0
315,	2
316,	5
317,	2
318,	1
319,	4
320,	1
321,	0
322,	0
323,	1
324,	2
325,	0
326,	2
327,	1
328,	0
329,	0
330,	6
331,	1
332,	4
333,	1
334,	4
335,	0
336,	4
337,	4
338,	0
339,	1
340,	0
341,	7
342,	2
343,	1
344,	2
345,	1
346,	2
347,	1
348,	2
349,	1
350,	2
351,	0
352,	1
353,	1
354,	2
355,	0
356,	3
357,	2
358,	6
359,	0
360,	1
361,	4
362,	3
363,	1
364,	1
365,	1
366,	3
367,	1
368,	2
369,	1
370,	0
371,	1
372,	1
373,	1
374,	3
375,	0
376,	3
377,	1
378,	3
379,	3
380,	7
381,	1
382,	0
383,	5
384,	7
385,	0
386,	0
387,	4
388,	2
389,	2
390,	3
391,	0
392,	0
393,	0
394,	0
395,	1
396,	0
397,	1
398,	0
399,	0
400,	1
401,	1
402,	1
403,	0
404,	0
405,	0
406,	0
407,	0
408,	1
409,	1
410,	0
411,	0
412,	0
413,	1
414,	0
415,	0
416,	1
417,	1
418,	3
419,	0
420,	0
421,	0
422,	0
423,	1
424,	2
425,	1
426,	0
427,	0
428,	1
429,	0
430,	0
431,	0
432,	0
433,	0
434,	0
435,	5
436,	0
437,	2
438,	2
439,	0
440,	3
441,	1
442,	3
443,	1
444,	0
445,	0
446,	0
447,	0
448,	0
449,	0
450,	4
451,	3
452,	7
453,	0
454,	1
455,	0
456,	0
457,	3
458,	1
459,	7
460,	0
461,	0
462,	0
463,	2
464,	6
465,	0
466,	2
467,	0
468,	0
469,	1
470,	0
471,	0
472,	2
473,	1
474,	0
475,	2
476,	1
477,	2
478,	2
479,	1
480,	1
481,	0
482,	1
483,	1
484,	2
485,	0
486,	1
487,	0
488,	2
489,	1
490,	1
491,	4
492,	0
493,	0
494,	0
495,	3
496,	4
497,	1
498,	4
499,	2
500,	0
501,	0
502,	1
503,	2
504,	2
505,	1
506,	3
507,	0
508,	2
509,	0
510,	3
511,	0
512,	0
513,	1
514,	1
515,	0
516,	3
517,	1
518,	2
519,	3
520,	3
521,	0
522,	0
523,	2
524,	3
525,	0
526,	2
527,	0
528,	0
529,	1
530,	2
531,	3
532,	0
533,	4
534,	2
535,	2
536,	0
537,	0
538,	1
539,	2
540,	0
541,	4
542,	2
543,	3
544,	2
545,	1
546,	0
547,	4
548,	2
549,	0
550,	1
551,	1
552,	2
553,	3
554,	1
555,	1
556,	0
557,	1
558,	2
559,	2
560,	1
561,	2
562,	3
563,	2
564,	1
565,	1
566,	3
567,	0
568,	1
569,	1
570,	0
571,	2
572,	2
573,	0
574,	3
575,	1
576,	2
577,	0
578,	1
579,	0
580,	0
581,	1
582,	1
583,	2
584,	1
585,	1
586,	0
587,	1
588,	1
589,	0
590,	2
591,	0
592,	1
593,	0
594,	2
595,	3
596,	1
597,	2
598,	4
599,	2
600,	2
601,	2
602,	3
603,	1
604,	1
605,	2
606,	2
607,	5
608,	1
609,	3
610,	0
611,	2
612,	0
613,	0
614,	2
615,	1
616,	1
617,	2
618,	0
619,	0
620,	6
621,	3
622,	0
623,	1
624,	1
625,	1
626,	1
627,	2
628,	0
629,	2
630,	0
631,	5
632,	4
633,	3
634,	2
635,	3
636,	4
637,	8
638,	3
639,	0
640,	2
641,	0
642,	0
643,	1
644,	1
645,	7
646,	4
647,	4
648,	0
649,	1
650,	2
651,	2
652,	1
653,	1
654,	2
655,	0
656,	0
657,	4
658,	3
659,	1
660,	0
661,	1
662,	0
663,	1
664,	1
665,	0
666,	0
667,	3
668,	2
669,	1
670,	4
671,	0
672,	1
673,	2
674,	3
675,	1
676,	2
677,	0
678,	2
679,	4
680,	1
681,	2
682,	4
683,	1
684,	2
685,	3
686,	2
687,	6
688,	1
689,	2
690,	4
691,	2
692,	3
693,	0
694,	5
695,	1
696,	2
697,	5
698,	4
699,	3
700,	3
701,	1
702,	3
703,	3
704,	0
705,	6
706,	0
707,	4
708,	3
709,	5
710,	0
711,	5
712,	2
713,	2
714,	1
715,	1
716,	6
717,	1
718,	4
719,	3
720,	0
721,	0
722,	1
723,	1
724,	3
725,	2
726,	3
727,	1
728,	5
729,	2
730,	2
731,	2
732,	1
733,	4
734,	2
735,	0
736,	0
737,	0
738,	5
739,	5
740,	2
741,	0
742,	3
743,	3
744,	3
745,	3
746,	0
747,	2
748,	3
749,	0
750,	6
751,	3
752,	5
753,	3
754,	1
755,	3
756,	4
757,	1
758,	1
759,	2
760,	4
761,	3
762,	4
763,	1
764,	3
765,	5
766,	1
767,	3
768,	3
769,	0
770,	4
771,	0
772,	4
773,	2
774,	3
775,	5
776,	4
777,	2
778,	3
779,	2
780,	3
781,	3
782,	6
783,	4
784,	1
785,	1
786,	1
787,	4
788,	2
789,	5
790,	3
791,	3
792,	5
793,	0
794,	5
795,	3
796,	1
797,	3
798,	0
799,	4
800,	3
801,	4
802,	1
803,	1
804,	6
805,	4
806,	1
807,	1
808,	2
809,	7
810,	3
811,	2
812,	1
813,	5
814,	2
815,	4
816,	3
817,	3
818,	1
819,	1
820,	2
821,	1
822,	1
823,	0
824,	3
825,	6
826,	1
827,	1
828,	2
829,	1
830,	1
831,	1
832,	3
833,	2
834,	0
835,	0
836,	4
837,	1
838,	1
839,	2
840,	3
841,	0
842,	3
843,	4
844,	4
845,	3
846,	2
847,	2
848,	4
849,	6
850,	2
851,	5
852,	2
853,	3
854,	4
855,	5
856,	2
857,	3
858,	4
859,	1
860,	3
861,	6
862,	0
863,	0
864,	2
865,	4
866,	0
867,	0
868,	5
869,	6
870,	1
871,	3
872,	4
873,	3
874,	4
875,	2
876,	3
877,	2
878,	3
879,	5
880,	3
881,	4
882,	4
883,	0
884,	3
885,	3
886,	2
887,	2
888,	3
889,	0
890,	4
891,	4
892,	2
893,	2
894,	4
895,	2
896,	5
897,	5
898,	1
899,	0
900,	2
901,	3
902,	2
903,	1
904,	3
905,	2
906,	4
907,	2
908,	2
909,	2
910,	5
911,	5
912,	0
913,	1
914,	4
915,	6
916,	4
917,	2
918,	1
919,	4
920,	6
921,	0
922,	1
923,	5
924,	4
925,	2
926,	4
927,	2
928,	8
929,	3
930,	5
931,	0
932,	3
933,	1
934,	1
935,	4
936,	4
937,	4
938,	7
939,	2
940,	2
941,	5
942,	3
943,	7
944,	4
945,	0
946,	5
947,	2
948,	4
949,	4
950,	4
951,	3
952,	4
953,	5
954,	2
955,	2
956,	2
957,	1
958,	6
959,	1
960,	5
961,	2
962,	1
963,	5
964,	3
965,	2
966,	2
967,	4
968,	9
969,	5
970,	5
971,	4
972,	1
973,	0
974,	3
975,	4
976,	3
977,	2
978,	3
979,	1
980,	7
981,	8
982,	5
983,	2
984,	0
985,	2
986,	6
987,	3
988,	3
989,	5
990,	0
991,	4
992,	0
993,	4
994,	6
995,	6
996,	9
997,	3
998,	2
999,	2
