Instance: /home/gabriel/Documents/ufrgs/courses/oc/trab/instances/cmb01
Vertices: 500
Colors: 12
NumIterations: 1
Alpha: 0.750000
Is Factible?: false
Conflicts: 6
Solution Value: 149005.265625
Vertex,	Color
0,	3
1,	0
2,	0
3,	3
4,	1
5,	3
6,	0
7,	0
8,	5
9,	3
10,	7
11,	1
12,	2
13,	9
14,	5
15,	1
16,	4
17,	2
18,	5
19,	1
20,	1
21,	0
22,	6
23,	6
24,	0
25,	2
26,	3
27,	2
28,	4
29,	2
30,	2
31,	0
32,	1
33,	3
34,	6
35,	0
36,	2
37,	0
38,	1
39,	3
40,	1
41,	3
42,	0
43,	3
44,	1
45,	3
46,	1
47,	1
48,	7
49,	1
50,	0
51,	0
52,	6
53,	1
54,	1
55,	0
56,	2
57,	2
58,	4
59,	1
60,	0
61,	0
62,	4
63,	2
64,	0
65,	4
66,	2
67,	0
68,	3
69,	1
70,	5
71,	1
72,	2
73,	4
74,	1
75,	0
76,	2
77,	11
78,	6
79,	2
80,	1
81,	4
82,	10
83,	4
84,	2
85,	1
86,	0
87,	0
88,	0
89,	2
90,	2
91,	2
92,	4
93,	3
94,	2
95,	3
96,	1
97,	1
98,	10
99,	1
100,	0
101,	1
102,	5
103,	6
104,	0
105,	8
106,	3
107,	5
108,	0
109,	2
110,	2
111,	4
112,	1
113,	5
114,	2
115,	1
116,	1
117,	2
118,	0
119,	3
120,	0
121,	9
122,	1
123,	4
124,	0
125,	0
126,	2
127,	1
128,	0
129,	5
130,	5
131,	2
132,	1
133,	0
134,	3
135,	1
136,	5
137,	1
138,	4
139,	1
140,	0
141,	6
142,	3
143,	2
144,	2
145,	0
146,	7
147,	5
148,	8
149,	1
150,	5
151,	2
152,	0
153,	1
154,	2
155,	0
156,	5
157,	5
158,	1
159,	2
160,	2
161,	4
162,	0
163,	4
164,	5
165,	4
166,	2
167,	0
168,	1
169,	2
170,	5
171,	1
172,	2
173,	0
174,	2
175,	1
176,	2
177,	5
178,	4
179,	4
180,	0
181,	1
182,	6
183,	0
184,	4
185,	3
186,	5
187,	1
188,	0
189,	3
190,	4
191,	2
192,	2
193,	1
194,	2
195,	1
196,	1
197,	1
198,	3
199,	3
200,	2
201,	2
202,	2
203,	1
204,	3
205,	3
206,	0
207,	6
208,	3
209,	3
210,	1
211,	2
212,	7
213,	3
214,	3
215,	4
216,	3
217,	1
218,	4
219,	8
220,	6
221,	0
222,	7
223,	5
224,	3
225,	4
226,	6
227,	3
228,	2
229,	0
230,	3
231,	6
232,	5
233,	5
234,	2
235,	8
236,	1
237,	0
238,	1
239,	1
240,	4
241,	0
242,	7
243,	2
244,	7
245,	1
246,	5
247,	3
248,	4
249,	3
250,	3
251,	4
252,	5
253,	0
254,	5
255,	1
256,	4
257,	2
258,	6
259,	2
260,	4
261,	3
262,	6
263,	9
264,	3
265,	0
266,	4
267,	4
268,	7
269,	4
270,	7
271,	4
272,	4
273,	6
274,	8
275,	0
276,	6
277,	6
278,	3
279,	1
280,	0
281,	2
282,	5
283,	5
284,	6
285,	3
286,	0
287,	5
288,	2
289,	1
290,	5
291,	1
292,	7
293,	5
294,	0
295,	1
296,	7
297,	8
298,	1
299,	0
300,	2
301,	0
302,	4
303,	4
304,	2
305,	5
306,	4
307,	7
308,	3
309,	7
310,	6
311,	3
312,	3
313,	7
314,	7
315,	5
316,	5
317,	4
318,	1
319,	1
320,	4
321,	3
322,	3
323,	6
324,	8
325,	5
326,	0
327,	4
328,	7
329,	6
330,	1
331,	6
332,	3
333,	7
334,	8
335,	3
336,	6
337,	8
338,	4
339,	3
340,	4
341,	5
342,	4
343,	9
344,	4
345,	6
346,	7
347,	5
348,	8
349,	6
350,	6
351,	4
352,	10
353,	7
354,	2
355,	6
356,	6
357,	7
358,	5
359,	6
360,	6
361,	4
362,	4
363,	8
364,	7
365,	9
366,	8
367,	3
368,	8
369,	1
370,	3
371,	7
372,	3
373,	8
374,	4
375,	3
376,	7
377,	5
378,	5
379,	3
380,	7
381,	4
382,	2
383,	3
384,	1
385,	7
386,	8
387,	8
388,	6
389,	8
390,	7
391,	0
392,	3
393,	8
394,	9
395,	4
396,	10
397,	7
398,	2
399,	8
400,	7
401,	8
402,	3
403,	5
404,	5
405,	10
406,	6
407,	4
408,	11
409,	0
410,	5
411,	3
412,	0
413,	6
414,	6
415,	7
416,	1
417,	8
418,	10
419,	7
420,	10
421,	7
422,	5
423,	9
424,	7
425,	6
426,	9
427,	5
428,	5
429,	6
430,	9
431,	6
432,	1
433,	7
434,	6
435,	7
436,	5
437,	6
438,	6
439,	10
440,	0
441,	8
442,	10
443,	2
444,	2
445,	9
446,	11
447,	3
448,	2
449,	7
450,	9
451,	2
452,	7
453,	5
454,	4
455,	6
456,	8
457,	11
458,	1
459,	11
460,	10
461,	4
462,	7
463,	7
464,	5
465,	8
466,	4
467,	3
468,	9
469,	5
470,	2
471,	9
472,	8
473,	6
474,	8
475,	11
476,	1
477,	2
478,	8
479,	11
480,	9
481,	4
482,	10
483,	4
484,	7
485,	9
486,	5
487,	4
488,	7
489,	6
490,	2
491,	9
492,	11
493,	8
494,	11
495,	7
496,	5
497,	6
498,	6
499,	9
