Instance: /home/gabriel/Documents/ufrgs/courses/oc/trab/instances/cmb01
Vertices: 500
Colors: 12
NumIterations: 2
Alpha: 0.750000
Is Factible?: false
Conflicts: 4
Solution Value: 160278.156250
Vertex,	Color
0,	6
1,	0
2,	0
3,	1
4,	1
5,	1
6,	1
7,	2
8,	3
9,	0
10,	2
11,	0
12,	0
13,	5
14,	2
15,	1
16,	11
17,	2
18,	11
19,	4
20,	1
21,	0
22,	0
23,	5
24,	2
25,	1
26,	2
27,	4
28,	1
29,	0
30,	3
31,	0
32,	3
33,	0
34,	3
35,	0
36,	5
37,	0
38,	0
39,	8
40,	0
41,	1
42,	1
43,	1
44,	4
45,	4
46,	1
47,	2
48,	11
49,	1
50,	1
51,	1
52,	3
53,	0
54,	3
55,	4
56,	2
57,	3
58,	1
59,	0
60,	4
61,	0
62,	5
63,	0
64,	2
65,	3
66,	0
67,	2
68,	1
69,	4
70,	1
71,	2
72,	1
73,	4
74,	0
75,	2
76,	0
77,	10
78,	2
79,	3
80,	5
81,	0
82,	2
83,	0
84,	3
85,	0
86,	3
87,	0
88,	3
89,	0
90,	2
91,	1
92,	0
93,	2
94,	4
95,	1
96,	3
97,	4
98,	0
99,	2
100,	6
101,	2
102,	4
103,	3
104,	2
105,	4
106,	1
107,	1
108,	2
109,	8
110,	1
111,	4
112,	1
113,	5
114,	0
115,	5
116,	1
117,	5
118,	1
119,	7
120,	0
121,	8
122,	1
123,	1
124,	4
125,	1
126,	4
127,	10
128,	1
129,	6
130,	3
131,	2
132,	2
133,	2
134,	0
135,	5
136,	2
137,	8
138,	6
139,	1
140,	0
141,	3
142,	8
143,	3
144,	6
145,	2
146,	4
147,	1
148,	7
149,	2
150,	4
151,	2
152,	0
153,	2
154,	2
155,	2
156,	10
157,	4
158,	2
159,	0
160,	4
161,	3
162,	9
163,	6
164,	7
165,	2
166,	0
167,	0
168,	6
169,	5
170,	6
171,	1
172,	1
173,	2
174,	1
175,	0
176,	3
177,	5
178,	5
179,	4
180,	0
181,	1
182,	2
183,	0
184,	3
185,	2
186,	2
187,	1
188,	2
189,	4
190,	5
191,	2
192,	3
193,	0
194,	5
195,	4
196,	2
197,	0
198,	1
199,	0
200,	1
201,	5
202,	2
203,	5
204,	3
205,	0
206,	2
207,	7
208,	0
209,	3
210,	2
211,	2
212,	7
213,	3
214,	0
215,	3
216,	4
217,	5
218,	5
219,	8
220,	4
221,	1
222,	4
223,	2
224,	1
225,	1
226,	7
227,	4
228,	1
229,	4
230,	0
231,	3
232,	3
233,	4
234,	2
235,	4
236,	9
237,	3
238,	2
239,	3
240,	2
241,	1
242,	7
243,	0
244,	8
245,	2
246,	2
247,	5
248,	5
249,	0
250,	2
251,	6
252,	4
253,	6
254,	5
255,	1
256,	6
257,	1
258,	2
259,	0
260,	1
261,	3
262,	3
263,	10
264,	5
265,	2
266,	4
267,	4
268,	7
269,	6
270,	4
271,	3
272,	3
273,	6
274,	6
275,	2
276,	1
277,	5
278,	6
279,	2
280,	0
281,	6
282,	6
283,	3
284,	5
285,	5
286,	0
287,	3
288,	2
289,	3
290,	4
291,	4
292,	5
293,	5
294,	9
295,	3
296,	8
297,	2
298,	3
299,	0
300,	0
301,	0
302,	5
303,	4
304,	2
305,	4
306,	2
307,	7
308,	3
309,	7
310,	6
311,	3
312,	3
313,	7
314,	7
315,	4
316,	4
317,	0
318,	3
319,	2
320,	5
321,	5
322,	5
323,	8
324,	7
325,	4
326,	2
327,	4
328,	9
329,	6
330,	1
331,	6
332,	3
333,	5
334,	8
335,	1
336,	6
337,	9
338,	4
339,	7
340,	6
341,	9
342,	6
343,	8
344,	4
345,	7
346,	5
347,	9
348,	7
349,	6
350,	1
351,	1
352,	9
353,	6
354,	4
355,	3
356,	7
357,	7
358,	6
359,	0
360,	8
361,	5
362,	5
363,	7
364,	6
365,	8
366,	3
367,	6
368,	7
369,	6
370,	3
371,	3
372,	5
373,	3
374,	4
375,	6
376,	8
377,	4
378,	4
379,	6
380,	7
381,	2
382,	4
383,	2
384,	3
385,	4
386,	8
387,	7
388,	2
389,	8
390,	7
391,	0
392,	5
393,	6
394,	9
395,	0
396,	10
397,	0
398,	1
399,	9
400,	5
401,	2
402,	0
403,	6
404,	3
405,	9
406,	7
407,	0
408,	11
409,	10
410,	8
411,	4
412,	3
413,	6
414,	7
415,	7
416,	9
417,	4
418,	7
419,	8
420,	9
421,	5
422,	7
423,	6
424,	7
425,	6
426,	10
427,	5
428,	5
429,	7
430,	9
431,	7
432,	5
433,	7
434,	5
435,	10
436,	7
437,	6
438,	6
439,	7
440,	3
441,	9
442,	4
443,	6
444,	2
445,	4
446,	10
447,	4
448,	4
449,	10
450,	7
451,	3
452,	7
453,	6
454,	3
455,	5
456,	8
457,	10
458,	7
459,	11
460,	9
461,	3
462,	8
463,	6
464,	8
465,	6
466,	9
467,	5
468,	6
469,	6
470,	3
471,	9
472,	7
473,	2
474,	8
475,	9
476,	9
477,	0
478,	5
479,	11
480,	8
481,	4
482,	8
483,	4
484,	9
485,	7
486,	8
487,	9
488,	7
489,	7
490,	4
491,	4
492,	11
493,	8
494,	10
495,	6
496,	10
497,	9
498,	5
499,	3
