Instance: /home/gabriel/Documents/ufrgs/courses/oc/trab/instances/cmb01
Vertices: 500
Colors: 12
NumIterations: 2
Alpha: 0.750000
Is Factible?: false
Conflicts: 4
Solution Value: 153424.937500
Vertex,	Color
0,	3
1,	0
2,	1
3,	0
4,	1
5,	0
6,	0
7,	1
8,	2
9,	4
10,	3
11,	0
12,	0
13,	8
14,	2
15,	1
16,	3
17,	2
18,	1
19,	2
20,	0
21,	1
22,	1
23,	4
24,	1
25,	0
26,	4
27,	1
28,	1
29,	0
30,	0
31,	1
32,	3
33,	1
34,	5
35,	0
36,	1
37,	0
38,	3
39,	5
40,	4
41,	0
42,	2
43,	4
44,	0
45,	3
46,	1
47,	2
48,	3
49,	3
50,	2
51,	3
52,	0
53,	0
54,	0
55,	2
56,	2
57,	3
58,	0
59,	0
60,	6
61,	1
62,	1
63,	3
64,	1
65,	3
66,	0
67,	2
68,	0
69,	2
70,	0
71,	0
72,	9
73,	3
74,	2
75,	4
76,	0
77,	2
78,	0
79,	1
80,	2
81,	5
82,	2
83,	0
84,	0
85,	1
86,	1
87,	1
88,	2
89,	8
90,	1
91,	8
92,	2
93,	0
94,	7
95,	0
96,	5
97,	4
98,	9
99,	8
100,	4
101,	1
102,	5
103,	0
104,	1
105,	3
106,	4
107,	4
108,	1
109,	4
110,	3
111,	7
112,	0
113,	6
114,	3
115,	1
116,	1
117,	8
118,	2
119,	1
120,	1
121,	9
122,	1
123,	0
124,	0
125,	1
126,	2
127,	4
128,	1
129,	3
130,	0
131,	2
132,	11
133,	3
134,	3
135,	1
136,	1
137,	9
138,	4
139,	5
140,	2
141,	1
142,	5
143,	1
144,	6
145,	0
146,	6
147,	0
148,	2
149,	0
150,	5
151,	2
152,	3
153,	0
154,	2
155,	6
156,	3
157,	5
158,	2
159,	3
160,	3
161,	0
162,	6
163,	4
164,	6
165,	2
166,	3
167,	0
168,	2
169,	0
170,	6
171,	0
172,	0
173,	2
174,	3
175,	0
176,	2
177,	3
178,	5
179,	7
180,	3
181,	2
182,	4
183,	1
184,	3
185,	4
186,	4
187,	1
188,	0
189,	4
190,	6
191,	5
192,	1
193,	3
194,	4
195,	1
196,	5
197,	5
198,	3
199,	0
200,	0
201,	3
202,	6
203,	1
204,	3
205,	0
206,	4
207,	1
208,	2
209,	5
210,	2
211,	1
212,	2
213,	4
214,	2
215,	2
216,	3
217,	5
218,	6
219,	2
220,	7
221,	0
222,	7
223,	5
224,	4
225,	1
226,	4
227,	2
228,	1
229,	2
230,	2
231,	4
232,	6
233,	5
234,	5
235,	4
236,	6
237,	4
238,	1
239,	1
240,	2
241,	3
242,	7
243,	3
244,	10
245,	0
246,	4
247,	5
248,	6
249,	0
250,	2
251,	2
252,	3
253,	3
254,	6
255,	2
256,	5
257,	0
258,	4
259,	1
260,	4
261,	3
262,	5
263,	1
264,	6
265,	4
266,	4
267,	5
268,	6
269,	10
270,	7
271,	4
272,	3
273,	5
274,	8
275,	0
276,	9
277,	6
278,	4
279,	2
280,	3
281,	3
282,	5
283,	6
284,	7
285,	5
286,	7
287,	4
288,	0
289,	2
290,	5
291,	2
292,	5
293,	3
294,	7
295,	2
296,	6
297,	0
298,	2
299,	1
300,	1
301,	0
302,	6
303,	4
304,	2
305,	6
306,	2
307,	7
308,	3
309,	7
310,	8
311,	3
312,	1
313,	7
314,	7
315,	6
316,	4
317,	1
318,	4
319,	2
320,	2
321,	4
322,	7
323,	6
324,	7
325,	5
326,	2
327,	3
328,	6
329,	6
330,	0
331,	6
332,	3
333,	8
334,	8
335,	8
336,	5
337,	8
338,	5
339,	7
340,	4
341,	6
342,	5
343,	3
344,	4
345,	3
346,	3
347,	6
348,	7
349,	6
350,	0
351,	1
352,	10
353,	3
354,	1
355,	2
356,	10
357,	7
358,	4
359,	5
360,	3
361,	6
362,	1
363,	7
364,	5
365,	9
366,	2
367,	3
368,	6
369,	5
370,	5
371,	7
372,	4
373,	4
374,	6
375,	5
376,	7
377,	6
378,	5
379,	7
380,	5
381,	2
382,	3
383,	2
384,	4
385,	6
386,	8
387,	7
388,	7
389,	6
390,	7
391,	0
392,	3
393,	7
394,	9
395,	6
396,	8
397,	8
398,	0
399,	8
400,	1
401,	1
402,	5
403,	7
404,	4
405,	9
406,	7
407,	3
408,	11
409,	4
410,	6
411,	5
412,	7
413,	7
414,	9
415,	10
416,	2
417,	4
418,	9
419,	5
420,	9
421,	5
422,	6
423,	10
424,	9
425,	7
426,	10
427,	4
428,	0
429,	7
430,	9
431,	9
432,	0
433,	9
434,	5
435,	11
436,	5
437,	4
438,	5
439,	6
440,	1
441,	8
442,	11
443,	5
444,	3
445,	7
446,	10
447,	5
448,	3
449,	9
450,	10
451,	4
452,	7
453,	9
454,	4
455,	5
456,	10
457,	9
458,	11
459,	10
460,	11
461,	3
462,	1
463,	6
464,	3
465,	6
466,	2
467,	2
468,	10
469,	4
470,	8
471,	8
472,	7
473,	5
474,	8
475,	11
476,	1
477,	2
478,	7
479,	10
480,	10
481,	4
482,	11
483,	4
484,	8
485,	6
486,	9
487,	8
488,	7
489,	1
490,	5
491,	9
492,	11
493,	8
494,	11
495,	10
496,	5
497,	9
498,	6
499,	4
