Instance: /home/gabriel/Documents/ufrgs/courses/oc/trab/instances/cmb01
Vertices: 500
Colors: 12
NumIterations: 2
Alpha: 0.750000
Is Factible?: false
Conflicts: 3
Solution Value: 154132.515625
Vertex,	Color
0,	1
1,	0
2,	3
3,	0
4,	6
5,	0
6,	1
7,	1
8,	7
9,	0
10,	3
11,	3
12,	0
13,	6
14,	4
15,	5
16,	1
17,	3
18,	4
19,	2
20,	0
21,	0
22,	9
23,	3
24,	1
25,	0
26,	2
27,	0
28,	1
29,	1
30,	1
31,	5
32,	3
33,	0
34,	7
35,	4
36,	2
37,	0
38,	0
39,	0
40,	0
41,	4
42,	0
43,	6
44,	1
45,	1
46,	0
47,	0
48,	11
49,	2
50,	0
51,	7
52,	2
53,	2
54,	6
55,	0
56,	3
57,	2
58,	0
59,	0
60,	6
61,	4
62,	0
63,	0
64,	4
65,	3
66,	3
67,	2
68,	7
69,	1
70,	0
71,	2
72,	5
73,	1
74,	0
75,	0
76,	0
77,	2
78,	2
79,	4
80,	1
81,	5
82,	1
83,	0
84,	3
85,	3
86,	4
87,	4
88,	3
89,	8
90,	1
91,	2
92,	0
93,	6
94,	8
95,	1
96,	5
97,	2
98,	1
99,	0
100,	1
101,	1
102,	2
103,	0
104,	2
105,	1
106,	3
107,	2
108,	1
109,	1
110,	1
111,	9
112,	0
113,	3
114,	3
115,	2
116,	1
117,	6
118,	1
119,	4
120,	1
121,	10
122,	5
123,	2
124,	2
125,	1
126,	4
127,	5
128,	0
129,	4
130,	2
131,	2
132,	5
133,	3
134,	0
135,	6
136,	4
137,	2
138,	9
139,	1
140,	1
141,	4
142,	1
143,	3
144,	6
145,	1
146,	4
147,	2
148,	2
149,	2
150,	4
151,	1
152,	6
153,	2
154,	1
155,	0
156,	4
157,	2
158,	1
159,	0
160,	5
161,	4
162,	11
163,	1
164,	5
165,	4
166,	0
167,	0
168,	1
169,	6
170,	5
171,	0
172,	0
173,	5
174,	1
175,	0
176,	4
177,	3
178,	5
179,	8
180,	2
181,	0
182,	2
183,	1
184,	0
185,	2
186,	0
187,	1
188,	3
189,	3
190,	8
191,	1
192,	4
193,	4
194,	2
195,	4
196,	1
197,	4
198,	5
199,	5
200,	1
201,	6
202,	3
203,	5
204,	5
205,	5
206,	0
207,	7
208,	0
209,	2
210,	1
211,	1
212,	5
213,	3
214,	3
215,	2
216,	4
217,	7
218,	5
219,	2
220,	7
221,	1
222,	4
223,	2
224,	2
225,	2
226,	5
227,	7
228,	2
229,	5
230,	0
231,	4
232,	4
233,	5
234,	1
235,	3
236,	7
237,	1
238,	2
239,	2
240,	2
241,	1
242,	7
243,	3
244,	3
245,	4
246,	2
247,	5
248,	6
249,	2
250,	1
251,	4
252,	3
253,	1
254,	8
255,	0
256,	2
257,	2
258,	1
259,	3
260,	5
261,	3
262,	2
263,	4
264,	3
265,	1
266,	5
267,	1
268,	5
269,	7
270,	6
271,	6
272,	5
273,	7
274,	8
275,	1
276,	10
277,	8
278,	3
279,	0
280,	0
281,	4
282,	6
283,	6
284,	10
285,	3
286,	3
287,	3
288,	5
289,	4
290,	3
291,	3
292,	4
293,	3
294,	9
295,	2
296,	6
297,	5
298,	2
299,	1
300,	0
301,	0
302,	6
303,	4
304,	1
305,	6
306,	3
307,	7
308,	1
309,	5
310,	6
311,	2
312,	2
313,	7
314,	4
315,	5
316,	5
317,	3
318,	3
319,	2
320,	5
321,	4
322,	4
323,	4
324,	5
325,	4
326,	5
327,	5
328,	8
329,	6
330,	0
331,	6
332,	5
333,	9
334,	8
335,	6
336,	4
337,	7
338,	6
339,	7
340,	6
341,	7
342,	3
343,	6
344,	1
345,	1
346,	0
347,	3
348,	7
349,	6
350,	0
351,	2
352,	9
353,	7
354,	2
355,	4
356,	7
357,	9
358,	6
359,	6
360,	7
361,	6
362,	1
363,	7
364,	8
365,	9
366,	4
367,	7
368,	3
369,	5
370,	5
371,	2
372,	4
373,	3
374,	3
375,	5
376,	8
377,	6
378,	5
379,	4
380,	6
381,	2
382,	5
383,	2
384,	5
385,	4
386,	8
387,	8
388,	10
389,	6
390,	8
391,	0
392,	4
393,	9
394,	6
395,	4
396,	8
397,	7
398,	0
399,	8
400,	7
401,	1
402,	9
403,	4
404,	5
405,	9
406,	7
407,	3
408,	10
409,	10
410,	5
411,	6
412,	6
413,	6
414,	10
415,	11
416,	10
417,	5
418,	9
419,	6
420,	6
421,	4
422,	5
423,	10
424,	9
425,	6
426,	10
427,	8
428,	1
429,	7
430,	9
431,	5
432,	0
433,	5
434,	6
435,	11
436,	7
437,	2
438,	4
439,	7
440,	3
441,	0
442,	2
443,	6
444,	3
445,	8
446,	10
447,	1
448,	4
449,	11
450,	4
451,	8
452,	7
453,	8
454,	4
455,	6
456,	9
457,	11
458,	5
459,	10
460,	9
461,	5
462,	8
463,	7
464,	5
465,	7
466,	7
467,	3
468,	8
469,	6
470,	4
471,	9
472,	7
473,	2
474,	9
475,	11
476,	7
477,	0
478,	4
479,	10
480,	7
481,	5
482,	10
483,	5
484,	8
485,	5
486,	3
487,	9
488,	3
489,	6
490,	4
491,	10
492,	11
493,	10
494,	5
495,	8
496,	8
497,	6
498,	6
499,	3
