Instance: /home/gabriel/Documents/ufrgs/courses/oc/trab/instances/cmb01
Vertices: 500
Colors: 12
NumIterations: 2
Alpha: 0.500000
Is Factible?: false
Conflicts: 4
Solution Value: 155985.765625
Vertex,	Color
0,	1
1,	0
2,	2
3,	0
4,	5
5,	5
6,	1
7,	4
8,	2
9,	0
10,	1
11,	3
12,	2
13,	7
14,	9
15,	4
16,	0
17,	4
18,	10
19,	8
20,	4
21,	1
22,	3
23,	3
24,	7
25,	1
26,	3
27,	1
28,	2
29,	1
30,	0
31,	5
32,	0
33,	5
34,	1
35,	9
36,	4
37,	2
38,	1
39,	2
40,	0
41,	1
42,	1
43,	5
44,	3
45,	0
46,	0
47,	2
48,	1
49,	1
50,	3
51,	0
52,	0
53,	3
54,	6
55,	0
56,	2
57,	0
58,	9
59,	1
60,	0
61,	4
62,	7
63,	6
64,	0
65,	3
66,	1
67,	4
68,	3
69,	6
70,	6
71,	0
72,	2
73,	3
74,	2
75,	9
76,	1
77,	7
78,	3
79,	5
80,	7
81,	7
82,	0
83,	3
84,	7
85,	1
86,	8
87,	2
88,	8
89,	4
90,	4
91,	0
92,	1
93,	6
94,	6
95,	7
96,	0
97,	1
98,	2
99,	3
100,	1
101,	8
102,	4
103,	5
104,	0
105,	6
106,	1
107,	0
108,	0
109,	6
110,	0
111,	6
112,	4
113,	1
114,	0
115,	9
116,	0
117,	4
118,	1
119,	5
120,	3
121,	10
122,	0
123,	1
124,	6
125,	0
126,	4
127,	8
128,	3
129,	2
130,	0
131,	0
132,	0
133,	2
134,	1
135,	3
136,	2
137,	8
138,	4
139,	0
140,	2
141,	0
142,	3
143,	4
144,	4
145,	6
146,	4
147,	7
148,	7
149,	4
150,	2
151,	2
152,	0
153,	7
154,	0
155,	2
156,	0
157,	0
158,	5
159,	0
160,	1
161,	7
162,	1
163,	0
164,	2
165,	2
166,	3
167,	8
168,	5
169,	2
170,	3
171,	3
172,	0
173,	0
174,	4
175,	0
176,	4
177,	0
178,	2
179,	6
180,	9
181,	1
182,	2
183,	5
184,	2
185,	2
186,	1
187,	0
188,	4
189,	5
190,	0
191,	4
192,	3
193,	5
194,	1
195,	9
196,	4
197,	3
198,	6
199,	4
200,	0
201,	2
202,	5
203,	0
204,	7
205,	3
206,	7
207,	8
208,	7
209,	6
210,	8
211,	3
212,	7
213,	5
214,	1
215,	1
216,	0
217,	7
218,	3
219,	7
220,	1
221,	1
222,	6
223,	3
224,	1
225,	3
226,	2
227,	5
228,	3
229,	1
230,	1
231,	4
232,	0
233,	4
234,	3
235,	1
236,	8
237,	7
238,	3
239,	1
240,	0
241,	3
242,	1
243,	3
244,	6
245,	0
246,	2
247,	2
248,	3
249,	0
250,	0
251,	3
252,	1
253,	6
254,	4
255,	5
256,	3
257,	0
258,	4
259,	3
260,	1
261,	2
262,	7
263,	9
264,	1
265,	3
266,	5
267,	6
268,	7
269,	2
270,	6
271,	5
272,	4
273,	4
274,	3
275,	2
276,	11
277,	4
278,	5
279,	3
280,	1
281,	0
282,	5
283,	6
284,	7
285,	1
286,	1
287,	5
288,	2
289,	0
290,	5
291,	1
292,	7
293,	5
294,	10
295,	0
296,	6
297,	3
298,	2
299,	3
300,	5
301,	1
302,	6
303,	2
304,	3
305,	2
306,	2
307,	8
308,	1
309,	7
310,	3
311,	2
312,	0
313,	6
314,	5
315,	3
316,	6
317,	2
318,	4
319,	3
320,	4
321,	7
322,	1
323,	4
324,	6
325,	5
326,	3
327,	1
328,	4
329,	5
330,	1
331,	6
332,	3
333,	4
334,	7
335,	2
336,	3
337,	6
338,	0
339,	0
340,	3
341,	8
342,	2
343,	0
344,	4
345,	1
346,	3
347,	10
348,	4
349,	6
350,	0
351,	3
352,	4
353,	4
354,	3
355,	5
356,	5
357,	7
358,	4
359,	8
360,	6
361,	1
362,	2
363,	5
364,	8
365,	8
366,	6
367,	5
368,	5
369,	6
370,	5
371,	3
372,	4
373,	6
374,	1
375,	5
376,	4
377,	6
378,	4
379,	2
380,	7
381,	1
382,	3
383,	2
384,	4
385,	5
386,	9
387,	8
388,	11
389,	6
390,	9
391,	1
392,	6
393,	3
394,	8
395,	0
396,	9
397,	4
398,	2
399,	8
400,	5
401,	3
402,	2
403,	6
404,	2
405,	9
406,	5
407,	1
408,	11
409,	10
410,	7
411,	2
412,	1
413,	6
414,	8
415,	9
416,	2
417,	2
418,	10
419,	7
420,	9
421,	6
422,	7
423,	3
424,	5
425,	5
426,	10
427,	6
428,	0
429,	4
430,	8
431,	8
432,	5
433,	6
434,	4
435,	9
436,	5
437,	6
438,	7
439,	6
440,	3
441,	8
442,	6
443,	2
444,	3
445,	1
446,	10
447,	2
448,	0
449,	11
450,	10
451,	4
452,	8
453,	2
454,	4
455,	5
456,	8
457,	9
458,	7
459,	10
460,	11
461,	3
462,	8
463,	6
464,	7
465,	6
466,	3
467,	2
468,	9
469,	6
470,	8
471,	9
472,	9
473,	4
474,	6
475,	11
476,	8
477,	1
478,	7
479,	10
480,	10
481,	4
482,	10
483,	5
484,	8
485,	8
486,	0
487,	8
488,	7
489,	6
490,	4
491,	8
492,	11
493,	10
494,	7
495,	7
496,	9
497,	9
498,	6
499,	2
