Instance: /home/gabriel/Documents/ufrgs/courses/oc/trab/instances/cmb01
Vertices: 500
Colors: 12
NumIterations: 2
Alpha: 0.750000
Is Factible?: false
Conflicts: 4
Solution Value: 146900.812500
Vertex,	Color
0,	2
1,	1
2,	3
3,	0
4,	0
5,	0
6,	2
7,	1
8,	0
9,	1
10,	2
11,	1
12,	1
13,	3
14,	1
15,	2
16,	1
17,	3
18,	2
19,	4
20,	0
21,	2
22,	0
23,	9
24,	0
25,	1
26,	7
27,	0
28,	1
29,	2
30,	2
31,	0
32,	2
33,	0
34,	4
35,	0
36,	2
37,	0
38,	0
39,	5
40,	1
41,	1
42,	3
43,	1
44,	0
45,	0
46,	0
47,	5
48,	0
49,	5
50,	1
51,	8
52,	0
53,	6
54,	3
55,	0
56,	2
57,	3
58,	1
59,	2
60,	2
61,	10
62,	6
63,	0
64,	0
65,	4
66,	2
67,	1
68,	2
69,	4
70,	6
71,	2
72,	5
73,	1
74,	2
75,	2
76,	3
77,	3
78,	1
79,	3
80,	0
81,	0
82,	6
83,	4
84,	2
85,	0
86,	0
87,	5
88,	5
89,	6
90,	7
91,	2
92,	0
93,	2
94,	7
95,	1
96,	2
97,	3
98,	0
99,	8
100,	0
101,	1
102,	5
103,	3
104,	1
105,	2
106,	2
107,	5
108,	1
109,	0
110,	2
111,	11
112,	3
113,	2
114,	3
115,	0
116,	1
117,	6
118,	1
119,	10
120,	1
121,	1
122,	4
123,	9
124,	1
125,	6
126,	2
127,	6
128,	1
129,	4
130,	0
131,	1
132,	4
133,	1
134,	3
135,	5
136,	3
137,	5
138,	1
139,	0
140,	0
141,	0
142,	5
143,	6
144,	7
145,	4
146,	3
147,	3
148,	10
149,	0
150,	4
151,	3
152,	0
153,	2
154,	1
155,	1
156,	2
157,	4
158,	2
159,	5
160,	2
161,	3
162,	0
163,	6
164,	7
165,	1
166,	2
167,	1
168,	2
169,	0
170,	4
171,	2
172,	1
173,	5
174,	1
175,	6
176,	2
177,	4
178,	5
179,	8
180,	1
181,	3
182,	5
183,	8
184,	3
185,	0
186,	1
187,	0
188,	1
189,	5
190,	6
191,	4
192,	1
193,	1
194,	2
195,	6
196,	1
197,	0
198,	9
199,	3
200,	0
201,	2
202,	6
203,	4
204,	4
205,	3
206,	1
207,	6
208,	1
209,	2
210,	3
211,	2
212,	10
213,	3
214,	0
215,	3
216,	2
217,	0
218,	5
219,	5
220,	4
221,	0
222,	8
223,	3
224,	4
225,	3
226,	2
227,	3
228,	0
229,	5
230,	4
231,	4
232,	0
233,	4
234,	1
235,	4
236,	4
237,	3
238,	1
239,	4
240,	1
241,	5
242,	8
243,	3
244,	8
245,	2
246,	1
247,	8
248,	6
249,	0
250,	2
251,	5
252,	4
253,	5
254,	1
255,	2
256,	10
257,	3
258,	3
259,	3
260,	4
261,	4
262,	5
263,	9
264,	4
265,	1
266,	0
267,	1
268,	6
269,	0
270,	7
271,	2
272,	4
273,	7
274,	9
275,	0
276,	7
277,	6
278,	7
279,	2
280,	1
281,	2
282,	7
283,	4
284,	3
285,	4
286,	3
287,	7
288,	1
289,	2
290,	6
291,	3
292,	6
293,	8
294,	7
295,	5
296,	7
297,	2
298,	3
299,	1
300,	4
301,	1
302,	4
303,	3
304,	2
305,	4
306,	2
307,	8
308,	4
309,	5
310,	7
311,	2
312,	1
313,	8
314,	8
315,	5
316,	4
317,	2
318,	1
319,	3
320,	3
321,	6
322,	7
323,	6
324,	7
325,	5
326,	2
327,	4
328,	5
329,	6
330,	2
331,	7
332,	4
333,	2
334,	9
335,	0
336,	3
337,	8
338,	3
339,	6
340,	3
341,	4
342,	6
343,	9
344,	2
345,	6
346,	9
347,	11
348,	7
349,	6
350,	4
351,	3
352,	11
353,	7
354,	3
355,	8
356,	0
357,	9
358,	5
359,	2
360,	8
361,	4
362,	0
363,	6
364,	8
365,	6
366,	7
367,	4
368,	7
369,	4
370,	9
371,	5
372,	3
373,	3
374,	3
375,	5
376,	6
377,	6
378,	6
379,	2
380,	6
381,	2
382,	2
383,	3
384,	4
385,	3
386,	9
387,	8
388,	7
389,	8
390,	6
391,	6
392,	4
393,	7
394,	9
395,	2
396,	10
397,	8
398,	4
399,	9
400,	8
401,	0
402,	0
403,	7
404,	4
405,	9
406,	7
407,	4
408,	11
409,	5
410,	3
411,	4
412,	4
413,	6
414,	5
415,	1
416,	10
417,	5
418,	10
419,	6
420,	9
421,	6
422,	7
423,	1
424,	7
425,	5
426,	10
427,	7
428,	6
429,	3
430,	10
431,	8
432,	8
433,	8
434,	6
435,	8
436,	7
437,	3
438,	5
439,	6
440,	10
441,	8
442,	5
443,	2
444,	4
445,	7
446,	10
447,	5
448,	2
449,	7
450,	8
451,	6
452,	7
453,	10
454,	4
455,	6
456,	9
457,	11
458,	6
459,	11
460,	11
461,	4
462,	8
463,	7
464,	5
465,	7
466,	8
467,	5
468,	6
469,	6
470,	8
471,	9
472,	7
473,	1
474,	7
475,	11
476,	8
477,	2
478,	7
479,	8
480,	9
481,	3
482,	9
483,	6
484,	8
485,	8
486,	10
487,	9
488,	7
489,	5
490,	6
491,	8
492,	11
493,	10
494,	8
495,	8
496,	10
497,	6
498,	5
499,	7
