Instance: /home/gabriel/Documents/ufrgs/courses/oc/trab/instances/cmb01
Vertices: 500
Colors: 12
NumIterations: 6
Alpha: 0.650000
Is Factible?: false
Conflicts: 3
Solution Value: 152303.562500
Vertex,	Color
0,	0
1,	3
2,	4
3,	0
4,	4
5,	4
6,	0
7,	2
8,	1
9,	1
10,	5
11,	5
12,	0
13,	0
14,	1
15,	2
16,	10
17,	1
18,	0
19,	4
20,	4
21,	0
22,	0
23,	5
24,	1
25,	2
26,	1
27,	3
28,	5
29,	1
30,	3
31,	0
32,	2
33,	2
34,	0
35,	3
36,	2
37,	3
38,	0
39,	6
40,	0
41,	0
42,	4
43,	7
44,	1
45,	0
46,	0
47,	0
48,	0
49,	0
50,	0
51,	5
52,	2
53,	2
54,	1
55,	0
56,	3
57,	1
58,	5
59,	1
60,	6
61,	5
62,	5
63,	3
64,	4
65,	2
66,	1
67,	2
68,	6
69,	3
70,	5
71,	1
72,	4
73,	0
74,	3
75,	1
76,	3
77,	9
78,	0
79,	7
80,	7
81,	3
82,	2
83,	0
84,	5
85,	0
86,	0
87,	0
88,	4
89,	8
90,	0
91,	3
92,	2
93,	3
94,	8
95,	3
96,	1
97,	2
98,	2
99,	10
100,	3
101,	2
102,	0
103,	5
104,	4
105,	6
106,	5
107,	5
108,	2
109,	2
110,	1
111,	11
112,	2
113,	2
114,	6
115,	1
116,	0
117,	4
118,	5
119,	4
120,	1
121,	0
122,	2
123,	4
124,	1
125,	1
126,	1
127,	3
128,	1
129,	3
130,	0
131,	4
132,	3
133,	1
134,	0
135,	2
136,	1
137,	2
138,	1
139,	0
140,	1
141,	2
142,	6
143,	1
144,	2
145,	3
146,	3
147,	2
148,	9
149,	0
150,	5
151,	8
152,	3
153,	1
154,	2
155,	7
156,	6
157,	2
158,	1
159,	3
160,	3
161,	3
162,	9
163,	3
164,	5
165,	3
166,	2
167,	1
168,	0
169,	4
170,	8
171,	5
172,	4
173,	4
174,	3
175,	2
176,	1
177,	3
178,	4
179,	7
180,	6
181,	3
182,	1
183,	5
184,	1
185,	1
186,	2
187,	0
188,	4
189,	5
190,	7
191,	1
192,	1
193,	1
194,	2
195,	0
196,	1
197,	0
198,	3
199,	4
200,	1
201,	6
202,	7
203,	2
204,	3
205,	2
206,	2
207,	4
208,	5
209,	3
210,	1
211,	0
212,	4
213,	1
214,	3
215,	4
216,	3
217,	0
218,	4
219,	4
220,	6
221,	1
222,	7
223,	2
224,	4
225,	0
226,	3
227,	7
228,	2
229,	4
230,	6
231,	2
232,	2
233,	3
234,	2
235,	1
236,	5
237,	1
238,	2
239,	5
240,	0
241,	7
242,	6
243,	2
244,	4
245,	1
246,	1
247,	5
248,	7
249,	2
250,	0
251,	0
252,	1
253,	1
254,	9
255,	2
256,	2
257,	2
258,	3
259,	3
260,	4
261,	2
262,	7
263,	7
264,	4
265,	2
266,	5
267,	6
268,	5
269,	5
270,	6
271,	5
272,	2
273,	1
274,	7
275,	2
276,	1
277,	4
278,	5
279,	5
280,	0
281,	1
282,	6
283,	1
284,	9
285,	4
286,	8
287,	4
288,	1
289,	0
290,	5
291,	1
292,	6
293,	1
294,	8
295,	4
296,	4
297,	2
298,	4
299,	1
300,	6
301,	1
302,	6
303,	4
304,	3
305,	5
306,	3
307,	7
308,	5
309,	6
310,	5
311,	3
312,	0
313,	6
314,	6
315,	4
316,	5
317,	1
318,	3
319,	5
320,	3
321,	3
322,	4
323,	7
324,	7
325,	6
326,	2
327,	4
328,	10
329,	7
330,	2
331,	6
332,	3
333,	2
334,	8
335,	2
336,	2
337,	8
338,	8
339,	5
340,	7
341,	5
342,	9
343,	7
344,	4
345,	6
346,	6
347,	10
348,	6
349,	1
350,	4
351,	3
352,	9
353,	9
354,	4
355,	4
356,	8
357,	9
358,	5
359,	0
360,	7
361,	6
362,	3
363,	7
364,	9
365,	9
366,	1
367,	4
368,	7
369,	5
370,	3
371,	4
372,	2
373,	1
374,	3
375,	2
376,	6
377,	5
378,	5
379,	4
380,	7
381,	1
382,	2
383,	3
384,	5
385,	6
386,	1
387,	8
388,	9
389,	7
390,	7
391,	1
392,	2
393,	9
394,	8
395,	7
396,	10
397,	6
398,	4
399,	8
400,	6
401,	5
402,	6
403,	3
404,	4
405,	10
406,	7
407,	1
408,	11
409,	10
410,	7
411,	4
412,	0
413,	6
414,	10
415,	0
416,	10
417,	4
418,	10
419,	2
420,	8
421,	8
422,	6
423,	9
424,	7
425,	7
426,	9
427,	6
428,	1
429,	4
430,	9
431,	2
432,	10
433,	6
434,	5
435,	10
436,	5
437,	3
438,	7
439,	6
440,	1
441,	8
442,	4
443,	4
444,	3
445,	9
446,	11
447,	3
448,	4
449,	7
450,	0
451,	4
452,	7
453,	10
454,	4
455,	5
456,	8
457,	11
458,	3
459,	11
460,	10
461,	4
462,	9
463,	6
464,	7
465,	6
466,	8
467,	3
468,	1
469,	5
470,	0
471,	8
472,	7
473,	2
474,	8
475,	11
476,	5
477,	2
478,	7
479,	11
480,	6
481,	4
482,	9
483,	6
484,	8
485,	5
486,	8
487,	8
488,	4
489,	3
490,	5
491,	9
492,	10
493,	4
494,	7
495,	6
496,	5
497,	8
498,	7
499,	4
