Instance: /home/gabriel/Documents/ufrgs/courses/oc/trab/instances/cmb01
Vertices: 500
Colors: 12
NumIterations: 3
Alpha: 0.750000
Is Factible?: false
Conflicts: 4
Solution Value: 155234.937500
Vertex,	Color
0,	2
1,	2
2,	5
3,	3
4,	3
5,	0
6,	2
7,	1
8,	0
9,	2
10,	1
11,	0
12,	1
13,	0
14,	2
15,	0
16,	6
17,	2
18,	6
19,	3
20,	1
21,	2
22,	1
23,	1
24,	0
25,	1
26,	1
27,	1
28,	4
29,	0
30,	0
31,	1
32,	2
33,	4
34,	1
35,	0
36,	1
37,	0
38,	2
39,	1
40,	1
41,	3
42,	3
43,	0
44,	0
45,	4
46,	1
47,	1
48,	6
49,	1
50,	1
51,	5
52,	0
53,	0
54,	0
55,	6
56,	0
57,	3
58,	0
59,	0
60,	2
61,	1
62,	6
63,	1
64,	2
65,	3
66,	0
67,	2
68,	0
69,	0
70,	4
71,	0
72,	4
73,	6
74,	4
75,	1
76,	4
77,	3
78,	0
79,	4
80,	6
81,	9
82,	8
83,	4
84,	1
85,	1
86,	3
87,	2
88,	2
89,	5
90,	1
91,	3
92,	1
93,	6
94,	0
95,	0
96,	2
97,	4
98,	5
99,	6
100,	0
101,	4
102,	0
103,	1
104,	2
105,	3
106,	2
107,	5
108,	2
109,	3
110,	0
111,	2
112,	4
113,	7
114,	0
115,	1
116,	1
117,	9
118,	3
119,	3
120,	2
121,	0
122,	0
123,	3
124,	3
125,	2
126,	2
127,	0
128,	2
129,	5
130,	0
131,	4
132,	2
133,	0
134,	2
135,	5
136,	1
137,	5
138,	4
139,	0
140,	0
141,	1
142,	2
143,	5
144,	3
145,	3
146,	4
147,	4
148,	3
149,	0
150,	5
151,	8
152,	0
153,	0
154,	0
155,	5
156,	2
157,	0
158,	2
159,	1
160,	1
161,	4
162,	2
163,	6
164,	3
165,	4
166,	4
167,	0
168,	2
169,	0
170,	6
171,	1
172,	2
173,	3
174,	4
175,	0
176,	2
177,	3
178,	5
179,	5
180,	4
181,	3
182,	1
183,	5
184,	4
185,	3
186,	8
187,	3
188,	2
189,	4
190,	8
191,	2
192,	2
193,	2
194,	5
195,	1
196,	1
197,	2
198,	7
199,	4
200,	0
201,	5
202,	6
203,	7
204,	4
205,	3
206,	2
207,	7
208,	3
209,	4
210,	5
211,	1
212,	7
213,	4
214,	5
215,	2
216,	3
217,	1
218,	6
219,	7
220,	7
221,	0
222,	7
223,	3
224,	3
225,	0
226,	9
227,	3
228,	1
229,	3
230,	4
231,	2
232,	0
233,	6
234,	2
235,	3
236,	1
237,	3
238,	3
239,	3
240,	0
241,	0
242,	6
243,	2
244,	10
245,	0
246,	5
247,	5
248,	6
249,	3
250,	4
251,	5
252,	3
253,	2
254,	2
255,	1
256,	0
257,	0
258,	4
259,	0
260,	5
261,	3
262,	9
263,	9
264,	5
265,	2
266,	6
267,	4
268,	6
269,	9
270,	2
271,	2
272,	5
273,	6
274,	6
275,	1
276,	7
277,	5
278,	6
279,	2
280,	2
281,	5
282,	7
283,	5
284,	3
285,	3
286,	5
287,	6
288,	1
289,	2
290,	3
291,	3
292,	6
293,	3
294,	2
295,	2
296,	6
297,	8
298,	4
299,	2
300,	3
301,	2
302,	5
303,	3
304,	0
305,	6
306,	2
307,	8
308,	4
309,	7
310,	7
311,	4
312,	1
313,	7
314,	2
315,	5
316,	7
317,	1
318,	2
319,	1
320,	4
321,	4
322,	7
323,	5
324,	7
325,	5
326,	2
327,	1
328,	5
329,	6
330,	2
331,	7
332,	4
333,	5
334,	8
335,	9
336,	4
337,	8
338,	6
339,	3
340,	5
341,	4
342,	4
343,	9
344,	2
345,	7
346,	8
347,	8
348,	7
349,	6
350,	0
351,	0
352,	10
353,	8
354,	3
355,	5
356,	1
357,	9
358,	7
359,	10
360,	4
361,	3
362,	5
363,	8
364,	8
365,	8
366,	4
367,	4
368,	7
369,	3
370,	7
371,	4
372,	3
373,	4
374,	3
375,	5
376,	6
377,	4
378,	6
379,	4
380,	0
381,	2
382,	0
383,	5
384,	5
385,	3
386,	6
387,	10
388,	7
389,	8
390,	6
391,	1
392,	4
393,	7
394,	5
395,	2
396,	8
397,	6
398,	3
399,	8
400,	6
401,	0
402,	2
403,	5
404,	5
405,	9
406,	7
407,	2
408,	11
409,	9
410,	8
411,	5
412,	6
413,	7
414,	5
415,	11
416,	4
417,	5
418,	11
419,	5
420,	9
421,	7
422,	5
423,	10
424,	7
425,	6
426,	10
427,	6
428,	0
429,	4
430,	9
431,	9
432,	10
433,	5
434,	5
435,	11
436,	7
437,	5
438,	7
439,	8
440,	0
441,	8
442,	2
443,	0
444,	3
445,	0
446,	11
447,	3
448,	3
449,	8
450,	10
451,	4
452,	7
453,	10
454,	4
455,	6
456,	9
457,	11
458,	9
459,	11
460,	10
461,	4
462,	1
463,	7
464,	1
465,	6
466,	9
467,	5
468,	9
469,	6
470,	8
471,	9
472,	7
473,	2
474,	7
475,	8
476,	8
477,	3
478,	5
479,	10
480,	9
481,	4
482,	10
483,	6
484,	8
485,	10
486,	5
487,	7
488,	7
489,	7
490,	6
491,	8
492,	11
493,	9
494,	9
495,	8
496,	10
497,	4
498,	6
499,	6
