Instance: /home/gabriel/Documents/ufrgs/courses/oc/trab/instances/cmb01
Vertices: 500
Colors: 12
NumIterations: 1
Alpha: 0.750000
Is Factible?: false
Conflicts: 5
Solution Value: 151539.343750
Vertex,	Color
0,	1
1,	1
2,	5
3,	0
4,	5
5,	2
6,	1
7,	0
8,	0
9,	1
10,	4
11,	2
12,	1
13,	0
14,	1
15,	3
16,	4
17,	3
18,	2
19,	0
20,	5
21,	0
22,	3
23,	2
24,	0
25,	8
26,	7
27,	4
28,	0
29,	2
30,	3
31,	0
32,	2
33,	0
34,	4
35,	0
36,	3
37,	0
38,	1
39,	10
40,	1
41,	4
42,	1
43,	3
44,	3
45,	0
46,	0
47,	1
48,	2
49,	3
50,	4
51,	8
52,	2
53,	1
54,	2
55,	5
56,	3
57,	2
58,	1
59,	2
60,	6
61,	4
62,	4
63,	1
64,	1
65,	1
66,	2
67,	1
68,	5
69,	3
70,	3
71,	2
72,	5
73,	1
74,	2
75,	2
76,	2
77,	3
78,	2
79,	10
80,	1
81,	1
82,	2
83,	0
84,	0
85,	0
86,	0
87,	0
88,	4
89,	3
90,	3
91,	3
92,	1
93,	1
94,	3
95,	0
96,	0
97,	1
98,	2
99,	4
100,	1
101,	3
102,	1
103,	7
104,	0
105,	3
106,	4
107,	3
108,	0
109,	0
110,	2
111,	4
112,	2
113,	6
114,	4
115,	0
116,	5
117,	7
118,	3
119,	4
120,	5
121,	0
122,	3
123,	3
124,	3
125,	0
126,	3
127,	7
128,	2
129,	5
130,	1
131,	2
132,	4
133,	1
134,	1
135,	1
136,	3
137,	2
138,	1
139,	8
140,	5
141,	1
142,	4
143,	10
144,	2
145,	1
146,	4
147,	2
148,	6
149,	2
150,	6
151,	2
152,	0
153,	2
154,	2
155,	3
156,	2
157,	7
158,	0
159,	3
160,	1
161,	4
162,	6
163,	5
164,	6
165,	4
166,	0
167,	0
168,	2
169,	5
170,	7
171,	3
172,	3
173,	4
174,	0
175,	0
176,	3
177,	8
178,	5
179,	1
180,	0
181,	0
182,	2
183,	8
184,	6
185,	5
186,	7
187,	0
188,	2
189,	6
190,	2
191,	2
192,	2
193,	0
194,	3
195,	4
196,	3
197,	1
198,	3
199,	0
200,	2
201,	6
202,	6
203,	0
204,	4
205,	0
206,	1
207,	5
208,	7
209,	3
210,	2
211,	2
212,	9
213,	2
214,	3
215,	2
216,	3
217,	2
218,	5
219,	9
220,	6
221,	0
222,	7
223,	1
224,	4
225,	0
226,	5
227,	6
228,	4
229,	3
230,	4
231,	5
232,	7
233,	4
234,	2
235,	1
236,	8
237,	1
238,	2
239,	0
240,	2
241,	2
242,	6
243,	5
244,	10
245,	1
246,	3
247,	5
248,	4
249,	0
250,	1
251,	4
252,	1
253,	1
254,	8
255,	7
256,	4
257,	4
258,	3
259,	0
260,	5
261,	4
262,	3
263,	10
264,	2
265,	2
266,	4
267,	3
268,	7
269,	5
270,	5
271,	4
272,	5
273,	7
274,	7
275,	1
276,	6
277,	2
278,	4
279,	2
280,	0
281,	3
282,	7
283,	0
284,	6
285,	2
286,	4
287,	3
288,	4
289,	1
290,	2
291,	4
292,	5
293,	1
294,	6
295,	3
296,	7
297,	5
298,	2
299,	2
300,	6
301,	2
302,	4
303,	3
304,	3
305,	5
306,	2
307,	7
308,	3
309,	6
310,	7
311,	1
312,	0
313,	7
314,	6
315,	6
316,	5
317,	3
318,	2
319,	1
320,	3
321,	5
322,	4
323,	6
324,	3
325,	5
326,	2
327,	4
328,	9
329,	6
330,	1
331,	5
332,	5
333,	7
334,	8
335,	0
336,	5
337,	8
338,	4
339,	0
340,	4
341,	8
342,	4
343,	2
344,	2
345,	0
346,	5
347,	9
348,	7
349,	6
350,	5
351,	5
352,	9
353,	7
354,	4
355,	9
356,	8
357,	9
358,	6
359,	0
360,	7
361,	5
362,	1
363,	2
364,	7
365,	10
366,	8
367,	7
368,	6
369,	7
370,	4
371,	0
372,	5
373,	6
374,	3
375,	6
376,	8
377,	6
378,	6
379,	6
380,	4
381,	2
382,	1
383,	3
384,	2
385,	4
386,	10
387,	8
388,	6
389,	6
390,	7
391,	1
392,	3
393,	8
394,	9
395,	2
396,	1
397,	6
398,	1
399,	8
400,	5
401,	0
402,	9
403,	5
404,	2
405,	9
406,	8
407,	1
408,	11
409,	6
410,	6
411,	4
412,	7
413,	6
414,	8
415,	0
416,	9
417,	4
418,	9
419,	6
420,	10
421,	5
422,	7
423,	8
424,	8
425,	6
426,	9
427,	3
428,	5
429,	5
430,	9
431,	7
432,	7
433,	4
434,	6
435,	5
436,	6
437,	3
438,	6
439,	8
440,	0
441,	7
442,	11
443,	0
444,	3
445,	4
446,	10
447,	3
448,	3
449,	2
450,	2
451,	9
452,	7
453,	8
454,	4
455,	5
456,	3
457,	10
458,	0
459,	11
460,	9
461,	3
462,	8
463,	6
464,	7
465,	8
466,	4
467,	5
468,	9
469,	6
470,	8
471,	9
472,	7
473,	1
474,	8
475,	11
476,	0
477,	2
478,	7
479,	11
480,	9
481,	2
482,	10
483,	7
484,	8
485,	10
486,	6
487,	7
488,	7
489,	3
490,	4
491,	9
492,	11
493,	3
494,	11
495,	7
496,	10
497,	1
498,	0
499,	3
