Instance: /home/gabriel/Documents/ufrgs/courses/oc/trab/instances/cmb01
Vertices: 500
Colors: 12
NumIterations: 4
Alpha: 0.750000
Is Factible?: false
Conflicts: 4
Solution Value: 148054.109375
Vertex,	Color
0,	1
1,	0
2,	1
3,	0
4,	4
5,	2
6,	7
7,	0
8,	2
9,	3
10,	2
11,	0
12,	0
13,	6
14,	0
15,	1
16,	0
17,	1
18,	0
19,	1
20,	2
21,	1
22,	6
23,	5
24,	1
25,	0
26,	0
27,	0
28,	2
29,	0
30,	3
31,	0
32,	2
33,	0
34,	3
35,	2
36,	5
37,	4
38,	2
39,	9
40,	1
41,	4
42,	1
43,	2
44,	0
45,	1
46,	2
47,	0
48,	3
49,	1
50,	4
51,	0
52,	0
53,	2
54,	4
55,	0
56,	2
57,	5
58,	2
59,	0
60,	2
61,	3
62,	0
63,	0
64,	1
65,	3
66,	0
67,	1
68,	6
69,	5
70,	0
71,	1
72,	4
73,	3
74,	1
75,	0
76,	5
77,	4
78,	0
79,	7
80,	1
81,	3
82,	2
83,	5
84,	0
85,	2
86,	1
87,	0
88,	1
89,	5
90,	5
91,	1
92,	1
93,	1
94,	0
95,	0
96,	3
97,	3
98,	7
99,	9
100,	8
101,	0
102,	5
103,	4
104,	3
105,	4
106,	1
107,	4
108,	1
109,	3
110,	4
111,	3
112,	0
113,	2
114,	0
115,	2
116,	0
117,	5
118,	3
119,	7
120,	1
121,	5
122,	8
123,	7
124,	2
125,	2
126,	1
127,	4
128,	0
129,	2
130,	0
131,	3
132,	1
133,	3
134,	1
135,	0
136,	4
137,	5
138,	11
139,	2
140,	2
141,	5
142,	0
143,	1
144,	3
145,	1
146,	4
147,	0
148,	7
149,	0
150,	3
151,	1
152,	2
153,	3
154,	1
155,	0
156,	0
157,	3
158,	3
159,	1
160,	3
161,	2
162,	3
163,	4
164,	5
165,	2
166,	0
167,	1
168,	2
169,	2
170,	3
171,	2
172,	2
173,	1
174,	1
175,	2
176,	1
177,	1
178,	4
179,	6
180,	7
181,	5
182,	6
183,	6
184,	4
185,	2
186,	3
187,	1
188,	5
189,	6
190,	6
191,	6
192,	1
193,	3
194,	3
195,	6
196,	3
197,	2
198,	8
199,	1
200,	3
201,	3
202,	4
203,	6
204,	4
205,	1
206,	2
207,	4
208,	1
209,	3
210,	1
211,	1
212,	8
213,	4
214,	5
215,	3
216,	3
217,	4
218,	5
219,	5
220,	7
221,	0
222,	6
223,	5
224,	3
225,	0
226,	4
227,	3
228,	0
229,	3
230,	3
231,	5
232,	2
233,	5
234,	1
235,	0
236,	6
237,	2
238,	0
239,	1
240,	0
241,	2
242,	7
243,	5
244,	5
245,	1
246,	4
247,	0
248,	4
249,	3
250,	2
251,	3
252,	6
253,	5
254,	3
255,	6
256,	1
257,	3
258,	5
259,	5
260,	3
261,	0
262,	6
263,	2
264,	3
265,	1
266,	2
267,	7
268,	5
269,	6
270,	9
271,	5
272,	3
273,	4
274,	4
275,	4
276,	2
277,	4
278,	3
279,	0
280,	1
281,	2
282,	6
283,	6
284,	11
285,	3
286,	5
287,	7
288,	4
289,	3
290,	1
291,	4
292,	5
293,	4
294,	10
295,	3
296,	6
297,	1
298,	2
299,	5
300,	0
301,	0
302,	5
303,	3
304,	2
305,	6
306,	2
307,	7
308,	3
309,	6
310,	8
311,	3
312,	1
313,	7
314,	7
315,	6
316,	3
317,	2
318,	1
319,	2
320,	5
321,	4
322,	7
323,	7
324,	6
325,	4
326,	1
327,	4
328,	8
329,	6
330,	0
331,	6
332,	4
333,	5
334,	8
335,	2
336,	4
337,	10
338,	3
339,	6
340,	6
341,	7
342,	4
343,	0
344,	1
345,	7
346,	8
347,	8
348,	7
349,	6
350,	5
351,	0
352,	8
353,	8
354,	5
355,	4
356,	6
357,	9
358,	6
359,	4
360,	7
361,	6
362,	6
363,	8
364,	8
365,	9
366,	6
367,	4
368,	7
369,	5
370,	4
371,	5
372,	5
373,	4
374,	6
375,	3
376,	8
377,	7
378,	2
379,	5
380,	2
381,	2
382,	3
383,	2
384,	3
385,	3
386,	10
387,	9
388,	3
389,	8
390,	7
391,	1
392,	3
393,	9
394,	8
395,	0
396,	7
397,	7
398,	0
399,	8
400,	7
401,	8
402,	2
403,	5
404,	4
405,	7
406,	1
407,	3
408,	11
409,	5
410,	6
411,	4
412,	7
413,	4
414,	6
415,	10
416,	10
417,	4
418,	8
419,	6
420,	10
421,	7
422,	4
423,	11
424,	9
425,	8
426,	9
427,	7
428,	4
429,	5
430,	9
431,	8
432,	11
433,	4
434,	6
435,	9
436,	6
437,	5
438,	4
439,	8
440,	1
441,	8
442,	9
443,	1
444,	3
445,	7
446,	10
447,	1
448,	5
449,	10
450,	4
451,	7
452,	7
453,	10
454,	4
455,	5
456,	9
457,	10
458,	4
459,	10
460,	9
461,	4
462,	7
463,	6
464,	7
465,	8
466,	9
467,	1
468,	7
469,	5
470,	1
471,	9
472,	7
473,	3
474,	8
475,	9
476,	9
477,	1
478,	7
479,	10
480,	10
481,	5
482,	10
483,	4
484,	8
485,	9
486,	7
487,	9
488,	7
489,	6
490,	3
491,	9
492,	11
493,	2
494,	7
495,	8
496,	8
497,	8
498,	5
499,	9
