Instance: /home/gabriel/Documents/ufrgs/courses/oc/trab/instances/cmb01
Vertices: 500
Colors: 12
NumIterations: 2
Alpha: 0.750000
Is Factible?: false
Conflicts: 3
Solution Value: 152148.984375
Vertex,	Color
0,	1
1,	0
2,	2
3,	1
4,	4
5,	0
6,	3
7,	0
8,	0
9,	1
10,	4
11,	2
12,	0
13,	5
14,	0
15,	1
16,	2
17,	1
18,	10
19,	0
20,	2
21,	1
22,	6
23,	5
24,	2
25,	0
26,	0
27,	1
28,	4
29,	0
30,	4
31,	2
32,	1
33,	0
34,	5
35,	5
36,	1
37,	0
38,	2
39,	5
40,	3
41,	2
42,	1
43,	4
44,	0
45,	2
46,	2
47,	2
48,	6
49,	3
50,	1
51,	1
52,	0
53,	1
54,	2
55,	0
56,	0
57,	0
58,	4
59,	1
60,	3
61,	1
62,	0
63,	0
64,	4
65,	4
66,	3
67,	1
68,	5
69,	0
70,	2
71,	1
72,	5
73,	4
74,	0
75,	0
76,	2
77,	8
78,	1
79,	3
80,	6
81,	4
82,	6
83,	5
84,	0
85,	0
86,	2
87,	0
88,	1
89,	0
90,	3
91,	1
92,	0
93,	1
94,	7
95,	3
96,	2
97,	2
98,	6
99,	10
100,	1
101,	1
102,	1
103,	3
104,	1
105,	5
106,	3
107,	2
108,	0
109,	3
110,	5
111,	11
112,	5
113,	3
114,	2
115,	0
116,	2
117,	0
118,	4
119,	7
120,	3
121,	0
122,	5
123,	6
124,	3
125,	2
126,	1
127,	6
128,	1
129,	6
130,	0
131,	2
132,	1
133,	4
134,	1
135,	2
136,	2
137,	4
138,	0
139,	2
140,	0
141,	1
142,	2
143,	3
144,	3
145,	1
146,	4
147,	3
148,	4
149,	0
150,	5
151,	2
152,	0
153,	3
154,	6
155,	6
156,	3
157,	3
158,	3
159,	1
160,	1
161,	2
162,	1
163,	4
164,	6
165,	2
166,	0
167,	0
168,	0
169,	4
170,	7
171,	5
172,	0
173,	4
174,	4
175,	1
176,	1
177,	2
178,	6
179,	2
180,	3
181,	2
182,	8
183,	2
184,	0
185,	3
186,	3
187,	1
188,	1
189,	4
190,	6
191,	1
192,	1
193,	2
194,	1
195,	3
196,	2
197,	2
198,	8
199,	3
200,	0
201,	6
202,	7
203,	6
204,	4
205,	3
206,	1
207,	1
208,	5
209,	4
210,	1
211,	0
212,	8
213,	3
214,	0
215,	2
216,	3
217,	3
218,	6
219,	4
220,	3
221,	0
222,	7
223,	5
224,	4
225,	0
226,	4
227,	5
228,	4
229,	5
230,	3
231,	7
232,	7
233,	3
234,	4
235,	2
236,	2
237,	4
238,	2
239,	0
240,	0
241,	2
242,	7
243,	3
244,	6
245,	5
246,	7
247,	4
248,	5
249,	2
250,	3
251,	2
252,	3
253,	1
254,	7
255,	10
256,	1
257,	2
258,	2
259,	1
260,	4
261,	3
262,	4
263,	9
264,	3
265,	3
266,	6
267,	4
268,	5
269,	9
270,	10
271,	5
272,	4
273,	5
274,	5
275,	2
276,	7
277,	7
278,	5
279,	0
280,	1
281,	5
282,	6
283,	6
284,	6
285,	3
286,	1
287,	3
288,	1
289,	4
290,	4
291,	1
292,	5
293,	9
294,	0
295,	3
296,	4
297,	3
298,	4
299,	3
300,	2
301,	0
302,	6
303,	5
304,	0
305,	0
306,	1
307,	7
308,	2
309,	6
310,	5
311,	3
312,	1
313,	7
314,	7
315,	5
316,	4
317,	1
318,	1
319,	2
320,	3
321,	5
322,	9
323,	7
324,	8
325,	5
326,	1
327,	4
328,	7
329,	5
330,	2
331,	5
332,	4
333,	3
334,	8
335,	6
336,	4
337,	8
338,	4
339,	2
340,	1
341,	4
342,	6
343,	6
344,	1
345,	6
346,	8
347,	10
348,	7
349,	6
350,	0
351,	1
352,	9
353,	8
354,	4
355,	4
356,	6
357,	10
358,	6
359,	5
360,	7
361,	5
362,	4
363,	7
364,	5
365,	6
366,	8
367,	5
368,	8
369,	5
370,	4
371,	0
372,	2
373,	5
374,	1
375,	5
376,	7
377,	7
378,	6
379,	3
380,	5
381,	0
382,	2
383,	5
384,	2
385,	7
386,	0
387,	9
388,	8
389,	8
390,	6
391,	5
392,	2
393,	8
394,	10
395,	3
396,	9
397,	7
398,	5
399,	8
400,	7
401,	2
402,	7
403,	6
404,	5
405,	6
406,	8
407,	4
408,	11
409,	9
410,	7
411,	4
412,	7
413,	7
414,	6
415,	3
416,	10
417,	6
418,	9
419,	6
420,	9
421,	6
422,	5
423,	8
424,	8
425,	7
426,	10
427,	5
428,	0
429,	7
430,	9
431,	7
432,	9
433,	8
434,	6
435,	7
436,	4
437,	3
438,	4
439,	8
440,	1
441,	9
442,	5
443,	5
444,	3
445,	9
446,	10
447,	2
448,	5
449,	8
450,	9
451,	1
452,	7
453,	5
454,	4
455,	7
456,	9
457,	11
458,	0
459,	11
460,	10
461,	4
462,	6
463,	8
464,	5
465,	7
466,	6
467,	3
468,	6
469,	5
470,	8
471,	8
472,	8
473,	1
474,	8
475,	10
476,	7
477,	2
478,	5
479,	11
480,	10
481,	5
482,	10
483,	4
484,	7
485,	7
486,	9
487,	9
488,	7
489,	5
490,	4
491,	9
492,	11
493,	9
494,	7
495,	10
496,	9
497,	9
498,	0
499,	8
