Instance: /home/gabriel/Documents/ufrgs/courses/oc/trab/instances/cmb01
Vertices: 500
Colors: 12
NumIterations: 2
Alpha: 0.750000
Is Factible?: false
Conflicts: 2
Solution Value: 154771.640625
Vertex,	Color
0,	4
1,	4
2,	3
3,	1
4,	5
5,	3
6,	0
7,	6
8,	5
9,	1
10,	5
11,	0
12,	1
13,	1
14,	0
15,	0
16,	3
17,	0
18,	3
19,	4
20,	1
21,	1
22,	1
23,	3
24,	0
25,	1
26,	2
27,	2
28,	2
29,	1
30,	0
31,	0
32,	2
33,	0
34,	4
35,	4
36,	0
37,	4
38,	5
39,	0
40,	2
41,	1
42,	1
43,	6
44,	0
45,	2
46,	0
47,	3
48,	11
49,	2
50,	0
51,	2
52,	0
53,	4
54,	2
55,	1
56,	4
57,	1
58,	1
59,	0
60,	7
61,	1
62,	3
63,	0
64,	2
65,	1
66,	1
67,	2
68,	1
69,	2
70,	2
71,	1
72,	1
73,	1
74,	4
75,	0
76,	4
77,	4
78,	0
79,	4
80,	5
81,	4
82,	0
83,	4
84,	4
85,	3
86,	3
87,	0
88,	0
89,	1
90,	2
91,	0
92,	7
93,	0
94,	5
95,	4
96,	3
97,	2
98,	0
99,	2
100,	7
101,	3
102,	0
103,	4
104,	1
105,	3
106,	0
107,	3
108,	2
109,	1
110,	0
111,	2
112,	1
113,	5
114,	1
115,	2
116,	1
117,	1
118,	3
119,	1
120,	0
121,	0
122,	3
123,	2
124,	2
125,	1
126,	0
127,	8
128,	0
129,	6
130,	0
131,	2
132,	3
133,	0
134,	1
135,	1
136,	5
137,	10
138,	7
139,	1
140,	0
141,	0
142,	3
143,	10
144,	1
145,	1
146,	2
147,	0
148,	6
149,	2
150,	3
151,	6
152,	1
153,	1
154,	4
155,	1
156,	3
157,	0
158,	2
159,	3
160,	3
161,	2
162,	8
163,	2
164,	6
165,	2
166,	0
167,	3
168,	5
169,	1
170,	2
171,	7
172,	2
173,	2
174,	0
175,	0
176,	0
177,	3
178,	4
179,	7
180,	8
181,	3
182,	3
183,	9
184,	3
185,	2
186,	3
187,	1
188,	0
189,	4
190,	5
191,	0
192,	0
193,	3
194,	1
195,	4
196,	2
197,	5
198,	1
199,	4
200,	0
201,	3
202,	6
203,	6
204,	4
205,	1
206,	3
207,	6
208,	0
209,	2
210,	3
211,	4
212,	9
213,	1
214,	4
215,	2
216,	2
217,	4
218,	4
219,	2
220,	7
221,	0
222,	2
223,	3
224,	4
225,	2
226,	6
227,	4
228,	0
229,	3
230,	1
231,	6
232,	5
233,	4
234,	1
235,	3
236,	5
237,	6
238,	2
239,	2
240,	0
241,	1
242,	8
243,	4
244,	7
245,	1
246,	0
247,	5
248,	5
249,	1
250,	1
251,	6
252,	3
253,	6
254,	7
255,	0
256,	2
257,	0
258,	4
259,	6
260,	5
261,	3
262,	3
263,	1
264,	2
265,	1
266,	4
267,	5
268,	6
269,	5
270,	7
271,	3
272,	4
273,	5
274,	8
275,	0
276,	6
277,	0
278,	7
279,	3
280,	1
281,	5
282,	6
283,	5
284,	9
285,	2
286,	4
287,	5
288,	5
289,	3
290,	0
291,	3
292,	6
293,	5
294,	8
295,	2
296,	7
297,	8
298,	4
299,	0
300,	1
301,	2
302,	4
303,	3
304,	2
305,	3
306,	1
307,	7
308,	5
309,	6
310,	6
311,	4
312,	3
313,	8
314,	2
315,	5
316,	5
317,	2
318,	3
319,	2
320,	3
321,	3
322,	9
323,	5
324,	6
325,	5
326,	0
327,	5
328,	7
329,	6
330,	1
331,	6
332,	6
333,	4
334,	9
335,	0
336,	6
337,	7
338,	9
339,	7
340,	3
341,	5
342,	4
343,	9
344,	4
345,	5
346,	8
347,	2
348,	7
349,	6
350,	6
351,	2
352,	9
353,	8
354,	4
355,	6
356,	5
357,	8
358,	5
359,	6
360,	5
361,	7
362,	5
363,	7
364,	8
365,	8
366,	2
367,	8
368,	7
369,	4
370,	6
371,	2
372,	7
373,	1
374,	2
375,	5
376,	8
377,	7
378,	4
379,	3
380,	9
381,	0
382,	0
383,	3
384,	4
385,	4
386,	0
387,	7
388,	4
389,	7
390,	7
391,	6
392,	6
393,	8
394,	9
395,	3
396,	10
397,	7
398,	6
399,	7
400,	5
401,	0
402,	6
403,	6
404,	4
405,	9
406,	3
407,	4
408,	11
409,	9
410,	8
411,	4
412,	6
413,	6
414,	10
415,	11
416,	9
417,	5
418,	9
419,	7
420,	9
421,	6
422,	8
423,	10
424,	8
425,	7
426,	10
427,	6
428,	5
429,	4
430,	10
431,	6
432,	0
433,	8
434,	6
435,	6
436,	7
437,	2
438,	6
439,	7
440,	10
441,	7
442,	2
443,	5
444,	2
445,	8
446,	10
447,	4
448,	4
449,	8
450,	0
451,	7
452,	7
453,	9
454,	6
455,	6
456,	9
457,	11
458,	6
459,	10
460,	10
461,	6
462,	8
463,	7
464,	3
465,	7
466,	9
467,	5
468,	9
469,	3
470,	3
471,	9
472,	7
473,	2
474,	6
475,	11
476,	8
477,	2
478,	8
479,	11
480,	9
481,	4
482,	10
483,	4
484,	8
485,	7
486,	3
487,	8
488,	6
489,	6
490,	4
491,	8
492,	11
493,	2
494,	11
495,	6
496,	9
497,	6
498,	6
499,	5
