Instance: /home/gabriel/Documents/ufrgs/courses/oc/trab/instances/cmb01
Vertices: 500
Colors: 12
NumIterations: 3
Alpha: 0.750000
Is Factible?: false
Conflicts: 4
Solution Value: 154733.218750
Vertex,	Color
0,	2
1,	0
2,	1
3,	2
4,	0
5,	2
6,	2
7,	1
8,	3
9,	5
10,	3
11,	2
12,	0
13,	6
14,	2
15,	1
16,	8
17,	3
18,	2
19,	1
20,	0
21,	1
22,	3
23,	1
24,	2
25,	0
26,	3
27,	0
28,	1
29,	0
30,	2
31,	0
32,	1
33,	1
34,	5
35,	4
36,	3
37,	5
38,	2
39,	6
40,	0
41,	0
42,	1
43,	1
44,	0
45,	1
46,	2
47,	1
48,	4
49,	1
50,	1
51,	3
52,	0
53,	2
54,	0
55,	0
56,	4
57,	3
58,	0
59,	2
60,	1
61,	2
62,	0
63,	0
64,	0
65,	4
66,	0
67,	1
68,	3
69,	1
70,	2
71,	4
72,	9
73,	0
74,	1
75,	1
76,	4
77,	1
78,	2
79,	6
80,	2
81,	9
82,	0
83,	5
84,	2
85,	2
86,	2
87,	5
88,	2
89,	2
90,	3
91,	3
92,	0
93,	4
94,	6
95,	1
96,	6
97,	0
98,	11
99,	3
100,	3
101,	0
102,	2
103,	7
104,	4
105,	5
106,	2
107,	1
108,	1
109,	0
110,	0
111,	11
112,	0
113,	8
114,	0
115,	1
116,	0
117,	9
118,	3
119,	7
120,	1
121,	0
122,	1
123,	4
124,	3
125,	1
126,	3
127,	0
128,	0
129,	4
130,	0
131,	2
132,	2
133,	2
134,	4
135,	0
136,	3
137,	8
138,	10
139,	5
140,	1
141,	0
142,	5
143,	2
144,	6
145,	0
146,	7
147,	0
148,	1
149,	0
150,	4
151,	1
152,	0
153,	3
154,	1
155,	4
156,	8
157,	3
158,	4
159,	4
160,	2
161,	5
162,	2
163,	4
164,	6
165,	5
166,	4
167,	2
168,	3
169,	2
170,	5
171,	4
172,	1
173,	0
174,	1
175,	0
176,	1
177,	5
178,	4
179,	8
180,	1
181,	4
182,	4
183,	0
184,	4
185,	3
186,	2
187,	0
188,	2
189,	7
190,	6
191,	2
192,	2
193,	2
194,	3
195,	3
196,	2
197,	2
198,	1
199,	5
200,	2
201,	5
202,	2
203,	1
204,	3
205,	4
206,	2
207,	6
208,	3
209,	2
210,	3
211,	3
212,	1
213,	5
214,	5
215,	2
216,	4
217,	6
218,	6
219,	1
220,	6
221,	2
222,	7
223,	2
224,	3
225,	0
226,	4
227,	7
228,	0
229,	3
230,	2
231,	2
232,	3
233,	6
234,	1
235,	5
236,	6
237,	1
238,	0
239,	4
240,	2
241,	3
242,	5
243,	5
244,	8
245,	3
246,	2
247,	6
248,	5
249,	5
250,	3
251,	2
252,	4
253,	4
254,	2
255,	1
256,	3
257,	0
258,	5
259,	3
260,	4
261,	4
262,	4
263,	9
264,	4
265,	1
266,	5
267,	7
268,	8
269,	7
270,	6
271,	5
272,	6
273,	6
274,	5
275,	1
276,	7
277,	7
278,	5
279,	2
280,	1
281,	3
282,	6
283,	3
284,	6
285,	4
286,	5
287,	4
288,	2
289,	4
290,	0
291,	3
292,	6
293,	4
294,	10
295,	5
296,	6
297,	5
298,	3
299,	3
300,	0
301,	5
302,	5
303,	4
304,	1
305,	4
306,	1
307,	7
308,	3
309,	6
310,	7
311,	2
312,	2
313,	8
314,	5
315,	5
316,	3
317,	2
318,	5
319,	0
320,	4
321,	5
322,	8
323,	7
324,	6
325,	5
326,	2
327,	3
328,	8
329,	6
330,	0
331,	5
332,	3
333,	8
334,	9
335,	5
336,	6
337,	8
338,	4
339,	3
340,	3
341,	3
342,	6
343,	8
344,	1
345,	7
346,	4
347,	5
348,	7
349,	6
350,	4
351,	5
352,	11
353,	8
354,	4
355,	4
356,	7
357,	9
358,	5
359,	4
360,	7
361,	0
362,	2
363,	7
364,	5
365,	7
366,	5
367,	3
368,	8
369,	3
370,	0
371,	7
372,	2
373,	5
374,	1
375,	3
376,	7
377,	7
378,	6
379,	3
380,	6
381,	4
382,	2
383,	3
384,	4
385,	4
386,	10
387,	7
388,	7
389,	9
390,	0
391,	6
392,	3
393,	6
394,	5
395,	0
396,	9
397,	8
398,	3
399,	8
400,	7
401,	2
402,	9
403,	3
404,	4
405,	9
406,	4
407,	3
408,	11
409,	9
410,	9
411,	3
412,	8
413,	3
414,	7
415,	4
416,	1
417,	4
418,	9
419,	1
420,	9
421,	5
422,	7
423,	11
424,	7
425,	6
426,	10
427,	6
428,	2
429,	5
430,	10
431,	7
432,	4
433,	5
434,	6
435,	10
436,	4
437,	5
438,	6
439,	6
440,	10
441,	8
442,	0
443,	4
444,	3
445,	8
446,	10
447,	3
448,	3
449,	11
450,	4
451,	9
452,	7
453,	5
454,	4
455,	6
456,	9
457,	11
458,	10
459,	8
460,	10
461,	3
462,	8
463,	5
464,	7
465,	5
466,	9
467,	1
468,	9
469,	5
470,	2
471,	9
472,	7
473,	4
474,	6
475,	8
476,	7
477,	2
478,	7
479,	11
480,	9
481,	4
482,	10
483,	5
484,	8
485,	9
486,	8
487,	7
488,	7
489,	6
490,	5
491,	7
492,	11
493,	8
494,	9
495,	9
496,	10
497,	6
498,	6
499,	4
