Instance: /home/gabriel/Documents/ufrgs/courses/oc/trab/instances/cmb01
Vertices: 500
Colors: 12
NumIterations: 5
Alpha: 0.750000
Is Factible?: false
Conflicts: 7
Solution Value: 152156.000000
Vertex,	Color
0,	2
1,	0
2,	2
3,	0
4,	3
5,	0
6,	1
7,	3
8,	3
9,	1
10,	4
11,	0
12,	0
13,	7
14,	3
15,	4
16,	1
17,	2
18,	3
19,	5
20,	0
21,	0
22,	0
23,	0
24,	2
25,	4
26,	3
27,	6
28,	5
29,	0
30,	0
31,	3
32,	1
33,	0
34,	1
35,	5
36,	1
37,	0
38,	5
39,	5
40,	0
41,	2
42,	3
43,	2
44,	1
45,	1
46,	2
47,	1
48,	1
49,	1
50,	0
51,	6
52,	1
53,	4
54,	1
55,	0
56,	3
57,	4
58,	0
59,	2
60,	7
61,	2
62,	0
63,	0
64,	1
65,	0
66,	0
67,	1
68,	0
69,	3
70,	1
71,	1
72,	2
73,	1
74,	4
75,	1
76,	0
77,	1
78,	1
79,	2
80,	4
81,	5
82,	7
83,	1
84,	0
85,	0
86,	2
87,	1
88,	4
89,	2
90,	6
91,	0
92,	0
93,	2
94,	6
95,	0
96,	2
97,	2
98,	7
99,	3
100,	6
101,	0
102,	0
103,	0
104,	2
105,	1
106,	2
107,	2
108,	1
109,	1
110,	2
111,	7
112,	0
113,	9
114,	3
115,	5
116,	1
117,	2
118,	0
119,	2
120,	1
121,	0
122,	2
123,	3
124,	3
125,	2
126,	4
127,	0
128,	0
129,	7
130,	0
131,	2
132,	3
133,	0
134,	1
135,	3
136,	3
137,	1
138,	2
139,	1
140,	2
141,	0
142,	1
143,	2
144,	5
145,	4
146,	4
147,	0
148,	4
149,	4
150,	6
151,	3
152,	0
153,	1
154,	2
155,	1
156,	3
157,	5
158,	1
159,	0
160,	6
161,	4
162,	4
163,	5
164,	7
165,	4
166,	0
167,	0
168,	1
169,	1
170,	3
171,	4
172,	1
173,	3
174,	1
175,	0
176,	4
177,	8
178,	5
179,	6
180,	6
181,	1
182,	3
183,	0
184,	2
185,	3
186,	3
187,	0
188,	2
189,	4
190,	3
191,	2
192,	2
193,	0
194,	4
195,	1
196,	2
197,	5
198,	5
199,	5
200,	1
201,	3
202,	6
203,	2
204,	6
205,	3
206,	4
207,	8
208,	0
209,	3
210,	2
211,	1
212,	5
213,	2
214,	4
215,	3
216,	1
217,	1
218,	4
219,	5
220,	4
221,	1
222,	4
223,	3
224,	5
225,	1
226,	5
227,	4
228,	1
229,	4
230,	2
231,	8
232,	3
233,	5
234,	4
235,	4
236,	0
237,	1
238,	2
239,	2
240,	0
241,	1
242,	7
243,	3
244,	7
245,	1
246,	2
247,	6
248,	5
249,	1
250,	2
251,	5
252,	5
253,	1
254,	6
255,	3
256,	6
257,	3
258,	4
259,	0
260,	2
261,	3
262,	4
263,	9
264,	2
265,	3
266,	0
267,	6
268,	7
269,	8
270,	7
271,	5
272,	5
273,	6
274,	4
275,	0
276,	4
277,	5
278,	5
279,	1
280,	0
281,	5
282,	9
283,	3
284,	4
285,	2
286,	2
287,	5
288,	5
289,	3
290,	1
291,	2
292,	4
293,	5
294,	10
295,	3
296,	8
297,	8
298,	3
299,	1
300,	5
301,	1
302,	3
303,	3
304,	3
305,	4
306,	3
307,	7
308,	2
309,	6
310,	5
311,	0
312,	1
313,	8
314,	7
315,	4
316,	5
317,	2
318,	3
319,	2
320,	3
321,	0
322,	6
323,	6
324,	6
325,	4
326,	2
327,	4
328,	7
329,	6
330,	0
331,	8
332,	4
333,	4
334,	9
335,	7
336,	1
337,	7
338,	4
339,	2
340,	6
341,	0
342,	3
343,	5
344,	2
345,	7
346,	8
347,	7
348,	7
349,	6
350,	1
351,	3
352,	10
353,	8
354,	4
355,	3
356,	9
357,	8
358,	5
359,	1
360,	8
361,	4
362,	5
363,	6
364,	8
365,	8
366,	6
367,	4
368,	8
369,	6
370,	0
371,	5
372,	2
373,	2
374,	3
375,	6
376,	7
377,	6
378,	6
379,	6
380,	7
381,	5
382,	2
383,	3
384,	4
385,	3
386,	8
387,	9
388,	4
389,	7
390,	7
391,	2
392,	2
393,	6
394,	8
395,	3
396,	9
397,	7
398,	3
399,	9
400,	7
401,	8
402,	7
403,	6
404,	4
405,	10
406,	7
407,	4
408,	11
409,	10
410,	7
411,	4
412,	7
413,	6
414,	6
415,	3
416,	10
417,	5
418,	10
419,	4
420,	9
421,	5
422,	7
423,	6
424,	6
425,	6
426,	10
427,	8
428,	5
429,	7
430,	10
431,	7
432,	9
433,	6
434,	5
435,	8
436,	6
437,	2
438,	7
439,	7
440,	10
441,	7
442,	6
443,	2
444,	3
445,	6
446,	11
447,	3
448,	5
449,	8
450,	9
451,	2
452,	7
453,	9
454,	4
455,	6
456,	8
457,	11
458,	10
459,	10
460,	10
461,	5
462,	7
463,	7
464,	6
465,	8
466,	9
467,	6
468,	9
469,	4
470,	2
471,	9
472,	7
473,	3
474,	8
475,	9
476,	9
477,	0
478,	6
479,	11
480,	9
481,	4
482,	10
483,	4
484,	8
485,	9
486,	10
487,	9
488,	7
489,	7
490,	5
491,	9
492,	11
493,	9
494,	11
495,	8
496,	9
497,	6
498,	6
499,	5
