Instance: /home/gabriel/Documents/ufrgs/courses/oc/trab/instances/cmb01
Vertices: 500
Colors: 12
NumIterations: 3
Alpha: 0.750000
Is Factible?: false
Conflicts: 5
Solution Value: 153619.625000
Vertex,	Color
0,	0
1,	5
2,	6
3,	4
4,	2
5,	2
6,	0
7,	0
8,	2
9,	0
10,	1
11,	0
12,	0
13,	4
14,	0
15,	0
16,	7
17,	1
18,	10
19,	2
20,	1
21,	0
22,	0
23,	3
24,	2
25,	1
26,	3
27,	0
28,	2
29,	0
30,	0
31,	6
32,	3
33,	0
34,	0
35,	2
36,	2
37,	0
38,	1
39,	5
40,	3
41,	1
42,	1
43,	5
44,	4
45,	2
46,	1
47,	0
48,	7
49,	0
50,	3
51,	1
52,	3
53,	1
54,	3
55,	2
56,	1
57,	6
58,	1
59,	0
60,	6
61,	1
62,	1
63,	1
64,	4
65,	2
66,	0
67,	2
68,	8
69,	4
70,	9
71,	0
72,	2
73,	3
74,	3
75,	3
76,	4
77,	0
78,	1
79,	10
80,	0
81,	0
82,	5
83,	2
84,	0
85,	0
86,	3
87,	0
88,	5
89,	6
90,	2
91,	2
92,	2
93,	0
94,	2
95,	3
96,	5
97,	3
98,	7
99,	3
100,	4
101,	4
102,	0
103,	10
104,	0
105,	0
106,	1
107,	4
108,	2
109,	1
110,	3
111,	7
112,	0
113,	9
114,	1
115,	7
116,	2
117,	3
118,	2
119,	4
120,	2
121,	2
122,	2
123,	5
124,	1
125,	0
126,	1
127,	6
128,	0
129,	0
130,	0
131,	2
132,	4
133,	2
134,	1
135,	4
136,	4
137,	3
138,	9
139,	0
140,	1
141,	2
142,	6
143,	1
144,	4
145,	1
146,	4
147,	2
148,	0
149,	1
150,	4
151,	8
152,	4
153,	0
154,	4
155,	1
156,	1
157,	5
158,	5
159,	1
160,	3
161,	4
162,	4
163,	3
164,	6
165,	4
166,	0
167,	0
168,	3
169,	2
170,	7
171,	3
172,	3
173,	0
174,	0
175,	1
176,	1
177,	0
178,	6
179,	6
180,	5
181,	3
182,	3
183,	6
184,	1
185,	1
186,	1
187,	0
188,	5
189,	3
190,	4
191,	2
192,	2
193,	0
194,	2
195,	2
196,	2
197,	4
198,	4
199,	1
200,	1
201,	3
202,	11
203,	2
204,	2
205,	1
206,	1
207,	8
208,	2
209,	2
210,	1
211,	2
212,	6
213,	3
214,	6
215,	3
216,	3
217,	6
218,	6
219,	3
220,	5
221,	0
222,	3
223,	4
224,	1
225,	0
226,	10
227,	3
228,	3
229,	4
230,	1
231,	3
232,	4
233,	5
234,	1
235,	7
236,	9
237,	5
238,	3
239,	0
240,	0
241,	2
242,	7
243,	5
244,	6
245,	1
246,	4
247,	5
248,	4
249,	3
250,	1
251,	4
252,	6
253,	3
254,	0
255,	0
256,	4
257,	2
258,	4
259,	2
260,	5
261,	3
262,	3
263,	1
264,	3
265,	1
266,	5
267,	5
268,	9
269,	8
270,	5
271,	5
272,	5
273,	6
274,	7
275,	2
276,	8
277,	5
278,	3
279,	0
280,	0
281,	5
282,	8
283,	2
284,	3
285,	3
286,	5
287,	5
288,	4
289,	3
290,	4
291,	2
292,	5
293,	7
294,	9
295,	6
296,	7
297,	0
298,	4
299,	0
300,	1
301,	1
302,	4
303,	4
304,	1
305,	5
306,	2
307,	7
308,	4
309,	6
310,	8
311,	0
312,	2
313,	6
314,	5
315,	4
316,	8
317,	2
318,	3
319,	2
320,	6
321,	4
322,	8
323,	6
324,	6
325,	4
326,	3
327,	4
328,	8
329,	5
330,	0
331,	6
332,	3
333,	1
334,	7
335,	0
336,	6
337,	7
338,	7
339,	7
340,	3
341,	9
342,	5
343,	1
344,	5
345,	6
346,	0
347,	11
348,	7
349,	5
350,	3
351,	3
352,	10
353,	9
354,	5
355,	5
356,	0
357,	10
358,	4
359,	2
360,	7
361,	5
362,	2
363,	7
364,	7
365,	9
366,	4
367,	4
368,	6
369,	6
370,	8
371,	3
372,	3
373,	9
374,	2
375,	5
376,	7
377,	4
378,	4
379,	5
380,	1
381,	3
382,	2
383,	3
384,	4
385,	4
386,	7
387,	7
388,	8
389,	6
390,	7
391,	4
392,	4
393,	9
394,	7
395,	1
396,	8
397,	7
398,	0
399,	8
400,	7
401,	2
402,	5
403,	5
404,	4
405,	0
406,	0
407,	4
408,	11
409,	10
410,	6
411,	7
412,	6
413,	6
414,	6
415,	11
416,	0
417,	6
418,	10
419,	7
420,	8
421,	7
422,	8
423,	4
424,	8
425,	6
426,	9
427,	5
428,	1
429,	6
430,	8
431,	6
432,	3
433,	7
434,	5
435,	5
436,	4
437,	6
438,	6
439,	9
440,	2
441,	9
442,	2
443,	2
444,	3
445,	7
446,	10
447,	3
448,	5
449,	11
450,	10
451,	2
452,	7
453,	8
454,	4
455,	5
456,	9
457,	11
458,	10
459,	11
460,	10
461,	3
462,	8
463,	7
464,	8
465,	6
466,	8
467,	2
468,	5
469,	5
470,	8
471,	9
472,	6
473,	4
474,	8
475,	9
476,	0
477,	2
478,	7
479,	11
480,	10
481,	4
482,	7
483,	4
484,	9
485,	4
486,	7
487,	8
488,	7
489,	6
490,	5
491,	9
492,	10
493,	6
494,	11
495,	8
496,	8
497,	5
498,	0
499,	5
