Instance: /home/gabriel/Documents/ufrgs/courses/oc/trab/instances/cmb01
Vertices: 500
Colors: 12
NumIterations: 1
Alpha: 0.750000
Is Factible?: false
Conflicts: 6
Solution Value: 167698.906250
Vertex,	Color
0,	0
1,	0
2,	2
3,	2
4,	4
5,	1
6,	0
7,	0
8,	1
9,	0
10,	1
11,	2
12,	2
13,	4
14,	3
15,	2
16,	5
17,	4
18,	0
19,	2
20,	0
21,	0
22,	5
23,	2
24,	1
25,	0
26,	0
27,	0
28,	1
29,	2
30,	3
31,	0
32,	0
33,	0
34,	3
35,	3
36,	1
37,	1
38,	2
39,	4
40,	1
41,	6
42,	0
43,	1
44,	3
45,	2
46,	0
47,	0
48,	3
49,	2
50,	1
51,	8
52,	1
53,	5
54,	1
55,	2
56,	3
57,	1
58,	1
59,	2
60,	2
61,	1
62,	1
63,	0
64,	3
65,	4
66,	2
67,	1
68,	5
69,	3
70,	8
71,	2
72,	1
73,	0
74,	3
75,	0
76,	1
77,	7
78,	0
79,	6
80,	3
81,	3
82,	7
83,	4
84,	3
85,	0
86,	5
87,	5
88,	3
89,	1
90,	3
91,	4
92,	1
93,	4
94,	1
95,	0
96,	2
97,	0
98,	4
99,	0
100,	3
101,	2
102,	1
103,	0
104,	0
105,	5
106,	5
107,	3
108,	0
109,	0
110,	4
111,	6
112,	0
113,	9
114,	2
115,	5
116,	2
117,	1
118,	1
119,	6
120,	1
121,	0
122,	2
123,	1
124,	1
125,	3
126,	4
127,	0
128,	2
129,	4
130,	0
131,	2
132,	2
133,	1
134,	0
135,	0
136,	0
137,	4
138,	6
139,	3
140,	1
141,	0
142,	5
143,	2
144,	1
145,	4
146,	4
147,	2
148,	8
149,	0
150,	3
151,	2
152,	3
153,	2
154,	1
155,	1
156,	0
157,	6
158,	4
159,	3
160,	2
161,	3
162,	2
163,	5
164,	6
165,	7
166,	2
167,	0
168,	6
169,	2
170,	7
171,	4
172,	2
173,	8
174,	1
175,	4
176,	4
177,	3
178,	6
179,	6
180,	2
181,	2
182,	1
183,	0
184,	4
185,	4
186,	0
187,	0
188,	0
189,	5
190,	3
191,	3
192,	2
193,	2
194,	1
195,	0
196,	2
197,	2
198,	3
199,	2
200,	1
201,	2
202,	2
203,	2
204,	5
205,	2
206,	0
207,	2
208,	5
209,	2
210,	1
211,	5
212,	8
213,	5
214,	5
215,	3
216,	3
217,	0
218,	6
219,	7
220,	6
221,	0
222,	5
223,	0
224,	3
225,	1
226,	7
227,	4
228,	1
229,	5
230,	2
231,	3
232,	5
233,	6
234,	1
235,	1
236,	8
237,	3
238,	2
239,	6
240,	1
241,	1
242,	6
243,	4
244,	10
245,	2
246,	3
247,	6
248,	6
249,	0
250,	3
251,	3
252,	3
253,	1
254,	2
255,	0
256,	2
257,	3
258,	5
259,	4
260,	6
261,	3
262,	5
263,	9
264,	3
265,	1
266,	5
267,	6
268,	4
269,	9
270,	7
271,	4
272,	5
273,	6
274,	4
275,	0
276,	5
277,	5
278,	5
279,	2
280,	0
281,	4
282,	10
283,	5
284,	4
285,	3
286,	6
287,	6
288,	2
289,	5
290,	3
291,	3
292,	5
293,	3
294,	1
295,	1
296,	6
297,	2
298,	2
299,	1
300,	8
301,	1
302,	4
303,	3
304,	1
305,	6
306,	2
307,	7
308,	3
309,	6
310,	7
311,	4
312,	2
313,	7
314,	6
315,	6
316,	6
317,	3
318,	3
319,	2
320,	4
321,	4
322,	6
323,	6
324,	5
325,	5
326,	0
327,	4
328,	7
329,	4
330,	0
331,	5
332,	5
333,	4
334,	8
335,	5
336,	1
337,	8
338,	3
339,	5
340,	7
341,	8
342,	4
343,	4
344,	2
345,	7
346,	8
347,	10
348,	7
349,	6
350,	2
351,	1
352,	10
353,	7
354,	4
355,	6
356,	7
357,	9
358,	6
359,	10
360,	7
361,	6
362,	3
363,	7
364,	9
365,	8
366,	5
367,	4
368,	7
369,	5
370,	0
371,	5
372,	5
373,	10
374,	6
375,	4
376,	8
377,	7
378,	7
379,	3
380,	7
381,	5
382,	2
383,	3
384,	2
385,	3
386,	11
387,	8
388,	6
389,	8
390,	7
391,	2
392,	5
393,	6
394,	9
395,	0
396,	11
397,	9
398,	3
399,	8
400,	7
401,	1
402,	9
403,	4
404,	4
405,	9
406,	2
407,	3
408,	11
409,	1
410,	7
411,	3
412,	7
413,	6
414,	5
415,	10
416,	9
417,	6
418,	10
419,	3
420,	10
421,	7
422,	6
423,	4
424,	8
425,	5
426,	3
427,	4
428,	4
429,	5
430,	9
431,	7
432,	0
433,	6
434,	6
435,	5
436,	5
437,	3
438,	3
439,	7
440,	2
441,	7
442,	11
443,	5
444,	4
445,	9
446,	10
447,	3
448,	4
449,	10
450,	7
451,	3
452,	7
453,	8
454,	5
455,	7
456,	8
457,	10
458,	7
459,	11
460,	10
461,	4
462,	3
463,	8
464,	7
465,	5
466,	9
467,	5
468,	9
469,	6
470,	5
471,	9
472,	7
473,	3
474,	8
475,	8
476,	6
477,	2
478,	8
479,	10
480,	9
481,	5
482,	10
483,	5
484,	8
485,	9
486,	7
487,	7
488,	4
489,	6
490,	6
491,	9
492,	11
493,	8
494,	8
495,	9
496,	11
497,	8
498,	5
499,	6
