Instance: /home/gabriel/Documents/ufrgs/courses/oc/trab/instances/cmb01
Vertices: 500
Colors: 12
NumIterations: 2
Alpha: 0.750000
Is Factible?: false
Conflicts: 3
Solution Value: 149579.546875
Vertex,	Color
0,	2
1,	1
2,	5
3,	1
4,	1
5,	0
6,	2
7,	0
8,	4
9,	1
10,	0
11,	0
12,	0
13,	0
14,	1
15,	0
16,	4
17,	5
18,	1
19,	5
20,	0
21,	1
22,	0
23,	3
24,	1
25,	2
26,	0
27,	4
28,	6
29,	0
30,	1
31,	1
32,	4
33,	0
34,	4
35,	1
36,	2
37,	0
38,	6
39,	3
40,	2
41,	0
42,	1
43,	1
44,	0
45,	3
46,	1
47,	0
48,	9
49,	2
50,	1
51,	9
52,	0
53,	0
54,	1
55,	4
56,	3
57,	3
58,	1
59,	2
60,	5
61,	1
62,	0
63,	7
64,	1
65,	0
66,	0
67,	2
68,	1
69,	6
70,	4
71,	0
72,	0
73,	4
74,	3
75,	1
76,	1
77,	11
78,	1
79,	6
80,	4
81,	1
82,	0
83,	6
84,	3
85,	0
86,	4
87,	1
88,	3
89,	7
90,	5
91,	2
92,	2
93,	0
94,	6
95,	0
96,	0
97,	2
98,	11
99,	3
100,	2
101,	0
102,	0
103,	8
104,	1
105,	4
106,	2
107,	3
108,	1
109,	3
110,	1
111,	6
112,	1
113,	5
114,	3
115,	5
116,	2
117,	7
118,	1
119,	3
120,	0
121,	0
122,	0
123,	1
124,	1
125,	0
126,	1
127,	4
128,	1
129,	6
130,	0
131,	2
132,	2
133,	2
134,	4
135,	2
136,	1
137,	10
138,	5
139,	2
140,	0
141,	6
142,	4
143,	3
144,	0
145,	2
146,	4
147,	2
148,	11
149,	1
150,	3
151,	2
152,	7
153,	0
154,	5
155,	4
156,	5
157,	0
158,	1
159,	1
160,	3
161,	6
162,	2
163,	6
164,	7
165,	6
166,	0
167,	2
168,	5
169,	6
170,	5
171,	2
172,	3
173,	1
174,	2
175,	10
176,	1
177,	7
178,	3
179,	6
180,	3
181,	2
182,	2
183,	1
184,	3
185,	2
186,	4
187,	0
188,	3
189,	4
190,	8
191,	5
192,	2
193,	2
194,	2
195,	6
196,	2
197,	6
198,	9
199,	1
200,	0
201,	3
202,	5
203,	5
204,	4
205,	1
206,	2
207,	8
208,	2
209,	4
210,	2
211,	0
212,	9
213,	4
214,	3
215,	3
216,	4
217,	5
218,	5
219,	3
220,	3
221,	0
222,	6
223,	3
224,	2
225,	0
226,	1
227,	4
228,	0
229,	1
230,	3
231,	2
232,	6
233,	6
234,	3
235,	7
236,	8
237,	2
238,	0
239,	0
240,	0
241,	2
242,	6
243,	3
244,	8
245,	2
246,	9
247,	3
248,	3
249,	4
250,	3
251,	3
252,	3
253,	7
254,	2
255,	0
256,	6
257,	1
258,	2
259,	7
260,	2
261,	3
262,	7
263,	0
264,	5
265,	3
266,	0
267,	4
268,	7
269,	1
270,	8
271,	3
272,	6
273,	5
274,	7
275,	1
276,	5
277,	1
278,	5
279,	3
280,	1
281,	4
282,	7
283,	6
284,	6
285,	6
286,	6
287,	5
288,	1
289,	3
290,	1
291,	0
292,	6
293,	2
294,	11
295,	3
296,	5
297,	0
298,	0
299,	0
300,	1
301,	1
302,	4
303,	4
304,	0
305,	5
306,	1
307,	7
308,	3
309,	7
310,	7
311,	4
312,	2
313,	7
314,	6
315,	4
316,	2
317,	1
318,	2
319,	2
320,	3
321,	5
322,	3
323,	6
324,	7
325,	5
326,	1
327,	5
328,	8
329,	5
330,	1
331,	4
332,	3
333,	3
334,	8
335,	0
336,	6
337,	9
338,	6
339,	2
340,	6
341,	8
342,	3
343,	9
344,	2
345,	6
346,	4
347,	4
348,	7
349,	6
350,	2
351,	0
352,	11
353,	7
354,	4
355,	3
356,	8
357,	8
358,	5
359,	4
360,	8
361,	5
362,	2
363,	5
364,	9
365,	9
366,	5
367,	4
368,	8
369,	6
370,	7
371,	4
372,	5
373,	4
374,	1
375,	4
376,	9
377,	5
378,	4
379,	5
380,	6
381,	2
382,	2
383,	3
384,	4
385,	4
386,	10
387,	8
388,	3
389,	7
390,	7
391,	1
392,	3
393,	7
394,	10
395,	3
396,	9
397,	8
398,	0
399,	9
400,	5
401,	7
402,	5
403,	6
404,	4
405,	9
406,	8
407,	3
408,	5
409,	2
410,	10
411,	2
412,	2
413,	6
414,	6
415,	4
416,	9
417,	6
418,	11
419,	7
420,	2
421,	5
422,	7
423,	9
424,	8
425,	6
426,	10
427,	6
428,	3
429,	8
430,	9
431,	8
432,	1
433,	3
434,	6
435,	6
436,	6
437,	6
438,	6
439,	8
440,	2
441,	7
442,	10
443,	1
444,	3
445,	9
446,	10
447,	4
448,	4
449,	9
450,	1
451,	7
452,	8
453,	9
454,	6
455,	7
456,	9
457,	11
458,	0
459,	10
460,	10
461,	5
462,	7
463,	8
464,	5
465,	4
466,	10
467,	3
468,	9
469,	6
470,	8
471,	8
472,	7
473,	2
474,	9
475,	8
476,	8
477,	2
478,	7
479,	11
480,	6
481,	4
482,	10
483,	4
484,	7
485,	8
486,	7
487,	10
488,	7
489,	6
490,	5
491,	10
492,	11
493,	11
494,	7
495,	6
496,	7
497,	9
498,	6
499,	8
