Instance: /home/gabriel/Documents/ufrgs/courses/oc/trab/instances/cmb01
Vertices: 500
Colors: 12
NumIterations: 1000
Alpha: 0.650000
Is Factible?: false
Conflicts: 2
Solution Value: 152683.953125
Vertex,	Color
0,	9
1,	10
2,	11
3,	10
4,	2
5,	10
6,	1
7,	2
8,	5
9,	1
10,	5
11,	1
12,	0
13,	5
14,	1
15,	2
16,	5
17,	5
18,	5
19,	7
20,	5
21,	0
22,	3
23,	3
24,	5
25,	2
26,	3
27,	1
28,	0
29,	1
30,	1
31,	0
32,	1
33,	2
34,	2
35,	0
36,	0
37,	1
38,	6
39,	6
40,	2
41,	2
42,	5
43,	3
44,	2
45,	3
46,	2
47,	1
48,	10
49,	4
50,	5
51,	6
52,	1
53,	1
54,	1
55,	0
56,	2
57,	3
58,	0
59,	0
60,	1
61,	5
62,	3
63,	3
64,	2
65,	7
66,	1
67,	0
68,	0
69,	2
70,	0
71,	1
72,	4
73,	0
74,	1
75,	0
76,	6
77,	3
78,	2
79,	4
80,	4
81,	8
82,	5
83,	2
84,	3
85,	1
86,	4
87,	0
88,	1
89,	9
90,	2
91,	3
92,	0
93,	3
94,	9
95,	3
96,	1
97,	4
98,	5
99,	10
100,	4
101,	5
102,	0
103,	4
104,	1
105,	5
106,	2
107,	0
108,	2
109,	5
110,	4
111,	8
112,	3
113,	1
114,	1
115,	4
116,	2
117,	9
118,	0
119,	5
120,	0
121,	2
122,	2
123,	3
124,	7
125,	1
126,	0
127,	8
128,	0
129,	6
130,	1
131,	1
132,	2
133,	3
134,	5
135,	8
136,	3
137,	3
138,	6
139,	0
140,	1
141,	2
142,	4
143,	2
144,	0
145,	1
146,	4
147,	0
148,	3
149,	5
150,	7
151,	0
152,	8
153,	1
154,	3
155,	5
156,	2
157,	4
158,	1
159,	2
160,	2
161,	0
162,	2
163,	4
164,	3
165,	0
166,	0
167,	0
168,	2
169,	3
170,	6
171,	2
172,	2
173,	9
174,	2
175,	6
176,	0
177,	1
178,	3
179,	1
180,	6
181,	3
182,	7
183,	1
184,	0
185,	4
186,	2
187,	0
188,	6
189,	4
190,	6
191,	0
192,	0
193,	0
194,	4
195,	7
196,	2
197,	1
198,	0
199,	4
200,	1
201,	6
202,	0
203,	2
204,	3
205,	4
206,	0
207,	4
208,	0
209,	2
210,	3
211,	3
212,	7
213,	4
214,	3
215,	4
216,	3
217,	6
218,	5
219,	3
220,	7
221,	0
222,	4
223,	3
224,	2
225,	3
226,	2
227,	5
228,	3
229,	4
230,	0
231,	2
232,	1
233,	3
234,	2
235,	1
236,	1
237,	0
238,	0
239,	0
240,	0
241,	3
242,	7
243,	5
244,	7
245,	6
246,	6
247,	6
248,	3
249,	1
250,	1
251,	3
252,	1
253,	1
254,	2
255,	1
256,	7
257,	0
258,	4
259,	3
260,	3
261,	3
262,	4
263,	8
264,	4
265,	2
266,	5
267,	5
268,	6
269,	8
270,	3
271,	6
272,	6
273,	6
274,	4
275,	1
276,	0
277,	6
278,	6
279,	0
280,	0
281,	4
282,	8
283,	1
284,	3
285,	4
286,	6
287,	3
288,	1
289,	0
290,	1
291,	3
292,	10
293,	1
294,	9
295,	4
296,	5
297,	2
298,	0
299,	3
300,	0
301,	1
302,	6
303,	4
304,	2
305,	2
306,	1
307,	8
308,	4
309,	5
310,	8
311,	1
312,	0
313,	7
314,	1
315,	5
316,	7
317,	0
318,	2
319,	2
320,	3
321,	3
322,	5
323,	7
324,	7
325,	4
326,	5
327,	5
328,	6
329,	6
330,	2
331,	5
332,	3
333,	2
334,	8
335,	5
336,	4
337,	5
338,	2
339,	1
340,	4
341,	7
342,	6
343,	6
344,	2
345,	6
346,	0
347,	7
348,	7
349,	6
350,	5
351,	2
352,	9
353,	6
354,	3
355,	5
356,	8
357,	9
358,	4
359,	6
360,	7
361,	7
362,	3
363,	7
364,	9
365,	8
366,	7
367,	4
368,	5
369,	5
370,	3
371,	4
372,	4
373,	4
374,	2
375,	6
376,	8
377,	8
378,	5
379,	5
380,	6
381,	1
382,	2
383,	3
384,	4
385,	5
386,	7
387,	9
388,	3
389,	9
390,	8
391,	2
392,	4
393,	9
394,	10
395,	1
396,	8
397,	6
398,	0
399,	9
400,	7
401,	5
402,	0
403,	5
404,	4
405,	8
406,	1
407,	1
408,	11
409,	9
410,	7
411,	4
412,	8
413,	1
414,	6
415,	10
416,	10
417,	5
418,	5
419,	5
420,	9
421,	5
422,	7
423,	2
424,	7
425,	6
426,	10
427,	6
428,	1
429,	4
430,	9
431,	7
432,	11
433,	7
434,	6
435,	6
436,	6
437,	4
438,	4
439,	9
440,	11
441,	8
442,	8
443,	6
444,	5
445,	5
446,	10
447,	4
448,	5
449,	10
450,	6
451,	4
452,	7
453,	5
454,	5
455,	6
456,	5
457,	10
458,	6
459,	11
460,	10
461,	3
462,	2
463,	7
464,	7
465,	8
466,	0
467,	4
468,	9
469,	6
470,	4
471,	10
472,	8
473,	5
474,	9
475,	9
476,	10
477,	0
478,	7
479,	11
480,	9
481,	3
482,	10
483,	4
484,	8
485,	2
486,	8
487,	7
488,	8
489,	6
490,	5
491,	7
492,	11
493,	11
494,	8
495,	6
496,	8
497,	8
498,	3
499,	3
