Instance: /home/gabriel/Documents/ufrgs/courses/oc/trab/instances/cmb01
Vertices: 500
Colors: 12
NumIterations: 2
Alpha: 0.750000
Is Factible?: false
Conflicts: 4
Solution Value: 153568.359375
Vertex,	Color
0,	1
1,	2
2,	2
3,	3
4,	2
5,	1
6,	0
7,	3
8,	3
9,	1
10,	4
11,	1
12,	0
13,	1
14,	0
15,	1
16,	4
17,	4
18,	4
19,	1
20,	0
21,	0
22,	0
23,	1
24,	4
25,	0
26,	3
27,	3
28,	2
29,	0
30,	1
31,	1
32,	1
33,	0
34,	3
35,	0
36,	0
37,	0
38,	1
39,	7
40,	0
41,	6
42,	0
43,	0
44,	2
45,	2
46,	1
47,	1
48,	9
49,	1
50,	0
51,	5
52,	3
53,	1
54,	1
55,	0
56,	0
57,	3
58,	0
59,	4
60,	5
61,	1
62,	3
63,	0
64,	4
65,	0
66,	0
67,	2
68,	3
69,	0
70,	2
71,	1
72,	5
73,	2
74,	2
75,	0
76,	0
77,	0
78,	1
79,	8
80,	2
81,	4
82,	4
83,	3
84,	1
85,	0
86,	3
87,	4
88,	1
89,	1
90,	2
91,	0
92,	0
93,	4
94,	0
95,	2
96,	4
97,	1
98,	1
99,	9
100,	1
101,	4
102,	4
103,	8
104,	1
105,	4
106,	2
107,	2
108,	1
109,	1
110,	4
111,	8
112,	4
113,	6
114,	0
115,	3
116,	1
117,	6
118,	2
119,	0
120,	2
121,	1
122,	5
123,	6
124,	5
125,	2
126,	2
127,	4
128,	1
129,	5
130,	0
131,	1
132,	2
133,	0
134,	0
135,	5
136,	3
137,	1
138,	6
139,	1
140,	0
141,	0
142,	4
143,	5
144,	1
145,	6
146,	5
147,	2
148,	5
149,	0
150,	5
151,	2
152,	0
153,	1
154,	3
155,	6
156,	1
157,	5
158,	1
159,	2
160,	3
161,	3
162,	2
163,	7
164,	6
165,	3
166,	2
167,	4
168,	1
169,	3
170,	8
171,	3
172,	2
173,	3
174,	2
175,	1
176,	2
177,	5
178,	5
179,	1
180,	0
181,	2
182,	9
183,	1
184,	5
185,	3
186,	2
187,	0
188,	0
189,	3
190,	5
191,	7
192,	2
193,	1
194,	0
195,	3
196,	1
197,	1
198,	3
199,	4
200,	1
201,	3
202,	3
203,	5
204,	6
205,	4
206,	2
207,	5
208,	1
209,	2
210,	3
211,	4
212,	11
213,	4
214,	0
215,	1
216,	1
217,	1
218,	6
219,	4
220,	6
221,	4
222,	7
223,	3
224,	2
225,	0
226,	2
227,	4
228,	0
229,	3
230,	2
231,	6
232,	5
233,	7
234,	3
235,	2
236,	2
237,	3
238,	4
239,	2
240,	4
241,	5
242,	7
243,	4
244,	8
245,	4
246,	2
247,	5
248,	6
249,	3
250,	3
251,	5
252,	1
253,	4
254,	0
255,	9
256,	6
257,	2
258,	4
259,	3
260,	6
261,	2
262,	9
263,	3
264,	4
265,	4
266,	0
267,	6
268,	7
269,	5
270,	7
271,	5
272,	4
273,	8
274,	8
275,	1
276,	3
277,	6
278,	4
279,	2
280,	2
281,	5
282,	8
283,	7
284,	7
285,	4
286,	5
287,	4
288,	3
289,	1
290,	4
291,	4
292,	5
293,	5
294,	6
295,	1
296,	6
297,	5
298,	3
299,	2
300,	2
301,	2
302,	6
303,	3
304,	0
305,	6
306,	1
307,	7
308,	3
309,	6
310,	8
311,	0
312,	1
313,	7
314,	7
315,	5
316,	8
317,	1
318,	3
319,	3
320,	3
321,	5
322,	6
323,	6
324,	6
325,	5
326,	4
327,	5
328,	7
329,	7
330,	2
331,	6
332,	4
333,	7
334,	8
335,	5
336,	5
337,	4
338,	10
339,	1
340,	1
341,	2
342,	7
343,	7
344,	1
345,	7
346,	7
347,	10
348,	6
349,	6
350,	2
351,	0
352,	10
353,	7
354,	2
355,	7
356,	7
357,	7
358,	6
359,	7
360,	8
361,	6
362,	5
363,	8
364,	8
365,	8
366,	4
367,	3
368,	6
369,	6
370,	6
371,	6
372,	3
373,	8
374,	2
375,	5
376,	7
377,	7
378,	4
379,	4
380,	8
381,	5
382,	1
383,	4
384,	1
385,	3
386,	8
387,	9
388,	8
389,	8
390,	8
391,	2
392,	5
393,	6
394,	10
395,	1
396,	9
397,	0
398,	0
399,	9
400,	7
401,	4
402,	6
403,	4
404,	6
405,	10
406,	2
407,	5
408,	10
409,	7
410,	8
411,	0
412,	4
413,	5
414,	5
415,	11
416,	5
417,	6
418,	10
419,	6
420,	8
421,	5
422,	6
423,	3
424,	8
425,	7
426,	9
427,	7
428,	5
429,	4
430,	9
431,	4
432,	9
433,	6
434,	4
435,	9
436,	4
437,	2
438,	5
439,	5
440,	0
441,	9
442,	10
443,	7
444,	3
445,	10
446,	11
447,	4
448,	6
449,	11
450,	3
451,	6
452,	7
453,	8
454,	5
455,	8
456,	9
457,	11
458,	0
459,	10
460,	10
461,	4
462,	4
463,	7
464,	8
465,	6
466,	8
467,	5
468,	7
469,	6
470,	8
471,	9
472,	7
473,	2
474,	7
475,	11
476,	2
477,	4
478,	7
479,	11
480,	10
481,	4
482,	10
483,	5
484,	7
485,	9
486,	4
487,	9
488,	7
489,	0
490,	6
491,	9
492,	10
493,	11
494,	9
495,	8
496,	9
497,	9
498,	7
499,	9
