Instance: /home/gabriel/Documents/ufrgs/courses/oc/trab/instances/cmb01
Vertices: 500
Colors: 12
NumIterations: 3
Alpha: 0.750000
Is Factible?: false
Conflicts: 4
Solution Value: 148805.953125
Vertex,	Color
0,	2
1,	1
2,	0
3,	2
4,	1
5,	1
6,	3
7,	0
8,	0
9,	1
10,	3
11,	1
12,	4
13,	2
14,	1
15,	0
16,	7
17,	2
18,	6
19,	1
20,	2
21,	0
22,	0
23,	5
24,	2
25,	1
26,	3
27,	2
28,	2
29,	2
30,	1
31,	2
32,	0
33,	1
34,	4
35,	3
36,	3
37,	3
38,	1
39,	5
40,	0
41,	0
42,	0
43,	6
44,	1
45,	2
46,	0
47,	0
48,	1
49,	3
50,	0
51,	2
52,	1
53,	3
54,	1
55,	2
56,	3
57,	1
58,	0
59,	0
60,	2
61,	0
62,	0
63,	1
64,	0
65,	4
66,	2
67,	1
68,	0
69,	0
70,	3
71,	0
72,	0
73,	1
74,	7
75,	2
76,	2
77,	11
78,	3
79,	8
80,	1
81,	1
82,	5
83,	6
84,	0
85,	2
86,	2
87,	0
88,	5
89,	3
90,	3
91,	3
92,	0
93,	3
94,	2
95,	8
96,	1
97,	1
98,	7
99,	3
100,	4
101,	0
102,	4
103,	6
104,	2
105,	1
106,	5
107,	5
108,	1
109,	2
110,	3
111,	10
112,	1
113,	3
114,	1
115,	0
116,	0
117,	2
118,	2
119,	0
120,	0
121,	6
122,	3
123,	5
124,	4
125,	1
126,	2
127,	8
128,	1
129,	5
130,	1
131,	2
132,	4
133,	3
134,	8
135,	0
136,	4
137,	7
138,	8
139,	1
140,	0
141,	0
142,	1
143,	6
144,	4
145,	0
146,	5
147,	4
148,	9
149,	3
150,	5
151,	4
152,	7
153,	0
154,	3
155,	0
156,	5
157,	3
158,	2
159,	1
160,	2
161,	4
162,	4
163,	5
164,	6
165,	4
166,	1
167,	0
168,	1
169,	2
170,	8
171,	5
172,	1
173,	0
174,	0
175,	0
176,	2
177,	1
178,	7
179,	7
180,	3
181,	2
182,	4
183,	3
184,	5
185,	4
186,	7
187,	0
188,	2
189,	6
190,	6
191,	2
192,	1
193,	2
194,	2
195,	10
196,	2
197,	1
198,	2
199,	0
200,	2
201,	2
202,	3
203,	7
204,	3
205,	0
206,	7
207,	2
208,	0
209,	1
210,	0
211,	3
212,	9
213,	2
214,	3
215,	2
216,	3
217,	0
218,	4
219,	5
220,	5
221,	3
222,	7
223,	4
224,	1
225,	4
226,	5
227,	4
228,	4
229,	4
230,	2
231,	5
232,	1
233,	4
234,	0
235,	1
236,	9
237,	4
238,	2
239,	1
240,	1
241,	3
242,	8
243,	3
244,	6
245,	0
246,	5
247,	5
248,	4
249,	2
250,	1
251,	5
252,	5
253,	2
254,	4
255,	0
256,	8
257,	1
258,	4
259,	6
260,	5
261,	3
262,	5
263,	0
264,	1
265,	0
266,	3
267,	4
268,	7
269,	6
270,	7
271,	5
272,	5
273,	3
274,	8
275,	3
276,	8
277,	5
278,	3
279,	1
280,	0
281,	1
282,	7
283,	6
284,	10
285,	1
286,	0
287,	4
288,	0
289,	4
290,	3
291,	4
292,	6
293,	4
294,	1
295,	3
296,	7
297,	0
298,	0
299,	0
300,	4
301,	1
302,	5
303,	4
304,	0
305,	4
306,	1
307,	7
308,	3
309,	6
310,	5
311,	3
312,	2
313,	7
314,	7
315,	4
316,	4
317,	3
318,	0
319,	1
320,	3
321,	5
322,	7
323,	6
324,	6
325,	5
326,	2
327,	6
328,	7
329,	5
330,	1
331,	6
332,	3
333,	6
334,	8
335,	1
336,	6
337,	8
338,	1
339,	7
340,	6
341,	9
342,	6
343,	7
344,	4
345,	6
346,	9
347,	10
348,	6
349,	6
350,	1
351,	0
352,	9
353,	6
354,	2
355,	5
356,	1
357,	9
358,	5
359,	10
360,	7
361,	2
362,	5
363,	3
364,	9
365,	9
366,	6
367,	5
368,	6
369,	6
370,	7
371,	5
372,	3
373,	2
374,	3
375,	3
376,	8
377,	8
378,	7
379,	5
380,	8
381,	3
382,	3
383,	2
384,	2
385,	4
386,	10
387,	8
388,	5
389,	8
390,	6
391,	4
392,	4
393,	8
394,	9
395,	5
396,	7
397,	7
398,	1
399,	8
400,	7
401,	2
402,	8
403,	5
404,	5
405,	9
406,	1
407,	3
408,	11
409,	10
410,	8
411,	5
412,	5
413,	5
414,	6
415,	1
416,	9
417,	6
418,	9
419,	4
420,	9
421,	7
422,	5
423,	6
424,	7
425,	6
426,	10
427,	7
428,	7
429,	6
430,	9
431,	9
432,	2
433,	7
434,	5
435,	10
436,	5
437,	5
438,	6
439,	9
440,	3
441,	8
442,	1
443,	8
444,	3
445,	7
446,	10
447,	4
448,	6
449,	2
450,	11
451,	4
452,	7
453,	4
454,	5
455,	5
456,	9
457,	10
458,	10
459,	11
460,	10
461,	3
462,	7
463,	7
464,	4
465,	7
466,	4
467,	1
468,	6
469,	5
470,	8
471,	9
472,	6
473,	4
474,	7
475,	11
476,	1
477,	0
478,	6
479,	11
480,	9
481,	4
482,	9
483,	4
484,	8
485,	8
486,	4
487,	9
488,	6
489,	6
490,	4
491,	8
492,	11
493,	11
494,	8
495,	6
496,	10
497,	4
498,	4
499,	9
