Instance: /home/gabriel/Documents/ufrgs/courses/oc/trab/instances/cmb01
Vertices: 500
Colors: 12
NumIterations: 2
Alpha: 0.750000
Is Factible?: false
Conflicts: 4
Solution Value: 149815.140625
Vertex,	Color
0,	2
1,	3
2,	5
3,	1
4,	3
5,	4
6,	2
7,	3
8,	0
9,	2
10,	1
11,	4
12,	0
13,	5
14,	0
15,	2
16,	5
17,	2
18,	11
19,	0
20,	3
21,	3
22,	1
23,	5
24,	1
25,	0
26,	0
27,	5
28,	3
29,	0
30,	2
31,	0
32,	2
33,	0
34,	6
35,	2
36,	2
37,	0
38,	1
39,	3
40,	4
41,	1
42,	0
43,	0
44,	0
45,	1
46,	1
47,	4
48,	2
49,	3
50,	0
51,	0
52,	2
53,	1
54,	2
55,	0
56,	0
57,	3
58,	6
59,	2
60,	0
61,	0
62,	0
63,	0
64,	2
65,	3
66,	0
67,	3
68,	3
69,	0
70,	5
71,	1
72,	1
73,	0
74,	4
75,	0
76,	4
77,	4
78,	0
79,	1
80,	7
81,	3
82,	9
83,	2
84,	2
85,	0
86,	5
87,	0
88,	2
89,	7
90,	1
91,	0
92,	1
93,	2
94,	6
95,	0
96,	4
97,	4
98,	9
99,	4
100,	9
101,	0
102,	1
103,	8
104,	2
105,	3
106,	1
107,	2
108,	1
109,	8
110,	2
111,	2
112,	1
113,	8
114,	0
115,	5
116,	1
117,	7
118,	3
119,	4
120,	2
121,	2
122,	3
123,	0
124,	3
125,	2
126,	2
127,	10
128,	2
129,	3
130,	2
131,	1
132,	11
133,	1
134,	1
135,	1
136,	5
137,	11
138,	1
139,	1
140,	0
141,	2
142,	6
143,	1
144,	3
145,	1
146,	3
147,	3
148,	4
149,	1
150,	4
151,	1
152,	2
153,	2
154,	2
155,	4
156,	4
157,	0
158,	3
159,	1
160,	6
161,	6
162,	2
163,	0
164,	5
165,	4
166,	2
167,	0
168,	4
169,	1
170,	6
171,	4
172,	2
173,	3
174,	2
175,	7
176,	2
177,	5
178,	6
179,	9
180,	3
181,	1
182,	6
183,	8
184,	1
185,	1
186,	3
187,	1
188,	2
189,	2
190,	9
191,	2
192,	3
193,	4
194,	5
195,	6
196,	1
197,	4
198,	3
199,	0
200,	0
201,	4
202,	1
203,	5
204,	2
205,	3
206,	3
207,	8
208,	0
209,	4
210,	1
211,	2
212,	4
213,	5
214,	7
215,	3
216,	4
217,	1
218,	6
219,	4
220,	6
221,	1
222,	7
223,	3
224,	3
225,	0
226,	5
227,	4
228,	1
229,	4
230,	1
231,	6
232,	6
233,	3
234,	3
235,	6
236,	3
237,	5
238,	3
239,	2
240,	1
241,	4
242,	6
243,	2
244,	7
245,	1
246,	1
247,	4
248,	5
249,	5
250,	2
251,	4
252,	7
253,	5
254,	5
255,	0
256,	2
257,	1
258,	3
259,	2
260,	0
261,	2
262,	6
263,	0
264,	4
265,	3
266,	0
267,	5
268,	5
269,	8
270,	5
271,	3
272,	3
273,	7
274,	7
275,	3
276,	5
277,	7
278,	1
279,	1
280,	3
281,	2
282,	6
283,	6
284,	8
285,	4
286,	2
287,	5
288,	1
289,	3
290,	4
291,	1
292,	7
293,	1
294,	2
295,	3
296,	6
297,	1
298,	3
299,	2
300,	1
301,	0
302,	4
303,	4
304,	0
305,	1
306,	3
307,	7
308,	2
309,	7
310,	7
311,	4
312,	2
313,	7
314,	3
315,	4
316,	3
317,	0
318,	4
319,	1
320,	4
321,	5
322,	4
323,	7
324,	6
325,	5
326,	2
327,	4
328,	7
329,	4
330,	1
331,	6
332,	2
333,	7
334,	6
335,	2
336,	3
337,	8
338,	4
339,	7
340,	7
341,	6
342,	7
343,	8
344,	3
345,	0
346,	5
347,	10
348,	7
349,	6
350,	2
351,	0
352,	9
353,	7
354,	5
355,	0
356,	6
357,	9
358,	5
359,	7
360,	6
361,	5
362,	5
363,	7
364,	8
365,	8
366,	6
367,	4
368,	8
369,	6
370,	8
371,	4
372,	5
373,	5
374,	3
375,	5
376,	7
377,	4
378,	4
379,	6
380,	7
381,	2
382,	2
383,	4
384,	4
385,	5
386,	7
387,	8
388,	4
389,	8
390,	6
391,	0
392,	2
393,	8
394,	9
395,	4
396,	10
397,	7
398,	3
399,	8
400,	5
401,	1
402,	2
403,	4
404,	5
405,	9
406,	6
407,	7
408,	10
409,	9
410,	6
411,	6
412,	6
413,	5
414,	6
415,	0
416,	4
417,	6
418,	9
419,	3
420,	9
421,	6
422,	8
423,	4
424,	9
425,	7
426,	10
427,	6
428,	2
429,	7
430,	8
431,	7
432,	3
433,	2
434,	6
435,	8
436,	5
437,	2
438,	3
439,	6
440,	1
441,	8
442,	2
443,	1
444,	4
445,	9
446,	10
447,	3
448,	6
449,	10
450,	11
451,	6
452,	7
453,	10
454,	5
455,	8
456,	4
457,	10
458,	0
459,	10
460,	9
461,	4
462,	2
463,	9
464,	5
465,	3
466,	9
467,	2
468,	5
469,	6
470,	8
471,	8
472,	7
473,	3
474,	8
475,	11
476,	9
477,	1
478,	7
479,	11
480,	10
481,	5
482,	7
483,	5
484,	8
485,	8
486,	9
487,	9
488,	6
489,	7
490,	5
491,	9
492,	11
493,	10
494,	10
495,	7
496,	10
497,	9
498,	6
499,	9
