Instance: /home/gabriel/Documents/ufrgs/courses/oc/trab/instances/cmb01
Vertices: 500
Colors: 12
NumIterations: 2
Alpha: 0.750000
Is Factible?: false
Conflicts: 4
Solution Value: 148646.937500
Vertex,	Color
0,	0
1,	0
2,	4
3,	0
4,	4
5,	5
6,	0
7,	0
8,	3
9,	0
10,	5
11,	3
12,	0
13,	6
14,	5
15,	1
16,	5
17,	2
18,	5
19,	0
20,	1
21,	1
22,	1
23,	9
24,	5
25,	0
26,	2
27,	2
28,	1
29,	1
30,	0
31,	0
32,	4
33,	2
34,	0
35,	1
36,	2
37,	0
38,	3
39,	3
40,	0
41,	0
42,	1
43,	3
44,	0
45,	3
46,	0
47,	3
48,	2
49,	0
50,	0
51,	3
52,	0
53,	1
54,	3
55,	0
56,	1
57,	0
58,	3
59,	0
60,	1
61,	4
62,	2
63,	2
64,	0
65,	4
66,	1
67,	2
68,	9
69,	1
70,	0
71,	0
72,	3
73,	2
74,	1
75,	1
76,	3
77,	4
78,	2
79,	6
80,	8
81,	4
82,	3
83,	4
84,	0
85,	0
86,	3
87,	0
88,	0
89,	6
90,	6
91,	1
92,	1
93,	0
94,	5
95,	1
96,	0
97,	3
98,	2
99,	4
100,	7
101,	4
102,	2
103,	0
104,	2
105,	4
106,	6
107,	3
108,	2
109,	0
110,	3
111,	2
112,	0
113,	0
114,	3
115,	8
116,	4
117,	6
118,	1
119,	5
120,	2
121,	7
122,	4
123,	2
124,	4
125,	0
126,	3
127,	2
128,	0
129,	3
130,	0
131,	2
132,	1
133,	0
134,	2
135,	7
136,	3
137,	2
138,	6
139,	0
140,	1
141,	5
142,	3
143,	6
144,	0
145,	1
146,	3
147,	2
148,	7
149,	1
150,	5
151,	1
152,	1
153,	0
154,	4
155,	1
156,	2
157,	3
158,	1
159,	2
160,	4
161,	5
162,	1
163,	4
164,	6
165,	1
166,	0
167,	2
168,	5
169,	4
170,	5
171,	1
172,	1
173,	0
174,	6
175,	0
176,	3
177,	8
178,	4
179,	8
180,	1
181,	2
182,	9
183,	7
184,	4
185,	6
186,	2
187,	0
188,	5
189,	5
190,	5
191,	5
192,	0
193,	2
194,	2
195,	7
196,	2
197,	3
198,	1
199,	1
200,	0
201,	4
202,	11
203,	1
204,	3
205,	4
206,	2
207,	2
208,	2
209,	3
210,	2
211,	2
212,	7
213,	4
214,	11
215,	4
216,	2
217,	2
218,	6
219,	3
220,	2
221,	2
222,	4
223,	1
224,	2
225,	0
226,	6
227,	3
228,	0
229,	6
230,	2
231,	5
232,	4
233,	5
234,	1
235,	5
236,	9
237,	4
238,	1
239,	9
240,	2
241,	0
242,	6
243,	2
244,	8
245,	1
246,	3
247,	4
248,	4
249,	2
250,	1
251,	3
252,	2
253,	6
254,	8
255,	8
256,	10
257,	3
258,	3
259,	2
260,	2
261,	3
262,	7
263,	0
264,	2
265,	1
266,	5
267,	4
268,	7
269,	9
270,	6
271,	4
272,	3
273,	5
274,	8
275,	1
276,	11
277,	3
278,	6
279,	0
280,	1
281,	4
282,	7
283,	1
284,	2
285,	2
286,	4
287,	5
288,	3
289,	4
290,	5
291,	2
292,	6
293,	5
294,	10
295,	3
296,	7
297,	1
298,	1
299,	2
300,	1
301,	1
302,	3
303,	3
304,	1
305,	6
306,	1
307,	7
308,	3
309,	5
310,	7
311,	4
312,	2
313,	7
314,	6
315,	4
316,	0
317,	4
318,	3
319,	2
320,	1
321,	2
322,	6
323,	5
324,	5
325,	3
326,	4
327,	4
328,	6
329,	6
330,	0
331,	6
332,	4
333,	5
334,	8
335,	0
336,	6
337,	8
338,	4
339,	7
340,	6
341,	9
342,	6
343,	8
344,	2
345,	8
346,	8
347,	10
348,	7
349,	5
350,	6
351,	0
352,	10
353,	7
354,	4
355,	4
356,	5
357,	10
358,	3
359,	4
360,	8
361,	6
362,	4
363,	7
364,	4
365,	7
366,	5
367,	3
368,	7
369,	6
370,	7
371,	4
372,	3
373,	4
374,	3
375,	5
376,	8
377,	5
378,	5
379,	5
380,	6
381,	0
382,	2
383,	3
384,	4
385,	5
386,	8
387,	8
388,	2
389,	7
390,	1
391,	5
392,	6
393,	7
394,	10
395,	2
396,	9
397,	2
398,	1
399,	9
400,	6
401,	7
402,	3
403,	6
404,	4
405,	9
406,	7
407,	4
408,	11
409,	6
410,	7
411,	3
412,	5
413,	7
414,	5
415,	0
416,	4
417,	5
418,	9
419,	4
420,	9
421,	5
422,	7
423,	5
424,	7
425,	6
426,	10
427,	6
428,	7
429,	1
430,	9
431,	6
432,	1
433,	4
434,	6
435,	9
436,	5
437,	7
438,	6
439,	5
440,	10
441,	9
442,	0
443,	6
444,	3
445,	8
446,	10
447,	3
448,	4
449,	11
450,	4
451,	6
452,	6
453,	6
454,	4
455,	6
456,	8
457,	11
458,	6
459,	10
460,	10
461,	4
462,	8
463,	7
464,	5
465,	7
466,	9
467,	3
468,	8
469,	6
470,	3
471,	9
472,	7
473,	5
474,	6
475,	10
476,	7
477,	4
478,	7
479,	8
480,	10
481,	4
482,	10
483,	4
484,	8
485,	9
486,	6
487,	8
488,	8
489,	6
490,	6
491,	7
492,	11
493,	6
494,	7
495,	8
496,	9
497,	8
498,	6
499,	9
