Instance: /home/gabriel/Documents/ufrgs/courses/oc/trab/instances/cmb01
Vertices: 500
Colors: 12
NumIterations: 3
Alpha: 0.750000
Is Factible?: false
Conflicts: 4
Solution Value: 160425.875000
Vertex,	Color
0,	2
1,	1
2,	2
3,	0
4,	0
5,	0
6,	1
7,	1
8,	0
9,	1
10,	2
11,	2
12,	1
13,	1
14,	0
15,	0
16,	4
17,	1
18,	0
19,	0
20,	1
21,	0
22,	3
23,	3
24,	0
25,	6
26,	1
27,	4
28,	1
29,	2
30,	0
31,	0
32,	4
33,	1
34,	4
35,	1
36,	3
37,	0
38,	0
39,	2
40,	0
41,	2
42,	6
43,	2
44,	2
45,	1
46,	0
47,	0
48,	11
49,	2
50,	0
51,	0
52,	1
53,	2
54,	2
55,	0
56,	2
57,	3
58,	2
59,	2
60,	5
61,	0
62,	0
63,	0
64,	1
65,	1
66,	2
67,	1
68,	7
69,	3
70,	0
71,	3
72,	1
73,	4
74,	0
75,	0
76,	2
77,	3
78,	2
79,	9
80,	4
81,	2
82,	4
83,	3
84,	7
85,	3
86,	0
87,	0
88,	0
89,	9
90,	0
91,	3
92,	0
93,	0
94,	2
95,	2
96,	1
97,	3
98,	4
99,	1
100,	5
101,	0
102,	0
103,	3
104,	1
105,	3
106,	2
107,	2
108,	1
109,	1
110,	2
111,	4
112,	3
113,	4
114,	7
115,	1
116,	2
117,	8
118,	2
119,	7
120,	1
121,	6
122,	3
123,	3
124,	3
125,	1
126,	1
127,	5
128,	0
129,	3
130,	2
131,	1
132,	10
133,	3
134,	4
135,	2
136,	1
137,	5
138,	2
139,	2
140,	0
141,	2
142,	6
143,	9
144,	7
145,	0
146,	4
147,	4
148,	6
149,	0
150,	4
151,	1
152,	1
153,	2
154,	4
155,	1
156,	3
157,	5
158,	1
159,	3
160,	2
161,	4
162,	10
163,	5
164,	6
165,	1
166,	1
167,	1
168,	0
169,	2
170,	4
171,	3
172,	2
173,	5
174,	5
175,	4
176,	1
177,	6
178,	5
179,	5
180,	3
181,	1
182,	1
183,	0
184,	0
185,	5
186,	1
187,	1
188,	1
189,	4
190,	4
191,	1
192,	4
193,	2
194,	3
195,	7
196,	2
197,	1
198,	8
199,	6
200,	1
201,	5
202,	7
203,	6
204,	5
205,	1
206,	4
207,	5
208,	3
209,	2
210,	3
211,	1
212,	8
213,	2
214,	5
215,	3
216,	3
217,	3
218,	5
219,	8
220,	7
221,	1
222,	5
223,	4
224,	2
225,	1
226,	4
227,	10
228,	0
229,	2
230,	0
231,	5
232,	5
233,	4
234,	3
235,	2
236,	2
237,	6
238,	2
239,	1
240,	0
241,	3
242,	6
243,	5
244,	7
245,	2
246,	2
247,	5
248,	5
249,	1
250,	3
251,	6
252,	3
253,	2
254,	6
255,	0
256,	4
257,	0
258,	4
259,	3
260,	4
261,	4
262,	2
263,	9
264,	3
265,	4
266,	0
267,	6
268,	6
269,	7
270,	8
271,	4
272,	8
273,	5
274,	9
275,	2
276,	6
277,	0
278,	7
279,	0
280,	2
281,	3
282,	6
283,	5
284,	3
285,	3
286,	4
287,	6
288,	0
289,	5
290,	4
291,	1
292,	5
293,	3
294,	10
295,	5
296,	7
297,	1
298,	2
299,	1
300,	4
301,	0
302,	5
303,	3
304,	2
305,	0
306,	2
307,	6
308,	3
309,	6
310,	7
311,	4
312,	1
313,	7
314,	8
315,	4
316,	5
317,	0
318,	4
319,	3
320,	3
321,	3
322,	7
323,	7
324,	6
325,	5
326,	3
327,	6
328,	7
329,	6
330,	2
331,	8
332,	4
333,	2
334,	8
335,	1
336,	4
337,	8
338,	5
339,	7
340,	5
341,	7
342,	7
343,	8
344,	2
345,	8
346,	6
347,	4
348,	7
349,	6
350,	2
351,	1
352,	10
353,	9
354,	5
355,	5
356,	4
357,	9
358,	6
359,	0
360,	7
361,	4
362,	4
363,	6
364,	9
365,	8
366,	6
367,	3
368,	6
369,	3
370,	8
371,	1
372,	5
373,	9
374,	4
375,	5
376,	7
377,	6
378,	6
379,	6
380,	4
381,	2
382,	3
383,	2
384,	5
385,	6
386,	6
387,	8
388,	10
389,	8
390,	7
391,	2
392,	3
393,	6
394,	9
395,	6
396,	8
397,	9
398,	3
399,	8
400,	6
401,	0
402,	6
403,	6
404,	5
405,	10
406,	1
407,	5
408,	11
409,	9
410,	8
411,	6
412,	6
413,	6
414,	5
415,	11
416,	10
417,	7
418,	9
419,	2
420,	10
421,	6
422,	8
423,	7
424,	8
425,	7
426,	8
427,	7
428,	1
429,	8
430,	9
431,	7
432,	2
433,	8
434,	5
435,	8
436,	6
437,	8
438,	4
439,	5
440,	7
441,	6
442,	1
443,	7
444,	6
445,	7
446,	11
447,	3
448,	3
449,	8
450,	2
451,	7
452,	7
453,	8
454,	6
455,	8
456,	3
457,	11
458,	11
459,	11
460,	10
461,	3
462,	7
463,	9
464,	6
465,	7
466,	5
467,	5
468,	9
469,	4
470,	8
471,	9
472,	7
473,	6
474,	9
475,	10
476,	8
477,	0
478,	7
479,	10
480,	9
481,	3
482,	10
483,	5
484,	8
485,	9
486,	4
487,	9
488,	7
489,	0
490,	6
491,	10
492,	11
493,	7
494,	9
495,	8
496,	10
497,	6
498,	6
499,	9
