Instance: /home/gabriel/Documents/ufrgs/courses/oc/trab/instances/cmb01
Vertices: 500
Colors: 12
NumIterations: 3
Alpha: 0.750000
Is Factible?: false
Conflicts: 3
Solution Value: 146795.453125
Vertex,	Color
0,	3
1,	0
2,	2
3,	0
4,	1
5,	6
6,	2
7,	2
8,	0
9,	4
10,	0
11,	1
12,	0
13,	2
14,	1
15,	1
16,	1
17,	4
18,	11
19,	0
20,	0
21,	0
22,	1
23,	4
24,	5
25,	1
26,	4
27,	3
28,	2
29,	1
30,	0
31,	1
32,	1
33,	1
34,	3
35,	0
36,	1
37,	0
38,	3
39,	3
40,	1
41,	0
42,	0
43,	4
44,	1
45,	0
46,	2
47,	1
48,	1
49,	4
50,	0
51,	4
52,	1
53,	2
54,	0
55,	0
56,	3
57,	4
58,	0
59,	1
60,	3
61,	4
62,	2
63,	0
64,	0
65,	0
66,	1
67,	0
68,	11
69,	3
70,	1
71,	1
72,	0
73,	2
74,	0
75,	2
76,	0
77,	10
78,	1
79,	3
80,	1
81,	0
82,	4
83,	0
84,	3
85,	1
86,	2
87,	1
88,	3
89,	0
90,	2
91,	5
92,	0
93,	6
94,	9
95,	2
96,	6
97,	2
98,	7
99,	0
100,	7
101,	2
102,	0
103,	0
104,	2
105,	6
106,	3
107,	4
108,	0
109,	3
110,	4
111,	2
112,	4
113,	9
114,	4
115,	1
116,	2
117,	6
118,	0
119,	8
120,	1
121,	6
122,	1
123,	5
124,	3
125,	4
126,	1
127,	2
128,	1
129,	5
130,	0
131,	2
132,	5
133,	0
134,	2
135,	2
136,	3
137,	7
138,	3
139,	1
140,	0
141,	4
142,	1
143,	8
144,	6
145,	0
146,	5
147,	1
148,	4
149,	0
150,	6
151,	1
152,	0
153,	1
154,	4
155,	5
156,	1
157,	0
158,	3
159,	3
160,	2
161,	2
162,	1
163,	7
164,	5
165,	5
166,	2
167,	0
168,	2
169,	2
170,	5
171,	5
172,	2
173,	0
174,	1
175,	0
176,	1
177,	6
178,	5
179,	7
180,	0
181,	1
182,	2
183,	0
184,	4
185,	4
186,	3
187,	1
188,	6
189,	3
190,	6
191,	1
192,	2
193,	5
194,	3
195,	5
196,	2
197,	5
198,	5
199,	1
200,	1
201,	2
202,	6
203,	1
204,	4
205,	1
206,	2
207,	6
208,	1
209,	2
210,	4
211,	3
212,	5
213,	4
214,	3
215,	3
216,	2
217,	1
218,	7
219,	4
220,	3
221,	0
222,	7
223,	3
224,	2
225,	0
226,	5
227,	7
228,	1
229,	3
230,	1
231,	5
232,	3
233,	5
234,	2
235,	1
236,	4
237,	6
238,	1
239,	3
240,	0
241,	0
242,	7
243,	5
244,	6
245,	4
246,	6
247,	5
248,	4
249,	4
250,	2
251,	2
252,	3
253,	4
254,	6
255,	5
256,	2
257,	6
258,	4
259,	5
260,	5
261,	3
262,	3
263,	2
264,	4
265,	2
266,	5
267,	2
268,	7
269,	2
270,	5
271,	5
272,	4
273,	8
274,	7
275,	3
276,	9
277,	0
278,	7
279,	0
280,	0
281,	4
282,	6
283,	3
284,	6
285,	4
286,	4
287,	3
288,	2
289,	4
290,	0
291,	3
292,	5
293,	5
294,	9
295,	3
296,	7
297,	8
298,	0
299,	1
300,	1
301,	0
302,	5
303,	3
304,	3
305,	3
306,	2
307,	8
308,	3
309,	6
310,	8
311,	0
312,	1
313,	7
314,	7
315,	3
316,	3
317,	3
318,	2
319,	2
320,	3
321,	7
322,	8
323,	5
324,	6
325,	4
326,	5
327,	0
328,	9
329,	6
330,	2
331,	6
332,	4
333,	4
334,	8
335,	2
336,	7
337,	7
338,	5
339,	6
340,	6
341,	4
342,	6
343,	1
344,	3
345,	5
346,	1
347,	8
348,	7
349,	6
350,	4
351,	2
352,	10
353,	7
354,	4
355,	4
356,	2
357,	8
358,	6
359,	8
360,	8
361,	7
362,	4
363,	8
364,	7
365,	7
366,	2
367,	6
368,	6
369,	6
370,	3
371,	2
372,	4
373,	4
374,	3
375,	6
376,	7
377,	6
378,	6
379,	5
380,	8
381,	3
382,	2
383,	3
384,	4
385,	3
386,	7
387,	8
388,	3
389,	7
390,	5
391,	2
392,	3
393,	8
394,	9
395,	1
396,	10
397,	9
398,	1
399,	9
400,	7
401,	5
402,	9
403,	5
404,	4
405,	9
406,	1
407,	0
408,	10
409,	4
410,	8
411,	4
412,	5
413,	6
414,	8
415,	1
416,	9
417,	5
418,	8
419,	4
420,	8
421,	5
422,	7
423,	6
424,	8
425,	6
426,	10
427,	6
428,	7
429,	5
430,	9
431,	9
432,	5
433,	7
434,	5
435,	5
436,	6
437,	3
438,	7
439,	9
440,	0
441,	7
442,	2
443,	3
444,	3
445,	3
446,	10
447,	1
448,	5
449,	10
450,	11
451,	6
452,	7
453,	9
454,	4
455,	6
456,	9
457,	10
458,	0
459,	10
460,	9
461,	5
462,	9
463,	7
464,	8
465,	6
466,	8
467,	4
468,	9
469,	6
470,	2
471,	7
472,	7
473,	3
474,	7
475,	9
476,	8
477,	0
478,	7
479,	11
480,	2
481,	4
482,	10
483,	4
484,	9
485,	9
486,	6
487,	8
488,	5
489,	6
490,	4
491,	8
492,	11
493,	8
494,	11
495,	7
496,	9
497,	6
498,	5
499,	3
