Instance: /home/gabriel/Documents/ufrgs/courses/oc/trab/instances/cmb01
Vertices: 500
Colors: 12
NumIterations: 3
Alpha: 0.750000
Is Factible?: false
Conflicts: 4
Solution Value: 153832.000000
Vertex,	Color
0,	2
1,	1
2,	0
3,	0
4,	6
5,	4
6,	0
7,	1
8,	6
9,	5
10,	0
11,	4
12,	1
13,	1
14,	2
15,	0
16,	3
17,	2
18,	1
19,	2
20,	1
21,	1
22,	6
23,	3
24,	0
25,	5
26,	3
27,	11
28,	1
29,	0
30,	0
31,	1
32,	2
33,	0
34,	5
35,	0
36,	4
37,	0
38,	0
39,	5
40,	1
41,	2
42,	1
43,	6
44,	0
45,	0
46,	2
47,	2
48,	0
49,	1
50,	8
51,	2
52,	0
53,	2
54,	0
55,	3
56,	4
57,	4
58,	1
59,	0
60,	5
61,	1
62,	2
63,	0
64,	2
65,	7
66,	0
67,	1
68,	6
69,	1
70,	2
71,	2
72,	4
73,	3
74,	3
75,	1
76,	1
77,	8
78,	1
79,	5
80,	4
81,	4
82,	0
83,	3
84,	1
85,	2
86,	2
87,	0
88,	4
89,	4
90,	3
91,	2
92,	2
93,	4
94,	8
95,	1
96,	0
97,	2
98,	0
99,	3
100,	6
101,	1
102,	2
103,	5
104,	1
105,	0
106,	3
107,	1
108,	1
109,	1
110,	0
111,	3
112,	3
113,	0
114,	6
115,	5
116,	1
117,	4
118,	1
119,	7
120,	1
121,	3
122,	0
123,	4
124,	4
125,	0
126,	3
127,	4
128,	2
129,	6
130,	0
131,	2
132,	2
133,	2
134,	2
135,	1
136,	1
137,	0
138,	10
139,	1
140,	0
141,	0
142,	2
143,	11
144,	1
145,	1
146,	3
147,	3
148,	7
149,	3
150,	5
151,	6
152,	0
153,	5
154,	2
155,	4
156,	1
157,	0
158,	1
159,	1
160,	2
161,	1
162,	9
163,	7
164,	6
165,	8
166,	2
167,	0
168,	5
169,	2
170,	8
171,	5
172,	2
173,	2
174,	0
175,	1
176,	3
177,	2
178,	4
179,	9
180,	0
181,	2
182,	1
183,	6
184,	0
185,	2
186,	3
187,	0
188,	0
189,	5
190,	4
191,	4
192,	3
193,	2
194,	5
195,	4
196,	2
197,	3
198,	7
199,	0
200,	3
201,	6
202,	5
203,	6
204,	3
205,	0
206,	1
207,	5
208,	1
209,	3
210,	0
211,	3
212,	7
213,	3
214,	8
215,	5
216,	2
217,	0
218,	4
219,	7
220,	7
221,	0
222,	7
223,	2
224,	5
225,	2
226,	3
227,	7
228,	1
229,	3
230,	3
231,	2
232,	5
233,	3
234,	3
235,	2
236,	0
237,	5
238,	3
239,	0
240,	2
241,	1
242,	6
243,	5
244,	6
245,	1
246,	3
247,	4
248,	4
249,	5
250,	5
251,	5
252,	4
253,	5
254,	8
255,	7
256,	3
257,	5
258,	3
259,	0
260,	6
261,	4
262,	5
263,	1
264,	4
265,	3
266,	6
267,	6
268,	6
269,	6
270,	8
271,	5
272,	10
273,	3
274,	9
275,	0
276,	11
277,	4
278,	7
279,	2
280,	2
281,	1
282,	6
283,	4
284,	5
285,	4
286,	3
287,	5
288,	3
289,	2
290,	2
291,	0
292,	4
293,	5
294,	9
295,	3
296,	7
297,	7
298,	3
299,	1
300,	4
301,	2
302,	7
303,	3
304,	0
305,	8
306,	4
307,	7
308,	2
309,	6
310,	7
311,	4
312,	1
313,	7
314,	6
315,	3
316,	6
317,	1
318,	4
319,	0
320,	3
321,	2
322,	6
323,	11
324,	1
325,	4
326,	3
327,	6
328,	7
329,	6
330,	2
331,	6
332,	6
333,	1
334,	8
335,	0
336,	4
337,	5
338,	5
339,	0
340,	4
341,	6
342,	6
343,	9
344,	3
345,	6
346,	9
347,	3
348,	7
349,	0
350,	2
351,	5
352,	10
353,	8
354,	3
355,	4
356,	1
357,	9
358,	5
359,	4
360,	8
361,	5
362,	0
363,	7
364,	8
365,	4
366,	1
367,	5
368,	7
369,	4
370,	7
371,	5
372,	4
373,	0
374,	3
375,	5
376,	8
377,	6
378,	6
379,	5
380,	5
381,	3
382,	3
383,	1
384,	4
385,	3
386,	9
387,	7
388,	8
389,	8
390,	6
391,	0
392,	2
393,	8
394,	9
395,	1
396,	10
397,	7
398,	2
399,	9
400,	6
401,	7
402,	0
403,	6
404,	4
405,	9
406,	4
407,	4
408,	11
409,	7
410,	8
411,	4
412,	2
413,	5
414,	7
415,	7
416,	9
417,	5
418,	11
419,	6
420,	9
421,	6
422,	8
423,	7
424,	7
425,	7
426,	10
427,	7
428,	6
429,	4
430,	9
431,	7
432,	2
433,	6
434,	7
435,	8
436,	5
437,	4
438,	4
439,	11
440,	10
441,	8
442,	2
443,	4
444,	6
445,	3
446,	11
447,	3
448,	6
449,	9
450,	1
451,	4
452,	6
453,	7
454,	4
455,	7
456,	8
457,	11
458,	0
459,	11
460,	11
461,	4
462,	8
463,	8
464,	5
465,	3
466,	6
467,	5
468,	9
469,	6
470,	8
471,	9
472,	7
473,	1
474,	7
475,	8
476,	0
477,	2
478,	6
479,	11
480,	9
481,	3
482,	11
483,	7
484,	6
485,	8
486,	7
487,	9
488,	7
489,	1
490,	4
491,	9
492,	11
493,	3
494,	11
495,	8
496,	8
497,	6
498,	6
499,	9
