Instance: /home/gabriel/Documents/ufrgs/courses/oc/trab/instances/cmb01
Vertices: 500
Colors: 12
NumIterations: 1
Alpha: 0.750000
Is Factible?: false
Conflicts: 4
Solution Value: 144987.578125
Vertex,	Color
0,	4
1,	1
2,	5
3,	0
4,	0
5,	0
6,	1
7,	0
8,	3
9,	3
10,	4
11,	0
12,	2
13,	0
14,	0
15,	0
16,	4
17,	4
18,	7
19,	4
20,	3
21,	0
22,	0
23,	2
24,	0
25,	1
26,	5
27,	0
28,	1
29,	2
30,	0
31,	0
32,	1
33,	2
34,	5
35,	0
36,	4
37,	0
38,	2
39,	3
40,	1
41,	1
42,	2
43,	1
44,	1
45,	1
46,	0
47,	6
48,	2
49,	2
50,	0
51,	0
52,	1
53,	1
54,	2
55,	0
56,	4
57,	2
58,	3
59,	1
60,	8
61,	2
62,	0
63,	0
64,	1
65,	1
66,	1
67,	6
68,	0
69,	0
70,	0
71,	2
72,	6
73,	1
74,	7
75,	0
76,	2
77,	1
78,	1
79,	1
80,	3
81,	1
82,	5
83,	1
84,	2
85,	0
86,	1
87,	1
88,	0
89,	6
90,	4
91,	1
92,	0
93,	0
94,	8
95,	0
96,	3
97,	2
98,	5
99,	3
100,	9
101,	1
102,	0
103,	6
104,	4
105,	8
106,	3
107,	3
108,	0
109,	1
110,	2
111,	2
112,	2
113,	6
114,	4
115,	6
116,	2
117,	6
118,	1
119,	7
120,	1
121,	2
122,	4
123,	4
124,	3
125,	2
126,	1
127,	3
128,	1
129,	7
130,	0
131,	2
132,	9
133,	1
134,	1
135,	3
136,	5
137,	9
138,	1
139,	1
140,	1
141,	6
142,	2
143,	3
144,	2
145,	0
146,	5
147,	2
148,	4
149,	6
150,	3
151,	5
152,	0
153,	2
154,	4
155,	1
156,	3
157,	6
158,	2
159,	0
160,	0
161,	3
162,	2
163,	6
164,	7
165,	3
166,	4
167,	0
168,	2
169,	4
170,	5
171,	3
172,	2
173,	1
174,	2
175,	0
176,	1
177,	4
178,	5
179,	7
180,	2
181,	1
182,	5
183,	0
184,	2
185,	3
186,	6
187,	0
188,	4
189,	5
190,	6
191,	1
192,	1
193,	0
194,	4
195,	3
196,	3
197,	3
198,	7
199,	6
200,	1
201,	3
202,	1
203,	4
204,	4
205,	4
206,	1
207,	1
208,	1
209,	2
210,	4
211,	1
212,	7
213,	5
214,	1
215,	5
216,	5
217,	2
218,	4
219,	7
220,	5
221,	0
222,	8
223,	4
224,	3
225,	0
226,	6
227,	5
228,	1
229,	3
230,	3
231,	5
232,	3
233,	7
234,	2
235,	2
236,	5
237,	4
238,	2
239,	2
240,	0
241,	1
242,	7
243,	4
244,	4
245,	3
246,	3
247,	5
248,	6
249,	2
250,	2
251,	2
252,	5
253,	1
254,	4
255,	1
256,	2
257,	3
258,	1
259,	2
260,	4
261,	4
262,	8
263,	10
264,	3
265,	2
266,	6
267,	4
268,	6
269,	6
270,	4
271,	4
272,	4
273,	6
274,	3
275,	1
276,	4
277,	0
278,	5
279,	1
280,	0
281,	5
282,	8
283,	3
284,	7
285,	3
286,	4
287,	4
288,	0
289,	4
290,	1
291,	1
292,	7
293,	0
294,	8
295,	3
296,	6
297,	1
298,	2
299,	1
300,	0
301,	2
302,	3
303,	4
304,	0
305,	6
306,	2
307,	7
308,	4
309,	7
310,	3
311,	3
312,	3
313,	8
314,	2
315,	3
316,	5
317,	4
318,	2
319,	2
320,	4
321,	6
322,	6
323,	9
324,	5
325,	5
326,	4
327,	5
328,	8
329,	6
330,	0
331,	5
332,	2
333,	3
334,	9
335,	2
336,	5
337,	5
338,	7
339,	7
340,	7
341,	5
342,	4
343,	3
344,	4
345,	7
346,	4
347,	5
348,	7
349,	6
350,	5
351,	2
352,	10
353,	8
354,	3
355,	3
356,	5
357,	7
358,	6
359,	0
360,	5
361,	5
362,	5
363,	6
364,	9
365,	9
366,	5
367,	3
368,	7
369,	6
370,	6
371,	7
372,	5
373,	5
374,	3
375,	6
376,	8
377,	7
378,	6
379,	5
380,	5
381,	4
382,	1
383,	3
384,	4
385,	3
386,	9
387,	10
388,	8
389,	8
390,	7
391,	3
392,	4
393,	9
394,	7
395,	3
396,	8
397,	7
398,	0
399,	8
400,	5
401,	0
402,	4
403,	7
404,	4
405,	9
406,	8
407,	4
408,	11
409,	7
410,	7
411,	5
412,	6
413,	5
414,	7
415,	10
416,	9
417,	5
418,	10
419,	7
420,	9
421,	5
422,	6
423,	7
424,	7
425,	7
426,	10
427,	5
428,	6
429,	4
430,	10
431,	10
432,	0
433,	4
434,	6
435,	7
436,	6
437,	7
438,	5
439,	8
440,	0
441,	8
442,	2
443,	0
444,	4
445,	9
446,	11
447,	3
448,	4
449,	8
450,	10
451,	6
452,	7
453,	10
454,	4
455,	6
456,	8
457,	11
458,	6
459,	11
460,	10
461,	4
462,	8
463,	7
464,	8
465,	7
466,	4
467,	5
468,	6
469,	7
470,	8
471,	9
472,	8
473,	1
474,	8
475,	11
476,	9
477,	0
478,	9
479,	10
480,	9
481,	2
482,	9
483,	6
484,	9
485,	9
486,	8
487,	9
488,	8
489,	3
490,	5
491,	9
492,	11
493,	11
494,	8
495,	9
496,	10
497,	6
498,	0
499,	4
