Instance: /home/gabriel/Documents/ufrgs/courses/oc/trab/instances/cmb01
Vertices: 500
Colors: 12
NumIterations: 3
Alpha: 0.750000
Is Factible?: false
Conflicts: 3
Solution Value: 157979.921875
Vertex,	Color
0,	1
1,	1
2,	4
3,	3
4,	3
5,	0
6,	1
7,	0
8,	2
9,	0
10,	3
11,	0
12,	3
13,	0
14,	1
15,	0
16,	3
17,	2
18,	5
19,	3
20,	2
21,	0
22,	1
23,	0
24,	0
25,	1
26,	3
27,	0
28,	0
29,	0
30,	0
31,	0
32,	1
33,	0
34,	3
35,	0
36,	0
37,	6
38,	1
39,	7
40,	1
41,	1
42,	1
43,	0
44,	1
45,	5
46,	1
47,	3
48,	0
49,	1
50,	1
51,	3
52,	2
53,	2
54,	3
55,	0
56,	1
57,	8
58,	2
59,	0
60,	3
61,	0
62,	8
63,	2
64,	2
65,	7
66,	0
67,	2
68,	3
69,	1
70,	1
71,	1
72,	4
73,	2
74,	2
75,	0
76,	4
77,	2
78,	1
79,	5
80,	8
81,	4
82,	10
83,	0
84,	4
85,	1
86,	2
87,	0
88,	0
89,	1
90,	5
91,	7
92,	0
93,	3
94,	7
95,	3
96,	2
97,	2
98,	10
99,	0
100,	9
101,	2
102,	2
103,	5
104,	2
105,	1
106,	1
107,	2
108,	1
109,	6
110,	0
111,	0
112,	3
113,	1
114,	2
115,	1
116,	0
117,	1
118,	0
119,	5
120,	0
121,	0
122,	1
123,	4
124,	4
125,	6
126,	2
127,	4
128,	2
129,	4
130,	1
131,	2
132,	6
133,	1
134,	6
135,	1
136,	3
137,	2
138,	4
139,	1
140,	2
141,	3
142,	1
143,	2
144,	2
145,	1
146,	5
147,	4
148,	8
149,	2
150,	4
151,	2
152,	0
153,	1
154,	1
155,	4
156,	0
157,	2
158,	0
159,	0
160,	1
161,	5
162,	6
163,	5
164,	6
165,	5
166,	2
167,	1
168,	4
169,	3
170,	7
171,	0
172,	1
173,	2
174,	1
175,	0
176,	1
177,	1
178,	5
179,	3
180,	4
181,	3
182,	2
183,	3
184,	1
185,	3
186,	2
187,	0
188,	0
189,	7
190,	5
191,	0
192,	6
193,	3
194,	5
195,	7
196,	3
197,	4
198,	8
199,	3
200,	1
201,	4
202,	5
203,	5
204,	3
205,	3
206,	2
207,	4
208,	0
209,	4
210,	2
211,	3
212,	8
213,	3
214,	11
215,	3
216,	2
217,	1
218,	5
219,	2
220,	7
221,	0
222,	5
223,	3
224,	2
225,	0
226,	3
227,	7
228,	0
229,	4
230,	1
231,	5
232,	2
233,	3
234,	2
235,	1
236,	6
237,	2
238,	3
239,	2
240,	1
241,	1
242,	8
243,	2
244,	5
245,	2
246,	5
247,	4
248,	6
249,	0
250,	6
251,	2
252,	5
253,	0
254,	4
255,	4
256,	3
257,	2
258,	4
259,	7
260,	6
261,	4
262,	9
263,	9
264,	4
265,	0
266,	2
267,	6
268,	6
269,	6
270,	6
271,	5
272,	4
273,	4
274,	7
275,	3
276,	8
277,	9
278,	5
279,	1
280,	3
281,	2
282,	7
283,	5
284,	5
285,	4
286,	3
287,	3
288,	3
289,	2
290,	4
291,	3
292,	6
293,	5
294,	7
295,	3
296,	6
297,	4
298,	3
299,	0
300,	3
301,	1
302,	4
303,	4
304,	1
305,	1
306,	2
307,	6
308,	3
309,	6
310,	7
311,	4
312,	0
313,	8
314,	8
315,	4
316,	6
317,	4
318,	4
319,	2
320,	4
321,	4
322,	6
323,	6
324,	7
325,	5
326,	0
327,	5
328,	8
329,	6
330,	1
331,	7
332,	3
333,	2
334,	9
335,	0
336,	5
337,	8
338,	5
339,	6
340,	3
341,	6
342,	7
343,	7
344,	0
345,	5
346,	5
347,	10
348,	7
349,	6
350,	1
351,	0
352,	8
353,	8
354,	5
355,	5
356,	8
357,	9
358,	5
359,	0
360,	7
361,	6
362,	5
363,	6
364,	9
365,	9
366,	6
367,	5
368,	6
369,	7
370,	5
371,	5
372,	3
373,	7
374,	4
375,	6
376,	8
377,	6
378,	4
379,	5
380,	9
381,	1
382,	2
383,	3
384,	2
385,	5
386,	7
387,	7
388,	8
389,	9
390,	7
391,	0
392,	3
393,	6
394,	9
395,	0
396,	10
397,	8
398,	2
399,	8
400,	7
401,	7
402,	0
403,	5
404,	2
405,	9
406,	2
407,	5
408,	11
409,	10
410,	7
411,	2
412,	5
413,	5
414,	9
415,	10
416,	9
417,	7
418,	8
419,	5
420,	7
421,	9
422,	8
423,	10
424,	6
425,	7
426,	9
427,	6
428,	1
429,	4
430,	10
431,	7
432,	1
433,	4
434,	6
435,	9
436,	6
437,	5
438,	5
439,	8
440,	2
441,	8
442,	11
443,	6
444,	4
445,	10
446,	10
447,	2
448,	5
449,	8
450,	7
451,	9
452,	8
453,	7
454,	5
455,	6
456,	6
457,	10
458,	8
459,	11
460,	10
461,	3
462,	8
463,	8
464,	7
465,	4
466,	5
467,	6
468,	7
469,	4
470,	8
471,	9
472,	7
473,	2
474,	8
475,	11
476,	9
477,	0
478,	6
479,	11
480,	9
481,	3
482,	9
483,	6
484,	8
485,	6
486,	8
487,	7
488,	7
489,	0
490,	2
491,	9
492,	10
493,	3
494,	11
495,	7
496,	10
497,	4
498,	5
499,	9
