Instance: /home/gabriel/Documents/ufrgs/courses/oc/trab/instances/cmb01
Vertices: 500
Colors: 12
NumIterations: 2
Alpha: 0.750000
Is Factible?: false
Conflicts: 4
Solution Value: 148969.890625
Vertex,	Color
0,	4
1,	0
2,	2
3,	3
4,	2
5,	4
6,	2
7,	0
8,	0
9,	2
10,	1
11,	0
12,	0
13,	5
14,	5
15,	2
16,	1
17,	0
18,	11
19,	0
20,	1
21,	1
22,	7
23,	1
24,	2
25,	1
26,	1
27,	0
28,	0
29,	1
30,	0
31,	0
32,	1
33,	0
34,	3
35,	9
36,	2
37,	0
38,	3
39,	2
40,	2
41,	1
42,	1
43,	3
44,	0
45,	3
46,	0
47,	3
48,	1
49,	2
50,	0
51,	3
52,	0
53,	1
54,	1
55,	0
56,	1
57,	1
58,	0
59,	1
60,	3
61,	2
62,	0
63,	1
64,	3
65,	1
66,	1
67,	2
68,	6
69,	3
70,	8
71,	2
72,	10
73,	1
74,	1
75,	2
76,	0
77,	8
78,	1
79,	9
80,	4
81,	4
82,	3
83,	0
84,	4
85,	0
86,	5
87,	0
88,	4
89,	0
90,	3
91,	2
92,	0
93,	1
94,	5
95,	1
96,	2
97,	0
98,	1
99,	8
100,	5
101,	0
102,	3
103,	9
104,	1
105,	6
106,	4
107,	2
108,	2
109,	1
110,	1
111,	4
112,	0
113,	7
114,	3
115,	2
116,	1
117,	6
118,	0
119,	2
120,	2
121,	0
122,	2
123,	2
124,	2
125,	2
126,	2
127,	8
128,	0
129,	4
130,	0
131,	2
132,	4
133,	1
134,	3
135,	8
136,	3
137,	1
138,	0
139,	2
140,	1
141,	0
142,	3
143,	0
144,	1
145,	1
146,	3
147,	0
148,	3
149,	0
150,	4
151,	1
152,	1
153,	2
154,	4
155,	5
156,	4
157,	0
158,	0
159,	3
160,	4
161,	3
162,	4
163,	1
164,	5
165,	5
166,	0
167,	1
168,	4
169,	1
170,	6
171,	0
172,	3
173,	0
174,	2
175,	3
176,	2
177,	2
178,	4
179,	5
180,	7
181,	4
182,	6
183,	10
184,	2
185,	3
186,	4
187,	0
188,	1
189,	6
190,	5
191,	1
192,	0
193,	4
194,	4
195,	5
196,	2
197,	3
198,	2
199,	3
200,	0
201,	4
202,	4
203,	2
204,	4
205,	3
206,	2
207,	0
208,	1
209,	3
210,	2
211,	1
212,	7
213,	1
214,	5
215,	4
216,	3
217,	2
218,	5
219,	3
220,	7
221,	1
222,	1
223,	3
224,	4
225,	1
226,	3
227,	5
228,	2
229,	5
230,	3
231,	4
232,	4
233,	5
234,	2
235,	0
236,	1
237,	3
238,	1
239,	7
240,	3
241,	4
242,	6
243,	3
244,	6
245,	1
246,	2
247,	5
248,	5
249,	2
250,	0
251,	5
252,	2
253,	1
254,	4
255,	7
256,	7
257,	2
258,	3
259,	0
260,	6
261,	3
262,	4
263,	2
264,	4
265,	2
266,	0
267,	2
268,	6
269,	5
270,	5
271,	5
272,	5
273,	7
274,	9
275,	4
276,	9
277,	0
278,	4
279,	1
280,	1
281,	0
282,	6
283,	6
284,	8
285,	4
286,	2
287,	6
288,	2
289,	1
290,	6
291,	1
292,	5
293,	5
294,	1
295,	3
296,	7
297,	7
298,	0
299,	4
300,	3
301,	1
302,	3
303,	4
304,	1
305,	4
306,	0
307,	7
308,	3
309,	6
310,	7
311,	4
312,	2
313,	7
314,	6
315,	5
316,	6
317,	1
318,	2
319,	2
320,	5
321,	4
322,	7
323,	5
324,	6
325,	3
326,	1
327,	3
328,	8
329,	6
330,	0
331,	8
332,	3
333,	5
334,	8
335,	2
336,	5
337,	8
338,	5
339,	7
340,	2
341,	3
342,	7
343,	6
344,	1
345,	6
346,	6
347,	7
348,	7
349,	6
350,	3
351,	1
352,	10
353,	7
354,	5
355,	6
356,	4
357,	7
358,	6
359,	11
360,	7
361,	6
362,	4
363,	6
364,	9
365,	7
366,	6
367,	3
368,	8
369,	5
370,	8
371,	6
372,	4
373,	8
374,	3
375,	5
376,	6
377,	7
378,	5
379,	6
380,	7
381,	1
382,	2
383,	3
384,	4
385,	6
386,	6
387,	8
388,	4
389,	6
390,	6
391,	0
392,	3
393,	7
394,	8
395,	2
396,	9
397,	8
398,	0
399,	9
400,	6
401,	2
402,	9
403,	4
404,	5
405,	9
406,	8
407,	4
408,	10
409,	9
410,	6
411,	4
412,	6
413,	6
414,	8
415,	0
416,	9
417,	3
418,	9
419,	6
420,	2
421,	6
422,	4
423,	10
424,	9
425,	7
426,	9
427,	5
428,	0
429,	3
430,	9
431,	8
432,	2
433,	8
434,	6
435,	5
436,	7
437,	3
438,	5
439,	8
440,	10
441,	8
442,	2
443,	6
444,	3
445,	7
446,	10
447,	2
448,	0
449,	4
450,	11
451,	3
452,	7
453,	9
454,	4
455,	6
456,	9
457,	8
458,	0
459,	10
460,	10
461,	3
462,	7
463,	7
464,	8
465,	5
466,	5
467,	4
468,	7
469,	5
470,	5
471,	9
472,	8
473,	2
474,	8
475,	7
476,	9
477,	2
478,	7
479,	10
480,	10
481,	4
482,	10
483,	5
484,	9
485,	8
486,	9
487,	8
488,	7
489,	7
490,	5
491,	9
492,	10
493,	11
494,	9
495,	6
496,	9
497,	8
498,	7
499,	10
