Instance: /home/gabriel/Documents/ufrgs/courses/oc/trab/instances/cmb01
Vertices: 500
Colors: 12
NumIterations: 10
Alpha: 0.750000
Is Factible?: false
Conflicts: 7
Solution Value: 150152.000000
Vertex,	Color
0,	4
1,	0
2,	2
3,	0
4,	2
5,	0
6,	2
7,	1
8,	0
9,	2
10,	0
11,	1
12,	3
13,	5
14,	5
15,	2
16,	2
17,	2
18,	10
19,	0
20,	0
21,	0
22,	3
23,	5
24,	0
25,	3
26,	11
27,	3
28,	3
29,	2
30,	2
31,	1
32,	1
33,	3
34,	3
35,	3
36,	1
37,	0
38,	2
39,	6
40,	1
41,	1
42,	0
43,	0
44,	2
45,	2
46,	0
47,	0
48,	10
49,	3
50,	1
51,	6
52,	1
53,	1
54,	0
55,	0
56,	5
57,	1
58,	0
59,	2
60,	4
61,	1
62,	7
63,	0
64,	0
65,	0
66,	2
67,	1
68,	5
69,	1
70,	3
71,	1
72,	3
73,	1
74,	4
75,	4
76,	3
77,	3
78,	1
79,	3
80,	3
81,	1
82,	6
83,	8
84,	5
85,	0
86,	4
87,	1
88,	2
89,	3
90,	3
91,	4
92,	4
93,	6
94,	4
95,	3
96,	2
97,	2
98,	2
99,	0
100,	4
101,	0
102,	0
103,	1
104,	0
105,	4
106,	2
107,	2
108,	1
109,	1
110,	4
111,	7
112,	2
113,	3
114,	1
115,	0
116,	1
117,	1
118,	2
119,	7
120,	1
121,	5
122,	0
123,	2
124,	2
125,	0
126,	2
127,	0
128,	2
129,	6
130,	0
131,	1
132,	0
133,	1
134,	1
135,	1
136,	2
137,	2
138,	3
139,	0
140,	0
141,	1
142,	0
143,	7
144,	1
145,	6
146,	5
147,	3
148,	7
149,	2
150,	3
151,	2
152,	1
153,	1
154,	3
155,	3
156,	9
157,	0
158,	1
159,	4
160,	3
161,	1
162,	8
163,	4
164,	5
165,	3
166,	1
167,	1
168,	4
169,	4
170,	5
171,	3
172,	6
173,	0
174,	4
175,	2
176,	2
177,	7
178,	5
179,	4
180,	6
181,	3
182,	0
183,	2
184,	4
185,	4
186,	2
187,	1
188,	2
189,	5
190,	5
191,	2
192,	3
193,	2
194,	2
195,	4
196,	2
197,	5
198,	5
199,	6
200,	1
201,	3
202,	6
203,	6
204,	4
205,	0
206,	1
207,	6
208,	1
209,	6
210,	2
211,	1
212,	1
213,	6
214,	2
215,	2
216,	4
217,	4
218,	5
219,	6
220,	7
221,	2
222,	4
223,	5
224,	5
225,	4
226,	5
227,	4
228,	0
229,	2
230,	3
231,	8
232,	0
233,	5
234,	2
235,	11
236,	1
237,	6
238,	5
239,	0
240,	0
241,	2
242,	6
243,	0
244,	9
245,	1
246,	1
247,	5
248,	4
249,	4
250,	3
251,	3
252,	2
253,	4
254,	4
255,	5
256,	4
257,	1
258,	5
259,	2
260,	3
261,	3
262,	9
263,	5
264,	3
265,	2
266,	0
267,	8
268,	5
269,	8
270,	4
271,	5
272,	6
273,	5
274,	9
275,	0
276,	8
277,	7
278,	5
279,	0
280,	2
281,	2
282,	6
283,	1
284,	6
285,	3
286,	4
287,	6
288,	1
289,	0
290,	0
291,	0
292,	5
293,	2
294,	7
295,	0
296,	5
297,	5
298,	1
299,	1
300,	1
301,	0
302,	4
303,	3
304,	0
305,	4
306,	3
307,	7
308,	2
309,	6
310,	7
311,	3
312,	1
313,	7
314,	6
315,	5
316,	3
317,	1
318,	1
319,	4
320,	2
321,	4
322,	7
323,	5
324,	7
325,	4
326,	2
327,	6
328,	3
329,	6
330,	2
331,	6
332,	4
333,	4
334,	8
335,	7
336,	5
337,	8
338,	6
339,	0
340,	4
341,	9
342,	3
343,	5
344,	2
345,	7
346,	8
347,	9
348,	7
349,	6
350,	5
351,	1
352,	10
353,	7
354,	4
355,	3
356,	8
357,	7
358,	4
359,	9
360,	7
361,	4
362,	3
363,	7
364,	9
365,	8
366,	7
367,	6
368,	7
369,	2
370,	4
371,	3
372,	6
373,	6
374,	4
375,	3
376,	6
377,	5
378,	5
379,	3
380,	6
381,	4
382,	2
383,	4
384,	5
385,	6
386,	5
387,	8
388,	7
389,	9
390,	7
391,	3
392,	0
393,	8
394,	10
395,	2
396,	3
397,	6
398,	6
399,	8
400,	7
401,	0
402,	1
403,	6
404,	5
405,	9
406,	7
407,	5
408,	10
409,	4
410,	7
411,	4
412,	2
413,	6
414,	7
415,	11
416,	9
417,	7
418,	10
419,	5
420,	8
421,	6
422,	5
423,	8
424,	7
425,	7
426,	9
427,	7
428,	1
429,	4
430,	9
431,	5
432,	0
433,	8
434,	7
435,	11
436,	7
437,	6
438,	5
439,	8
440,	2
441,	9
442,	0
443,	3
444,	3
445,	7
446,	10
447,	2
448,	2
449,	10
450,	8
451,	4
452,	7
453,	10
454,	3
455,	8
456,	9
457,	11
458,	11
459,	10
460,	10
461,	3
462,	8
463,	9
464,	6
465,	4
466,	8
467,	5
468,	0
469,	4
470,	8
471,	9
472,	7
473,	1
474,	6
475,	11
476,	0
477,	1
478,	6
479,	9
480,	10
481,	4
482,	10
483,	5
484,	7
485,	9
486,	10
487,	8
488,	7
489,	0
490,	4
491,	8
492,	10
493,	8
494,	9
495,	9
496,	9
497,	6
498,	4
499,	9
