Instance: /home/gabriel/Documents/ufrgs/courses/oc/trab/instances/cmb01
Vertices: 500
Colors: 12
NumIterations: 3
Alpha: 0.750000
Is Factible?: false
Conflicts: 4
Solution Value: 151321.671875
Vertex,	Color
0,	5
1,	1
2,	4
3,	2
4,	4
5,	0
6,	5
7,	0
8,	0
9,	3
10,	5
11,	0
12,	1
13,	0
14,	6
15,	0
16,	2
17,	3
18,	2
19,	5
20,	0
21,	1
22,	4
23,	3
24,	0
25,	6
26,	9
27,	0
28,	3
29,	0
30,	2
31,	0
32,	2
33,	0
34,	4
35,	1
36,	4
37,	4
38,	1
39,	4
40,	2
41,	0
42,	2
43,	3
44,	3
45,	5
46,	1
47,	0
48,	2
49,	5
50,	1
51,	3
52,	0
53,	2
54,	1
55,	0
56,	1
57,	8
58,	6
59,	3
60,	5
61,	3
62,	0
63,	2
64,	1
65,	7
66,	0
67,	3
68,	9
69,	1
70,	6
71,	1
72,	1
73,	5
74,	4
75,	1
76,	2
77,	11
78,	0
79,	2
80,	2
81,	2
82,	3
83,	8
84,	2
85,	2
86,	0
87,	1
88,	3
89,	8
90,	1
91,	4
92,	2
93,	2
94,	7
95,	0
96,	3
97,	0
98,	2
99,	3
100,	5
101,	3
102,	2
103,	0
104,	1
105,	1
106,	2
107,	2
108,	1
109,	0
110,	1
111,	3
112,	2
113,	6
114,	5
115,	1
116,	1
117,	8
118,	0
119,	0
120,	3
121,	4
122,	1
123,	6
124,	3
125,	1
126,	3
127,	2
128,	2
129,	6
130,	0
131,	2
132,	3
133,	1
134,	0
135,	2
136,	3
137,	6
138,	1
139,	2
140,	0
141,	1
142,	2
143,	8
144,	0
145,	6
146,	4
147,	2
148,	5
149,	2
150,	3
151,	1
152,	1
153,	1
154,	7
155,	6
156,	0
157,	1
158,	1
159,	2
160,	4
161,	2
162,	5
163,	5
164,	6
165,	6
166,	4
167,	0
168,	3
169,	3
170,	6
171,	1
172,	1
173,	5
174,	1
175,	3
176,	3
177,	4
178,	4
179,	9
180,	1
181,	2
182,	1
183,	9
184,	2
185,	4
186,	3
187,	0
188,	1
189,	5
190,	5
191,	3
192,	2
193,	5
194,	3
195,	0
196,	3
197,	1
198,	1
199,	5
200,	0
201,	5
202,	8
203,	0
204,	3
205,	5
206,	2
207,	4
208,	0
209,	2
210,	3
211,	2
212,	0
213,	2
214,	5
215,	1
216,	2
217,	1
218,	6
219,	6
220,	6
221,	1
222,	5
223,	2
224,	3
225,	1
226,	4
227,	6
228,	2
229,	0
230,	5
231,	7
232,	2
233,	4
234,	1
235,	7
236,	4
237,	11
238,	1
239,	2
240,	2
241,	1
242,	7
243,	4
244,	7
245,	2
246,	2
247,	6
248,	4
249,	3
250,	1
251,	5
252,	5
253,	0
254,	4
255,	11
256,	3
257,	1
258,	4
259,	7
260,	5
261,	4
262,	4
263,	8
264,	5
265,	1
266,	4
267,	5
268,	4
269,	8
270,	5
271,	4
272,	3
273,	7
274,	7
275,	0
276,	10
277,	7
278,	7
279,	2
280,	1
281,	3
282,	8
283,	3
284,	10
285,	5
286,	3
287,	3
288,	3
289,	4
290,	4
291,	3
292,	4
293,	5
294,	5
295,	2
296,	6
297,	1
298,	1
299,	3
300,	4
301,	2
302,	5
303,	2
304,	1
305,	6
306,	4
307,	7
308,	1
309,	6
310,	8
311,	2
312,	3
313,	7
314,	7
315,	4
316,	5
317,	3
318,	2
319,	2
320,	4
321,	7
322,	8
323,	7
324,	2
325,	5
326,	4
327,	4
328,	9
329,	6
330,	1
331,	6
332,	4
333,	3
334,	8
335,	4
336,	6
337,	9
338,	6
339,	0
340,	3
341,	7
342,	3
343,	9
344,	3
345,	7
346,	5
347,	6
348,	7
349,	6
350,	4
351,	2
352,	10
353,	7
354,	3
355,	6
356,	1
357,	10
358,	5
359,	10
360,	7
361,	6
362,	3
363,	7
364,	9
365,	7
366,	10
367,	8
368,	7
369,	6
370,	9
371,	8
372,	5
373,	9
374,	3
375,	6
376,	8
377,	5
378,	5
379,	5
380,	9
381,	1
382,	1
383,	3
384,	4
385,	5
386,	7
387,	9
388,	6
389,	6
390,	7
391,	1
392,	0
393,	8
394,	9
395,	0
396,	10
397,	8
398,	0
399,	8
400,	7
401,	0
402,	4
403,	6
404,	4
405,	6
406,	4
407,	5
408,	11
409,	3
410,	8
411,	3
412,	0
413,	0
414,	4
415,	0
416,	4
417,	4
418,	10
419,	7
420,	9
421,	5
422,	7
423,	8
424,	8
425,	6
426,	10
427,	6
428,	0
429,	4
430,	9
431,	9
432,	2
433,	3
434,	5
435,	9
436,	7
437,	7
438,	6
439,	6
440,	1
441,	6
442,	3
443,	2
444,	4
445,	8
446,	10
447,	3
448,	4
449,	9
450,	0
451,	6
452,	7
453,	4
454,	4
455,	6
456,	9
457,	10
458,	0
459,	11
460,	10
461,	4
462,	8
463,	7
464,	4
465,	7
466,	5
467,	3
468,	9
469,	2
470,	0
471,	9
472,	7
473,	5
474,	8
475,	11
476,	2
477,	2
478,	7
479,	11
480,	9
481,	2
482,	10
483,	7
484,	7
485,	9
486,	2
487,	8
488,	8
489,	3
490,	5
491,	5
492,	11
493,	6
494,	9
495,	7
496,	8
497,	6
498,	6
499,	9
