Instance: /home/gabriel/Documents/ufrgs/courses/oc/trab/instances/cmb01
Vertices: 500
Colors: 12
NumIterations: 3
Alpha: 0.750000
Is Factible?: false
Conflicts: 3
Solution Value: 146725.875000
Vertex,	Color
0,	1
1,	1
2,	3
3,	1
4,	4
5,	0
6,	0
7,	0
8,	2
9,	2
10,	0
11,	0
12,	0
13,	7
14,	6
15,	3
16,	3
17,	7
18,	5
19,	1
20,	2
21,	1
22,	0
23,	8
24,	1
25,	0
26,	4
27,	1
28,	1
29,	0
30,	1
31,	3
32,	2
33,	5
34,	3
35,	0
36,	3
37,	0
38,	1
39,	8
40,	1
41,	2
42,	1
43,	3
44,	4
45,	4
46,	1
47,	1
48,	4
49,	1
50,	2
51,	0
52,	0
53,	2
54,	1
55,	0
56,	0
57,	3
58,	0
59,	3
60,	4
61,	0
62,	3
63,	0
64,	1
65,	5
66,	0
67,	2
68,	3
69,	3
70,	0
71,	2
72,	1
73,	2
74,	3
75,	0
76,	5
77,	2
78,	1
79,	2
80,	8
81,	1
82,	0
83,	2
84,	1
85,	1
86,	1
87,	1
88,	1
89,	1
90,	3
91,	2
92,	0
93,	2
94,	2
95,	0
96,	2
97,	2
98,	4
99,	5
100,	1
101,	1
102,	6
103,	7
104,	1
105,	3
106,	2
107,	3
108,	1
109,	0
110,	3
111,	3
112,	2
113,	4
114,	3
115,	0
116,	1
117,	9
118,	1
119,	5
120,	4
121,	3
122,	3
123,	4
124,	4
125,	2
126,	4
127,	7
128,	1
129,	6
130,	1
131,	0
132,	1
133,	2
134,	2
135,	1
136,	3
137,	4
138,	9
139,	0
140,	0
141,	0
142,	1
143,	8
144,	1
145,	4
146,	4
147,	4
148,	6
149,	0
150,	6
151,	9
152,	0
153,	2
154,	4
155,	0
156,	10
157,	3
158,	1
159,	1
160,	3
161,	2
162,	6
163,	5
164,	6
165,	0
166,	0
167,	1
168,	4
169,	0
170,	5
171,	2
172,	0
173,	2
174,	1
175,	0
176,	2
177,	10
178,	5
179,	3
180,	2
181,	2
182,	7
183,	5
184,	3
185,	0
186,	4
187,	0
188,	9
189,	4
190,	5
191,	7
192,	2
193,	4
194,	4
195,	2
196,	2
197,	1
198,	1
199,	0
200,	2
201,	3
202,	2
203,	7
204,	4
205,	0
206,	2
207,	4
208,	1
209,	0
210,	2
211,	3
212,	1
213,	4
214,	2
215,	1
216,	3
217,	4
218,	5
219,	0
220,	5
221,	0
222,	5
223,	3
224,	3
225,	1
226,	4
227,	6
228,	0
229,	6
230,	3
231,	5
232,	5
233,	5
234,	0
235,	8
236,	6
237,	0
238,	3
239,	3
240,	1
241,	2
242,	7
243,	3
244,	9
245,	0
246,	3
247,	6
248,	5
249,	4
250,	2
251,	2
252,	3
253,	5
254,	6
255,	5
256,	9
257,	2
258,	5
259,	1
260,	5
261,	4
262,	3
263,	3
264,	5
265,	0
266,	0
267,	6
268,	7
269,	7
270,	6
271,	4
272,	6
273,	5
274,	8
275,	0
276,	0
277,	6
278,	5
279,	1
280,	1
281,	2
282,	4
283,	2
284,	4
285,	5
286,	5
287,	6
288,	0
289,	4
290,	6
291,	2
292,	6
293,	3
294,	10
295,	3
296,	5
297,	7
298,	4
299,	3
300,	3
301,	1
302,	5
303,	4
304,	0
305,	5
306,	2
307,	8
308,	4
309,	6
310,	2
311,	1
312,	1
313,	7
314,	7
315,	6
316,	6
317,	3
318,	4
319,	0
320,	5
321,	7
322,	9
323,	6
324,	5
325,	4
326,	1
327,	3
328,	6
329,	6
330,	2
331,	7
332,	3
333,	3
334,	8
335,	3
336,	4
337,	8
338,	4
339,	1
340,	6
341,	6
342,	4
343,	4
344,	4
345,	7
346,	6
347,	10
348,	7
349,	6
350,	5
351,	1
352,	10
353,	8
354,	3
355,	4
356,	7
357,	9
358,	4
359,	11
360,	7
361,	6
362,	1
363,	6
364,	10
365,	7
366,	5
367,	5
368,	8
369,	5
370,	4
371,	7
372,	3
373,	4
374,	3
375,	4
376,	7
377,	5
378,	7
379,	4
380,	0
381,	3
382,	2
383,	3
384,	5
385,	4
386,	8
387,	9
388,	8
389,	8
390,	7
391,	3
392,	5
393,	8
394,	0
395,	1
396,	10
397,	6
398,	1
399,	8
400,	8
401,	1
402,	0
403,	3
404,	5
405,	10
406,	4
407,	3
408,	9
409,	9
410,	7
411,	4
412,	5
413,	6
414,	7
415,	11
416,	10
417,	5
418,	10
419,	5
420,	9
421,	7
422,	8
423,	2
424,	7
425,	6
426,	10
427,	7
428,	2
429,	6
430,	9
431,	5
432,	3
433,	7
434,	5
435,	6
436,	6
437,	1
438,	7
439,	7
440,	10
441,	8
442,	9
443,	2
444,	3
445,	9
446,	11
447,	3
448,	7
449,	7
450,	2
451,	1
452,	7
453,	10
454,	4
455,	6
456,	8
457,	11
458,	11
459,	8
460,	11
461,	3
462,	8
463,	7
464,	6
465,	7
466,	9
467,	5
468,	9
469,	6
470,	8
471,	9
472,	7
473,	4
474,	8
475,	9
476,	6
477,	3
478,	8
479,	9
480,	9
481,	4
482,	10
483,	5
484,	8
485,	9
486,	8
487,	9
488,	3
489,	3
490,	4
491,	9
492,	11
493,	9
494,	11
495,	10
496,	10
497,	6
498,	7
499,	7
