Instance: /home/gabriel/Documents/ufrgs/courses/oc/trab/instances/cmb01
Vertices: 500
Colors: 12
NumIterations: 3
Alpha: 0.750000
Is Factible?: false
Conflicts: 5
Solution Value: 153043.578125
Vertex,	Color
0,	5
1,	0
2,	5
3,	2
4,	1
5,	7
6,	1
7,	4
8,	2
9,	3
10,	1
11,	0
12,	0
13,	1
14,	3
15,	4
16,	1
17,	1
18,	1
19,	1
20,	1
21,	0
22,	0
23,	0
24,	1
25,	3
26,	0
27,	4
28,	4
29,	0
30,	1
31,	0
32,	3
33,	0
34,	3
35,	3
36,	1
37,	2
38,	2
39,	0
40,	2
41,	1
42,	2
43,	0
44,	2
45,	6
46,	2
47,	4
48,	1
49,	5
50,	0
51,	10
52,	1
53,	1
54,	1
55,	0
56,	1
57,	1
58,	2
59,	2
60,	3
61,	1
62,	0
63,	0
64,	2
65,	6
66,	0
67,	1
68,	10
69,	4
70,	0
71,	1
72,	2
73,	1
74,	2
75,	2
76,	2
77,	8
78,	1
79,	3
80,	0
81,	2
82,	6
83,	7
84,	0
85,	0
86,	0
87,	0
88,	3
89,	6
90,	3
91,	5
92,	2
93,	1
94,	3
95,	3
96,	0
97,	4
98,	6
99,	5
100,	7
101,	2
102,	0
103,	0
104,	0
105,	1
106,	0
107,	2
108,	1
109,	4
110,	2
111,	3
112,	2
113,	3
114,	2
115,	0
116,	3
117,	6
118,	4
119,	1
120,	0
121,	4
122,	4
123,	0
124,	7
125,	0
126,	1
127,	0
128,	2
129,	4
130,	2
131,	1
132,	2
133,	3
134,	5
135,	0
136,	3
137,	2
138,	8
139,	5
140,	0
141,	4
142,	3
143,	2
144,	4
145,	1
146,	4
147,	2
148,	4
149,	1
150,	6
151,	5
152,	1
153,	1
154,	3
155,	3
156,	4
157,	2
158,	1
159,	4
160,	3
161,	4
162,	9
163,	4
164,	5
165,	3
166,	4
167,	0
168,	1
169,	1
170,	6
171,	1
172,	1
173,	0
174,	2
175,	5
176,	1
177,	4
178,	5
179,	7
180,	2
181,	0
182,	5
183,	4
184,	1
185,	5
186,	3
187,	0
188,	1
189,	5
190,	9
191,	1
192,	2
193,	0
194,	4
195,	2
196,	3
197,	2
198,	7
199,	0
200,	1
201,	3
202,	5
203,	4
204,	2
205,	0
206,	3
207,	2
208,	2
209,	4
210,	5
211,	2
212,	7
213,	3
214,	6
215,	3
216,	4
217,	3
218,	7
219,	5
220,	6
221,	0
222,	6
223,	5
224,	2
225,	1
226,	4
227,	3
228,	2
229,	6
230,	0
231,	5
232,	6
233,	7
234,	1
235,	4
236,	1
237,	5
238,	0
239,	2
240,	0
241,	3
242,	6
243,	3
244,	7
245,	1
246,	2
247,	6
248,	6
249,	0
250,	1
251,	2
252,	2
253,	5
254,	9
255,	9
256,	3
257,	1
258,	3
259,	4
260,	0
261,	4
262,	2
263,	0
264,	4
265,	1
266,	0
267,	7
268,	5
269,	10
270,	6
271,	5
272,	6
273,	7
274,	7
275,	2
276,	5
277,	2
278,	3
279,	2
280,	3
281,	3
282,	6
283,	2
284,	5
285,	4
286,	5
287,	5
288,	1
289,	5
290,	5
291,	4
292,	7
293,	2
294,	8
295,	3
296,	7
297,	2
298,	0
299,	0
300,	3
301,	2
302,	4
303,	3
304,	1
305,	4
306,	1
307,	8
308,	4
309,	6
310,	7
311,	2
312,	3
313,	7
314,	6
315,	6
316,	7
317,	3
318,	4
319,	2
320,	4
321,	4
322,	1
323,	7
324,	8
325,	5
326,	1
327,	4
328,	6
329,	6
330,	1
331,	6
332,	4
333,	6
334,	8
335,	0
336,	6
337,	8
338,	7
339,	7
340,	7
341,	4
342,	2
343,	0
344,	1
345,	9
346,	9
347,	9
348,	7
349,	6
350,	5
351,	1
352,	9
353,	6
354,	3
355,	1
356,	8
357,	9
358,	3
359,	1
360,	8
361,	6
362,	5
363,	5
364,	7
365,	9
366,	4
367,	4
368,	8
369,	6
370,	2
371,	5
372,	3
373,	6
374,	3
375,	5
376,	7
377,	8
378,	7
379,	0
380,	3
381,	2
382,	3
383,	1
384,	4
385,	5
386,	8
387,	8
388,	8
389,	9
390,	7
391,	5
392,	5
393,	8
394,	10
395,	4
396,	9
397,	6
398,	4
399,	9
400,	7
401,	1
402,	3
403,	7
404,	4
405,	9
406,	0
407,	4
408,	11
409,	7
410,	5
411,	2
412,	5
413,	6
414,	10
415,	9
416,	9
417,	5
418,	11
419,	5
420,	9
421,	5
422,	7
423,	9
424,	7
425,	6
426,	10
427,	7
428,	1
429,	6
430,	9
431,	6
432,	0
433,	2
434,	6
435,	10
436,	6
437,	2
438,	6
439,	9
440,	2
441,	8
442,	10
443,	1
444,	4
445,	4
446,	10
447,	3
448,	5
449,	8
450,	0
451,	7
452,	7
453,	6
454,	4
455,	6
456,	4
457,	11
458,	2
459,	11
460,	9
461,	4
462,	8
463,	7
464,	3
465,	5
466,	9
467,	6
468,	0
469,	3
470,	8
471,	9
472,	7
473,	1
474,	8
475,	10
476,	9
477,	1
478,	6
479,	11
480,	9
481,	2
482,	9
483,	5
484,	8
485,	8
486,	6
487,	8
488,	4
489,	6
490,	5
491,	9
492,	11
493,	10
494,	7
495,	9
496,	10
497,	9
498,	6
499,	9
