Instance: /home/gabriel/Documents/ufrgs/courses/oc/trab/instances/cmb01
Vertices: 500
Colors: 12
NumIterations: 3
Alpha: 0.750000
Is Factible?: false
Conflicts: 3
Solution Value: 150919.828125
Vertex,	Color
0,	2
1,	0
2,	6
3,	0
4,	8
5,	6
6,	0
7,	2
8,	3
9,	2
10,	1
11,	0
12,	1
13,	7
14,	1
15,	3
16,	2
17,	0
18,	9
19,	3
20,	1
21,	0
22,	1
23,	1
24,	0
25,	7
26,	0
27,	0
28,	5
29,	0
30,	3
31,	0
32,	2
33,	0
34,	3
35,	1
36,	3
37,	0
38,	1
39,	10
40,	2
41,	6
42,	2
43,	2
44,	3
45,	3
46,	1
47,	0
48,	0
49,	1
50,	4
51,	4
52,	3
53,	2
54,	3
55,	1
56,	1
57,	3
58,	7
59,	2
60,	4
61,	10
62,	10
63,	0
64,	6
65,	1
66,	0
67,	2
68,	11
69,	3
70,	6
71,	1
72,	11
73,	2
74,	1
75,	0
76,	4
77,	5
78,	0
79,	1
80,	7
81,	3
82,	7
83,	3
84,	4
85,	1
86,	5
87,	0
88,	3
89,	8
90,	1
91,	0
92,	1
93,	1
94,	5
95,	2
96,	3
97,	2
98,	0
99,	8
100,	6
101,	2
102,	1
103,	1
104,	0
105,	2
106,	4
107,	3
108,	1
109,	0
110,	0
111,	2
112,	0
113,	1
114,	0
115,	8
116,	2
117,	4
118,	2
119,	2
120,	4
121,	0
122,	0
123,	4
124,	4
125,	2
126,	1
127,	7
128,	2
129,	6
130,	1
131,	2
132,	7
133,	1
134,	2
135,	8
136,	3
137,	0
138,	2
139,	2
140,	2
141,	0
142,	5
143,	8
144,	0
145,	1
146,	6
147,	0
148,	3
149,	3
150,	4
151,	5
152,	1
153,	1
154,	3
155,	4
156,	2
157,	0
158,	2
159,	2
160,	1
161,	5
162,	4
163,	2
164,	5
165,	3
166,	0
167,	0
168,	2
169,	1
170,	5
171,	2
172,	3
173,	0
174,	0
175,	3
176,	1
177,	6
178,	4
179,	8
180,	4
181,	2
182,	5
183,	1
184,	1
185,	1
186,	4
187,	0
188,	9
189,	4
190,	5
191,	3
192,	2
193,	0
194,	3
195,	3
196,	1
197,	4
198,	4
199,	4
200,	1
201,	4
202,	2
203,	5
204,	4
205,	4
206,	2
207,	2
208,	0
209,	7
210,	2
211,	0
212,	4
213,	5
214,	1
215,	4
216,	2
217,	3
218,	6
219,	8
220,	5
221,	0
222,	1
223,	3
224,	3
225,	3
226,	5
227,	7
228,	2
229,	2
230,	1
231,	4
232,	6
233,	5
234,	3
235,	5
236,	7
237,	4
238,	1
239,	0
240,	1
241,	1
242,	3
243,	3
244,	9
245,	3
246,	3
247,	7
248,	5
249,	0
250,	1
251,	4
252,	2
253,	2
254,	2
255,	3
256,	3
257,	0
258,	3
259,	1
260,	3
261,	3
262,	8
263,	9
264,	4
265,	3
266,	5
267,	6
268,	4
269,	9
270,	6
271,	5
272,	3
273,	7
274,	7
275,	0
276,	11
277,	6
278,	5
279,	2
280,	0
281,	4
282,	5
283,	3
284,	9
285,	4
286,	4
287,	5
288,	3
289,	2
290,	0
291,	2
292,	5
293,	2
294,	6
295,	2
296,	6
297,	3
298,	3
299,	3
300,	4
301,	3
302,	6
303,	4
304,	1
305,	1
306,	1
307,	8
308,	3
309,	6
310,	8
311,	1
312,	3
313,	7
314,	3
315,	6
316,	6
317,	0
318,	2
319,	2
320,	4
321,	2
322,	8
323,	6
324,	6
325,	5
326,	0
327,	3
328,	7
329,	6
330,	0
331,	7
332,	3
333,	3
334,	8
335,	0
336,	7
337,	7
338,	5
339,	2
340,	6
341,	7
342,	5
343,	10
344,	2
345,	2
346,	6
347,	6
348,	7
349,	6
350,	5
351,	2
352,	10
353,	9
354,	4
355,	1
356,	9
357,	9
358,	4
359,	3
360,	7
361,	5
362,	4
363,	8
364,	10
365,	9
366,	3
367,	4
368,	6
369,	3
370,	9
371,	5
372,	3
373,	5
374,	4
375,	5
376,	8
377,	8
378,	3
379,	6
380,	7
381,	1
382,	2
383,	1
384,	3
385,	4
386,	9
387,	8
388,	5
389,	6
390,	8
391,	5
392,	3
393,	8
394,	2
395,	2
396,	0
397,	7
398,	2
399,	9
400,	5
401,	0
402,	4
403,	6
404,	3
405,	10
406,	7
407,	2
408,	10
409,	10
410,	7
411,	6
412,	4
413,	6
414,	8
415,	2
416,	10
417,	4
418,	10
419,	5
420,	9
421,	5
422,	7
423,	0
424,	9
425,	6
426,	10
427,	6
428,	1
429,	7
430,	9
431,	6
432,	0
433,	6
434,	6
435,	5
436,	5
437,	4
438,	7
439,	6
440,	1
441,	7
442,	1
443,	11
444,	1
445,	7
446,	11
447,	1
448,	4
449,	10
450,	0
451,	4
452,	7
453,	10
454,	4
455,	6
456,	9
457,	11
458,	10
459,	10
460,	11
461,	3
462,	6
463,	7
464,	5
465,	8
466,	7
467,	5
468,	8
469,	6
470,	5
471,	9
472,	8
473,	2
474,	6
475,	11
476,	0
477,	2
478,	7
479,	11
480,	10
481,	4
482,	10
483,	4
484,	8
485,	9
486,	8
487,	8
488,	6
489,	5
490,	5
491,	9
492,	11
493,	2
494,	7
495,	5
496,	8
497,	6
498,	5
499,	9
