Instance: /home/gabriel/Documents/ufrgs/courses/oc/trab/instances/cmb01
Vertices: 500
Colors: 12
NumIterations: 5
Alpha: 0.750000
Is Factible?: false
Conflicts: 5
Solution Value: 162714.000000
Vertex,	Color
0,	5
1,	4
2,	4
3,	0
4,	0
5,	3
6,	0
7,	4
8,	4
9,	2
10,	0
11,	0
12,	0
13,	6
14,	6
15,	1
16,	1
17,	1
18,	11
19,	7
20,	1
21,	1
22,	5
23,	3
24,	4
25,	2
26,	3
27,	0
28,	1
29,	0
30,	0
31,	2
32,	1
33,	1
34,	4
35,	7
36,	2
37,	2
38,	0
39,	0
40,	0
41,	6
42,	2
43,	1
44,	0
45,	0
46,	1
47,	0
48,	11
49,	0
50,	0
51,	2
52,	0
53,	1
54,	6
55,	0
56,	4
57,	3
58,	8
59,	0
60,	2
61,	2
62,	1
63,	2
64,	2
65,	4
66,	0
67,	3
68,	1
69,	4
70,	7
71,	0
72,	10
73,	5
74,	0
75,	0
76,	2
77,	6
78,	2
79,	0
80,	4
81,	4
82,	4
83,	3
84,	7
85,	0
86,	1
87,	0
88,	1
89,	3
90,	1
91,	1
92,	0
93,	2
94,	3
95,	1
96,	3
97,	2
98,	7
99,	10
100,	5
101,	1
102,	0
103,	6
104,	2
105,	7
106,	2
107,	6
108,	3
109,	1
110,	2
111,	9
112,	6
113,	9
114,	0
115,	4
116,	0
117,	3
118,	1
119,	0
120,	1
121,	3
122,	3
123,	5
124,	4
125,	1
126,	1
127,	1
128,	3
129,	6
130,	4
131,	3
132,	9
133,	1
134,	1
135,	0
136,	2
137,	7
138,	3
139,	0
140,	1
141,	1
142,	3
143,	2
144,	5
145,	0
146,	6
147,	3
148,	4
149,	2
150,	3
151,	7
152,	1
153,	0
154,	2
155,	1
156,	5
157,	2
158,	1
159,	1
160,	0
161,	4
162,	2
163,	5
164,	6
165,	4
166,	2
167,	0
168,	3
169,	1
170,	5
171,	2
172,	0
173,	4
174,	5
175,	1
176,	1
177,	9
178,	5
179,	10
180,	2
181,	0
182,	1
183,	2
184,	6
185,	0
186,	0
187,	1
188,	2
189,	4
190,	5
191,	3
192,	2
193,	3
194,	3
195,	4
196,	3
197,	0
198,	5
199,	2
200,	0
201,	5
202,	2
203,	4
204,	3
205,	2
206,	3
207,	6
208,	3
209,	3
210,	1
211,	0
212,	5
213,	5
214,	3
215,	3
216,	1
217,	4
218,	2
219,	5
220,	6
221,	1
222,	5
223,	3
224,	2
225,	4
226,	6
227,	5
228,	1
229,	3
230,	0
231,	7
232,	4
233,	4
234,	1
235,	2
236,	0
237,	2
238,	2
239,	2
240,	0
241,	3
242,	7
243,	2
244,	7
245,	0
246,	1
247,	1
248,	5
249,	1
250,	2
251,	3
252,	4
253,	6
254,	3
255,	0
256,	6
257,	6
258,	3
259,	3
260,	5
261,	2
262,	4
263,	8
264,	4
265,	3
266,	6
267,	8
268,	7
269,	6
270,	5
271,	3
272,	5
273,	6
274,	6
275,	1
276,	8
277,	2
278,	7
279,	0
280,	2
281,	3
282,	8
283,	4
284,	6
285,	4
286,	3
287,	4
288,	0
289,	4
290,	5
291,	4
292,	5
293,	4
294,	9
295,	4
296,	6
297,	7
298,	3
299,	1
300,	1
301,	0
302,	5
303,	4
304,	0
305,	6
306,	2
307,	7
308,	4
309,	6
310,	6
311,	3
312,	2
313,	7
314,	7
315,	3
316,	7
317,	2
318,	2
319,	3
320,	3
321,	3
322,	0
323,	6
324,	7
325,	5
326,	3
327,	5
328,	8
329,	6
330,	0
331,	8
332,	2
333,	4
334,	8
335,	1
336,	6
337,	9
338,	6
339,	3
340,	5
341,	5
342,	5
343,	0
344,	3
345,	7
346,	8
347,	5
348,	7
349,	6
350,	0
351,	2
352,	8
353,	9
354,	3
355,	4
356,	9
357,	10
358,	6
359,	0
360,	7
361,	5
362,	1
363,	7
364,	8
365,	9
366,	4
367,	1
368,	9
369,	3
370,	8
371,	3
372,	4
373,	5
374,	4
375,	6
376,	8
377,	7
378,	7
379,	6
380,	8
381,	3
382,	2
383,	3
384,	3
385,	4
386,	6
387,	8
388,	3
389,	7
390,	7
391,	2
392,	4
393,	9
394,	8
395,	4
396,	10
397,	8
398,	5
399,	8
400,	7
401,	4
402,	8
403,	6
404,	5
405,	10
406,	2
407,	4
408,	11
409,	6
410,	3
411,	5
412,	7
413,	2
414,	10
415,	1
416,	10
417,	5
418,	10
419,	5
420,	3
421,	6
422,	5
423,	8
424,	6
425,	7
426,	10
427,	6
428,	0
429,	7
430,	9
431,	5
432,	4
433,	8
434,	6
435,	5
436,	5
437,	2
438,	7
439,	7
440,	2
441,	8
442,	9
443,	0
444,	3
445,	8
446,	11
447,	3
448,	7
449,	4
450,	11
451,	5
452,	7
453,	9
454,	4
455,	8
456,	9
457,	10
458,	2
459,	11
460,	10
461,	5
462,	2
463,	7
464,	7
465,	3
466,	7
467,	2
468,	5
469,	6
470,	8
471,	9
472,	8
473,	3
474,	8
475,	9
476,	9
477,	3
478,	8
479,	11
480,	9
481,	4
482,	9
483,	4
484,	8
485,	10
486,	5
487,	8
488,	6
489,	1
490,	5
491,	9
492,	11
493,	9
494,	11
495,	8
496,	8
497,	6
498,	4
499,	4
