Instance: /home/gabriel/Documents/ufrgs/courses/oc/trab/instances/cmb01
Vertices: 500
Colors: 12
NumIterations: 6
Alpha: 0.750000
Is Factible?: false
Conflicts: 5
Solution Value: 151611.109375
Vertex,	Color
0,	2
1,	1
2,	4
3,	2
4,	4
5,	0
6,	0
7,	4
8,	3
9,	0
10,	3
11,	1
12,	1
13,	5
14,	1
15,	0
16,	4
17,	2
18,	4
19,	0
20,	4
21,	2
22,	2
23,	5
24,	0
25,	1
26,	6
27,	3
28,	1
29,	2
30,	0
31,	0
32,	2
33,	0
34,	3
35,	2
36,	0
37,	3
38,	1
39,	2
40,	0
41,	1
42,	0
43,	1
44,	0
45,	4
46,	0
47,	3
48,	4
49,	1
50,	5
51,	4
52,	1
53,	3
54,	3
55,	0
56,	3
57,	1
58,	1
59,	0
60,	2
61,	1
62,	0
63,	0
64,	2
65,	1
66,	2
67,	1
68,	2
69,	1
70,	5
71,	2
72,	3
73,	1
74,	1
75,	0
76,	3
77,	7
78,	1
79,	8
80,	5
81,	6
82,	1
83,	6
84,	3
85,	0
86,	2
87,	0
88,	5
89,	3
90,	3
91,	0
92,	0
93,	2
94,	7
95,	4
96,	4
97,	1
98,	6
99,	0
100,	6
101,	3
102,	0
103,	8
104,	1
105,	2
106,	0
107,	2
108,	1
109,	2
110,	4
111,	11
112,	1
113,	5
114,	8
115,	6
116,	0
117,	10
118,	0
119,	1
120,	0
121,	3
122,	0
123,	0
124,	0
125,	2
126,	2
127,	2
128,	2
129,	5
130,	2
131,	1
132,	3
133,	1
134,	1
135,	1
136,	5
137,	4
138,	5
139,	1
140,	0
141,	2
142,	3
143,	1
144,	0
145,	2
146,	5
147,	4
148,	1
149,	1
150,	5
151,	0
152,	2
153,	2
154,	1
155,	1
156,	2
157,	0
158,	2
159,	1
160,	3
161,	3
162,	3
163,	5
164,	6
165,	7
166,	0
167,	0
168,	5
169,	0
170,	5
171,	3
172,	2
173,	6
174,	2
175,	1
176,	2
177,	0
178,	5
179,	6
180,	4
181,	0
182,	0
183,	1
184,	0
185,	2
186,	6
187,	1
188,	5
189,	2
190,	6
191,	5
192,	4
193,	2
194,	3
195,	4
196,	3
197,	1
198,	2
199,	0
200,	0
201,	3
202,	4
203,	0
204,	5
205,	0
206,	1
207,	4
208,	0
209,	3
210,	4
211,	0
212,	10
213,	2
214,	0
215,	3
216,	2
217,	5
218,	6
219,	10
220,	7
221,	2
222,	5
223,	4
224,	3
225,	2
226,	9
227,	7
228,	3
229,	4
230,	1
231,	3
232,	3
233,	6
234,	1
235,	3
236,	5
237,	0
238,	2
239,	3
240,	0
241,	1
242,	7
243,	3
244,	8
245,	2
246,	4
247,	5
248,	6
249,	0
250,	1
251,	3
252,	2
253,	1
254,	6
255,	0
256,	1
257,	3
258,	1
259,	3
260,	7
261,	4
262,	3
263,	2
264,	1
265,	1
266,	3
267,	6
268,	5
269,	5
270,	7
271,	4
272,	4
273,	5
274,	8
275,	0
276,	0
277,	5
278,	5
279,	1
280,	2
281,	3
282,	4
283,	3
284,	7
285,	1
286,	5
287,	6
288,	4
289,	2
290,	2
291,	4
292,	7
293,	2
294,	7
295,	6
296,	6
297,	8
298,	3
299,	0
300,	9
301,	0
302,	4
303,	3
304,	3
305,	5
306,	1
307,	7
308,	2
309,	6
310,	8
311,	3
312,	2
313,	7
314,	7
315,	4
316,	10
317,	3
318,	4
319,	1
320,	4
321,	4
322,	7
323,	7
324,	6
325,	5
326,	2
327,	5
328,	8
329,	6
330,	1
331,	5
332,	5
333,	1
334,	8
335,	0
336,	5
337,	6
338,	7
339,	2
340,	6
341,	5
342,	5
343,	2
344,	2
345,	4
346,	8
347,	9
348,	7
349,	0
350,	2
351,	6
352,	9
353,	6
354,	3
355,	4
356,	6
357,	8
358,	5
359,	9
360,	7
361,	5
362,	5
363,	7
364,	8
365,	9
366,	6
367,	4
368,	7
369,	4
370,	8
371,	7
372,	3
373,	2
374,	6
375,	4
376,	8
377,	7
378,	4
379,	5
380,	8
381,	3
382,	2
383,	3
384,	4
385,	6
386,	8
387,	8
388,	7
389,	8
390,	6
391,	1
392,	5
393,	6
394,	11
395,	2
396,	2
397,	8
398,	0
399,	8
400,	6
401,	6
402,	0
403,	5
404,	4
405,	9
406,	2
407,	0
408,	11
409,	8
410,	7
411,	3
412,	6
413,	5
414,	11
415,	9
416,	9
417,	5
418,	9
419,	7
420,	9
421,	5
422,	6
423,	10
424,	7
425,	7
426,	10
427,	6
428,	0
429,	0
430,	9
431,	8
432,	10
433,	5
434,	6
435,	10
436,	5
437,	3
438,	5
439,	9
440,	1
441,	1
442,	3
443,	5
444,	3
445,	11
446,	11
447,	3
448,	6
449,	8
450,	11
451,	3
452,	7
453,	4
454,	5
455,	6
456,	9
457,	9
458,	0
459,	11
460,	9
461,	4
462,	2
463,	7
464,	7
465,	9
466,	9
467,	3
468,	6
469,	5
470,	8
471,	8
472,	7
473,	1
474,	7
475,	11
476,	8
477,	2
478,	6
479,	10
480,	8
481,	6
482,	9
483,	6
484,	8
485,	9
486,	6
487,	9
488,	6
489,	3
490,	5
491,	8
492,	11
493,	6
494,	6
495,	8
496,	9
497,	6
498,	5
499,	6
