Instance: /home/gabriel/Documents/ufrgs/courses/oc/trab/instances/cmb01
Vertices: 500
Colors: 12
NumIterations: 6
Alpha: 0.750000
Is Factible?: false
Conflicts: 3
Solution Value: 151497.156250
Vertex,	Color
0,	4
1,	1
2,	1
3,	1
4,	2
5,	0
6,	0
7,	3
8,	9
9,	2
10,	4
11,	0
12,	3
13,	3
14,	2
15,	0
16,	0
17,	2
18,	8
19,	0
20,	0
21,	1
22,	2
23,	5
24,	1
25,	0
26,	5
27,	1
28,	2
29,	2
30,	0
31,	1
32,	0
33,	1
34,	4
35,	2
36,	0
37,	0
38,	2
39,	6
40,	0
41,	0
42,	2
43,	1
44,	0
45,	4
46,	3
47,	1
48,	3
49,	0
50,	3
51,	4
52,	0
53,	1
54,	0
55,	0
56,	3
57,	3
58,	0
59,	1
60,	1
61,	6
62,	1
63,	0
64,	2
65,	0
66,	1
67,	0
68,	1
69,	3
70,	2
71,	1
72,	7
73,	3
74,	4
75,	1
76,	1
77,	4
78,	0
79,	10
80,	2
81,	8
82,	5
83,	0
84,	4
85,	2
86,	1
87,	4
88,	6
89,	2
90,	1
91,	1
92,	1
93,	1
94,	7
95,	3
96,	3
97,	2
98,	5
99,	0
100,	2
101,	0
102,	4
103,	2
104,	2
105,	2
106,	5
107,	4
108,	0
109,	5
110,	4
111,	3
112,	2
113,	2
114,	5
115,	2
116,	1
117,	9
118,	0
119,	6
120,	0
121,	7
122,	0
123,	0
124,	0
125,	2
126,	2
127,	1
128,	0
129,	4
130,	7
131,	2
132,	0
133,	0
134,	1
135,	1
136,	3
137,	8
138,	9
139,	0
140,	0
141,	7
142,	2
143,	10
144,	5
145,	0
146,	5
147,	0
148,	4
149,	7
150,	5
151,	5
152,	7
153,	1
154,	2
155,	1
156,	2
157,	0
158,	2
159,	6
160,	1
161,	3
162,	4
163,	5
164,	6
165,	3
166,	2
167,	0
168,	2
169,	0
170,	6
171,	0
172,	2
173,	6
174,	2
175,	0
176,	2
177,	3
178,	5
179,	1
180,	3
181,	0
182,	3
183,	1
184,	1
185,	2
186,	8
187,	1
188,	3
189,	5
190,	7
191,	4
192,	2
193,	3
194,	4
195,	7
196,	3
197,	2
198,	1
199,	3
200,	2
201,	4
202,	1
203,	4
204,	3
205,	3
206,	1
207,	4
208,	0
209,	1
210,	3
211,	5
212,	6
213,	4
214,	5
215,	3
216,	4
217,	3
218,	6
219,	6
220,	5
221,	2
222,	5
223,	3
224,	2
225,	4
226,	8
227,	5
228,	2
229,	6
230,	2
231,	4
232,	2
233,	3
234,	2
235,	3
236,	0
237,	4
238,	2
239,	1
240,	2
241,	2
242,	6
243,	3
244,	6
245,	0
246,	7
247,	5
248,	6
249,	1
250,	1
251,	5
252,	5
253,	1
254,	4
255,	1
256,	3
257,	0
258,	6
259,	4
260,	5
261,	4
262,	3
263,	10
264,	4
265,	2
266,	5
267,	0
268,	7
269,	9
270,	9
271,	5
272,	5
273,	8
274,	0
275,	0
276,	5
277,	6
278,	5
279,	1
280,	1
281,	1
282,	5
283,	2
284,	4
285,	4
286,	6
287,	3
288,	3
289,	0
290,	0
291,	0
292,	5
293,	6
294,	7
295,	3
296,	6
297,	7
298,	2
299,	0
300,	1
301,	0
302,	4
303,	2
304,	3
305,	1
306,	1
307,	7
308,	3
309,	6
310,	8
311,	4
312,	1
313,	7
314,	6
315,	6
316,	5
317,	3
318,	3
319,	0
320,	5
321,	4
322,	6
323,	7
324,	7
325,	4
326,	5
327,	4
328,	3
329,	6
330,	2
331,	5
332,	4
333,	3
334,	8
335,	4
336,	5
337,	8
338,	6
339,	6
340,	3
341,	0
342,	3
343,	6
344,	3
345,	3
346,	2
347,	8
348,	7
349,	6
350,	5
351,	4
352,	10
353,	6
354,	5
355,	6
356,	8
357,	9
358,	6
359,	2
360,	7
361,	5
362,	4
363,	7
364,	9
365,	8
366,	7
367,	4
368,	7
369,	6
370,	7
371,	2
372,	4
373,	4
374,	4
375,	4
376,	6
377,	6
378,	6
379,	5
380,	10
381,	2
382,	2
383,	3
384,	3
385,	6
386,	7
387,	8
388,	5
389,	9
390,	8
391,	4
392,	4
393,	7
394,	9
395,	2
396,	10
397,	6
398,	0
399,	9
400,	7
401,	1
402,	9
403,	7
404,	5
405,	9
406,	2
407,	4
408,	11
409,	9
410,	6
411,	3
412,	5
413,	6
414,	1
415,	11
416,	4
417,	5
418,	10
419,	6
420,	9
421,	6
422,	9
423,	8
424,	7
425,	7
426,	10
427,	4
428,	6
429,	5
430,	9
431,	5
432,	1
433,	3
434,	5
435,	5
436,	5
437,	4
438,	5
439,	9
440,	10
441,	8
442,	3
443,	6
444,	3
445,	7
446,	10
447,	2
448,	6
449,	8
450,	6
451,	9
452,	7
453,	10
454,	4
455,	6
456,	9
457,	11
458,	8
459,	11
460,	10
461,	4
462,	8
463,	7
464,	8
465,	7
466,	9
467,	0
468,	9
469,	5
470,	8
471,	9
472,	7
473,	1
474,	9
475,	9
476,	1
477,	1
478,	7
479,	11
480,	9
481,	4
482,	10
483,	6
484,	9
485,	9
486,	5
487,	8
488,	7
489,	7
490,	5
491,	7
492,	11
493,	8
494,	11
495,	7
496,	10
497,	9
498,	6
499,	3
