Instance: /home/gabriel/Documents/ufrgs/courses/oc/trab/instances/cmb01
Vertices: 500
Colors: 12
NumIterations: 100
Alpha: 0.650000
Is Factible?: false
Conflicts: 2
Solution Value: 140554.015625
Vertex,	Color
0,	4
1,	2
2,	1
3,	2
4,	8
5,	4
6,	4
7,	2
8,	2
9,	3
10,	0
11,	0
12,	3
13,	5
14,	5
15,	0
16,	3
17,	2
18,	11
19,	1
20,	3
21,	0
22,	5
23,	0
24,	1
25,	0
26,	0
27,	1
28,	3
29,	0
30,	2
31,	2
32,	0
33,	4
34,	5
35,	1
36,	0
37,	0
38,	4
39,	2
40,	0
41,	3
42,	2
43,	0
44,	4
45,	4
46,	2
47,	0
48,	1
49,	1
50,	0
51,	11
52,	4
53,	1
54,	4
55,	0
56,	1
57,	2
58,	1
59,	0
60,	2
61,	1
62,	2
63,	5
64,	2
65,	3
66,	0
67,	1
68,	11
69,	5
70,	5
71,	4
72,	0
73,	6
74,	0
75,	1
76,	1
77,	6
78,	2
79,	5
80,	4
81,	6
82,	3
83,	2
84,	0
85,	7
86,	6
87,	0
88,	3
89,	0
90,	1
91,	0
92,	1
93,	5
94,	0
95,	3
96,	0
97,	6
98,	3
99,	9
100,	9
101,	3
102,	5
103,	6
104,	0
105,	2
106,	8
107,	0
108,	2
109,	0
110,	2
111,	7
112,	2
113,	5
114,	1
115,	0
116,	2
117,	0
118,	3
119,	3
120,	0
121,	0
122,	2
123,	4
124,	1
125,	0
126,	6
127,	0
128,	2
129,	3
130,	2
131,	3
132,	8
133,	2
134,	1
135,	1
136,	4
137,	1
138,	2
139,	1
140,	0
141,	6
142,	2
143,	6
144,	3
145,	3
146,	5
147,	2
148,	7
149,	1
150,	3
151,	8
152,	1
153,	0
154,	7
155,	6
156,	3
157,	2
158,	2
159,	5
160,	5
161,	3
162,	8
163,	3
164,	7
165,	3
166,	4
167,	0
168,	4
169,	1
170,	4
171,	2
172,	0
173,	2
174,	2
175,	1
176,	4
177,	7
178,	1
179,	5
180,	0
181,	0
182,	1
183,	3
184,	1
185,	7
186,	8
187,	5
188,	7
189,	4
190,	3
191,	7
192,	2
193,	0
194,	4
195,	5
196,	1
197,	5
198,	0
199,	5
200,	4
201,	4
202,	3
203,	4
204,	4
205,	3
206,	3
207,	6
208,	2
209,	2
210,	1
211,	2
212,	4
213,	1
214,	6
215,	1
216,	2
217,	2
218,	5
219,	4
220,	6
221,	1
222,	3
223,	1
224,	2
225,	4
226,	5
227,	4
228,	1
229,	0
230,	1
231,	4
232,	3
233,	3
234,	5
235,	8
236,	2
237,	8
238,	0
239,	4
240,	3
241,	3
242,	6
243,	2
244,	6
245,	0
246,	8
247,	0
248,	6
249,	3
250,	3
251,	3
252,	6
253,	4
254,	7
255,	4
256,	4
257,	1
258,	5
259,	0
260,	4
261,	2
262,	6
263,	5
264,	3
265,	4
266,	5
267,	3
268,	5
269,	11
270,	7
271,	5
272,	8
273,	2
274,	4
275,	0
276,	10
277,	5
278,	7
279,	0
280,	0
281,	2
282,	4
283,	6
284,	5
285,	3
286,	1
287,	3
288,	0
289,	2
290,	0
291,	1
292,	7
293,	1
294,	2
295,	2
296,	5
297,	4
298,	3
299,	3
300,	8
301,	0
302,	4
303,	4
304,	0
305,	4
306,	2
307,	7
308,	3
309,	7
310,	7
311,	3
312,	1
313,	5
314,	6
315,	7
316,	8
317,	1
318,	3
319,	1
320,	5
321,	9
322,	7
323,	5
324,	5
325,	4
326,	0
327,	4
328,	7
329,	4
330,	2
331,	6
332,	3
333,	5
334,	8
335,	6
336,	7
337,	9
338,	3
339,	6
340,	4
341,	8
342,	6
343,	3
344,	0
345,	6
346,	7
347,	4
348,	7
349,	1
350,	0
351,	3
352,	9
353,	7
354,	4
355,	4
356,	6
357,	8
358,	4
359,	6
360,	8
361,	1
362,	5
363,	0
364,	9
365,	6
366,	5
367,	3
368,	7
369,	6
370,	0
371,	4
372,	1
373,	8
374,	2
375,	2
376,	6
377,	6
378,	6
379,	3
380,	5
381,	5
382,	2
383,	3
384,	4
385,	4
386,	10
387,	9
388,	6
389,	9
390,	7
391,	1
392,	5
393,	10
394,	9
395,	3
396,	0
397,	7
398,	2
399,	9
400,	7
401,	7
402,	2
403,	5
404,	4
405,	10
406,	4
407,	3
408,	10
409,	7
410,	8
411,	2
412,	4
413,	6
414,	11
415,	1
416,	10
417,	5
418,	9
419,	7
420,	9
421,	6
422,	7
423,	3
424,	9
425,	5
426,	10
427,	6
428,	6
429,	5
430,	7
431,	5
432,	5
433,	6
434,	7
435,	10
436,	7
437,	5
438,	7
439,	8
440,	8
441,	10
442,	7
443,	11
444,	3
445,	5
446,	11
447,	2
448,	2
449,	10
450,	11
451,	8
452,	6
453,	7
454,	4
455,	7
456,	8
457,	10
458,	2
459,	10
460,	10
461,	5
462,	8
463,	8
464,	5
465,	8
466,	9
467,	1
468,	6
469,	3
470,	6
471,	9
472,	6
473,	4
474,	8
475,	8
476,	9
477,	2
478,	6
479,	11
480,	8
481,	4
482,	8
483,	6
484,	8
485,	9
486,	8
487,	10
488,	7
489,	5
490,	5
491,	9
492,	11
493,	7
494,	6
495,	9
496,	10
497,	4
498,	5
499,	3
