Instance: /home/gabriel/Documents/ufrgs/courses/oc/trab/instances/cmb01
Vertices: 500
Colors: 12
NumIterations: 2
Alpha: 0.750000
Is Factible?: false
Conflicts: 3
Solution Value: 156551.531250
Vertex,	Color
0,	9
1,	2
2,	5
3,	0
4,	4
5,	2
6,	1
7,	0
8,	0
9,	3
10,	5
11,	3
12,	0
13,	1
14,	0
15,	0
16,	8
17,	3
18,	4
19,	5
20,	0
21,	3
22,	1
23,	5
24,	1
25,	0
26,	8
27,	2
28,	7
29,	1
30,	2
31,	2
32,	2
33,	1
34,	4
35,	0
36,	0
37,	1
38,	2
39,	0
40,	0
41,	2
42,	1
43,	0
44,	0
45,	3
46,	0
47,	1
48,	4
49,	1
50,	0
51,	3
52,	0
53,	2
54,	2
55,	0
56,	4
57,	4
58,	0
59,	3
60,	4
61,	0
62,	0
63,	0
64,	2
65,	0
66,	1
67,	3
68,	0
69,	2
70,	1
71,	2
72,	2
73,	1
74,	6
75,	0
76,	4
77,	7
78,	0
79,	2
80,	1
81,	2
82,	4
83,	2
84,	2
85,	0
86,	1
87,	2
88,	2
89,	6
90,	2
91,	3
92,	1
93,	4
94,	5
95,	1
96,	5
97,	2
98,	4
99,	6
100,	3
101,	1
102,	1
103,	2
104,	2
105,	3
106,	2
107,	3
108,	2
109,	4
110,	2
111,	10
112,	0
113,	4
114,	2
115,	0
116,	0
117,	5
118,	1
119,	8
120,	1
121,	0
122,	0
123,	2
124,	2
125,	2
126,	3
127,	1
128,	3
129,	4
130,	1
131,	2
132,	10
133,	0
134,	1
135,	0
136,	3
137,	1
138,	3
139,	2
140,	2
141,	0
142,	3
143,	4
144,	4
145,	2
146,	6
147,	0
148,	6
149,	0
150,	4
151,	6
152,	0
153,	1
154,	3
155,	1
156,	1
157,	0
158,	2
159,	2
160,	3
161,	3
162,	10
163,	5
164,	6
165,	3
166,	1
167,	5
168,	4
169,	2
170,	5
171,	2
172,	1
173,	3
174,	1
175,	1
176,	3
177,	7
178,	4
179,	3
180,	1
181,	2
182,	10
183,	2
184,	4
185,	3
186,	0
187,	0
188,	4
189,	3
190,	6
191,	2
192,	3
193,	3
194,	0
195,	5
196,	2
197,	2
198,	0
199,	1
200,	2
201,	3
202,	4
203,	6
204,	3
205,	1
206,	0
207,	6
208,	1
209,	1
210,	3
211,	4
212,	9
213,	1
214,	11
215,	4
216,	2
217,	6
218,	5
219,	6
220,	5
221,	1
222,	5
223,	2
224,	4
225,	2
226,	4
227,	3
228,	0
229,	3
230,	1
231,	5
232,	5
233,	5
234,	0
235,	3
236,	5
237,	3
238,	4
239,	3
240,	0
241,	0
242,	9
243,	4
244,	6
245,	3
246,	3
247,	4
248,	6
249,	1
250,	1
251,	4
252,	6
253,	8
254,	5
255,	1
256,	10
257,	2
258,	4
259,	5
260,	5
261,	1
262,	5
263,	8
264,	4
265,	0
266,	5
267,	3
268,	8
269,	7
270,	7
271,	5
272,	3
273,	3
274,	5
275,	0
276,	8
277,	4
278,	5
279,	3
280,	1
281,	4
282,	6
283,	5
284,	7
285,	4
286,	6
287,	4
288,	2
289,	4
290,	3
291,	3
292,	6
293,	9
294,	10
295,	3
296,	5
297,	1
298,	3
299,	1
300,	2
301,	2
302,	6
303,	5
304,	2
305,	5
306,	2
307,	6
308,	3
309,	6
310,	8
311,	4
312,	1
313,	7
314,	7
315,	3
316,	5
317,	3
318,	3
319,	0
320,	3
321,	3
322,	6
323,	5
324,	7
325,	5
326,	3
327,	5
328,	8
329,	6
330,	0
331,	7
332,	4
333,	8
334,	8
335,	0
336,	5
337,	7
338,	6
339,	2
340,	4
341,	2
342,	6
343,	9
344,	5
345,	6
346,	1
347,	9
348,	7
349,	1
350,	1
351,	2
352,	9
353,	8
354,	4
355,	6
356,	2
357,	9
358,	5
359,	1
360,	7
361,	7
362,	5
363,	6
364,	7
365,	10
366,	3
367,	5
368,	7
369,	5
370,	7
371,	8
372,	4
373,	8
374,	2
375,	5
376,	6
377,	6
378,	6
379,	4
380,	8
381,	4
382,	1
383,	4
384,	3
385,	5
386,	10
387,	7
388,	7
389,	5
390,	7
391,	1
392,	5
393,	7
394,	9
395,	1
396,	8
397,	6
398,	2
399,	8
400,	7
401,	6
402,	5
403,	4
404,	4
405,	10
406,	1
407,	3
408,	11
409,	5
410,	4
411,	5
412,	5
413,	6
414,	8
415,	1
416,	6
417,	4
418,	9
419,	5
420,	9
421,	6
422,	8
423,	8
424,	8
425,	7
426,	10
427,	6
428,	5
429,	4
430,	9
431,	9
432,	0
433,	7
434,	6
435,	7
436,	7
437,	5
438,	5
439,	8
440,	2
441,	7
442,	10
443,	7
444,	3
445,	9
446,	11
447,	6
448,	4
449,	11
450,	9
451,	6
452,	7
453,	3
454,	3
455,	6
456,	10
457,	11
458,	0
459,	11
460,	9
461,	2
462,	8
463,	7
464,	3
465,	7
466,	9
467,	3
468,	0
469,	4
470,	8
471,	9
472,	6
473,	5
474,	8
475,	11
476,	9
477,	3
478,	6
479,	11
480,	9
481,	4
482,	9
483,	5
484,	7
485,	9
486,	10
487,	7
488,	8
489,	6
490,	4
491,	9
492,	11
493,	8
494,	11
495,	7
496,	10
497,	0
498,	5
499,	4
