Instance: /home/gabriel/Documents/ufrgs/courses/oc/trab/instances/cmb01
Vertices: 500
Colors: 12
NumIterations: 6
Alpha: 0.650000
Is Factible?: false
Conflicts: 4
Solution Value: 150372.078125
Vertex,	Color
0,	0
1,	2
2,	2
3,	1
4,	1
5,	4
6,	0
7,	5
8,	2
9,	0
10,	1
11,	4
12,	0
13,	1
14,	4
15,	3
16,	2
17,	2
18,	2
19,	1
20,	6
21,	0
22,	4
23,	4
24,	1
25,	0
26,	6
27,	2
28,	2
29,	1
30,	2
31,	0
32,	2
33,	3
34,	3
35,	5
36,	1
37,	0
38,	3
39,	11
40,	0
41,	2
42,	0
43,	0
44,	3
45,	3
46,	0
47,	2
48,	1
49,	1
50,	0
51,	2
52,	1
53,	2
54,	2
55,	0
56,	4
57,	0
58,	0
59,	0
60,	0
61,	2
62,	10
63,	3
64,	2
65,	5
66,	1
67,	2
68,	8
69,	2
70,	2
71,	0
72,	10
73,	5
74,	5
75,	0
76,	0
77,	9
78,	2
79,	3
80,	4
81,	4
82,	9
83,	9
84,	0
85,	0
86,	3
87,	0
88,	3
89,	6
90,	2
91,	1
92,	0
93,	4
94,	6
95,	0
96,	1
97,	2
98,	3
99,	7
100,	5
101,	2
102,	4
103,	4
104,	2
105,	2
106,	1
107,	4
108,	2
109,	0
110,	6
111,	4
112,	2
113,	1
114,	3
115,	1
116,	1
117,	0
118,	2
119,	8
120,	0
121,	7
122,	2
123,	0
124,	0
125,	4
126,	2
127,	7
128,	0
129,	3
130,	0
131,	2
132,	2
133,	1
134,	3
135,	1
136,	5
137,	10
138,	11
139,	1
140,	0
141,	3
142,	2
143,	1
144,	1
145,	1
146,	3
147,	8
148,	3
149,	2
150,	4
151,	5
152,	5
153,	1
154,	3
155,	3
156,	3
157,	2
158,	1
159,	3
160,	7
161,	5
162,	1
163,	5
164,	6
165,	5
166,	5
167,	0
168,	0
169,	4
170,	7
171,	5
172,	2
173,	2
174,	1
175,	1
176,	2
177,	2
178,	4
179,	6
180,	0
181,	1
182,	5
183,	7
184,	3
185,	1
186,	3
187,	1
188,	0
189,	6
190,	6
191,	2
192,	3
193,	3
194,	1
195,	4
196,	2
197,	4
198,	5
199,	3
200,	1
201,	6
202,	4
203,	4
204,	3
205,	3
206,	3
207,	4
208,	0
209,	5
210,	1
211,	3
212,	5
213,	0
214,	6
215,	2
216,	2
217,	6
218,	6
219,	9
220,	4
221,	2
222,	7
223,	4
224,	3
225,	2
226,	5
227,	4
228,	2
229,	1
230,	0
231,	0
232,	3
233,	5
234,	2
235,	2
236,	11
237,	7
238,	1
239,	2
240,	1
241,	0
242,	7
243,	5
244,	8
245,	0
246,	4
247,	0
248,	4
249,	5
250,	8
251,	4
252,	2
253,	6
254,	2
255,	0
256,	5
257,	1
258,	1
259,	1
260,	6
261,	3
262,	0
263,	0
264,	3
265,	2
266,	6
267,	3
268,	7
269,	0
270,	3
271,	4
272,	3
273,	6
274,	6
275,	1
276,	8
277,	4
278,	7
279,	2
280,	0
281,	4
282,	6
283,	3
284,	4
285,	3
286,	2
287,	1
288,	1
289,	5
290,	2
291,	1
292,	6
293,	1
294,	6
295,	7
296,	6
297,	3
298,	4
299,	0
300,	5
301,	0
302,	3
303,	3
304,	1
305,	3
306,	1
307,	7
308,	3
309,	6
310,	5
311,	4
312,	5
313,	5
314,	7
315,	5
316,	6
317,	3
318,	3
319,	2
320,	4
321,	4
322,	8
323,	9
324,	6
325,	5
326,	2
327,	5
328,	7
329,	6
330,	1
331,	6
332,	4
333,	1
334,	7
335,	3
336,	5
337,	8
338,	3
339,	6
340,	2
341,	7
342,	4
343,	2
344,	2
345,	5
346,	5
347,	10
348,	7
349,	6
350,	5
351,	5
352,	10
353,	7
354,	4
355,	4
356,	10
357,	7
358,	3
359,	1
360,	7
361,	2
362,	3
363,	7
364,	9
365,	8
366,	6
367,	7
368,	7
369,	5
370,	3
371,	5
372,	6
373,	6
374,	4
375,	5
376,	8
377,	6
378,	4
379,	3
380,	7
381,	0
382,	2
383,	4
384,	1
385,	5
386,	6
387,	8
388,	4
389,	7
390,	8
391,	5
392,	5
393,	6
394,	9
395,	3
396,	7
397,	7
398,	4
399,	8
400,	6
401,	1
402,	8
403,	5
404,	1
405,	9
406,	5
407,	4
408,	11
409,	7
410,	6
411,	3
412,	0
413,	5
414,	8
415,	1
416,	9
417,	0
418,	8
419,	5
420,	2
421,	5
422,	7
423,	9
424,	7
425,	6
426,	9
427,	6
428,	5
429,	4
430,	8
431,	8
432,	0
433,	7
434,	6
435,	9
436,	7
437,	6
438,	4
439,	10
440,	3
441,	8
442,	10
443,	1
444,	3
445,	8
446,	10
447,	5
448,	4
449,	9
450,	11
451,	10
452,	7
453,	10
454,	3
455,	6
456,	8
457,	9
458,	10
459,	10
460,	11
461,	4
462,	8
463,	7
464,	7
465,	3
466,	9
467,	6
468,	9
469,	3
470,	3
471,	9
472,	7
473,	5
474,	7
475,	10
476,	9
477,	0
478,	6
479,	11
480,	9
481,	2
482,	10
483,	4
484,	8
485,	8
486,	7
487,	8
488,	7
489,	6
490,	4
491,	9
492,	10
493,	7
494,	11
495,	8
496,	10
497,	8
498,	6
499,	9
