Instance: /home/gabriel/Documents/ufrgs/courses/oc/trab/instances/cmb01
Vertices: 500
Colors: 12
NumIterations: 2
Alpha: 0.750000
Is Factible?: false
Conflicts: 5
Solution Value: 159381.796875
Vertex,	Color
0,	9
1,	0
2,	5
3,	1
4,	1
5,	0
6,	1
7,	4
8,	0
9,	0
10,	1
11,	0
12,	2
13,	0
14,	2
15,	4
16,	2
17,	1
18,	2
19,	0
20,	0
21,	1
22,	4
23,	4
24,	0
25,	2
26,	2
27,	5
28,	6
29,	3
30,	0
31,	0
32,	1
33,	0
34,	2
35,	1
36,	1
37,	0
38,	5
39,	11
40,	0
41,	1
42,	1
43,	0
44,	0
45,	3
46,	2
47,	2
48,	4
49,	2
50,	3
51,	3
52,	0
53,	3
54,	2
55,	1
56,	5
57,	0
58,	3
59,	1
60,	5
61,	0
62,	3
63,	0
64,	2
65,	3
66,	1
67,	0
68,	3
69,	2
70,	2
71,	1
72,	1
73,	2
74,	4
75,	0
76,	3
77,	5
78,	2
79,	6
80,	2
81,	7
82,	8
83,	0
84,	3
85,	1
86,	4
87,	1
88,	0
89,	7
90,	3
91,	0
92,	0
93,	7
94,	0
95,	0
96,	4
97,	0
98,	8
99,	1
100,	1
101,	3
102,	0
103,	2
104,	1
105,	1
106,	7
107,	4
108,	0
109,	1
110,	8
111,	4
112,	0
113,	6
114,	3
115,	1
116,	2
117,	6
118,	0
119,	1
120,	2
121,	0
122,	4
123,	3
124,	3
125,	1
126,	1
127,	5
128,	0
129,	7
130,	6
131,	2
132,	1
133,	1
134,	6
135,	3
136,	2
137,	1
138,	5
139,	2
140,	1
141,	7
142,	1
143,	7
144,	1
145,	1
146,	5
147,	3
148,	8
149,	0
150,	3
151,	2
152,	4
153,	1
154,	2
155,	2
156,	2
157,	0
158,	1
159,	2
160,	4
161,	3
162,	7
163,	4
164,	5
165,	5
166,	2
167,	0
168,	2
169,	1
170,	6
171,	4
172,	2
173,	2
174,	0
175,	8
176,	1
177,	9
178,	5
179,	9
180,	7
181,	3
182,	4
183,	7
184,	3
185,	1
186,	1
187,	0
188,	1
189,	5
190,	6
191,	1
192,	0
193,	2
194,	1
195,	4
196,	2
197,	4
198,	3
199,	0
200,	0
201,	4
202,	2
203,	4
204,	3
205,	0
206,	1
207,	3
208,	2
209,	3
210,	1
211,	1
212,	4
213,	6
214,	5
215,	3
216,	3
217,	1
218,	7
219,	6
220,	4
221,	4
222,	4
223,	3
224,	4
225,	0
226,	5
227,	0
228,	1
229,	5
230,	1
231,	4
232,	4
233,	5
234,	2
235,	0
236,	0
237,	10
238,	3
239,	0
240,	8
241,	2
242,	7
243,	4
244,	6
245,	1
246,	4
247,	7
248,	6
249,	3
250,	5
251,	2
252,	5
253,	2
254,	5
255,	3
256,	4
257,	0
258,	4
259,	3
260,	5
261,	4
262,	4
263,	2
264,	4
265,	0
266,	5
267,	8
268,	6
269,	7
270,	10
271,	5
272,	7
273,	5
274,	8
275,	2
276,	8
277,	0
278,	1
279,	1
280,	2
281,	4
282,	8
283,	6
284,	5
285,	4
286,	0
287,	3
288,	3
289,	1
290,	2
291,	1
292,	6
293,	9
294,	9
295,	4
296,	7
297,	3
298,	5
299,	2
300,	3
301,	1
302,	6
303,	4
304,	1
305,	3
306,	2
307,	8
308,	4
309,	6
310,	4
311,	3
312,	2
313,	8
314,	7
315,	2
316,	6
317,	4
318,	3
319,	3
320,	3
321,	4
322,	6
323,	5
324,	2
325,	5
326,	1
327,	6
328,	7
329,	6
330,	0
331,	6
332,	3
333,	5
334,	9
335,	2
336,	5
337,	6
338,	5
339,	1
340,	5
341,	0
342,	5
343,	6
344,	4
345,	5
346,	9
347,	10
348,	7
349,	6
350,	5
351,	0
352,	9
353,	8
354,	1
355,	4
356,	9
357,	7
358,	4
359,	10
360,	7
361,	5
362,	3
363,	7
364,	8
365,	8
366,	6
367,	1
368,	5
369,	6
370,	6
371,	2
372,	3
373,	6
374,	3
375,	6
376,	6
377,	5
378,	7
379,	5
380,	6
381,	2
382,	2
383,	3
384,	4
385,	5
386,	8
387,	9
388,	8
389,	7
390,	7
391,	2
392,	5
393,	8
394,	9
395,	2
396,	7
397,	7
398,	1
399,	8
400,	6
401,	0
402,	4
403,	7
404,	4
405,	10
406,	2
407,	5
408,	11
409,	7
410,	6
411,	4
412,	4
413,	6
414,	5
415,	2
416,	10
417,	7
418,	9
419,	4
420,	9
421,	6
422,	8
423,	7
424,	8
425,	7
426,	10
427,	6
428,	0
429,	7
430,	10
431,	9
432,	9
433,	7
434,	7
435,	10
436,	5
437,	4
438,	5
439,	9
440,	10
441,	6
442,	1
443,	4
444,	3
445,	5
446,	11
447,	3
448,	4
449,	11
450,	9
451,	1
452,	7
453,	8
454,	4
455,	8
456,	8
457,	11
458,	10
459,	11
460,	10
461,	4
462,	8
463,	9
464,	3
465,	8
466,	8
467,	7
468,	9
469,	6
470,	4
471,	9
472,	9
473,	1
474,	8
475,	10
476,	0
477,	2
478,	6
479,	11
480,	9
481,	4
482,	10
483,	6
484,	7
485,	7
486,	6
487,	3
488,	6
489,	1
490,	2
491,	5
492,	11
493,	9
494,	11
495,	8
496,	9
497,	8
498,	6
499,	9
