Instance: /home/gabriel/Documents/ufrgs/courses/oc/trab/instances/cmb01
Vertices: 500
Colors: 12
NumIterations: 2
Alpha: 0.750000
Is Factible?: false
Conflicts: 5
Solution Value: 149173.750000
Vertex,	Color
0,	0
1,	4
2,	1
3,	1
4,	2
5,	0
6,	0
7,	1
8,	1
9,	3
10,	2
11,	3
12,	1
13,	2
14,	2
15,	0
16,	0
17,	2
18,	5
19,	4
20,	2
21,	1
22,	0
23,	3
24,	0
25,	2
26,	4
27,	4
28,	1
29,	1
30,	1
31,	3
32,	2
33,	3
34,	4
35,	2
36,	1
37,	3
38,	0
39,	2
40,	1
41,	0
42,	1
43,	4
44,	3
45,	1
46,	0
47,	3
48,	0
49,	0
50,	1
51,	2
52,	0
53,	0
54,	3
55,	2
56,	0
57,	0
58,	3
59,	1
60,	8
61,	2
62,	1
63,	0
64,	1
65,	5
66,	1
67,	3
68,	4
69,	0
70,	4
71,	2
72,	6
73,	3
74,	1
75,	3
76,	1
77,	6
78,	2
79,	0
80,	1
81,	0
82,	3
83,	4
84,	1
85,	1
86,	5
87,	0
88,	0
89,	7
90,	2
91,	2
92,	0
93,	0
94,	2
95,	3
96,	3
97,	3
98,	0
99,	8
100,	3
101,	3
102,	0
103,	5
104,	1
105,	2
106,	1
107,	2
108,	2
109,	4
110,	2
111,	11
112,	1
113,	1
114,	3
115,	2
116,	0
117,	4
118,	1
119,	5
120,	2
121,	7
122,	4
123,	5
124,	0
125,	1
126,	2
127,	0
128,	1
129,	4
130,	0
131,	2
132,	1
133,	0
134,	0
135,	1
136,	1
137,	7
138,	2
139,	4
140,	0
141,	4
142,	7
143,	1
144,	5
145,	5
146,	5
147,	1
148,	6
149,	0
150,	5
151,	8
152,	0
153,	3
154,	7
155,	8
156,	5
157,	4
158,	3
159,	2
160,	3
161,	5
162,	1
163,	5
164,	6
165,	5
166,	0
167,	1
168,	6
169,	0
170,	5
171,	3
172,	0
173,	4
174,	5
175,	3
176,	2
177,	1
178,	4
179,	7
180,	3
181,	3
182,	3
183,	3
184,	2
185,	2
186,	1
187,	1
188,	3
189,	5
190,	5
191,	2
192,	1
193,	3
194,	5
195,	3
196,	2
197,	0
198,	4
199,	1
200,	2
201,	3
202,	3
203,	5
204,	6
205,	1
206,	5
207,	4
208,	2
209,	1
210,	1
211,	0
212,	6
213,	3
214,	3
215,	2
216,	4
217,	2
218,	4
219,	6
220,	6
221,	0
222,	7
223,	1
224,	3
225,	1
226,	5
227,	6
228,	0
229,	5
230,	5
231,	4
232,	4
233,	4
234,	1
235,	1
236,	2
237,	10
238,	3
239,	2
240,	2
241,	0
242,	8
243,	4
244,	8
245,	1
246,	3
247,	6
248,	6
249,	3
250,	2
251,	5
252,	4
253,	3
254,	2
255,	5
256,	1
257,	2
258,	6
259,	2
260,	5
261,	3
262,	3
263,	9
264,	4
265,	1
266,	6
267,	6
268,	5
269,	5
270,	6
271,	3
272,	6
273,	7
274,	9
275,	0
276,	9
277,	6
278,	7
279,	1
280,	1
281,	3
282,	9
283,	2
284,	4
285,	4
286,	6
287,	4
288,	1
289,	5
290,	6
291,	4
292,	7
293,	3
294,	1
295,	4
296,	6
297,	1
298,	1
299,	2
300,	2
301,	0
302,	7
303,	4
304,	0
305,	2
306,	2
307,	7
308,	4
309,	6
310,	7
311,	2
312,	2
313,	7
314,	9
315,	5
316,	8
317,	2
318,	2
319,	0
320,	6
321,	4
322,	10
323,	6
324,	6
325,	4
326,	5
327,	4
328,	9
329,	6
330,	1
331,	8
332,	5
333,	2
334,	8
335,	4
336,	5
337,	7
338,	5
339,	6
340,	4
341,	10
342,	6
343,	8
344,	4
345,	7
346,	8
347,	8
348,	7
349,	0
350,	0
351,	1
352,	10
353,	6
354,	3
355,	6
356,	0
357,	8
358,	6
359,	11
360,	7
361,	7
362,	1
363,	6
364,	9
365,	8
366,	6
367,	4
368,	8
369,	6
370,	0
371,	5
372,	4
373,	6
374,	4
375,	3
376,	7
377,	5
378,	6
379,	3
380,	9
381,	3
382,	2
383,	3
384,	5
385,	4
386,	7
387,	9
388,	9
389,	8
390,	7
391,	1
392,	4
393,	7
394,	10
395,	4
396,	9
397,	7
398,	4
399,	9
400,	7
401,	5
402,	2
403,	4
404,	5
405,	10
406,	8
407,	3
408,	10
409,	11
410,	9
411,	3
412,	7
413,	3
414,	5
415,	0
416,	11
417,	4
418,	9
419,	5
420,	9
421,	6
422,	5
423,	5
424,	8
425,	7
426,	10
427,	3
428,	2
429,	6
430,	9
431,	6
432,	4
433,	6
434,	6
435,	11
436,	6
437,	2
438,	5
439,	8
440,	1
441,	7
442,	7
443,	0
444,	3
445,	4
446,	11
447,	7
448,	4
449,	9
450,	6
451,	7
452,	7
453,	9
454,	4
455,	6
456,	9
457,	11
458,	1
459,	10
460,	11
461,	2
462,	1
463,	7
464,	4
465,	5
466,	9
467,	3
468,	6
469,	5
470,	5
471,	9
472,	7
473,	4
474,	8
475,	11
476,	2
477,	2
478,	5
479,	11
480,	9
481,	4
482,	9
483,	5
484,	8
485,	9
486,	1
487,	9
488,	4
489,	4
490,	6
491,	9
492,	11
493,	7
494,	9
495,	9
496,	9
497,	6
498,	4
499,	9
