Instance: /home/gabriel/Documents/ufrgs/courses/oc/trab/instances/cmb01
Vertices: 500
Colors: 12
NumIterations: 2
Alpha: 0.750000
Is Factible?: false
Conflicts: 5
Solution Value: 155821.187500
Vertex,	Color
0,	2
1,	0
2,	5
3,	0
4,	3
5,	3
6,	0
7,	2
8,	3
9,	3
10,	4
11,	0
12,	1
13,	1
14,	1
15,	1
16,	2
17,	1
18,	1
19,	6
20,	1
21,	0
22,	3
23,	5
24,	0
25,	1
26,	4
27,	5
28,	0
29,	0
30,	0
31,	2
32,	5
33,	4
34,	4
35,	4
36,	3
37,	1
38,	1
39,	8
40,	0
41,	3
42,	1
43,	2
44,	1
45,	0
46,	1
47,	0
48,	7
49,	2
50,	0
51,	1
52,	5
53,	2
54,	0
55,	0
56,	1
57,	2
58,	0
59,	0
60,	2
61,	2
62,	0
63,	3
64,	1
65,	3
66,	0
67,	2
68,	0
69,	1
70,	0
71,	2
72,	0
73,	0
74,	0
75,	2
76,	2
77,	4
78,	0
79,	2
80,	0
81,	6
82,	6
83,	2
84,	1
85,	1
86,	2
87,	0
88,	1
89,	0
90,	2
91,	3
92,	1
93,	3
94,	2
95,	2
96,	5
97,	3
98,	6
99,	8
100,	5
101,	0
102,	0
103,	5
104,	0
105,	3
106,	1
107,	4
108,	1
109,	4
110,	0
111,	2
112,	0
113,	0
114,	2
115,	4
116,	4
117,	11
118,	0
119,	4
120,	2
121,	10
122,	3
123,	6
124,	3
125,	2
126,	2
127,	6
128,	2
129,	3
130,	0
131,	2
132,	1
133,	0
134,	2
135,	0
136,	5
137,	0
138,	4
139,	2
140,	1
141,	5
142,	2
143,	10
144,	4
145,	1
146,	6
147,	0
148,	3
149,	0
150,	4
151,	5
152,	3
153,	1
154,	2
155,	4
156,	4
157,	0
158,	2
159,	2
160,	6
161,	1
162,	1
163,	5
164,	7
165,	6
166,	0
167,	0
168,	1
169,	2
170,	7
171,	2
172,	0
173,	0
174,	1
175,	0
176,	0
177,	3
178,	5
179,	6
180,	6
181,	1
182,	7
183,	0
184,	4
185,	4
186,	2
187,	1
188,	6
189,	4
190,	8
191,	3
192,	2
193,	0
194,	3
195,	5
196,	2
197,	1
198,	4
199,	2
200,	1
201,	3
202,	4
203,	6
204,	3
205,	2
206,	1
207,	6
208,	5
209,	4
210,	1
211,	2
212,	7
213,	5
214,	3
215,	6
216,	2
217,	1
218,	6
219,	8
220,	6
221,	1
222,	5
223,	6
224,	2
225,	0
226,	4
227,	1
228,	2
229,	4
230,	4
231,	5
232,	5
233,	6
234,	3
235,	1
236,	7
237,	5
238,	1
239,	1
240,	0
241,	3
242,	7
243,	1
244,	7
245,	1
246,	7
247,	5
248,	6
249,	0
250,	1
251,	2
252,	6
253,	4
254,	3
255,	6
256,	2
257,	0
258,	5
259,	1
260,	6
261,	3
262,	8
263,	9
264,	3
265,	2
266,	2
267,	5
268,	7
269,	5
270,	3
271,	4
272,	5
273,	7
274,	8
275,	1
276,	2
277,	5
278,	4
279,	0
280,	0
281,	2
282,	8
283,	3
284,	8
285,	3
286,	3
287,	4
288,	2
289,	0
290,	0
291,	1
292,	6
293,	3
294,	10
295,	5
296,	6
297,	9
298,	3
299,	2
300,	1
301,	0
302,	3
303,	4
304,	1
305,	4
306,	3
307,	7
308,	1
309,	7
310,	6
311,	4
312,	2
313,	7
314,	7
315,	6
316,	7
317,	5
318,	3
319,	2
320,	3
321,	5
322,	4
323,	5
324,	7
325,	4
326,	5
327,	4
328,	6
329,	6
330,	0
331,	5
332,	3
333,	1
334,	8
335,	3
336,	1
337,	7
338,	4
339,	5
340,	5
341,	3
342,	9
343,	1
344,	2
345,	7
346,	9
347,	10
348,	7
349,	6
350,	0
351,	3
352,	9
353,	8
354,	2
355,	6
356,	9
357,	9
358,	5
359,	7
360,	8
361,	6
362,	6
363,	7
364,	6
365,	9
366,	7
367,	4
368,	7
369,	5
370,	3
371,	4
372,	5
373,	6
374,	3
375,	3
376,	8
377,	4
378,	7
379,	4
380,	7
381,	1
382,	2
383,	3
384,	5
385,	4
386,	7
387,	9
388,	4
389,	8
390,	8
391,	1
392,	5
393,	8
394,	9
395,	4
396,	10
397,	8
398,	4
399,	9
400,	5
401,	0
402,	7
403,	7
404,	4
405,	10
406,	0
407,	3
408,	11
409,	10
410,	7
411,	2
412,	4
413,	5
414,	10
415,	6
416,	10
417,	4
418,	9
419,	8
420,	9
421,	6
422,	4
423,	10
424,	7
425,	7
426,	10
427,	7
428,	1
429,	6
430,	9
431,	7
432,	8
433,	7
434,	5
435,	7
436,	5
437,	5
438,	7
439,	9
440,	10
441,	8
442,	0
443,	7
444,	3
445,	10
446,	11
447,	2
448,	2
449,	9
450,	1
451,	5
452,	7
453,	7
454,	4
455,	5
456,	9
457,	11
458,	6
459,	10
460,	11
461,	3
462,	8
463,	6
464,	4
465,	8
466,	9
467,	5
468,	9
469,	6
470,	8
471,	9
472,	7
473,	2
474,	7
475,	11
476,	1
477,	2
478,	6
479,	11
480,	10
481,	4
482,	10
483,	5
484,	8
485,	11
486,	8
487,	9
488,	8
489,	6
490,	3
491,	9
492,	11
493,	8
494,	6
495,	9
496,	8
497,	6
498,	5
499,	9
