Instance: /home/gabriel/Documents/ufrgs/courses/oc/trab/instances/cmb01
Vertices: 500
Colors: 12
NumIterations: 2
Alpha: 0.650000
Is Factible?: false
Conflicts: 4
Solution Value: 158195.531250
Vertex,	Color
0,	0
1,	2
2,	0
3,	2
4,	2
5,	0
6,	4
7,	1
8,	8
9,	6
10,	1
11,	0
12,	0
13,	3
14,	2
15,	0
16,	1
17,	1
18,	1
19,	2
20,	2
21,	1
22,	3
23,	3
24,	4
25,	1
26,	8
27,	1
28,	6
29,	1
30,	2
31,	2
32,	2
33,	2
34,	3
35,	3
36,	0
37,	0
38,	2
39,	2
40,	0
41,	1
42,	1
43,	4
44,	0
45,	0
46,	0
47,	0
48,	1
49,	0
50,	1
51,	5
52,	0
53,	1
54,	2
55,	0
56,	1
57,	1
58,	3
59,	2
60,	7
61,	2
62,	2
63,	0
64,	3
65,	0
66,	1
67,	2
68,	10
69,	3
70,	1
71,	2
72,	11
73,	5
74,	1
75,	0
76,	2
77,	8
78,	1
79,	4
80,	3
81,	3
82,	3
83,	1
84,	3
85,	0
86,	0
87,	0
88,	0
89,	9
90,	5
91,	0
92,	0
93,	3
94,	4
95,	4
96,	2
97,	3
98,	0
99,	3
100,	6
101,	0
102,	2
103,	9
104,	4
105,	1
106,	6
107,	2
108,	0
109,	1
110,	7
111,	4
112,	2
113,	8
114,	0
115,	8
116,	2
117,	9
118,	5
119,	2
120,	0
121,	11
122,	4
123,	2
124,	2
125,	2
126,	7
127,	4
128,	0
129,	6
130,	3
131,	2
132,	3
133,	0
134,	0
135,	2
136,	4
137,	0
138,	8
139,	0
140,	0
141,	7
142,	4
143,	7
144,	7
145,	0
146,	3
147,	2
148,	5
149,	1
150,	3
151,	0
152,	3
153,	3
154,	4
155,	1
156,	2
157,	4
158,	4
159,	0
160,	3
161,	5
162,	5
163,	4
164,	6
165,	1
166,	2
167,	3
168,	3
169,	0
170,	8
171,	4
172,	1
173,	5
174,	2
175,	6
176,	4
177,	1
178,	4
179,	4
180,	5
181,	1
182,	0
183,	5
184,	2
185,	1
186,	4
187,	0
188,	7
189,	3
190,	5
191,	1
192,	4
193,	3
194,	1
195,	7
196,	2
197,	3
198,	2
199,	4
200,	0
201,	6
202,	0
203,	4
204,	3
205,	4
206,	0
207,	2
208,	0
209,	3
210,	5
211,	0
212,	2
213,	4
214,	6
215,	1
216,	3
217,	9
218,	5
219,	2
220,	5
221,	1
222,	4
223,	1
224,	1
225,	3
226,	7
227,	4
228,	0
229,	1
230,	4
231,	2
232,	3
233,	4
234,	0
235,	1
236,	3
237,	5
238,	1
239,	3
240,	2
241,	7
242,	8
243,	4
244,	9
245,	0
246,	8
247,	1
248,	4
249,	2
250,	1
251,	3
252,	5
253,	0
254,	5
255,	10
256,	7
257,	2
258,	6
259,	2
260,	5
261,	3
262,	3
263,	7
264,	3
265,	0
266,	5
267,	4
268,	6
269,	7
270,	7
271,	6
272,	5
273,	3
274,	4
275,	0
276,	7
277,	2
278,	5
279,	0
280,	1
281,	1
282,	7
283,	1
284,	2
285,	3
286,	5
287,	4
288,	4
289,	0
290,	0
291,	5
292,	6
293,	1
294,	8
295,	3
296,	5
297,	6
298,	2
299,	0
300,	1
301,	1
302,	6
303,	4
304,	3
305,	1
306,	2
307,	6
308,	1
309,	5
310,	7
311,	3
312,	1
313,	7
314,	6
315,	1
316,	5
317,	2
318,	2
319,	2
320,	3
321,	2
322,	6
323,	6
324,	10
325,	5
326,	4
327,	5
328,	7
329,	5
330,	2
331,	8
332,	3
333,	1
334,	8
335,	6
336,	5
337,	8
338,	5
339,	7
340,	7
341,	5
342,	4
343,	2
344,	4
345,	6
346,	9
347,	6
348,	7
349,	6
350,	1
351,	2
352,	9
353,	6
354,	4
355,	4
356,	3
357,	9
358,	4
359,	6
360,	8
361,	1
362,	5
363,	7
364,	4
365,	9
366,	8
367,	4
368,	6
369,	5
370,	6
371,	2
372,	5
373,	2
374,	2
375,	4
376,	8
377,	7
378,	4
379,	3
380,	6
381,	3
382,	2
383,	3
384,	4
385,	4
386,	6
387,	8
388,	4
389,	7
390,	8
391,	0
392,	3
393,	6
394,	8
395,	2
396,	10
397,	6
398,	1
399,	9
400,	6
401,	4
402,	3
403,	6
404,	4
405,	9
406,	6
407,	6
408,	11
409,	6
410,	6
411,	5
412,	2
413,	6
414,	5
415,	10
416,	9
417,	4
418,	9
419,	6
420,	10
421,	7
422,	6
423,	10
424,	7
425,	5
426,	9
427,	5
428,	6
429,	8
430,	9
431,	9
432,	0
433,	6
434,	4
435,	8
436,	6
437,	3
438,	5
439,	7
440,	0
441,	11
442,	4
443,	10
444,	3
445,	9
446,	11
447,	2
448,	1
449,	11
450,	8
451,	11
452,	7
453,	1
454,	4
455,	7
456,	9
457,	11
458,	7
459,	11
460,	8
461,	3
462,	6
463,	8
464,	8
465,	7
466,	7
467,	2
468,	4
469,	5
470,	8
471,	9
472,	6
473,	4
474,	9
475,	11
476,	3
477,	2
478,	6
479,	11
480,	6
481,	4
482,	8
483,	4
484,	9
485,	8
486,	5
487,	9
488,	6
489,	5
490,	6
491,	7
492,	11
493,	9
494,	11
495,	8
496,	7
497,	9
498,	3
499,	4
