Instance: /home/gabriel/Documents/ufrgs/courses/oc/trab/instances/cmb01
Vertices: 500
Colors: 12
NumIterations: 2
Alpha: 0.750000
Is Factible?: false
Conflicts: 4
Solution Value: 149756.390625
Vertex,	Color
0,	3
1,	0
2,	3
3,	3
4,	0
5,	2
6,	0
7,	1
8,	1
9,	6
10,	3
11,	2
12,	0
13,	3
14,	0
15,	1
16,	7
17,	1
18,	7
19,	4
20,	0
21,	3
22,	3
23,	4
24,	1
25,	8
26,	3
27,	0
28,	2
29,	1
30,	0
31,	3
32,	2
33,	0
34,	5
35,	1
36,	1
37,	5
38,	2
39,	8
40,	0
41,	1
42,	0
43,	2
44,	0
45,	2
46,	0
47,	4
48,	4
49,	0
50,	0
51,	0
52,	2
53,	1
54,	4
55,	0
56,	1
57,	3
58,	11
59,	2
60,	2
61,	0
62,	1
63,	5
64,	0
65,	1
66,	1
67,	2
68,	1
69,	1
70,	5
71,	0
72,	2
73,	5
74,	7
75,	2
76,	0
77,	2
78,	1
79,	2
80,	5
81,	3
82,	11
83,	3
84,	3
85,	0
86,	2
87,	1
88,	1
89,	6
90,	1
91,	0
92,	0
93,	0
94,	2
95,	3
96,	2
97,	0
98,	0
99,	3
100,	4
101,	0
102,	0
103,	2
104,	1
105,	5
106,	2
107,	4
108,	0
109,	2
110,	1
111,	1
112,	0
113,	1
114,	5
115,	3
116,	0
117,	6
118,	2
119,	6
120,	5
121,	7
122,	4
123,	5
124,	4
125,	3
126,	1
127,	5
128,	0
129,	5
130,	1
131,	2
132,	9
133,	1
134,	2
135,	0
136,	3
137,	0
138,	6
139,	0
140,	1
141,	0
142,	1
143,	2
144,	6
145,	1
146,	4
147,	0
148,	3
149,	1
150,	3
151,	2
152,	3
153,	0
154,	3
155,	2
156,	5
157,	1
158,	1
159,	2
160,	7
161,	5
162,	8
163,	4
164,	6
165,	5
166,	0
167,	1
168,	3
169,	1
170,	8
171,	1
172,	2
173,	0
174,	4
175,	0
176,	1
177,	4
178,	4
179,	7
180,	3
181,	2
182,	4
183,	3
184,	4
185,	2
186,	2
187,	0
188,	3
189,	3
190,	6
191,	4
192,	0
193,	3
194,	1
195,	3
196,	6
197,	2
198,	1
199,	2
200,	0
201,	2
202,	2
203,	4
204,	4
205,	2
206,	0
207,	0
208,	0
209,	4
210,	0
211,	2
212,	7
213,	4
214,	0
215,	4
216,	2
217,	1
218,	5
219,	7
220,	5
221,	1
222,	4
223,	3
224,	3
225,	1
226,	5
227,	2
228,	0
229,	3
230,	2
231,	4
232,	6
233,	5
234,	0
235,	6
236,	3
237,	4
238,	3
239,	2
240,	0
241,	3
242,	5
243,	6
244,	7
245,	2
246,	7
247,	6
248,	4
249,	2
250,	2
251,	3
252,	2
253,	7
254,	4
255,	0
256,	9
257,	1
258,	3
259,	0
260,	5
261,	1
262,	4
263,	1
264,	2
265,	0
266,	5
267,	6
268,	6
269,	8
270,	9
271,	6
272,	3
273,	5
274,	8
275,	0
276,	5
277,	0
278,	2
279,	2
280,	1
281,	4
282,	7
283,	6
284,	5
285,	2
286,	3
287,	5
288,	1
289,	4
290,	0
291,	6
292,	5
293,	2
294,	9
295,	3
296,	5
297,	0
298,	3
299,	2
300,	2
301,	1
302,	6
303,	5
304,	1
305,	5
306,	3
307,	7
308,	2
309,	5
310,	9
311,	1
312,	2
313,	7
314,	7
315,	6
316,	4
317,	3
318,	3
319,	2
320,	5
321,	4
322,	6
323,	6
324,	6
325,	4
326,	2
327,	3
328,	5
329,	5
330,	0
331,	6
332,	3
333,	8
334,	6
335,	0
336,	4
337,	8
338,	7
339,	2
340,	7
341,	3
342,	1
343,	8
344,	4
345,	6
346,	8
347,	10
348,	7
349,	1
350,	2
351,	1
352,	10
353,	6
354,	4
355,	5
356,	9
357,	9
358,	4
359,	5
360,	7
361,	5
362,	4
363,	7
364,	8
365,	8
366,	6
367,	4
368,	8
369,	6
370,	2
371,	6
372,	3
373,	4
374,	4
375,	4
376,	9
377,	7
378,	7
379,	3
380,	7
381,	1
382,	3
383,	2
384,	5
385,	4
386,	7
387,	9
388,	5
389,	8
390,	6
391,	1
392,	2
393,	8
394,	10
395,	5
396,	9
397,	9
398,	9
399,	8
400,	7
401,	6
402,	1
403,	5
404,	5
405,	8
406,	6
407,	3
408,	10
409,	9
410,	7
411,	3
412,	4
413,	6
414,	5
415,	10
416,	10
417,	4
418,	8
419,	4
420,	0
421,	6
422,	5
423,	6
424,	7
425,	7
426,	10
427,	6
428,	6
429,	7
430,	8
431,	5
432,	6
433,	5
434,	4
435,	11
436,	6
437,	6
438,	3
439,	5
440,	9
441,	8
442,	1
443,	5
444,	4
445,	6
446,	10
447,	4
448,	5
449,	11
450,	10
451,	4
452,	7
453,	7
454,	5
455,	5
456,	2
457,	11
458,	5
459,	10
460,	10
461,	3
462,	8
463,	6
464,	7
465,	6
466,	6
467,	2
468,	9
469,	5
470,	8
471,	9
472,	7
473,	4
474,	8
475,	10
476,	7
477,	2
478,	7
479,	11
480,	9
481,	5
482,	10
483,	4
484,	8
485,	9
486,	7
487,	9
488,	8
489,	7
490,	6
491,	9
492,	11
493,	9
494,	8
495,	5
496,	7
497,	5
498,	6
499,	9
