Instance: /home/gabriel/Documents/ufrgs/courses/oc/trab/instances/cmb01
Vertices: 500
Colors: 12
NumIterations: 2
Alpha: 0.750000
Is Factible?: false
Conflicts: 4
Solution Value: 146761.843750
Vertex,	Color
0,	1
1,	1
2,	2
3,	4
4,	0
5,	0
6,	0
7,	2
8,	5
9,	5
10,	0
11,	0
12,	2
13,	4
14,	1
15,	0
16,	5
17,	1
18,	5
19,	0
20,	0
21,	0
22,	1
23,	2
24,	0
25,	4
26,	4
27,	5
28,	6
29,	1
30,	3
31,	0
32,	1
33,	0
34,	2
35,	0
36,	0
37,	0
38,	4
39,	7
40,	1
41,	2
42,	1
43,	1
44,	3
45,	2
46,	0
47,	3
48,	1
49,	0
50,	1
51,	1
52,	3
53,	2
54,	0
55,	0
56,	0
57,	2
58,	0
59,	1
60,	0
61,	1
62,	1
63,	0
64,	1
65,	2
66,	1
67,	3
68,	8
69,	3
70,	4
71,	1
72,	1
73,	1
74,	3
75,	0
76,	2
77,	8
78,	1
79,	7
80,	4
81,	5
82,	0
83,	2
84,	2
85,	0
86,	2
87,	1
88,	3
89,	3
90,	2
91,	1
92,	0
93,	1
94,	7
95,	5
96,	3
97,	1
98,	4
99,	0
100,	1
101,	4
102,	1
103,	6
104,	1
105,	1
106,	1
107,	4
108,	3
109,	0
110,	2
111,	11
112,	1
113,	7
114,	5
115,	0
116,	3
117,	3
118,	3
119,	9
120,	2
121,	2
122,	0
123,	1
124,	1
125,	5
126,	1
127,	0
128,	2
129,	6
130,	0
131,	1
132,	0
133,	0
134,	1
135,	4
136,	3
137,	4
138,	2
139,	0
140,	0
141,	0
142,	5
143,	2
144,	7
145,	2
146,	4
147,	1
148,	10
149,	1
150,	3
151,	3
152,	0
153,	3
154,	2
155,	6
156,	3
157,	5
158,	3
159,	1
160,	3
161,	3
162,	3
163,	6
164,	5
165,	3
166,	4
167,	0
168,	1
169,	0
170,	6
171,	3
172,	3
173,	1
174,	1
175,	0
176,	1
177,	10
178,	4
179,	5
180,	3
181,	2
182,	3
183,	6
184,	2
185,	4
186,	5
187,	0
188,	2
189,	4
190,	6
191,	2
192,	4
193,	0
194,	4
195,	0
196,	2
197,	3
198,	2
199,	3
200,	2
201,	2
202,	2
203,	5
204,	5
205,	3
206,	3
207,	4
208,	0
209,	4
210,	1
211,	4
212,	5
213,	5
214,	8
215,	3
216,	1
217,	0
218,	6
219,	5
220,	7
221,	0
222,	6
223,	2
224,	4
225,	0
226,	5
227,	6
228,	1
229,	3
230,	3
231,	2
232,	4
233,	3
234,	1
235,	3
236,	6
237,	2
238,	2
239,	5
240,	1
241,	1
242,	4
243,	5
244,	9
245,	1
246,	4
247,	4
248,	5
249,	1
250,	2
251,	3
252,	3
253,	6
254,	10
255,	4
256,	4
257,	3
258,	4
259,	1
260,	6
261,	3
262,	4
263,	9
264,	4
265,	1
266,	0
267,	5
268,	6
269,	6
270,	10
271,	5
272,	5
273,	6
274,	6
275,	2
276,	4
277,	7
278,	6
279,	2
280,	0
281,	4
282,	5
283,	3
284,	7
285,	4
286,	5
287,	7
288,	4
289,	2
290,	0
291,	4
292,	6
293,	5
294,	3
295,	3
296,	6
297,	9
298,	3
299,	3
300,	8
301,	1
302,	6
303,	2
304,	0
305,	4
306,	2
307,	8
308,	4
309,	7
310,	8
311,	2
312,	2
313,	7
314,	7
315,	4
316,	6
317,	3
318,	1
319,	1
320,	3
321,	1
322,	7
323,	6
324,	4
325,	5
326,	6
327,	3
328,	6
329,	6
330,	1
331,	7
332,	4
333,	7
334,	8
335,	4
336,	4
337,	8
338,	3
339,	5
340,	3
341,	6
342,	5
343,	7
344,	1
345,	2
346,	8
347,	11
348,	7
349,	7
350,	6
351,	1
352,	8
353,	7
354,	3
355,	5
356,	8
357,	9
358,	5
359,	1
360,	8
361,	6
362,	7
363,	6
364,	10
365,	7
366,	4
367,	4
368,	7
369,	3
370,	0
371,	2
372,	2
373,	7
374,	4
375,	2
376,	8
377,	6
378,	5
379,	6
380,	0
381,	5
382,	2
383,	3
384,	3
385,	5
386,	6
387,	8
388,	8
389,	9
390,	7
391,	2
392,	4
393,	7
394,	11
395,	3
396,	10
397,	8
398,	3
399,	9
400,	6
401,	0
402,	1
403,	6
404,	3
405,	9
406,	4
407,	3
408,	11
409,	6
410,	2
411,	4
412,	7
413,	5
414,	9
415,	0
416,	3
417,	4
418,	8
419,	2
420,	9
421,	5
422,	6
423,	9
424,	8
425,	7
426,	10
427,	6
428,	2
429,	7
430,	9
431,	4
432,	10
433,	5
434,	6
435,	9
436,	7
437,	3
438,	4
439,	8
440,	2
441,	7
442,	3
443,	1
444,	3
445,	7
446,	10
447,	3
448,	5
449,	8
450,	10
451,	3
452,	8
453,	8
454,	4
455,	6
456,	9
457,	11
458,	5
459,	11
460,	11
461,	2
462,	8
463,	5
464,	7
465,	8
466,	9
467,	4
468,	9
469,	6
470,	8
471,	9
472,	7
473,	3
474,	6
475,	10
476,	5
477,	0
478,	7
479,	9
480,	6
481,	5
482,	10
483,	4
484,	8
485,	7
486,	5
487,	8
488,	7
489,	5
490,	5
491,	8
492,	11
493,	8
494,	11
495,	9
496,	10
497,	5
498,	5
499,	9
