Instance: /home/gabriel/Documents/ufrgs/courses/oc/trab/instances/cmb01
Vertices: 500
Colors: 12
NumIterations: 2
Alpha: 0.750000
Is Factible?: false
Conflicts: 3
Solution Value: 149155.546875
Vertex,	Color
0,	0
1,	4
2,	4
3,	5
4,	1
5,	2
6,	0
7,	1
8,	3
9,	4
10,	1
11,	1
12,	1
13,	5
14,	2
15,	1
16,	2
17,	0
18,	5
19,	1
20,	2
21,	1
22,	5
23,	4
24,	0
25,	3
26,	3
27,	6
28,	6
29,	0
30,	2
31,	1
32,	2
33,	0
34,	1
35,	0
36,	0
37,	2
38,	2
39,	8
40,	0
41,	0
42,	2
43,	3
44,	0
45,	3
46,	1
47,	3
48,	0
49,	2
50,	0
51,	0
52,	0
53,	5
54,	3
55,	1
56,	0
57,	1
58,	5
59,	0
60,	2
61,	6
62,	0
63,	2
64,	2
65,	0
66,	0
67,	2
68,	5
69,	0
70,	4
71,	1
72,	6
73,	3
74,	7
75,	2
76,	0
77,	7
78,	0
79,	4
80,	1
81,	1
82,	1
83,	7
84,	4
85,	1
86,	2
87,	1
88,	4
89,	1
90,	7
91,	0
92,	1
93,	4
94,	2
95,	3
96,	3
97,	3
98,	0
99,	9
100,	3
101,	2
102,	2
103,	4
104,	2
105,	2
106,	5
107,	3
108,	1
109,	1
110,	0
111,	0
112,	1
113,	3
114,	2
115,	1
116,	1
117,	1
118,	0
119,	9
120,	2
121,	6
122,	1
123,	2
124,	1
125,	2
126,	0
127,	5
128,	3
129,	5
130,	0
131,	3
132,	6
133,	0
134,	0
135,	3
136,	2
137,	0
138,	8
139,	2
140,	0
141,	0
142,	4
143,	1
144,	6
145,	4
146,	4
147,	3
148,	7
149,	0
150,	5
151,	2
152,	0
153,	1
154,	3
155,	3
156,	1
157,	2
158,	1
159,	2
160,	3
161,	6
162,	6
163,	4
164,	5
165,	3
166,	0
167,	0
168,	1
169,	2
170,	4
171,	0
172,	2
173,	1
174,	0
175,	1
176,	0
177,	1
178,	5
179,	3
180,	6
181,	1
182,	8
183,	5
184,	0
185,	2
186,	2
187,	0
188,	1
189,	6
190,	6
191,	10
192,	4
193,	1
194,	4
195,	2
196,	3
197,	2
198,	2
199,	2
200,	0
201,	3
202,	3
203,	1
204,	5
205,	2
206,	2
207,	6
208,	1
209,	0
210,	3
211,	0
212,	7
213,	3
214,	3
215,	1
216,	2
217,	1
218,	4
219,	7
220,	5
221,	1
222,	4
223,	3
224,	3
225,	0
226,	1
227,	5
228,	3
229,	5
230,	2
231,	3
232,	3
233,	5
234,	2
235,	2
236,	4
237,	7
238,	1
239,	3
240,	2
241,	5
242,	3
243,	3
244,	4
245,	2
246,	4
247,	4
248,	4
249,	2
250,	2
251,	5
252,	5
253,	0
254,	6
255,	5
256,	0
257,	2
258,	4
259,	3
260,	2
261,	2
262,	1
263,	3
264,	4
265,	2
266,	5
267,	2
268,	7
269,	5
270,	4
271,	3
272,	5
273,	5
274,	7
275,	1
276,	11
277,	5
278,	5
279,	3
280,	1
281,	3
282,	6
283,	3
284,	7
285,	4
286,	7
287,	7
288,	2
289,	1
290,	5
291,	3
292,	5
293,	4
294,	8
295,	1
296,	7
297,	6
298,	1
299,	1
300,	5
301,	1
302,	6
303,	3
304,	0
305,	4
306,	2
307,	7
308,	1
309,	6
310,	8
311,	0
312,	2
313,	8
314,	7
315,	5
316,	6
317,	3
318,	4
319,	3
320,	4
321,	4
322,	9
323,	9
324,	7
325,	5
326,	4
327,	5
328,	8
329,	6
330,	1
331,	6
332,	5
333,	1
334,	9
335,	0
336,	4
337,	7
338,	6
339,	5
340,	6
341,	4
342,	4
343,	9
344,	0
345,	6
346,	9
347,	9
348,	7
349,	6
350,	5
351,	0
352,	10
353,	8
354,	3
355,	4
356,	8
357,	8
358,	4
359,	10
360,	7
361,	6
362,	6
363,	7
364,	7
365,	5
366,	7
367,	5
368,	7
369,	5
370,	5
371,	7
372,	3
373,	8
374,	4
375,	6
376,	8
377,	4
378,	5
379,	2
380,	7
381,	1
382,	2
383,	3
384,	5
385,	3
386,	8
387,	9
388,	8
389,	7
390,	8
391,	3
392,	5
393,	7
394,	8
395,	1
396,	9
397,	8
398,	2
399,	8
400,	4
401,	0
402,	11
403,	5
404,	5
405,	11
406,	8
407,	4
408,	11
409,	8
410,	7
411,	5
412,	0
413,	2
414,	9
415,	10
416,	10
417,	5
418,	9
419,	4
420,	9
421,	6
422,	8
423,	0
424,	7
425,	7
426,	10
427,	8
428,	0
429,	7
430,	10
431,	8
432,	2
433,	5
434,	6
435,	5
436,	6
437,	3
438,	4
439,	8
440,	6
441,	6
442,	0
443,	5
444,	3
445,	6
446,	10
447,	4
448,	5
449,	8
450,	9
451,	1
452,	7
453,	10
454,	5
455,	7
456,	7
457,	10
458,	1
459,	11
460,	10
461,	5
462,	8
463,	6
464,	7
465,	8
466,	6
467,	4
468,	8
469,	6
470,	8
471,	9
472,	7
473,	2
474,	9
475,	10
476,	10
477,	1
478,	6
479,	10
480,	8
481,	5
482,	9
483,	4
484,	8
485,	6
486,	8
487,	9
488,	4
489,	6
490,	4
491,	5
492,	11
493,	9
494,	7
495,	7
496,	10
497,	6
498,	6
499,	9
