Instance: /home/gabriel/Documents/ufrgs/courses/oc/trab/instances/cmb01
Vertices: 500
Colors: 12
NumIterations: 1000
Alpha: 0.650000
Is Factible?: false
Conflicts: 2
Solution Value: 148866.125000
Vertex,	Color
0,	3
1,	7
2,	10
3,	10
4,	0
5,	11
6,	0
7,	11
8,	11
9,	4
10,	11
11,	9
12,	5
13,	11
14,	5
15,	8
16,	11
17,	8
18,	8
19,	3
20,	5
21,	10
22,	0
23,	4
24,	10
25,	11
26,	10
27,	11
28,	11
29,	8
30,	11
31,	11
32,	9
33,	9
34,	10
35,	10
36,	11
37,	7
38,	9
39,	6
40,	8
41,	10
42,	1
43,	10
44,	9
45,	10
46,	10
47,	11
48,	11
49,	8
50,	11
51,	10
52,	9
53,	9
54,	10
55,	11
56,	11
57,	9
58,	0
59,	9
60,	1
61,	2
62,	11
63,	10
64,	11
65,	0
66,	11
67,	9
68,	0
69,	10
70,	10
71,	2
72,	10
73,	11
74,	0
75,	2
76,	1
77,	2
78,	9
79,	8
80,	9
81,	3
82,	5
83,	3
84,	1
85,	10
86,	0
87,	10
88,	3
89,	7
90,	10
91,	8
92,	10
93,	3
94,	1
95,	10
96,	3
97,	9
98,	5
99,	10
100,	3
101,	0
102,	0
103,	8
104,	11
105,	11
106,	8
107,	9
108,	0
109,	11
110,	2
111,	4
112,	10
113,	5
114,	0
115,	10
116,	10
117,	7
118,	11
119,	0
120,	1
121,	6
122,	0
123,	10
124,	3
125,	8
126,	9
127,	1
128,	6
129,	5
130,	0
131,	0
132,	9
133,	10
134,	5
135,	0
136,	7
137,	3
138,	10
139,	9
140,	7
141,	5
142,	6
143,	7
144,	0
145,	11
146,	7
147,	3
148,	2
149,	10
150,	0
151,	9
152,	0
153,	5
154,	11
155,	1
156,	7
157,	9
158,	7
159,	9
160,	11
161,	8
162,	6
163,	2
164,	7
165,	11
166,	5
167,	8
168,	2
169,	10
170,	5
171,	3
172,	10
173,	3
174,	10
175,	2
176,	8
177,	9
178,	1
179,	3
180,	3
181,	7
182,	2
183,	8
184,	2
185,	2
186,	1
187,	11
188,	10
189,	11
190,	2
191,	1
192,	8
193,	2
194,	0
195,	1
196,	3
197,	1
198,	0
199,	1
200,	1
201,	2
202,	1
203,	6
204,	1
205,	1
206,	9
207,	3
208,	1
209,	8
210,	2
211,	3
212,	4
213,	4
214,	5
215,	2
216,	9
217,	6
218,	2
219,	3
220,	6
221,	1
222,	2
223,	3
224,	0
225,	4
226,	7
227,	5
228,	11
229,	1
230,	3
231,	4
232,	2
233,	4
234,	10
235,	9
236,	0
237,	1
238,	1
239,	0
240,	2
241,	2
242,	8
243,	3
244,	4
245,	0
246,	6
247,	4
248,	0
249,	4
250,	1
251,	1
252,	1
253,	5
254,	1
255,	1
256,	4
257,	8
258,	3
259,	0
260,	4
261,	7
262,	4
263,	7
264,	1
265,	2
266,	2
267,	4
268,	0
269,	7
270,	7
271,	4
272,	7
273,	0
274,	4
275,	2
276,	1
277,	6
278,	5
279,	0
280,	0
281,	6
282,	9
283,	1
284,	2
285,	0
286,	6
287,	0
288,	1
289,	3
290,	4
291,	2
292,	3
293,	1
294,	6
295,	1
296,	6
297,	5
298,	1
299,	5
300,	1
301,	3
302,	6
303,	3
304,	2
305,	0
306,	2
307,	7
308,	4
309,	6
310,	3
311,	5
312,	1
313,	6
314,	6
315,	2
316,	3
317,	3
318,	0
319,	3
320,	2
321,	4
322,	9
323,	5
324,	6
325,	3
326,	2
327,	5
328,	7
329,	5
330,	3
331,	6
332,	4
333,	2
334,	8
335,	4
336,	3
337,	10
338,	5
339,	8
340,	4
341,	0
342,	6
343,	11
344,	2
345,	5
346,	6
347,	5
348,	7
349,	6
350,	1
351,	0
352,	8
353,	7
354,	3
355,	4
356,	8
357,	8
358,	4
359,	2
360,	5
361,	4
362,	0
363,	5
364,	4
365,	8
366,	6
367,	4
368,	7
369,	3
370,	4
371,	4
372,	4
373,	8
374,	6
375,	4
376,	6
377,	5
378,	7
379,	5
380,	2
381,	3
382,	1
383,	2
384,	2
385,	5
386,	6
387,	8
388,	2
389,	7
390,	6
391,	3
392,	4
393,	6
394,	9
395,	1
396,	3
397,	7
398,	0
399,	8
400,	7
401,	4
402,	6
403,	5
404,	4
405,	9
406,	6
407,	6
408,	11
409,	7
410,	6
411,	5
412,	3
413,	5
414,	10
415,	9
416,	9
417,	7
418,	11
419,	6
420,	9
421,	5
422,	6
423,	8
424,	9
425,	7
426,	10
427,	7
428,	1
429,	5
430,	7
431,	7
432,	11
433,	5
434,	6
435,	7
436,	5
437,	5
438,	2
439,	8
440,	10
441,	7
442,	4
443,	4
444,	4
445,	6
446,	10
447,	6
448,	7
449,	9
450,	8
451,	7
452,	7
453,	2
454,	4
455,	8
456,	9
457,	9
458,	11
459,	11
460,	11
461,	3
462,	7
463,	9
464,	7
465,	8
466,	3
467,	6
468,	8
469,	4
470,	8
471,	8
472,	7
473,	5
474,	8
475,	9
476,	0
477,	0
478,	6
479,	10
480,	8
481,	5
482,	10
483,	4
484,	9
485,	7
486,	8
487,	8
488,	6
489,	6
490,	5
491,	9
492,	11
493,	8
494,	11
495,	9
496,	9
497,	9
498,	5
499,	4
