Instance: /home/gabriel/Documents/ufrgs/courses/oc/trab/instances/cmb01
Vertices: 500
Colors: 12
NumIterations: 1000
Alpha: 0.850000
Is Factible?: false
Conflicts: 2
Solution Value: 153669.078125
Vertex,	Color
0,	9
1,	3
2,	9
3,	9
4,	3
5,	0
6,	1
7,	1
8,	0
9,	1
10,	4
11,	0
12,	0
13,	4
14,	1
15,	0
16,	8
17,	1
18,	1
19,	0
20,	1
21,	1
22,	1
23,	5
24,	2
25,	1
26,	2
27,	3
28,	0
29,	0
30,	2
31,	0
32,	1
33,	0
34,	2
35,	0
36,	0
37,	3
38,	2
39,	7
40,	1
41,	2
42,	2
43,	0
44,	0
45,	0
46,	1
47,	4
48,	0
49,	1
50,	0
51,	1
52,	0
53,	3
54,	0
55,	0
56,	4
57,	3
58,	0
59,	0
60,	1
61,	1
62,	0
63,	1
64,	3
65,	2
66,	0
67,	2
68,	2
69,	0
70,	0
71,	2
72,	2
73,	2
74,	2
75,	1
76,	3
77,	3
78,	1
79,	3
80,	0
81,	4
82,	4
83,	4
84,	0
85,	1
86,	2
87,	0
88,	1
89,	2
90,	1
91,	3
92,	2
93,	4
94,	6
95,	1
96,	0
97,	1
98,	1
99,	0
100,	4
101,	1
102,	5
103,	3
104,	1
105,	4
106,	2
107,	4
108,	1
109,	2
110,	3
111,	0
112,	1
113,	0
114,	2
115,	0
116,	0
117,	2
118,	1
119,	3
120,	2
121,	2
122,	4
123,	1
124,	1
125,	0
126,	1
127,	2
128,	2
129,	4
130,	0
131,	2
132,	4
133,	2
134,	1
135,	4
136,	2
137,	1
138,	5
139,	2
140,	2
141,	0
142,	5
143,	2
144,	5
145,	1
146,	3
147,	3
148,	8
149,	1
150,	4
151,	5
152,	0
153,	2
154,	2
155,	4
156,	3
157,	2
158,	2
159,	4
160,	3
161,	6
162,	9
163,	5
164,	6
165,	6
166,	2
167,	1
168,	1
169,	5
170,	5
171,	3
172,	1
173,	3
174,	1
175,	0
176,	1
177,	8
178,	5
179,	9
180,	3
181,	2
182,	5
183,	1
184,	4
185,	5
186,	2
187,	0
188,	3
189,	6
190,	6
191,	2
192,	2
193,	3
194,	2
195,	3
196,	3
197,	5
198,	2
199,	0
200,	0
201,	5
202,	3
203,	6
204,	4
205,	0
206,	2
207,	1
208,	2
209,	3
210,	3
211,	3
212,	7
213,	5
214,	5
215,	4
216,	4
217,	3
218,	6
219,	7
220,	7
221,	0
222,	7
223,	2
224,	3
225,	0
226,	5
227,	6
228,	0
229,	5
230,	2
231,	6
232,	4
233,	6
234,	1
235,	5
236,	6
237,	4
238,	3
239,	1
240,	1
241,	2
242,	7
243,	3
244,	7
245,	2
246,	4
247,	4
248,	5
249,	1
250,	2
251,	2
252,	4
253,	5
254,	6
255,	1
256,	7
257,	0
258,	2
259,	3
260,	6
261,	4
262,	7
263,	10
264,	4
265,	1
266,	3
267,	6
268,	6
269,	8
270,	6
271,	5
272,	4
273,	6
274,	7
275,	1
276,	8
277,	3
278,	5
279,	2
280,	1
281,	3
282,	8
283,	7
284,	3
285,	4
286,	4
287,	4
288,	4
289,	1
290,	0
291,	3
292,	5
293,	4
294,	9
295,	4
296,	6
297,	5
298,	0
299,	3
300,	2
301,	1
302,	5
303,	4
304,	4
305,	4
306,	2
307,	8
308,	3
309,	6
310,	3
311,	2
312,	0
313,	7
314,	7
315,	5
316,	6
317,	3
318,	4
319,	2
320,	4
321,	4
322,	6
323,	7
324,	7
325,	5
326,	1
327,	0
328,	8
329,	6
330,	1
331,	7
332,	3
333,	7
334,	8
335,	0
336,	6
337,	9
338,	6
339,	0
340,	5
341,	6
342,	7
343,	9
344,	2
345,	7
346,	8
347,	11
348,	7
349,	6
350,	5
351,	4
352,	8
353,	7
354,	5
355,	4
356,	8
357,	10
358,	4
359,	10
360,	7
361,	5
362,	0
363,	0
364,	9
365,	4
366,	7
367,	7
368,	7
369,	6
370,	6
371,	5
372,	3
373,	6
374,	4
375,	6
376,	8
377,	7
378,	6
379,	6
380,	7
381,	4
382,	2
383,	3
384,	3
385,	5
386,	9
387,	8
388,	3
389,	7
390,	9
391,	0
392,	3
393,	9
394,	10
395,	3
396,	8
397,	8
398,	3
399,	8
400,	6
401,	2
402,	0
403,	7
404,	5
405,	9
406,	8
407,	7
408,	11
409,	5
410,	3
411,	3
412,	6
413,	5
414,	10
415,	11
416,	9
417,	5
418,	8
419,	5
420,	9
421,	6
422,	8
423,	10
424,	8
425,	7
426,	10
427,	6
428,	5
429,	7
430,	9
431,	5
432,	10
433,	7
434,	5
435,	5
436,	7
437,	3
438,	6
439,	8
440,	4
441,	9
442,	7
443,	7
444,	3
445,	6
446,	10
447,	5
448,	5
449,	9
450,	10
451,	4
452,	7
453,	8
454,	4
455,	6
456,	8
457,	11
458,	3
459,	11
460,	10
461,	4
462,	8
463,	8
464,	7
465,	6
466,	9
467,	3
468,	7
469,	6
470,	8
471,	9
472,	7
473,	2
474,	8
475,	11
476,	1
477,	2
478,	6
479,	11
480,	10
481,	4
482,	10
483,	5
484,	8
485,	9
486,	7
487,	8
488,	7
489,	7
490,	4
491,	10
492,	11
493,	11
494,	11
495,	9
496,	8
497,	6
498,	6
499,	4
