Instance: /home/gabriel/Documents/ufrgs/courses/oc/trab/instances/cmb01
Vertices: 500
Colors: 12
NumIterations: 1000
Alpha: 0.350000
Is Factible?: false
Conflicts: 1
Solution Value: 148451.328125
Vertex,	Color
0,	1
1,	4
2,	7
3,	1
4,	3
5,	0
6,	1
7,	4
8,	9
9,	4
10,	9
11,	2
12,	2
13,	7
14,	5
15,	2
16,	11
17,	3
18,	1
19,	3
20,	6
21,	5
22,	0
23,	2
24,	6
25,	4
26,	5
27,	4
28,	0
29,	3
30,	0
31,	7
32,	3
33,	4
34,	2
35,	4
36,	1
37,	1
38,	0
39,	10
40,	0
41,	0
42,	4
43,	0
44,	0
45,	2
46,	0
47,	3
48,	4
49,	4
50,	4
51,	2
52,	6
53,	3
54,	5
55,	1
56,	2
57,	1
58,	3
59,	1
60,	3
61,	8
62,	0
63,	6
64,	4
65,	9
66,	3
67,	1
68,	6
69,	6
70,	8
71,	2
72,	0
73,	9
74,	6
75,	7
76,	3
77,	9
78,	1
79,	0
80,	6
81,	0
82,	11
83,	8
84,	5
85,	0
86,	0
87,	7
88,	4
89,	2
90,	3
91,	2
92,	4
93,	11
94,	2
95,	6
96,	6
97,	0
98,	11
99,	3
100,	4
101,	3
102,	2
103,	0
104,	1
105,	1
106,	2
107,	0
108,	0
109,	1
110,	7
111,	3
112,	8
113,	6
114,	6
115,	7
116,	7
117,	2
118,	1
119,	7
120,	4
121,	1
122,	7
123,	1
124,	5
125,	0
126,	3
127,	4
128,	1
129,	2
130,	4
131,	1
132,	3
133,	3
134,	1
135,	4
136,	4
137,	5
138,	10
139,	2
140,	0
141,	3
142,	4
143,	2
144,	0
145,	7
146,	2
147,	1
148,	5
149,	1
150,	7
151,	5
152,	7
153,	1
154,	4
155,	6
156,	5
157,	7
158,	1
159,	2
160,	3
161,	5
162,	4
163,	7
164,	1
165,	0
166,	2
167,	1
168,	7
169,	3
170,	0
171,	4
172,	1
173,	4
174,	5
175,	7
176,	3
177,	1
178,	5
179,	1
180,	6
181,	3
182,	10
183,	1
184,	1
185,	1
186,	10
187,	0
188,	8
189,	5
190,	0
191,	2
192,	4
193,	1
194,	0
195,	3
196,	1
197,	2
198,	8
199,	1
200,	4
201,	3
202,	2
203,	2
204,	6
205,	1
206,	2
207,	5
208,	4
209,	3
210,	10
211,	4
212,	8
213,	6
214,	2
215,	6
216,	7
217,	3
218,	3
219,	8
220,	1
221,	1
222,	7
223,	2
224,	0
225,	3
226,	5
227,	3
228,	3
229,	1
230,	1
231,	4
232,	1
233,	5
234,	1
235,	2
236,	7
237,	4
238,	4
239,	7
240,	0
241,	3
242,	3
243,	4
244,	8
245,	0
246,	5
247,	6
248,	0
249,	0
250,	4
251,	0
252,	0
253,	2
254,	1
255,	0
256,	3
257,	3
258,	2
259,	4
260,	1
261,	2
262,	11
263,	9
264,	0
265,	1
266,	6
267,	6
268,	5
269,	6
270,	3
271,	2
272,	5
273,	9
274,	4
275,	4
276,	6
277,	3
278,	2
279,	2
280,	1
281,	0
282,	2
283,	1
284,	10
285,	0
286,	3
287,	6
288,	1
289,	2
290,	7
291,	0
292,	2
293,	0
294,	4
295,	5
296,	3
297,	0
298,	0
299,	4
300,	3
301,	4
302,	5
303,	2
304,	2
305,	3
306,	7
307,	5
308,	2
309,	6
310,	5
311,	2
312,	1
313,	7
314,	3
315,	2
316,	5
317,	0
318,	2
319,	0
320,	7
321,	2
322,	2
323,	0
324,	5
325,	1
326,	3
327,	3
328,	0
329,	3
330,	3
331,	3
332,	5
333,	0
334,	8
335,	5
336,	2
337,	6
338,	7
339,	0
340,	2
341,	7
342,	3
343,	11
344,	1
345,	5
346,	4
347,	7
348,	7
349,	5
350,	4
351,	2
352,	9
353,	0
354,	3
355,	3
356,	0
357,	8
358,	3
359,	7
360,	5
361,	0
362,	3
363,	8
364,	9
365,	6
366,	5
367,	2
368,	1
369,	5
370,	11
371,	2
372,	4
373,	8
374,	2
375,	1
376,	4
377,	1
378,	1
379,	5
380,	7
381,	1
382,	1
383,	2
384,	0
385,	4
386,	1
387,	10
388,	9
389,	6
390,	9
391,	2
392,	4
393,	10
394,	7
395,	0
396,	6
397,	4
398,	0
399,	8
400,	8
401,	4
402,	6
403,	3
404,	0
405,	8
406,	2
407,	7
408,	10
409,	8
410,	8
411,	5
412,	7
413,	4
414,	7
415,	5
416,	6
417,	4
418,	9
419,	6
420,	8
421,	5
422,	6
423,	7
424,	5
425,	8
426,	9
427,	5
428,	4
429,	2
430,	9
431,	5
432,	1
433,	3
434,	5
435,	6
436,	6
437,	5
438,	2
439,	5
440,	8
441,	9
442,	3
443,	6
444,	4
445,	4
446,	9
447,	5
448,	0
449,	9
450,	1
451,	8
452,	8
453,	10
454,	3
455,	5
456,	8
457,	10
458,	0
459,	5
460,	11
461,	5
462,	7
463,	6
464,	6
465,	8
466,	8
467,	1
468,	7
469,	2
470,	2
471,	9
472,	8
473,	4
474,	6
475,	10
476,	7
477,	2
478,	8
479,	8
480,	8
481,	5
482,	8
483,	6
484,	7
485,	10
486,	1
487,	8
488,	6
489,	3
490,	5
491,	8
492,	11
493,	8
494,	10
495,	6
496,	10
497,	3
498,	3
499,	9
