Instance: /home/gabriel/Documents/ufrgs/courses/oc/trab/instances/cmb01
Vertices: 500
Colors: 12
NumIterations: 1
Alpha: 0.750000
Is Factible?: false
Conflicts: 6
Solution Value: 149200.812500
Vertex,	Color
0,	4
1,	2
2,	5
3,	3
4,	3
5,	3
6,	0
7,	3
8,	2
9,	3
10,	0
11,	1
12,	0
13,	2
14,	0
15,	1
16,	2
17,	2
18,	7
19,	3
20,	0
21,	0
22,	7
23,	1
24,	1
25,	0
26,	3
27,	0
28,	1
29,	0
30,	1
31,	0
32,	2
33,	2
34,	4
35,	0
36,	3
37,	0
38,	2
39,	0
40,	1
41,	2
42,	0
43,	2
44,	1
45,	1
46,	1
47,	6
48,	6
49,	1
50,	1
51,	9
52,	1
53,	1
54,	0
55,	4
56,	0
57,	2
58,	2
59,	0
60,	4
61,	3
62,	3
63,	0
64,	4
65,	1
66,	0
67,	3
68,	5
69,	2
70,	0
71,	2
72,	1
73,	3
74,	1
75,	3
76,	2
77,	3
78,	1
79,	10
80,	0
81,	5
82,	8
83,	4
84,	2
85,	1
86,	1
87,	1
88,	4
89,	8
90,	4
91,	1
92,	0
93,	2
94,	3
95,	0
96,	2
97,	2
98,	1
99,	9
100,	6
101,	1
102,	1
103,	7
104,	2
105,	5
106,	3
107,	4
108,	1
109,	3
110,	0
111,	2
112,	2
113,	8
114,	0
115,	5
116,	1
117,	5
118,	1
119,	1
120,	1
121,	7
122,	1
123,	5
124,	6
125,	2
126,	5
127,	2
128,	1
129,	3
130,	2
131,	2
132,	9
133,	1
134,	4
135,	1
136,	2
137,	1
138,	2
139,	1
140,	1
141,	0
142,	3
143,	7
144,	3
145,	0
146,	6
147,	6
148,	8
149,	6
150,	4
151,	0
152,	0
153,	2
154,	2
155,	2
156,	2
157,	0
158,	2
159,	1
160,	0
161,	9
162,	0
163,	6
164,	7
165,	5
166,	1
167,	0
168,	3
169,	0
170,	4
171,	2
172,	3
173,	1
174,	0
175,	0
176,	4
177,	4
178,	5
179,	2
180,	0
181,	0
182,	3
183,	1
184,	2
185,	0
186,	6
187,	0
188,	7
189,	5
190,	8
191,	2
192,	1
193,	2
194,	3
195,	3
196,	2
197,	4
198,	3
199,	2
200,	1
201,	3
202,	4
203,	1
204,	4
205,	2
206,	1
207,	5
208,	4
209,	3
210,	2
211,	1
212,	6
213,	0
214,	4
215,	4
216,	3
217,	5
218,	5
219,	8
220,	7
221,	0
222,	5
223,	2
224,	5
225,	3
226,	4
227,	5
228,	1
229,	6
230,	2
231,	3
232,	6
233,	5
234,	1
235,	4
236,	0
237,	6
238,	3
239,	4
240,	0
241,	1
242,	6
243,	4
244,	7
245,	0
246,	5
247,	2
248,	6
249,	3
250,	3
251,	4
252,	4
253,	4
254,	2
255,	4
256,	3
257,	0
258,	3
259,	1
260,	5
261,	3
262,	5
263,	10
264,	3
265,	1
266,	5
267,	1
268,	6
269,	7
270,	6
271,	5
272,	5
273,	5
274,	11
275,	0
276,	4
277,	8
278,	3
279,	1
280,	0
281,	4
282,	7
283,	2
284,	5
285,	3
286,	4
287,	5
288,	0
289,	3
290,	1
291,	2
292,	6
293,	4
294,	1
295,	4
296,	5
297,	3
298,	2
299,	1
300,	3
301,	1
302,	3
303,	2
304,	4
305,	2
306,	2
307,	6
308,	3
309,	7
310,	7
311,	4
312,	0
313,	7
314,	6
315,	4
316,	6
317,	3
318,	1
319,	2
320,	3
321,	4
322,	6
323,	6
324,	6
325,	4
326,	6
327,	5
328,	7
329,	7
330,	2
331,	7
332,	5
333,	2
334,	8
335,	7
336,	1
337,	9
338,	5
339,	4
340,	5
341,	1
342,	6
343,	5
344,	3
345,	6
346,	6
347,	11
348,	8
349,	1
350,	5
351,	3
352,	10
353,	8
354,	4
355,	5
356,	8
357,	8
358,	7
359,	0
360,	8
361,	6
362,	0
363,	6
364,	9
365,	8
366,	6
367,	4
368,	8
369,	4
370,	1
371,	6
372,	3
373,	5
374,	4
375,	5
376,	5
377,	6
378,	5
379,	3
380,	0
381,	5
382,	2
383,	3
384,	2
385,	4
386,	7
387,	7
388,	9
389,	7
390,	7
391,	1
392,	3
393,	8
394,	9
395,	2
396,	0
397,	7
398,	0
399,	9
400,	6
401,	7
402,	0
403,	4
404,	5
405,	9
406,	7
407,	5
408,	11
409,	10
410,	4
411,	4
412,	5
413,	6
414,	9
415,	10
416,	9
417,	3
418,	10
419,	6
420,	1
421,	6
422,	5
423,	9
424,	8
425,	7
426,	10
427,	5
428,	5
429,	3
430,	9
431,	6
432,	5
433,	4
434,	4
435,	9
436,	6
437,	4
438,	7
439,	8
440,	1
441,	7
442,	2
443,	0
444,	3
445,	5
446,	10
447,	3
448,	4
449,	9
450,	10
451,	8
452,	8
453,	9
454,	4
455,	7
456,	9
457,	11
458,	11
459,	11
460,	10
461,	5
462,	8
463,	8
464,	7
465,	6
466,	7
467,	2
468,	9
469,	6
470,	4
471,	9
472,	8
473,	3
474,	6
475,	8
476,	8
477,	0
478,	6
479,	10
480,	9
481,	4
482,	10
483,	5
484,	8
485,	9
486,	8
487,	8
488,	7
489,	4
490,	5
491,	8
492,	11
493,	8
494,	11
495,	9
496,	7
497,	6
498,	6
499,	5
