Instance: /home/gabriel/Documents/ufrgs/courses/oc/trab/instances/cmb01
Vertices: 500
Colors: 12
NumIterations: 1000
Alpha: 0.650000
Is Factible?: false
Conflicts: 1
Solution Value: 152052.203125
Vertex,	Color
0,	6
1,	0
2,	2
3,	4
4,	1
5,	4
6,	4
7,	6
8,	1
9,	2
10,	3
11,	1
12,	0
13,	2
14,	6
15,	3
16,	8
17,	1
18,	3
19,	1
20,	0
21,	0
22,	9
23,	3
24,	2
25,	4
26,	4
27,	5
28,	6
29,	0
30,	1
31,	0
32,	1
33,	1
34,	3
35,	1
36,	1
37,	1
38,	0
39,	6
40,	0
41,	4
42,	2
43,	2
44,	2
45,	0
46,	1
47,	0
48,	9
49,	0
50,	3
51,	6
52,	3
53,	0
54,	1
55,	2
56,	0
57,	2
58,	1
59,	0
60,	0
61,	1
62,	1
63,	1
64,	5
65,	4
66,	0
67,	2
68,	6
69,	0
70,	5
71,	0
72,	1
73,	4
74,	3
75,	0
76,	1
77,	1
78,	0
79,	3
80,	5
81,	1
82,	4
83,	1
84,	0
85,	1
86,	4
87,	4
88,	0
89,	2
90,	0
91,	3
92,	2
93,	2
94,	10
95,	2
96,	1
97,	1
98,	4
99,	1
100,	10
101,	0
102,	1
103,	3
104,	0
105,	5
106,	3
107,	0
108,	1
109,	0
110,	4
111,	11
112,	1
113,	0
114,	1
115,	6
116,	2
117,	2
118,	0
119,	7
120,	7
121,	3
122,	3
123,	6
124,	5
125,	5
126,	6
127,	5
128,	1
129,	5
130,	0
131,	1
132,	8
133,	4
134,	9
135,	2
136,	5
137,	7
138,	11
139,	2
140,	0
141,	8
142,	0
143,	2
144,	4
145,	0
146,	6
147,	1
148,	7
149,	0
150,	8
151,	4
152,	8
153,	0
154,	2
155,	0
156,	2
157,	4
158,	0
159,	2
160,	4
161,	5
162,	8
163,	8
164,	5
165,	2
166,	1
167,	0
168,	3
169,	0
170,	5
171,	5
172,	1
173,	5
174,	1
175,	1
176,	3
177,	9
178,	5
179,	4
180,	0
181,	3
182,	2
183,	0
184,	4
185,	2
186,	0
187,	1
188,	3
189,	3
190,	6
191,	5
192,	4
193,	5
194,	0
195,	3
196,	1
197,	3
198,	0
199,	2
200,	1
201,	4
202,	1
203,	3
204,	3
205,	1
206,	2
207,	4
208,	1
209,	3
210,	2
211,	2
212,	2
213,	2
214,	0
215,	4
216,	1
217,	4
218,	4
219,	2
220,	6
221,	1
222,	6
223,	0
224,	4
225,	4
226,	3
227,	4
228,	1
229,	3
230,	0
231,	5
232,	2
233,	3
234,	1
235,	9
236,	6
237,	10
238,	0
239,	1
240,	4
241,	0
242,	7
243,	1
244,	6
245,	2
246,	1
247,	3
248,	4
249,	2
250,	2
251,	4
252,	1
253,	8
254,	10
255,	3
256,	5
257,	2
258,	4
259,	3
260,	6
261,	2
262,	2
263,	0
264,	4
265,	1
266,	6
267,	6
268,	8
269,	6
270,	8
271,	3
272,	1
273,	6
274,	9
275,	2
276,	7
277,	1
278,	1
279,	0
280,	0
281,	1
282,	8
283,	6
284,	4
285,	4
286,	1
287,	3
288,	3
289,	4
290,	3
291,	2
292,	6
293,	1
294,	8
295,	2
296,	5
297,	3
298,	0
299,	2
300,	8
301,	0
302,	2
303,	4
304,	0
305,	0
306,	2
307,	7
308,	3
309,	7
310,	5
311,	3
312,	2
313,	6
314,	7
315,	3
316,	5
317,	2
318,	3
319,	3
320,	3
321,	5
322,	8
323,	7
324,	7
325,	5
326,	3
327,	3
328,	10
329,	6
330,	1
331,	6
332,	3
333,	2
334,	7
335,	1
336,	6
337,	5
338,	2
339,	5
340,	5
341,	0
342,	4
343,	4
344,	4
345,	6
346,	5
347,	5
348,	7
349,	2
350,	4
351,	4
352,	10
353,	4
354,	4
355,	3
356,	7
357,	9
358,	5
359,	5
360,	9
361,	5
362,	5
363,	7
364,	6
365,	5
366,	7
367,	5
368,	7
369,	1
370,	3
371,	5
372,	5
373,	8
374,	4
375,	5
376,	6
377,	7
378,	6
379,	2
380,	5
381,	2
382,	3
383,	2
384,	3
385,	5
386,	3
387,	7
388,	7
389,	9
390,	7
391,	2
392,	5
393,	9
394,	7
395,	2
396,	10
397,	9
398,	4
399,	10
400,	7
401,	6
402,	6
403,	5
404,	3
405,	9
406,	8
407,	3
408,	11
409,	10
410,	5
411,	5
412,	7
413,	5
414,	6
415,	9
416,	3
417,	5
418,	9
419,	7
420,	10
421,	5
422,	7
423,	6
424,	9
425,	6
426,	2
427,	8
428,	5
429,	6
430,	8
431,	7
432,	8
433,	3
434,	5
435,	6
436,	7
437,	7
438,	6
439,	7
440,	5
441,	8
442,	11
443,	6
444,	3
445,	8
446,	10
447,	3
448,	5
449,	7
450,	1
451,	10
452,	7
453,	10
454,	4
455,	6
456,	8
457,	9
458,	1
459,	7
460,	10
461,	3
462,	8
463,	7
464,	8
465,	6
466,	4
467,	6
468,	7
469,	4
470,	4
471,	9
472,	7
473,	2
474,	8
475,	8
476,	6
477,	1
478,	8
479,	11
480,	10
481,	4
482,	10
483,	4
484,	9
485,	8
486,	7
487,	10
488,	8
489,	6
490,	4
491,	9
492,	11
493,	9
494,	7
495,	10
496,	10
497,	6
498,	5
499,	3
