Instance: /home/gabriel/Documents/ufrgs/courses/oc/trab/instances/cmb01
Vertices: 500
Colors: 12
NumIterations: 10
Alpha: 0.750000
Is Factible?: false
Conflicts: 3
Solution Value: 152403.859375
Vertex,	Color
0,	4
1,	1
2,	3
3,	2
4,	2
5,	2
6,	0
7,	4
8,	2
9,	4
10,	2
11,	0
12,	0
13,	0
14,	1
15,	0
16,	9
17,	5
18,	1
19,	1
20,	3
21,	0
22,	0
23,	5
24,	1
25,	0
26,	1
27,	0
28,	6
29,	1
30,	2
31,	0
32,	2
33,	0
34,	4
35,	8
36,	2
37,	1
38,	1
39,	2
40,	1
41,	1
42,	4
43,	4
44,	1
45,	0
46,	0
47,	2
48,	1
49,	1
50,	1
51,	9
52,	1
53,	0
54,	1
55,	1
56,	0
57,	3
58,	4
59,	1
60,	3
61,	1
62,	0
63,	0
64,	4
65,	1
66,	1
67,	3
68,	8
69,	0
70,	6
71,	1
72,	3
73,	1
74,	5
75,	2
76,	2
77,	5
78,	0
79,	2
80,	6
81,	1
82,	6
83,	3
84,	5
85,	2
86,	3
87,	0
88,	0
89,	0
90,	3
91,	2
92,	4
93,	1
94,	2
95,	3
96,	1
97,	3
98,	11
99,	0
100,	6
101,	0
102,	2
103,	2
104,	3
105,	6
106,	1
107,	4
108,	0
109,	0
110,	4
111,	10
112,	2
113,	0
114,	7
115,	3
116,	0
117,	4
118,	0
119,	7
120,	1
121,	4
122,	6
123,	1
124,	1
125,	2
126,	3
127,	5
128,	1
129,	7
130,	0
131,	2
132,	0
133,	1
134,	0
135,	0
136,	2
137,	4
138,	9
139,	2
140,	0
141,	2
142,	3
143,	5
144,	2
145,	1
146,	5
147,	1
148,	3
149,	0
150,	5
151,	2
152,	0
153,	1
154,	1
155,	6
156,	4
157,	1
158,	1
159,	3
160,	4
161,	3
162,	3
163,	7
164,	6
165,	3
166,	0
167,	2
168,	2
169,	2
170,	7
171,	5
172,	2
173,	4
174,	7
175,	0
176,	2
177,	3
178,	6
179,	6
180,	1
181,	2
182,	2
183,	6
184,	1
185,	3
186,	5
187,	0
188,	6
189,	5
190,	6
191,	2
192,	3
193,	2
194,	2
195,	2
196,	2
197,	0
198,	5
199,	3
200,	1
201,	7
202,	4
203,	5
204,	4
205,	3
206,	3
207,	4
208,	1
209,	5
210,	5
211,	2
212,	5
213,	3
214,	5
215,	7
216,	3
217,	2
218,	6
219,	4
220,	7
221,	0
222,	7
223,	5
224,	4
225,	1
226,	3
227,	4
228,	0
229,	3
230,	0
231,	5
232,	5
233,	3
234,	3
235,	1
236,	7
237,	2
238,	1
239,	0
240,	1
241,	1
242,	7
243,	0
244,	6
245,	1
246,	4
247,	2
248,	6
249,	4
250,	1
251,	4
252,	4
253,	4
254,	3
255,	1
256,	10
257,	1
258,	3
259,	0
260,	6
261,	3
262,	4
263,	7
264,	4
265,	1
266,	3
267,	6
268,	6
269,	7
270,	8
271,	3
272,	5
273,	6
274,	11
275,	2
276,	3
277,	2
278,	7
279,	3
280,	2
281,	4
282,	4
283,	5
284,	4
285,	4
286,	3
287,	3
288,	3
289,	2
290,	5
291,	4
292,	6
293,	2
294,	9
295,	3
296,	6
297,	11
298,	2
299,	1
300,	7
301,	1
302,	5
303,	2
304,	0
305,	1
306,	3
307,	7
308,	5
309,	6
310,	5
311,	1
312,	1
313,	8
314,	7
315,	4
316,	6
317,	4
318,	3
319,	5
320,	3
321,	4
322,	7
323,	7
324,	8
325,	5
326,	1
327,	5
328,	6
329,	5
330,	2
331,	6
332,	4
333,	5
334,	9
335,	5
336,	6
337,	8
338,	3
339,	7
340,	4
341,	7
342,	6
343,	4
344,	3
345,	7
346,	3
347,	10
348,	7
349,	6
350,	2
351,	1
352,	10
353,	7
354,	4
355,	4
356,	8
357,	9
358,	7
359,	10
360,	8
361,	5
362,	5
363,	5
364,	9
365,	7
366,	8
367,	3
368,	7
369,	1
370,	4
371,	5
372,	2
373,	5
374,	5
375,	5
376,	6
377,	7
378,	6
379,	4
380,	0
381,	4
382,	3
383,	2
384,	3
385,	5
386,	6
387,	9
388,	5
389,	9
390,	6
391,	5
392,	2
393,	8
394,	9
395,	4
396,	10
397,	0
398,	2
399,	9
400,	6
401,	1
402,	3
403,	4
404,	3
405,	8
406,	4
407,	4
408,	11
409,	9
410,	8
411,	4
412,	5
413,	6
414,	5
415,	8
416,	10
417,	7
418,	7
419,	5
420,	9
421,	7
422,	8
423,	9
424,	9
425,	6
426,	8
427,	6
428,	1
429,	2
430,	10
431,	9
432,	9
433,	4
434,	6
435,	9
436,	5
437,	4
438,	6
439,	6
440,	0
441,	8
442,	10
443,	8
444,	3
445,	10
446,	10
447,	5
448,	4
449,	11
450,	2
451,	0
452,	7
453,	6
454,	4
455,	6
456,	8
457,	8
458,	0
459,	1
460,	10
461,	4
462,	7
463,	8
464,	8
465,	7
466,	8
467,	2
468,	10
469,	6
470,	3
471,	8
472,	7
473,	3
474,	7
475,	8
476,	0
477,	2
478,	5
479,	11
480,	7
481,	4
482,	11
483,	6
484,	9
485,	8
486,	9
487,	7
488,	7
489,	0
490,	6
491,	8
492,	10
493,	3
494,	7
495,	8
496,	10
497,	9
498,	6
499,	3
