Instance: /home/gabriel/Documents/ufrgs/courses/oc/trab/instances/cmb01
Vertices: 500
Colors: 12
NumIterations: 1
Alpha: 0.750000
Is Factible?: false
Conflicts: 6
Solution Value: 154102.390625
Vertex,	Color
0,	7
1,	5
2,	4
3,	2
4,	4
5,	5
6,	2
7,	0
8,	4
9,	0
10,	3
11,	2
12,	2
13,	1
14,	0
15,	0
16,	3
17,	7
18,	2
19,	0
20,	2
21,	0
22,	1
23,	0
24,	0
25,	1
26,	3
27,	1
28,	0
29,	1
30,	1
31,	0
32,	1
33,	1
34,	2
35,	2
36,	0
37,	2
38,	1
39,	6
40,	1
41,	4
42,	5
43,	2
44,	1
45,	4
46,	0
47,	0
48,	7
49,	0
50,	2
51,	0
52,	1
53,	5
54,	2
55,	0
56,	3
57,	1
58,	6
59,	1
60,	3
61,	2
62,	6
63,	2
64,	1
65,	2
66,	1
67,	2
68,	8
69,	5
70,	0
71,	1
72,	4
73,	3
74,	3
75,	0
76,	1
77,	1
78,	2
79,	1
80,	5
81,	5
82,	6
83,	2
84,	1
85,	0
86,	4
87,	0
88,	2
89,	4
90,	0
91,	4
92,	0
93,	4
94,	4
95,	2
96,	1
97,	0
98,	5
99,	3
100,	5
101,	0
102,	5
103,	1
104,	2
105,	4
106,	5
107,	4
108,	0
109,	1
110,	4
111,	3
112,	0
113,	6
114,	3
115,	0
116,	0
117,	4
118,	2
119,	4
120,	1
121,	2
122,	0
123,	5
124,	5
125,	1
126,	4
127,	3
128,	0
129,	6
130,	0
131,	2
132,	0
133,	2
134,	3
135,	0
136,	1
137,	5
138,	2
139,	0
140,	3
141,	0
142,	4
143,	1
144,	1
145,	0
146,	6
147,	1
148,	10
149,	0
150,	3
151,	1
152,	3
153,	1
154,	1
155,	1
156,	1
157,	2
158,	0
159,	3
160,	2
161,	5
162,	7
163,	3
164,	6
165,	5
166,	3
167,	1
168,	3
169,	0
170,	7
171,	2
172,	1
173,	4
174,	2
175,	0
176,	4
177,	0
178,	2
179,	3
180,	1
181,	3
182,	1
183,	5
184,	0
185,	4
186,	3
187,	0
188,	5
189,	4
190,	6
191,	3
192,	1
193,	2
194,	3
195,	1
196,	2
197,	1
198,	4
199,	0
200,	1
201,	4
202,	2
203,	0
204,	3
205,	0
206,	3
207,	8
208,	3
209,	6
210,	4
211,	1
212,	0
213,	2
214,	0
215,	4
216,	3
217,	1
218,	5
219,	3
220,	7
221,	0
222,	3
223,	1
224,	4
225,	0
226,	4
227,	7
228,	0
229,	5
230,	1
231,	7
232,	2
233,	5
234,	1
235,	2
236,	6
237,	5
238,	0
239,	3
240,	0
241,	2
242,	7
243,	2
244,	5
245,	2
246,	4
247,	8
248,	3
249,	4
250,	3
251,	1
252,	3
253,	6
254,	7
255,	0
256,	8
257,	2
258,	4
259,	2
260,	6
261,	4
262,	5
263,	9
264,	3
265,	1
266,	5
267,	4
268,	5
269,	8
270,	8
271,	4
272,	6
273,	6
274,	7
275,	3
276,	8
277,	2
278,	2
279,	2
280,	2
281,	4
282,	6
283,	1
284,	6
285,	3
286,	6
287,	5
288,	4
289,	3
290,	6
291,	3
292,	5
293,	3
294,	2
295,	7
296,	6
297,	0
298,	4
299,	1
300,	1
301,	3
302,	4
303,	4
304,	3
305,	3
306,	2
307,	7
308,	3
309,	6
310,	2
311,	2
312,	1
313,	7
314,	7
315,	5
316,	7
317,	2
318,	2
319,	3
320,	3
321,	7
322,	8
323,	5
324,	6
325,	5
326,	3
327,	2
328,	5
329,	6
330,	0
331,	9
332,	3
333,	6
334,	8
335,	7
336,	7
337,	7
338,	3
339,	6
340,	4
341,	9
342,	6
343,	7
344,	5
345,	7
346,	8
347,	11
348,	7
349,	6
350,	4
351,	0
352,	9
353,	8
354,	4
355,	3
356,	1
357,	8
358,	6
359,	10
360,	7
361,	6
362,	6
363,	6
364,	7
365,	8
366,	6
367,	4
368,	7
369,	7
370,	6
371,	8
372,	4
373,	5
374,	5
375,	5
376,	9
377,	3
378,	5
379,	4
380,	6
381,	1
382,	1
383,	2
384,	6
385,	5
386,	7
387,	10
388,	1
389,	6
390,	7
391,	2
392,	3
393,	9
394,	10
395,	1
396,	8
397,	3
398,	0
399,	8
400,	7
401,	0
402,	8
403,	5
404,	4
405,	9
406,	1
407,	2
408,	11
409,	9
410,	7
411,	4
412,	7
413,	6
414,	10
415,	10
416,	9
417,	5
418,	10
419,	5
420,	2
421,	7
422,	5
423,	9
424,	8
425,	8
426,	10
427,	6
428,	1
429,	0
430,	9
431,	10
432,	0
433,	8
434,	6
435,	10
436,	6
437,	0
438,	7
439,	9
440,	5
441,	9
442,	11
443,	8
444,	2
445,	7
446,	11
447,	4
448,	4
449,	10
450,	2
451,	4
452,	7
453,	10
454,	5
455,	6
456,	9
457,	10
458,	4
459,	11
460,	9
461,	4
462,	8
463,	7
464,	5
465,	4
466,	8
467,	2
468,	6
469,	3
470,	8
471,	10
472,	6
473,	5
474,	6
475,	8
476,	9
477,	0
478,	5
479,	11
480,	10
481,	4
482,	10
483,	6
484,	8
485,	9
486,	5
487,	7
488,	7
489,	0
490,	5
491,	8
492,	11
493,	8
494,	11
495,	9
496,	9
497,	9
498,	5
499,	9
