Instance: /home/gabriel/Documents/ufrgs/courses/oc/trab/instances/cmb01
Vertices: 500
Colors: 12
NumIterations: 2
Alpha: 0.750000
Is Factible?: false
Conflicts: 7
Solution Value: 170149.000000
Vertex,	Color
0,	1
1,	0
2,	3
3,	0
4,	0
5,	0
6,	0
7,	2
8,	2
9,	0
10,	1
11,	0
12,	2
13,	1
14,	0
15,	1
16,	8
17,	1
18,	2
19,	0
20,	6
21,	1
22,	5
23,	3
24,	1
25,	0
26,	1
27,	3
28,	1
29,	2
30,	0
31,	2
32,	0
33,	1
34,	2
35,	5
36,	3
37,	2
38,	0
39,	5
40,	1
41,	3
42,	3
43,	1
44,	0
45,	3
46,	0
47,	4
48,	2
49,	3
50,	1
51,	2
52,	0
53,	0
54,	0
55,	2
56,	1
57,	2
58,	5
59,	1
60,	2
61,	2
62,	0
63,	0
64,	2
65,	1
66,	7
67,	1
68,	7
69,	3
70,	0
71,	2
72,	5
73,	4
74,	0
75,	2
76,	0
77,	11
78,	0
79,	3
80,	0
81,	7
82,	4
83,	3
84,	6
85,	0
86,	2
87,	0
88,	7
89,	3
90,	1
91,	1
92,	1
93,	2
94,	3
95,	1
96,	2
97,	3
98,	6
99,	1
100,	4
101,	0
102,	5
103,	8
104,	2
105,	2
106,	1
107,	4
108,	0
109,	1
110,	3
111,	6
112,	3
113,	0
114,	3
115,	1
116,	0
117,	3
118,	0
119,	5
120,	2
121,	3
122,	3
123,	3
124,	6
125,	2
126,	1
127,	4
128,	0
129,	6
130,	0
131,	2
132,	1
133,	1
134,	2
135,	6
136,	3
137,	1
138,	5
139,	2
140,	1
141,	2
142,	4
143,	1
144,	1
145,	0
146,	3
147,	4
148,	6
149,	3
150,	5
151,	1
152,	7
153,	2
154,	1
155,	4
156,	3
157,	5
158,	1
159,	3
160,	0
161,	2
162,	0
163,	4
164,	5
165,	4
166,	2
167,	0
168,	2
169,	0
170,	8
171,	2
172,	0
173,	2
174,	1
175,	0
176,	1
177,	2
178,	5
179,	4
180,	3
181,	4
182,	4
183,	4
184,	3
185,	2
186,	6
187,	1
188,	1
189,	4
190,	6
191,	1
192,	0
193,	2
194,	4
195,	8
196,	2
197,	0
198,	2
199,	0
200,	0
201,	4
202,	5
203,	3
204,	4
205,	0
206,	1
207,	0
208,	1
209,	3
210,	4
211,	1
212,	4
213,	4
214,	11
215,	3
216,	3
217,	5
218,	6
219,	10
220,	4
221,	0
222,	7
223,	3
224,	6
225,	0
226,	4
227,	7
228,	1
229,	4
230,	3
231,	6
232,	2
233,	5
234,	3
235,	5
236,	0
237,	8
238,	1
239,	6
240,	0
241,	4
242,	7
243,	5
244,	5
245,	2
246,	6
247,	4
248,	5
249,	2
250,	3
251,	5
252,	2
253,	1
254,	6
255,	0
256,	4
257,	2
258,	4
259,	1
260,	3
261,	3
262,	7
263,	9
264,	5
265,	2
266,	2
267,	3
268,	5
269,	7
270,	6
271,	4
272,	6
273,	5
274,	8
275,	1
276,	8
277,	0
278,	1
279,	0
280,	2
281,	2
282,	5
283,	6
284,	2
285,	5
286,	5
287,	6
288,	5
289,	2
290,	5
291,	1
292,	5
293,	7
294,	10
295,	4
296,	6
297,	0
298,	5
299,	5
300,	6
301,	0
302,	7
303,	2
304,	1
305,	6
306,	2
307,	7
308,	3
309,	6
310,	2
311,	5
312,	0
313,	7
314,	7
315,	4
316,	6
317,	1
318,	4
319,	4
320,	4
321,	5
322,	5
323,	6
324,	7
325,	3
326,	1
327,	5
328,	8
329,	6
330,	2
331,	6
332,	3
333,	2
334,	9
335,	6
336,	5
337,	8
338,	4
339,	4
340,	2
341,	7
342,	9
343,	9
344,	1
345,	7
346,	7
347,	10
348,	7
349,	5
350,	0
351,	0
352,	9
353,	7
354,	5
355,	4
356,	7
357,	9
358,	6
359,	0
360,	7
361,	3
362,	0
363,	7
364,	8
365,	9
366,	7
367,	3
368,	7
369,	5
370,	6
371,	4
372,	5
373,	4
374,	4
375,	5
376,	8
377,	7
378,	5
379,	3
380,	8
381,	0
382,	3
383,	2
384,	5
385,	6
386,	8
387,	9
388,	1
389,	8
390,	7
391,	2
392,	3
393,	9
394,	8
395,	2
396,	10
397,	8
398,	1
399,	8
400,	6
401,	1
402,	5
403,	6
404,	5
405,	8
406,	9
407,	5
408,	11
409,	10
410,	5
411,	3
412,	6
413,	4
414,	5
415,	10
416,	8
417,	7
418,	10
419,	7
420,	9
421,	6
422,	8
423,	9
424,	7
425,	7
426,	10
427,	8
428,	0
429,	0
430,	8
431,	7
432,	2
433,	4
434,	7
435,	10
436,	5
437,	0
438,	5
439,	9
440,	1
441,	8
442,	6
443,	3
444,	4
445,	3
446,	10
447,	4
448,	2
449,	9
450,	10
451,	1
452,	7
453,	10
454,	5
455,	6
456,	8
457,	11
458,	0
459,	2
460,	9
461,	4
462,	8
463,	8
464,	6
465,	9
466,	3
467,	3
468,	9
469,	5
470,	8
471,	9
472,	8
473,	1
474,	8
475,	11
476,	6
477,	1
478,	4
479,	11
480,	10
481,	3
482,	10
483,	5
484,	8
485,	11
486,	9
487,	9
488,	6
489,	1
490,	6
491,	9
492,	11
493,	10
494,	7
495,	1
496,	10
497,	4
498,	6
499,	9
