Instance: /home/gabriel/Documents/ufrgs/courses/oc/trab/instances/cmb01
Vertices: 500
Colors: 12
NumIterations: 3
Alpha: 0.750000
Is Factible?: false
Conflicts: 4
Solution Value: 152348.656250
Vertex,	Color
0,	2
1,	2
2,	5
3,	0
4,	0
5,	0
6,	2
7,	2
8,	0
9,	4
10,	2
11,	0
12,	2
13,	2
14,	0
15,	1
16,	9
17,	2
18,	1
19,	0
20,	1
21,	1
22,	4
23,	4
24,	0
25,	2
26,	1
27,	2
28,	6
29,	0
30,	0
31,	2
32,	1
33,	4
34,	3
35,	1
36,	0
37,	0
38,	1
39,	7
40,	0
41,	4
42,	1
43,	1
44,	0
45,	1
46,	2
47,	0
48,	2
49,	1
50,	0
51,	2
52,	0
53,	4
54,	1
55,	0
56,	2
57,	6
58,	0
59,	0
60,	2
61,	2
62,	0
63,	1
64,	3
65,	0
66,	0
67,	1
68,	4
69,	1
70,	4
71,	0
72,	0
73,	3
74,	5
75,	2
76,	2
77,	1
78,	1
79,	9
80,	0
81,	5
82,	0
83,	1
84,	2
85,	0
86,	5
87,	0
88,	4
89,	4
90,	2
91,	0
92,	0
93,	0
94,	1
95,	5
96,	3
97,	3
98,	9
99,	0
100,	6
101,	0
102,	0
103,	5
104,	1
105,	3
106,	2
107,	4
108,	1
109,	3
110,	5
111,	2
112,	0
113,	4
114,	4
115,	1
116,	1
117,	10
118,	3
119,	8
120,	1
121,	1
122,	1
123,	1
124,	1
125,	2
126,	2
127,	6
128,	4
129,	6
130,	1
131,	2
132,	0
133,	0
134,	3
135,	1
136,	5
137,	11
138,	3
139,	1
140,	1
141,	0
142,	3
143,	2
144,	3
145,	2
146,	6
147,	0
148,	6
149,	0
150,	5
151,	0
152,	6
153,	0
154,	5
155,	3
156,	5
157,	1
158,	3
159,	3
160,	3
161,	6
162,	6
163,	6
164,	5
165,	5
166,	0
167,	2
168,	3
169,	1
170,	3
171,	2
172,	1
173,	4
174,	1
175,	0
176,	2
177,	7
178,	3
179,	4
180,	4
181,	0
182,	3
183,	4
184,	2
185,	0
186,	7
187,	0
188,	2
189,	4
190,	4
191,	2
192,	3
193,	3
194,	1
195,	4
196,	2
197,	3
198,	6
199,	1
200,	0
201,	4
202,	4
203,	6
204,	1
205,	1
206,	3
207,	5
208,	7
209,	2
210,	3
211,	2
212,	8
213,	3
214,	4
215,	3
216,	1
217,	5
218,	4
219,	8
220,	7
221,	2
222,	6
223,	4
224,	5
225,	0
226,	5
227,	3
228,	0
229,	3
230,	3
231,	2
232,	6
233,	5
234,	3
235,	1
236,	7
237,	3
238,	1
239,	3
240,	0
241,	0
242,	6
243,	5
244,	7
245,	0
246,	4
247,	2
248,	8
249,	0
250,	1
251,	4
252,	3
253,	3
254,	3
255,	0
256,	2
257,	1
258,	4
259,	1
260,	6
261,	3
262,	5
263,	4
264,	3
265,	4
266,	6
267,	4
268,	6
269,	5
270,	7
271,	2
272,	5
273,	5
274,	6
275,	4
276,	5
277,	4
278,	7
279,	3
280,	1
281,	2
282,	6
283,	6
284,	5
285,	3
286,	4
287,	5
288,	1
289,	3
290,	0
291,	4
292,	5
293,	3
294,	7
295,	3
296,	6
297,	0
298,	4
299,	1
300,	3
301,	1
302,	4
303,	3
304,	1
305,	1
306,	1
307,	7
308,	4
309,	7
310,	7
311,	0
312,	2
313,	5
314,	6
315,	7
316,	10
317,	2
318,	1
319,	2
320,	3
321,	4
322,	7
323,	5
324,	7
325,	4
326,	3
327,	3
328,	5
329,	6
330,	0
331,	6
332,	4
333,	2
334,	7
335,	6
336,	1
337,	7
338,	6
339,	6
340,	4
341,	8
342,	5
343,	9
344,	2
345,	7
346,	7
347,	8
348,	7
349,	6
350,	1
351,	1
352,	10
353,	7
354,	3
355,	4
356,	8
357,	8
358,	6
359,	10
360,	8
361,	2
362,	1
363,	0
364,	9
365,	9
366,	7
367,	3
368,	9
369,	3
370,	4
371,	2
372,	2
373,	6
374,	4
375,	2
376,	8
377,	6
378,	5
379,	3
380,	8
381,	4
382,	2
383,	4
384,	5
385,	6
386,	9
387,	8
388,	5
389,	6
390,	6
391,	2
392,	4
393,	8
394,	10
395,	5
396,	9
397,	8
398,	0
399,	9
400,	7
401,	0
402,	7
403,	5
404,	5
405,	9
406,	0
407,	3
408,	2
409,	8
410,	8
411,	4
412,	4
413,	5
414,	8
415,	11
416,	5
417,	4
418,	8
419,	4
420,	1
421,	6
422,	5
423,	3
424,	8
425,	7
426,	10
427,	6
428,	6
429,	7
430,	9
431,	5
432,	10
433,	5
434,	6
435,	9
436,	5
437,	6
438,	7
439,	8
440,	3
441,	6
442,	2
443,	9
444,	3
445,	7
446,	11
447,	5
448,	2
449,	11
450,	1
451,	3
452,	7
453,	7
454,	3
455,	6
456,	8
457,	11
458,	0
459,	11
460,	10
461,	4
462,	8
463,	7
464,	5
465,	7
466,	10
467,	1
468,	1
469,	3
470,	5
471,	9
472,	7
473,	5
474,	8
475,	10
476,	7
477,	3
478,	5
479,	11
480,	9
481,	4
482,	9
483,	4
484,	8
485,	10
486,	8
487,	8
488,	7
489,	7
490,	5
491,	9
492,	11
493,	7
494,	6
495,	9
496,	9
497,	6
498,	6
499,	9
