Instance: /home/gabriel/Documents/ufrgs/courses/oc/trab/instances/cmb01
Vertices: 500
Colors: 12
NumIterations: 3
Alpha: 0.750000
Is Factible?: false
Conflicts: 4
Solution Value: 150945.109375
Vertex,	Color
0,	6
1,	0
2,	4
3,	3
4,	1
5,	0
6,	0
7,	0
8,	2
9,	1
10,	2
11,	1
12,	2
13,	0
14,	2
15,	5
16,	2
17,	3
18,	2
19,	3
20,	1
21,	1
22,	5
23,	8
24,	0
25,	3
26,	2
27,	2
28,	1
29,	1
30,	0
31,	3
32,	3
33,	0
34,	5
35,	6
36,	3
37,	3
38,	2
39,	9
40,	1
41,	3
42,	2
43,	1
44,	0
45,	0
46,	2
47,	0
48,	4
49,	3
50,	0
51,	2
52,	0
53,	1
54,	1
55,	0
56,	2
57,	1
58,	1
59,	1
60,	0
61,	10
62,	2
63,	2
64,	0
65,	1
66,	1
67,	0
68,	6
69,	5
70,	5
71,	0
72,	6
73,	2
74,	1
75,	0
76,	3
77,	1
78,	1
79,	0
80,	1
81,	8
82,	1
83,	0
84,	0
85,	3
86,	3
87,	0
88,	0
89,	6
90,	3
91,	3
92,	2
93,	2
94,	7
95,	1
96,	0
97,	1
98,	4
99,	1
100,	8
101,	0
102,	2
103,	5
104,	1
105,	4
106,	3
107,	3
108,	0
109,	0
110,	11
111,	4
112,	1
113,	9
114,	0
115,	1
116,	0
117,	5
118,	9
119,	6
120,	0
121,	3
122,	1
123,	5
124,	5
125,	0
126,	1
127,	8
128,	1
129,	4
130,	3
131,	3
132,	11
133,	0
134,	2
135,	2
136,	2
137,	4
138,	2
139,	1
140,	0
141,	2
142,	3
143,	4
144,	3
145,	3
146,	4
147,	0
148,	1
149,	1
150,	4
151,	5
152,	2
153,	0
154,	3
155,	5
156,	2
157,	4
158,	1
159,	3
160,	2
161,	0
162,	11
163,	7
164,	6
165,	3
166,	0
167,	1
168,	6
169,	1
170,	7
171,	1
172,	0
173,	0
174,	5
175,	1
176,	1
177,	3
178,	4
179,	2
180,	4
181,	2
182,	4
183,	0
184,	4
185,	4
186,	2
187,	0
188,	0
189,	5
190,	7
191,	0
192,	1
193,	1
194,	3
195,	5
196,	3
197,	2
198,	2
199,	4
200,	0
201,	5
202,	4
203,	6
204,	5
205,	1
206,	0
207,	4
208,	3
209,	7
210,	2
211,	0
212,	8
213,	1
214,	0
215,	2
216,	5
217,	4
218,	6
219,	1
220,	4
221,	0
222,	7
223,	2
224,	4
225,	1
226,	5
227,	6
228,	0
229,	3
230,	4
231,	5
232,	1
233,	6
234,	0
235,	3
236,	9
237,	8
238,	1
239,	3
240,	2
241,	5
242,	6
243,	2
244,	7
245,	1
246,	7
247,	4
248,	6
249,	0
250,	2
251,	2
252,	2
253,	6
254,	7
255,	1
256,	3
257,	0
258,	4
259,	2
260,	6
261,	2
262,	4
263,	0
264,	4
265,	0
266,	3
267,	8
268,	6
269,	5
270,	7
271,	3
272,	7
273,	6
274,	1
275,	0
276,	7
277,	5
278,	3
279,	1
280,	1
281,	3
282,	6
283,	4
284,	5
285,	4
286,	5
287,	6
288,	4
289,	1
290,	5
291,	2
292,	5
293,	2
294,	11
295,	1
296,	6
297,	6
298,	1
299,	0
300,	5
301,	1
302,	5
303,	3
304,	2
305,	4
306,	2
307,	7
308,	4
309,	6
310,	8
311,	1
312,	3
313,	7
314,	6
315,	3
316,	6
317,	1
318,	2
319,	3
320,	1
321,	6
322,	9
323,	5
324,	7
325,	5
326,	0
327,	4
328,	3
329,	6
330,	1
331,	8
332,	4
333,	7
334,	8
335,	4
336,	4
337,	8
338,	4
339,	3
340,	5
341,	3
342,	4
343,	5
344,	1
345,	7
346,	8
347,	3
348,	7
349,	6
350,	5
351,	2
352,	10
353,	7
354,	3
355,	4
356,	6
357,	7
358,	4
359,	10
360,	5
361,	3
362,	4
363,	7
364,	8
365,	5
366,	7
367,	4
368,	8
369,	3
370,	7
371,	7
372,	7
373,	6
374,	3
375,	5
376,	7
377,	5
378,	5
379,	2
380,	6
381,	1
382,	2
383,	3
384,	4
385,	6
386,	1
387,	8
388,	4
389,	8
390,	7
391,	4
392,	4
393,	9
394,	8
395,	2
396,	10
397,	2
398,	2
399,	9
400,	6
401,	0
402,	7
403,	4
404,	4
405,	9
406,	6
407,	4
408,	9
409,	9
410,	6
411,	5
412,	5
413,	6
414,	6
415,	10
416,	9
417,	5
418,	10
419,	1
420,	1
421,	6
422,	7
423,	3
424,	6
425,	5
426,	9
427,	7
428,	6
429,	6
430,	9
431,	7
432,	1
433,	4
434,	5
435,	7
436,	5
437,	2
438,	4
439,	6
440,	0
441,	8
442,	0
443,	6
444,	2
445,	9
446,	10
447,	3
448,	3
449,	9
450,	10
451,	3
452,	7
453,	10
454,	4
455,	6
456,	9
457,	11
458,	2
459,	9
460,	10
461,	3
462,	5
463,	7
464,	6
465,	7
466,	9
467,	4
468,	10
469,	5
470,	3
471,	9
472,	7
473,	6
474,	8
475,	9
476,	9
477,	2
478,	9
479,	11
480,	10
481,	5
482,	11
483,	5
484,	7
485,	10
486,	9
487,	9
488,	6
489,	7
490,	5
491,	9
492,	10
493,	9
494,	8
495,	7
496,	9
497,	9
498,	1
499,	9
