Instance: /home/gabriel/Documents/ufrgs/courses/oc/trab/instances/cmb01
Vertices: 500
Colors: 12
NumIterations: 1
Alpha: 0.750000
Is Factible?: false
Conflicts: 5
Solution Value: 154163.187500
Vertex,	Color
0,	0
1,	0
2,	1
3,	0
4,	3
5,	2
6,	0
7,	1
8,	3
9,	1
10,	3
11,	3
12,	0
13,	6
14,	4
15,	3
16,	3
17,	1
18,	10
19,	4
20,	0
21,	0
22,	3
23,	4
24,	1
25,	0
26,	3
27,	4
28,	3
29,	2
30,	1
31,	0
32,	2
33,	1
34,	4
35,	1
36,	1
37,	1
38,	2
39,	2
40,	1
41,	5
42,	0
43,	5
44,	1
45,	1
46,	0
47,	3
48,	8
49,	1
50,	6
51,	2
52,	2
53,	1
54,	0
55,	0
56,	3
57,	0
58,	2
59,	2
60,	4
61,	2
62,	4
63,	1
64,	0
65,	2
66,	2
67,	1
68,	2
69,	0
70,	3
71,	2
72,	4
73,	1
74,	0
75,	0
76,	2
77,	7
78,	1
79,	5
80,	7
81,	7
82,	11
83,	5
84,	2
85,	2
86,	5
87,	4
88,	0
89,	8
90,	4
91,	3
92,	2
93,	2
94,	9
95,	3
96,	6
97,	1
98,	11
99,	3
100,	4
101,	6
102,	3
103,	5
104,	3
105,	4
106,	4
107,	3
108,	1
109,	2
110,	0
111,	11
112,	0
113,	3
114,	4
115,	3
116,	0
117,	5
118,	0
119,	6
120,	2
121,	0
122,	3
123,	2
124,	4
125,	0
126,	3
127,	0
128,	1
129,	3
130,	0
131,	2
132,	1
133,	2
134,	0
135,	0
136,	5
137,	4
138,	6
139,	3
140,	1
141,	3
142,	1
143,	5
144,	3
145,	0
146,	3
147,	2
148,	0
149,	3
150,	6
151,	1
152,	0
153,	2
154,	1
155,	5
156,	0
157,	1
158,	2
159,	1
160,	4
161,	2
162,	1
163,	5
164,	6
165,	5
166,	4
167,	0
168,	1
169,	2
170,	1
171,	0
172,	3
173,	0
174,	2
175,	2
176,	2
177,	0
178,	4
179,	3
180,	7
181,	3
182,	1
183,	10
184,	1
185,	4
186,	1
187,	1
188,	0
189,	5
190,	4
191,	11
192,	1
193,	1
194,	2
195,	2
196,	1
197,	4
198,	8
199,	0
200,	1
201,	4
202,	5
203,	5
204,	5
205,	0
206,	1
207,	2
208,	1
209,	5
210,	1
211,	3
212,	8
213,	5
214,	5
215,	3
216,	2
217,	1
218,	4
219,	4
220,	6
221,	0
222,	8
223,	6
224,	4
225,	0
226,	5
227,	2
228,	2
229,	0
230,	2
231,	6
232,	6
233,	5
234,	1
235,	1
236,	6
237,	3
238,	2
239,	1
240,	3
241,	6
242,	6
243,	1
244,	8
245,	2
246,	3
247,	5
248,	7
249,	2
250,	3
251,	8
252,	3
253,	0
254,	6
255,	7
256,	1
257,	1
258,	4
259,	9
260,	2
261,	3
262,	7
263,	3
264,	4
265,	1
266,	3
267,	8
268,	7
269,	9
270,	4
271,	3
272,	2
273,	6
274,	5
275,	1
276,	0
277,	6
278,	4
279,	0
280,	0
281,	3
282,	7
283,	6
284,	2
285,	4
286,	5
287,	6
288,	2
289,	5
290,	0
291,	5
292,	5
293,	2
294,	0
295,	2
296,	7
297,	1
298,	3
299,	5
300,	2
301,	0
302,	5
303,	4
304,	3
305,	6
306,	4
307,	7
308,	3
309,	7
310,	7
311,	2
312,	2
313,	8
314,	6
315,	5
316,	4
317,	2
318,	4
319,	2
320,	3
321,	4
322,	10
323,	6
324,	6
325,	5
326,	1
327,	4
328,	7
329,	6
330,	0
331,	6
332,	3
333,	6
334,	9
335,	5
336,	2
337,	9
338,	5
339,	1
340,	3
341,	6
342,	7
343,	9
344,	4
345,	2
346,	7
347,	4
348,	7
349,	6
350,	3
351,	4
352,	8
353,	7
354,	2
355,	4
356,	6
357,	8
358,	4
359,	7
360,	8
361,	4
362,	3
363,	7
364,	8
365,	8
366,	6
367,	5
368,	7
369,	5
370,	9
371,	3
372,	0
373,	5
374,	4
375,	5
376,	6
377,	4
378,	6
379,	3
380,	2
381,	3
382,	2
383,	3
384,	1
385,	6
386,	9
387,	8
388,	5
389,	7
390,	7
391,	0
392,	3
393,	9
394,	10
395,	0
396,	7
397,	7
398,	4
399,	9
400,	6
401,	1
402,	0
403,	4
404,	5
405,	9
406,	1
407,	1
408,	10
409,	4
410,	5
411,	4
412,	4
413,	5
414,	6
415,	3
416,	9
417,	4
418,	8
419,	5
420,	9
421,	6
422,	5
423,	10
424,	8
425,	7
426,	8
427,	7
428,	5
429,	3
430,	10
431,	8
432,	2
433,	5
434,	6
435,	9
436,	5
437,	3
438,	7
439,	6
440,	1
441,	9
442,	4
443,	2
444,	3
445,	8
446,	10
447,	1
448,	3
449,	9
450,	10
451,	4
452,	7
453,	7
454,	4
455,	6
456,	8
457,	11
458,	3
459,	10
460,	11
461,	3
462,	8
463,	7
464,	7
465,	8
466,	4
467,	4
468,	7
469,	5
470,	5
471,	9
472,	7
473,	1
474,	8
475,	11
476,	9
477,	2
478,	7
479,	11
480,	10
481,	4
482,	10
483,	5
484,	8
485,	1
486,	8
487,	8
488,	0
489,	4
490,	4
491,	9
492,	10
493,	6
494,	7
495,	7
496,	10
497,	8
498,	6
499,	6
