Instance: /home/gabriel/Documents/ufrgs/courses/oc/trab/instances/cmb01
Vertices: 500
Colors: 12
NumIterations: 3
Alpha: 0.750000
Is Factible?: false
Conflicts: 6
Solution Value: 166062.000000
Vertex,	Color
0,	6
1,	0
2,	2
3,	3
4,	2
5,	0
6,	1
7,	0
8,	3
9,	1
10,	0
11,	0
12,	1
13,	2
14,	0
15,	1
16,	4
17,	2
18,	2
19,	7
20,	4
21,	0
22,	3
23,	0
24,	0
25,	3
26,	5
27,	6
28,	0
29,	0
30,	0
31,	0
32,	2
33,	0
34,	5
35,	6
36,	1
37,	0
38,	2
39,	7
40,	0
41,	1
42,	3
43,	0
44,	4
45,	4
46,	1
47,	1
48,	2
49,	0
50,	0
51,	0
52,	4
53,	0
54,	4
55,	1
56,	2
57,	0
58,	2
59,	0
60,	0
61,	1
62,	2
63,	2
64,	2
65,	1
66,	0
67,	6
68,	7
69,	5
70,	5
71,	1
72,	5
73,	3
74,	0
75,	0
76,	2
77,	3
78,	0
79,	11
80,	3
81,	3
82,	5
83,	4
84,	4
85,	3
86,	3
87,	3
88,	1
89,	5
90,	2
91,	1
92,	1
93,	2
94,	6
95,	3
96,	6
97,	1
98,	11
99,	2
100,	1
101,	4
102,	0
103,	0
104,	0
105,	4
106,	2
107,	3
108,	1
109,	3
110,	0
111,	8
112,	5
113,	6
114,	1
115,	4
116,	1
117,	5
118,	0
119,	1
120,	0
121,	4
122,	0
123,	3
124,	6
125,	2
126,	2
127,	5
128,	3
129,	7
130,	0
131,	2
132,	8
133,	1
134,	1
135,	1
136,	3
137,	2
138,	4
139,	0
140,	0
141,	4
142,	1
143,	2
144,	6
145,	4
146,	4
147,	4
148,	3
149,	1
150,	3
151,	2
152,	0
153,	1
154,	0
155,	1
156,	4
157,	3
158,	1
159,	0
160,	4
161,	4
162,	3
163,	4
164,	6
165,	5
166,	1
167,	0
168,	0
169,	5
170,	5
171,	1
172,	3
173,	0
174,	2
175,	0
176,	2
177,	9
178,	2
179,	1
180,	3
181,	3
182,	7
183,	1
184,	4
185,	5
186,	5
187,	0
188,	1
189,	4
190,	4
191,	5
192,	2
193,	0
194,	5
195,	2
196,	2
197,	2
198,	3
199,	2
200,	1
201,	6
202,	5
203,	0
204,	7
205,	2
206,	1
207,	3
208,	0
209,	1
210,	2
211,	5
212,	8
213,	4
214,	7
215,	3
216,	2
217,	6
218,	5
219,	5
220,	7
221,	2
222,	4
223,	3
224,	3
225,	4
226,	6
227,	10
228,	1
229,	4
230,	2
231,	3
232,	4
233,	3
234,	2
235,	4
236,	9
237,	3
238,	2
239,	3
240,	0
241,	1
242,	5
243,	2
244,	7
245,	2
246,	3
247,	2
248,	1
249,	1
250,	2
251,	2
252,	7
253,	1
254,	6
255,	3
256,	1
257,	2
258,	1
259,	2
260,	3
261,	3
262,	3
263,	0
264,	4
265,	2
266,	5
267,	4
268,	6
269,	7
270,	8
271,	5
272,	6
273,	6
274,	9
275,	0
276,	4
277,	2
278,	6
279,	0
280,	0
281,	3
282,	6
283,	3
284,	7
285,	4
286,	2
287,	3
288,	2
289,	4
290,	1
291,	1
292,	4
293,	2
294,	9
295,	3
296,	7
297,	6
298,	4
299,	0
300,	2
301,	1
302,	6
303,	2
304,	0
305,	5
306,	3
307,	6
308,	2
309,	6
310,	6
311,	4
312,	1
313,	5
314,	5
315,	5
316,	6
317,	1
318,	1
319,	2
320,	4
321,	6
322,	8
323,	7
324,	7
325,	5
326,	4
327,	6
328,	5
329,	6
330,	3
331,	8
332,	4
333,	7
334,	8
335,	0
336,	5
337,	9
338,	4
339,	7
340,	5
341,	9
342,	6
343,	2
344,	0
345,	6
346,	7
347,	9
348,	7
349,	6
350,	3
351,	5
352,	10
353,	7
354,	4
355,	2
356,	7
357,	8
358,	5
359,	1
360,	7
361,	5
362,	5
363,	7
364,	9
365,	8
366,	7
367,	4
368,	6
369,	5
370,	8
371,	4
372,	3
373,	4
374,	3
375,	2
376,	8
377,	4
378,	6
379,	6
380,	8
381,	2
382,	2
383,	3
384,	4
385,	5
386,	7
387,	8
388,	7
389,	5
390,	6
391,	1
392,	5
393,	9
394,	8
395,	4
396,	11
397,	9
398,	0
399,	8
400,	8
401,	0
402,	8
403,	5
404,	4
405,	9
406,	7
407,	2
408,	10
409,	10
410,	8
411,	6
412,	4
413,	6
414,	5
415,	10
416,	9
417,	7
418,	9
419,	5
420,	10
421,	6
422,	7
423,	10
424,	7
425,	5
426,	4
427,	8
428,	7
429,	7
430,	9
431,	5
432,	0
433,	5
434,	5
435,	6
436,	6
437,	3
438,	2
439,	7
440,	0
441,	9
442,	1
443,	7
444,	4
445,	8
446,	10
447,	6
448,	3
449,	11
450,	10
451,	5
452,	7
453,	10
454,	4
455,	8
456,	8
457,	11
458,	3
459,	10
460,	10
461,	4
462,	1
463,	9
464,	4
465,	7
466,	9
467,	2
468,	8
469,	3
470,	8
471,	9
472,	8
473,	5
474,	8
475,	11
476,	9
477,	2
478,	8
479,	10
480,	8
481,	5
482,	10
483,	4
484,	8
485,	8
486,	5
487,	9
488,	7
489,	5
490,	6
491,	9
492,	11
493,	11
494,	9
495,	8
496,	10
497,	4
498,	6
499,	9
