Instance: /home/gabriel/Documents/ufrgs/courses/oc/trab/instances/cmb01
Vertices: 500
Colors: 12
NumIterations: 100
Alpha: 0.650000
Is Factible?: false
Conflicts: 2
Solution Value: 150810.031250
Vertex,	Color
0,	7
1,	3
2,	6
3,	1
4,	1
5,	0
6,	4
7,	0
8,	0
9,	3
10,	0
11,	1
12,	0
13,	3
14,	4
15,	0
16,	6
17,	1
18,	3
19,	1
20,	4
21,	2
22,	8
23,	5
24,	1
25,	0
26,	6
27,	0
28,	6
29,	0
30,	0
31,	0
32,	3
33,	0
34,	7
35,	3
36,	0
37,	1
38,	2
39,	10
40,	2
41,	3
42,	2
43,	0
44,	1
45,	0
46,	2
47,	7
48,	6
49,	5
50,	1
51,	1
52,	1
53,	1
54,	3
55,	0
56,	0
57,	1
58,	4
59,	0
60,	4
61,	1
62,	1
63,	1
64,	2
65,	6
66,	0
67,	1
68,	4
69,	1
70,	0
71,	0
72,	2
73,	4
74,	4
75,	0
76,	3
77,	4
78,	0
79,	7
80,	6
81,	6
82,	1
83,	0
84,	0
85,	0
86,	2
87,	0
88,	0
89,	0
90,	4
91,	8
92,	2
93,	3
94,	5
95,	1
96,	1
97,	4
98,	1
99,	6
100,	0
101,	4
102,	2
103,	7
104,	0
105,	5
106,	0
107,	5
108,	1
109,	0
110,	6
111,	11
112,	1
113,	4
114,	5
115,	1
116,	0
117,	1
118,	0
119,	3
120,	2
121,	2
122,	1
123,	2
124,	2
125,	1
126,	4
127,	6
128,	2
129,	3
130,	5
131,	0
132,	2
133,	1
134,	2
135,	5
136,	2
137,	8
138,	11
139,	0
140,	0
141,	0
142,	1
143,	10
144,	3
145,	2
146,	4
147,	6
148,	8
149,	0
150,	1
151,	10
152,	3
153,	0
154,	1
155,	2
156,	3
157,	4
158,	3
159,	2
160,	3
161,	3
162,	2
163,	6
164,	2
165,	3
166,	3
167,	0
168,	2
169,	4
170,	2
171,	5
172,	1
173,	4
174,	3
175,	1
176,	3
177,	3
178,	4
179,	5
180,	3
181,	0
182,	5
183,	3
184,	3
185,	2
186,	4
187,	0
188,	4
189,	5
190,	8
191,	11
192,	4
193,	0
194,	0
195,	5
196,	0
197,	2
198,	0
199,	3
200,	0
201,	3
202,	7
203,	1
204,	1
205,	3
206,	2
207,	4
208,	6
209,	3
210,	3
211,	5
212,	0
213,	6
214,	0
215,	1
216,	2
217,	1
218,	5
219,	0
220,	7
221,	0
222,	6
223,	2
224,	5
225,	0
226,	4
227,	2
228,	3
229,	7
230,	4
231,	4
232,	6
233,	4
234,	1
235,	2
236,	7
237,	4
238,	1
239,	0
240,	2
241,	2
242,	7
243,	1
244,	7
245,	2
246,	1
247,	5
248,	6
249,	3
250,	1
251,	4
252,	7
253,	2
254,	3
255,	2
256,	1
257,	1
258,	2
259,	2
260,	5
261,	3
262,	2
263,	10
264,	5
265,	1
266,	4
267,	5
268,	5
269,	4
270,	8
271,	4
272,	1
273,	4
274,	7
275,	1
276,	9
277,	5
278,	8
279,	1
280,	2
281,	2
282,	6
283,	6
284,	4
285,	5
286,	1
287,	5
288,	1
289,	4
290,	6
291,	3
292,	4
293,	2
294,	5
295,	1
296,	7
297,	2
298,	3
299,	2
300,	1
301,	1
302,	4
303,	4
304,	0
305,	3
306,	1
307,	7
308,	5
309,	7
310,	4
311,	2
312,	2
313,	8
314,	3
315,	2
316,	5
317,	2
318,	3
319,	1
320,	2
321,	3
322,	8
323,	7
324,	6
325,	4
326,	2
327,	4
328,	8
329,	5
330,	1
331,	5
332,	3
333,	0
334,	7
335,	6
336,	2
337,	9
338,	2
339,	7
340,	6
341,	7
342,	3
343,	8
344,	4
345,	5
346,	9
347,	0
348,	7
349,	1
350,	4
351,	3
352,	9
353,	6
354,	4
355,	6
356,	5
357,	8
358,	5
359,	9
360,	8
361,	6
362,	2
363,	8
364,	10
365,	9
366,	3
367,	3
368,	7
369,	6
370,	2
371,	6
372,	4
373,	6
374,	2
375,	5
376,	9
377,	7
378,	5
379,	5
380,	7
381,	2
382,	2
383,	3
384,	4
385,	4
386,	5
387,	8
388,	9
389,	7
390,	6
391,	4
392,	5
393,	9
394,	0
395,	3
396,	8
397,	8
398,	3
399,	9
400,	7
401,	6
402,	1
403,	4
404,	4
405,	9
406,	4
407,	3
408,	11
409,	7
410,	6
411,	1
412,	5
413,	6
414,	11
415,	5
416,	9
417,	4
418,	11
419,	4
420,	10
421,	6
422,	8
423,	9
424,	8
425,	7
426,	0
427,	5
428,	0
429,	6
430,	9
431,	7
432,	6
433,	6
434,	7
435,	10
436,	6
437,	3
438,	6
439,	9
440,	3
441,	9
442,	11
443,	9
444,	3
445,	8
446,	10
447,	2
448,	5
449,	9
450,	8
451,	1
452,	7
453,	2
454,	4
455,	5
456,	9
457,	10
458,	10
459,	8
460,	9
461,	5
462,	7
463,	7
464,	3
465,	5
466,	10
467,	1
468,	10
469,	3
470,	8
471,	9
472,	7
473,	4
474,	8
475,	8
476,	9
477,	2
478,	6
479,	11
480,	6
481,	4
482,	11
483,	6
484,	8
485,	7
486,	8
487,	8
488,	7
489,	7
490,	4
491,	7
492,	11
493,	8
494,	6
495,	6
496,	10
497,	5
498,	0
499,	5
