Instance: /home/gabriel/Documents/ufrgs/courses/oc/trab/instances/cmb01
Vertices: 500
Colors: 12
NumIterations: 10
Alpha: 0.750000
Is Factible?: false
Conflicts: 2
Solution Value: 147847.984375
Vertex,	Color
0,	5
1,	0
2,	3
3,	2
4,	6
5,	0
6,	0
7,	0
8,	2
9,	0
10,	4
11,	3
12,	1
13,	6
14,	1
15,	1
16,	0
17,	7
18,	11
19,	0
20,	0
21,	1
22,	1
23,	3
24,	0
25,	1
26,	1
27,	0
28,	3
29,	0
30,	0
31,	2
32,	2
33,	0
34,	2
35,	3
36,	1
37,	0
38,	3
39,	3
40,	0
41,	4
42,	2
43,	0
44,	0
45,	0
46,	1
47,	4
48,	2
49,	3
50,	0
51,	4
52,	0
53,	2
54,	3
55,	0
56,	4
57,	2
58,	0
59,	0
60,	2
61,	1
62,	0
63,	0
64,	0
65,	1
66,	0
67,	2
68,	0
69,	1
70,	4
71,	1
72,	3
73,	0
74,	5
75,	2
76,	3
77,	7
78,	1
79,	2
80,	7
81,	1
82,	1
83,	0
84,	3
85,	4
86,	3
87,	2
88,	4
89,	10
90,	1
91,	1
92,	0
93,	6
94,	6
95,	5
96,	3
97,	1
98,	2
99,	3
100,	4
101,	0
102,	5
103,	5
104,	3
105,	6
106,	1
107,	4
108,	2
109,	0
110,	3
111,	2
112,	1
113,	2
114,	2
115,	1
116,	1
117,	6
118,	0
119,	6
120,	0
121,	0
122,	1
123,	0
124,	0
125,	6
126,	4
127,	7
128,	2
129,	5
130,	0
131,	3
132,	1
133,	1
134,	2
135,	3
136,	3
137,	10
138,	11
139,	2
140,	0
141,	3
142,	2
143,	1
144,	6
145,	4
146,	5
147,	2
148,	7
149,	1
150,	4
151,	3
152,	3
153,	1
154,	6
155,	1
156,	6
157,	0
158,	4
159,	3
160,	2
161,	7
162,	7
163,	5
164,	6
165,	4
166,	1
167,	0
168,	2
169,	1
170,	5
171,	4
172,	0
173,	0
174,	1
175,	10
176,	3
177,	4
178,	6
179,	4
180,	1
181,	2
182,	3
183,	0
184,	2
185,	2
186,	2
187,	1
188,	4
189,	4
190,	6
191,	2
192,	2
193,	3
194,	1
195,	6
196,	3
197,	3
198,	0
199,	3
200,	0
201,	2
202,	1
203,	5
204,	2
205,	3
206,	2
207,	0
208,	4
209,	1
210,	3
211,	3
212,	9
213,	2
214,	5
215,	2
216,	3
217,	5
218,	5
219,	3
220,	7
221,	3
222,	5
223,	2
224,	4
225,	0
226,	4
227,	5
228,	1
229,	7
230,	6
231,	4
232,	9
233,	5
234,	3
235,	7
236,	8
237,	4
238,	1
239,	3
240,	1
241,	1
242,	7
243,	0
244,	6
245,	1
246,	5
247,	4
248,	6
249,	0
250,	2
251,	3
252,	3
253,	5
254,	4
255,	5
256,	1
257,	0
258,	2
259,	0
260,	4
261,	2
262,	5
263,	0
264,	5
265,	3
266,	4
267,	9
268,	4
269,	5
270,	9
271,	4
272,	1
273,	5
274,	5
275,	2
276,	5
277,	6
278,	6
279,	1
280,	2
281,	3
282,	5
283,	6
284,	7
285,	5
286,	2
287,	3
288,	2
289,	4
290,	4
291,	5
292,	7
293,	5
294,	6
295,	3
296,	6
297,	1
298,	2
299,	3
300,	1
301,	0
302,	5
303,	4
304,	4
305,	4
306,	2
307,	7
308,	3
309,	6
310,	8
311,	1
312,	2
313,	7
314,	7
315,	7
316,	4
317,	1
318,	1
319,	3
320,	3
321,	5
322,	7
323,	7
324,	7
325,	5
326,	3
327,	5
328,	4
329,	5
330,	1
331,	6
332,	3
333,	5
334,	8
335,	7
336,	0
337,	9
338,	6
339,	6
340,	3
341,	8
342,	5
343,	6
344,	2
345,	5
346,	9
347,	9
348,	7
349,	6
350,	0
351,	0
352,	10
353,	7
354,	4
355,	8
356,	6
357,	8
358,	4
359,	8
360,	7
361,	6
362,	5
363,	7
364,	5
365,	8
366,	7
367,	4
368,	6
369,	4
370,	2
371,	1
372,	2
373,	2
374,	4
375,	4
376,	8
377,	6
378,	8
379,	5
380,	9
381,	2
382,	2
383,	3
384,	3
385,	5
386,	8
387,	8
388,	7
389,	8
390,	7
391,	4
392,	5
393,	7
394,	10
395,	5
396,	8
397,	2
398,	3
399,	8
400,	8
401,	0
402,	2
403,	5
404,	6
405,	9
406,	7
407,	0
408,	11
409,	10
410,	7
411,	5
412,	6
413,	6
414,	6
415,	9
416,	9
417,	6
418,	10
419,	4
420,	10
421,	5
422,	6
423,	4
424,	8
425,	7
426,	9
427,	6
428,	0
429,	7
430,	9
431,	9
432,	0
433,	7
434,	6
435,	8
436,	4
437,	3
438,	4
439,	6
440,	1
441,	3
442,	3
443,	2
444,	3
445,	5
446,	10
447,	2
448,	5
449,	6
450,	11
451,	4
452,	7
453,	9
454,	4
455,	7
456,	9
457,	9
458,	4
459,	10
460,	8
461,	3
462,	8
463,	8
464,	7
465,	10
466,	7
467,	4
468,	9
469,	6
470,	3
471,	9
472,	7
473,	2
474,	8
475,	9
476,	9
477,	2
478,	7
479,	11
480,	9
481,	5
482,	10
483,	4
484,	8
485,	8
486,	3
487,	9
488,	5
489,	1
490,	5
491,	9
492,	11
493,	9
494,	7
495,	10
496,	11
497,	8
498,	5
499,	3
