Instance: /home/gabriel/Documents/ufrgs/courses/oc/trab/instances/cmb01
Vertices: 500
Colors: 12
NumIterations: 3
Alpha: 0.750000
Is Factible?: false
Conflicts: 12
Solution Value: 163010.000000
Vertex,	Color
0,	2
1,	1
2,	5
3,	0
4,	3
5,	0
6,	4
7,	1
8,	0
9,	3
10,	1
11,	0
12,	0
13,	6
14,	1
15,	2
16,	2
17,	1
18,	7
19,	2
20,	0
21,	0
22,	3
23,	1
24,	2
25,	0
26,	0
27,	2
28,	1
29,	2
30,	2
31,	2
32,	1
33,	1
34,	5
35,	0
36,	3
37,	0
38,	5
39,	4
40,	1
41,	0
42,	4
43,	2
44,	1
45,	3
46,	0
47,	1
48,	0
49,	1
50,	2
51,	2
52,	1
53,	0
54,	0
55,	5
56,	5
57,	2
58,	1
59,	1
60,	2
61,	0
62,	0
63,	0
64,	2
65,	5
66,	1
67,	4
68,	1
69,	0
70,	8
71,	2
72,	0
73,	4
74,	5
75,	2
76,	5
77,	1
78,	6
79,	2
80,	4
81,	4
82,	0
83,	5
84,	1
85,	1
86,	4
87,	7
88,	2
89,	8
90,	2
91,	2
92,	0
93,	0
94,	5
95,	0
96,	1
97,	2
98,	0
99,	0
100,	0
101,	1
102,	1
103,	2
104,	2
105,	7
106,	3
107,	4
108,	2
109,	0
110,	0
111,	6
112,	3
113,	8
114,	2
115,	1
116,	3
117,	8
118,	3
119,	3
120,	1
121,	0
122,	3
123,	3
124,	3
125,	1
126,	1
127,	6
128,	2
129,	3
130,	2
131,	2
132,	7
133,	1
134,	0
135,	3
136,	1
137,	7
138,	3
139,	2
140,	1
141,	2
142,	0
143,	5
144,	0
145,	0
146,	2
147,	2
148,	10
149,	0
150,	6
151,	1
152,	2
153,	2
154,	1
155,	6
156,	1
157,	5
158,	2
159,	3
160,	2
161,	4
162,	4
163,	2
164,	6
165,	4
166,	3
167,	1
168,	0
169,	3
170,	4
171,	2
172,	0
173,	4
174,	3
175,	1
176,	1
177,	8
178,	5
179,	6
180,	4
181,	1
182,	6
183,	9
184,	1
185,	0
186,	1
187,	1
188,	4
189,	7
190,	4
191,	2
192,	4
193,	3
194,	3
195,	1
196,	2
197,	2
198,	3
199,	3
200,	1
201,	4
202,	1
203,	3
204,	3
205,	3
206,	1
207,	7
208,	3
209,	3
210,	1
211,	0
212,	6
213,	0
214,	4
215,	4
216,	1
217,	7
218,	3
219,	6
220,	4
221,	0
222,	7
223,	4
224,	3
225,	2
226,	6
227,	5
228,	0
229,	5
230,	4
231,	4
232,	9
233,	5
234,	0
235,	4
236,	3
237,	2
238,	1
239,	0
240,	1
241,	5
242,	6
243,	3
244,	7
245,	0
246,	4
247,	5
248,	5
249,	3
250,	2
251,	4
252,	6
253,	0
254,	5
255,	1
256,	5
257,	0
258,	4
259,	1
260,	4
261,	3
262,	4
263,	9
264,	2
265,	0
266,	0
267,	8
268,	8
269,	8
270,	7
271,	4
272,	7
273,	5
274,	5
275,	0
276,	2
277,	2
278,	6
279,	1
280,	2
281,	1
282,	7
283,	3
284,	7
285,	2
286,	5
287,	5
288,	2
289,	0
290,	2
291,	1
292,	6
293,	2
294,	3
295,	4
296,	7
297,	5
298,	5
299,	1
300,	3
301,	0
302,	4
303,	5
304,	1
305,	6
306,	2
307,	7
308,	3
309,	6
310,	7
311,	3
312,	0
313,	8
314,	6
315,	9
316,	4
317,	3
318,	3
319,	4
320,	5
321,	2
322,	3
323,	6
324,	9
325,	4
326,	1
327,	0
328,	6
329,	6
330,	2
331,	6
332,	3
333,	5
334,	9
335,	2
336,	8
337,	8
338,	5
339,	6
340,	5
341,	3
342,	5
343,	9
344,	2
345,	5
346,	8
347,	11
348,	7
349,	2
350,	5
351,	6
352,	10
353,	8
354,	4
355,	6
356,	9
357,	9
358,	4
359,	10
360,	7
361,	6
362,	1
363,	7
364,	5
365,	7
366,	4
367,	5
368,	7
369,	3
370,	7
371,	6
372,	4
373,	9
374,	4
375,	5
376,	6
377,	8
378,	5
379,	3
380,	9
381,	2
382,	3
383,	2
384,	5
385,	6
386,	9
387,	7
388,	4
389,	7
390,	7
391,	2
392,	5
393,	8
394,	10
395,	6
396,	0
397,	8
398,	1
399,	8
400,	7
401,	7
402,	6
403,	6
404,	5
405,	9
406,	3
407,	5
408,	11
409,	6
410,	9
411,	3
412,	7
413,	6
414,	6
415,	0
416,	10
417,	7
418,	11
419,	7
420,	9
421,	6
422,	8
423,	10
424,	6
425,	7
426,	10
427,	4
428,	1
429,	3
430,	10
431,	6
432,	10
433,	6
434,	6
435,	6
436,	7
437,	3
438,	7
439,	7
440,	1
441,	8
442,	4
443,	8
444,	4
445,	8
446,	10
447,	3
448,	5
449,	9
450,	10
451,	11
452,	6
453,	10
454,	4
455,	6
456,	8
457,	11
458,	3
459,	11
460,	10
461,	3
462,	9
463,	8
464,	3
465,	4
466,	3
467,	4
468,	10
469,	5
470,	4
471,	8
472,	7
473,	1
474,	8
475,	8
476,	9
477,	0
478,	8
479,	11
480,	10
481,	3
482,	11
483,	5
484,	9
485,	7
486,	9
487,	8
488,	4
489,	0
490,	4
491,	9
492,	11
493,	9
494,	11
495,	6
496,	10
497,	8
498,	7
499,	5
