Instance: /home/gabriel/Documents/ufrgs/courses/oc/trab/instances/cmb01
Vertices: 500
Colors: 12
NumIterations: 1000
Alpha: 0.850000
Is Factible?: false
Conflicts: 3
Solution Value: 142935.468750
Vertex,	Color
0,	9
1,	0
2,	0
3,	0
4,	3
5,	0
6,	0
7,	1
8,	1
9,	0
10,	4
11,	0
12,	1
13,	1
14,	2
15,	2
16,	2
17,	2
18,	9
19,	6
20,	0
21,	1
22,	1
23,	2
24,	0
25,	1
26,	0
27,	2
28,	0
29,	1
30,	0
31,	0
32,	2
33,	2
34,	4
35,	1
36,	3
37,	2
38,	2
39,	4
40,	1
41,	2
42,	1
43,	5
44,	0
45,	0
46,	0
47,	2
48,	5
49,	2
50,	1
51,	0
52,	0
53,	1
54,	0
55,	0
56,	1
57,	5
58,	2
59,	1
60,	0
61,	5
62,	0
63,	2
64,	2
65,	1
66,	1
67,	2
68,	0
69,	1
70,	3
71,	1
72,	3
73,	0
74,	2
75,	0
76,	1
77,	0
78,	2
79,	1
80,	3
81,	1
82,	3
83,	6
84,	1
85,	3
86,	2
87,	2
88,	3
89,	5
90,	3
91,	3
92,	0
93,	1
94,	1
95,	1
96,	5
97,	2
98,	7
99,	5
100,	1
101,	0
102,	2
103,	4
104,	1
105,	4
106,	3
107,	5
108,	0
109,	1
110,	0
111,	11
112,	0
113,	8
114,	3
115,	2
116,	0
117,	7
118,	0
119,	5
120,	3
121,	2
122,	2
123,	3
124,	3
125,	1
126,	1
127,	1
128,	0
129,	4
130,	0
131,	3
132,	3
133,	0
134,	5
135,	3
136,	3
137,	7
138,	2
139,	1
140,	1
141,	0
142,	5
143,	0
144,	4
145,	1
146,	4
147,	3
148,	6
149,	0
150,	5
151,	4
152,	1
153,	1
154,	1
155,	1
156,	0
157,	0
158,	3
159,	3
160,	2
161,	4
162,	8
163,	5
164,	6
165,	4
166,	0
167,	0
168,	4
169,	2
170,	8
171,	3
172,	2
173,	0
174,	2
175,	3
176,	1
177,	6
178,	5
179,	2
180,	7
181,	1
182,	4
183,	6
184,	4
185,	4
186,	2
187,	0
188,	4
189,	6
190,	4
191,	1
192,	0
193,	2
194,	3
195,	3
196,	3
197,	2
198,	0
199,	3
200,	0
201,	6
202,	4
203,	6
204,	5
205,	1
206,	2
207,	0
208,	3
209,	3
210,	4
211,	1
212,	9
213,	4
214,	5
215,	6
216,	2
217,	2
218,	6
219,	9
220,	7
221,	0
222,	5
223,	3
224,	3
225,	0
226,	4
227,	5
228,	1
229,	5
230,	2
231,	4
232,	6
233,	5
234,	2
235,	6
236,	6
237,	4
238,	2
239,	3
240,	2
241,	0
242,	7
243,	6
244,	8
245,	0
246,	5
247,	3
248,	7
249,	2
250,	3
251,	1
252,	5
253,	5
254,	8
255,	3
256,	1
257,	0
258,	4
259,	1
260,	6
261,	2
262,	3
263,	10
264,	4
265,	2
266,	5
267,	4
268,	4
269,	10
270,	7
271,	5
272,	9
273,	2
274,	6
275,	1
276,	8
277,	3
278,	6
279,	2
280,	2
281,	4
282,	6
283,	3
284,	7
285,	4
286,	5
287,	5
288,	1
289,	4
290,	0
291,	1
292,	6
293,	6
294,	2
295,	3
296,	6
297,	3
298,	4
299,	3
300,	3
301,	2
302,	6
303,	3
304,	1
305,	5
306,	2
307,	7
308,	3
309,	6
310,	6
311,	3
312,	2
313,	8
314,	7
315,	5
316,	6
317,	4
318,	3
319,	3
320,	4
321,	5
322,	7
323,	5
324,	6
325,	5
326,	2
327,	4
328,	4
329,	6
330,	0
331,	6
332,	5
333,	7
334,	9
335,	5
336,	4
337,	8
338,	8
339,	7
340,	5
341,	6
342,	6
343,	7
344,	2
345,	7
346,	4
347,	9
348,	7
349,	6
350,	6
351,	3
352,	9
353,	7
354,	4
355,	4
356,	8
357,	7
358,	5
359,	4
360,	7
361,	6
362,	4
363,	7
364,	6
365,	7
366,	6
367,	3
368,	7
369,	3
370,	8
371,	4
372,	4
373,	4
374,	4
375,	6
376,	8
377,	5
378,	5
379,	6
380,	5
381,	2
382,	1
383,	3
384,	5
385,	4
386,	2
387,	8
388,	8
389,	9
390,	7
391,	3
392,	5
393,	7
394,	10
395,	5
396,	9
397,	8
398,	4
399,	8
400,	6
401,	0
402,	4
403,	4
404,	5
405,	9
406,	7
407,	4
408,	11
409,	9
410,	5
411,	5
412,	8
413,	6
414,	10
415,	2
416,	9
417,	5
418,	9
419,	6
420,	9
421,	6
422,	8
423,	10
424,	7
425,	7
426,	10
427,	7
428,	0
429,	4
430,	10
431,	6
432,	10
433,	5
434,	6
435,	10
436,	5
437,	3
438,	4
439,	8
440,	0
441,	8
442,	11
443,	1
444,	3
445,	7
446,	10
447,	3
448,	4
449,	9
450,	10
451,	1
452,	7
453,	9
454,	4
455,	6
456,	9
457,	11
458,	4
459,	11
460,	10
461,	3
462,	8
463,	7
464,	5
465,	7
466,	9
467,	5
468,	6
469,	6
470,	8
471,	9
472,	7
473,	2
474,	8
475,	11
476,	9
477,	2
478,	7
479,	11
480,	9
481,	5
482,	9
483,	5
484,	8
485,	8
486,	7
487,	8
488,	7
489,	1
490,	5
491,	9
492,	11
493,	11
494,	6
495,	8
496,	9
497,	9
498,	6
499,	9
