Instance: /home/gabriel/Documents/ufrgs/courses/oc/trab/instances/cmb01
Vertices: 500
Colors: 12
NumIterations: 2
Alpha: 0.750000
Is Factible?: false
Conflicts: 5
Solution Value: 151664.015625
Vertex,	Color
0,	2
1,	5
2,	0
3,	0
4,	3
5,	3
6,	2
7,	0
8,	3
9,	1
10,	3
11,	1
12,	2
13,	1
14,	1
15,	1
16,	3
17,	4
18,	1
19,	2
20,	7
21,	1
22,	3
23,	4
24,	0
25,	1
26,	0
27,	0
28,	2
29,	2
30,	0
31,	3
32,	1
33,	0
34,	1
35,	7
36,	0
37,	6
38,	2
39,	8
40,	1
41,	0
42,	2
43,	1
44,	0
45,	3
46,	0
47,	0
48,	3
49,	2
50,	2
51,	4
52,	0
53,	1
54,	2
55,	0
56,	4
57,	4
58,	5
59,	1
60,	4
61,	0
62,	0
63,	0
64,	2
65,	2
66,	1
67,	4
68,	5
69,	2
70,	3
71,	1
72,	7
73,	0
74,	3
75,	2
76,	3
77,	6
78,	1
79,	9
80,	3
81,	8
82,	8
83,	0
84,	1
85,	1
86,	0
87,	3
88,	1
89,	9
90,	4
91,	1
92,	0
93,	1
94,	0
95,	3
96,	3
97,	1
98,	2
99,	7
100,	0
101,	0
102,	4
103,	9
104,	1
105,	2
106,	2
107,	3
108,	0
109,	3
110,	0
111,	2
112,	3
113,	3
114,	4
115,	5
116,	0
117,	9
118,	2
119,	6
120,	2
121,	5
122,	5
123,	6
124,	6
125,	5
126,	4
127,	8
128,	1
129,	7
130,	3
131,	2
132,	4
133,	1
134,	2
135,	0
136,	4
137,	2
138,	1
139,	5
140,	1
141,	5
142,	2
143,	5
144,	5
145,	3
146,	6
147,	5
148,	6
149,	1
150,	3
151,	1
152,	7
153,	1
154,	0
155,	5
156,	1
157,	0
158,	2
159,	0
160,	0
161,	1
162,	4
163,	5
164,	6
165,	8
166,	2
167,	1
168,	5
169,	3
170,	8
171,	2
172,	1
173,	1
174,	2
175,	1
176,	2
177,	3
178,	4
179,	5
180,	2
181,	1
182,	2
183,	5
184,	0
185,	2
186,	5
187,	0
188,	1
189,	5
190,	5
191,	1
192,	1
193,	1
194,	4
195,	0
196,	3
197,	2
198,	10
199,	4
200,	0
201,	4
202,	0
203,	4
204,	6
205,	2
206,	1
207,	1
208,	7
209,	2
210,	0
211,	2
212,	6
213,	4
214,	4
215,	4
216,	4
217,	0
218,	5
219,	7
220,	6
221,	0
222,	7
223,	1
224,	4
225,	2
226,	6
227,	3
228,	2
229,	3
230,	3
231,	7
232,	4
233,	3
234,	0
235,	3
236,	5
237,	0
238,	1
239,	0
240,	1
241,	1
242,	7
243,	4
244,	5
245,	1
246,	3
247,	6
248,	6
249,	0
250,	0
251,	3
252,	1
253,	4
254,	0
255,	8
256,	2
257,	0
258,	4
259,	1
260,	4
261,	4
262,	2
263,	10
264,	3
265,	0
266,	6
267,	3
268,	5
269,	4
270,	7
271,	5
272,	7
273,	5
274,	9
275,	0
276,	7
277,	3
278,	8
279,	0
280,	1
281,	4
282,	4
283,	7
284,	6
285,	3
286,	0
287,	2
288,	2
289,	5
290,	1
291,	4
292,	6
293,	1
294,	0
295,	4
296,	6
297,	1
298,	3
299,	2
300,	0
301,	2
302,	4
303,	2
304,	2
305,	5
306,	3
307,	6
308,	0
309,	6
310,	8
311,	2
312,	0
313,	8
314,	7
315,	6
316,	4
317,	2
318,	1
319,	2
320,	3
321,	4
322,	6
323,	7
324,	7
325,	5
326,	1
327,	6
328,	9
329,	6
330,	2
331,	5
332,	3
333,	5
334,	9
335,	2
336,	3
337,	6
338,	5
339,	5
340,	4
341,	4
342,	3
343,	8
344,	2
345,	8
346,	6
347,	2
348,	7
349,	0
350,	1
351,	2
352,	10
353,	7
354,	2
355,	5
356,	8
357,	8
358,	5
359,	1
360,	7
361,	6
362,	5
363,	6
364,	9
365,	6
366,	7
367,	4
368,	8
369,	3
370,	6
371,	6
372,	4
373,	7
374,	3
375,	5
376,	7
377,	8
378,	7
379,	4
380,	6
381,	2
382,	1
383,	3
384,	5
385,	5
386,	9
387,	9
388,	6
389,	7
390,	6
391,	0
392,	4
393,	8
394,	7
395,	6
396,	9
397,	9
398,	1
399,	8
400,	7
401,	6
402,	7
403,	7
404,	5
405,	8
406,	3
407,	1
408,	11
409,	9
410,	4
411,	2
412,	5
413,	4
414,	5
415,	3
416,	3
417,	4
418,	10
419,	7
420,	10
421,	4
422,	5
423,	4
424,	8
425,	6
426,	1
427,	8
428,	0
429,	3
430,	10
431,	6
432,	10
433,	6
434,	3
435,	7
436,	6
437,	3
438,	6
439,	10
440,	0
441,	9
442,	2
443,	1
444,	4
445,	4
446,	10
447,	3
448,	4
449,	1
450,	10
451,	0
452,	7
453,	10
454,	4
455,	7
456,	9
457,	11
458,	6
459,	11
460,	10
461,	6
462,	8
463,	8
464,	6
465,	7
466,	9
467,	3
468,	5
469,	7
470,	8
471,	7
472,	8
473,	1
474,	8
475,	11
476,	9
477,	2
478,	6
479,	10
480,	10
481,	3
482,	10
483,	6
484,	8
485,	8
486,	7
487,	9
488,	4
489,	3
490,	6
491,	9
492,	11
493,	11
494,	8
495,	6
496,	9
497,	6
498,	6
499,	9
