Instance: /home/gabriel/Documents/ufrgs/courses/oc/trab/instances/cmb01
Vertices: 500
Colors: 12
NumIterations: 3
Alpha: 0.750000
Is Factible?: false
Conflicts: 5
Solution Value: 148822.062500
Vertex,	Color
0,	5
1,	0
2,	0
3,	0
4,	9
5,	1
6,	1
7,	2
8,	0
9,	3
10,	1
11,	0
12,	1
13,	0
14,	5
15,	6
16,	2
17,	2
18,	2
19,	0
20,	0
21,	0
22,	5
23,	7
24,	0
25,	3
26,	4
27,	2
28,	3
29,	0
30,	0
31,	0
32,	2
33,	2
34,	3
35,	0
36,	2
37,	4
38,	4
39,	5
40,	2
41,	1
42,	6
43,	1
44,	3
45,	1
46,	1
47,	6
48,	0
49,	1
50,	3
51,	0
52,	4
53,	7
54,	0
55,	0
56,	1
57,	2
58,	3
59,	0
60,	0
61,	0
62,	4
63,	0
64,	3
65,	1
66,	0
67,	3
68,	2
69,	0
70,	3
71,	1
72,	0
73,	2
74,	7
75,	0
76,	3
77,	1
78,	1
79,	0
80,	3
81,	2
82,	6
83,	1
84,	1
85,	0
86,	2
87,	7
88,	1
89,	0
90,	3
91,	3
92,	0
93,	1
94,	9
95,	1
96,	2
97,	3
98,	6
99,	1
100,	0
101,	1
102,	1
103,	3
104,	2
105,	2
106,	3
107,	3
108,	3
109,	2
110,	2
111,	9
112,	0
113,	3
114,	0
115,	4
116,	0
117,	3
118,	3
119,	5
120,	2
121,	1
122,	0
123,	1
124,	1
125,	4
126,	2
127,	8
128,	2
129,	5
130,	1
131,	2
132,	4
133,	0
134,	3
135,	0
136,	2
137,	4
138,	2
139,	0
140,	1
141,	3
142,	2
143,	10
144,	2
145,	4
146,	3
147,	6
148,	7
149,	1
150,	5
151,	9
152,	0
153,	2
154,	3
155,	1
156,	2
157,	0
158,	2
159,	3
160,	5
161,	3
162,	5
163,	4
164,	6
165,	4
166,	0
167,	2
168,	6
169,	0
170,	4
171,	3
172,	2
173,	0
174,	1
175,	3
176,	2
177,	7
178,	4
179,	2
180,	5
181,	3
182,	4
183,	6
184,	4
185,	4
186,	1
187,	0
188,	3
189,	4
190,	4
191,	2
192,	2
193,	2
194,	2
195,	3
196,	2
197,	3
198,	2
199,	4
200,	1
201,	6
202,	4
203,	0
204,	6
205,	4
206,	1
207,	1
208,	0
209,	2
210,	4
211,	0
212,	8
213,	1
214,	1
215,	5
216,	4
217,	2
218,	6
219,	1
220,	4
221,	0
222,	7
223,	5
224,	3
225,	0
226,	3
227,	10
228,	0
229,	4
230,	1
231,	6
232,	0
233,	7
234,	2
235,	5
236,	3
237,	7
238,	2
239,	1
240,	4
241,	0
242,	7
243,	5
244,	7
245,	0
246,	3
247,	4
248,	1
249,	3
250,	1
251,	5
252,	1
253,	2
254,	7
255,	3
256,	4
257,	2
258,	4
259,	2
260,	5
261,	3
262,	4
263,	10
264,	3
265,	2
266,	4
267,	7
268,	5
269,	10
270,	6
271,	4
272,	6
273,	2
274,	7
275,	2
276,	7
277,	5
278,	4
279,	2
280,	2
281,	4
282,	6
283,	2
284,	5
285,	3
286,	0
287,	2
288,	3
289,	1
290,	0
291,	1
292,	5
293,	1
294,	9
295,	3
296,	7
297,	8
298,	2
299,	4
300,	2
301,	1
302,	3
303,	2
304,	1
305,	4
306,	1
307,	7
308,	3
309,	6
310,	5
311,	3
312,	2
313,	7
314,	7
315,	5
316,	6
317,	0
318,	3
319,	4
320,	4
321,	5
322,	5
323,	5
324,	6
325,	5
326,	6
327,	4
328,	10
329,	5
330,	0
331,	5
332,	4
333,	3
334,	8
335,	7
336,	7
337,	8
338,	4
339,	4
340,	8
341,	4
342,	1
343,	5
344,	7
345,	3
346,	8
347,	8
348,	7
349,	7
350,	4
351,	3
352,	10
353,	9
354,	4
355,	6
356,	8
357,	7
358,	7
359,	0
360,	7
361,	5
362,	2
363,	8
364,	7
365,	8
366,	3
367,	5
368,	6
369,	7
370,	6
371,	4
372,	6
373,	6
374,	3
375,	5
376,	7
377,	8
378,	6
379,	5
380,	1
381,	3
382,	2
383,	3
384,	4
385,	6
386,	7
387,	8
388,	6
389,	7
390,	6
391,	3
392,	5
393,	6
394,	9
395,	2
396,	8
397,	10
398,	2
399,	8
400,	7
401,	0
402,	7
403,	5
404,	4
405,	10
406,	4
407,	3
408,	11
409,	7
410,	5
411,	1
412,	4
413,	7
414,	4
415,	11
416,	7
417,	4
418,	10
419,	5
420,	9
421,	5
422,	7
423,	5
424,	8
425,	6
426,	8
427,	7
428,	7
429,	4
430,	9
431,	7
432,	3
433,	7
434,	7
435,	6
436,	5
437,	4
438,	7
439,	8
440,	10
441,	9
442,	9
443,	0
444,	3
445,	9
446,	11
447,	7
448,	4
449,	8
450,	1
451,	4
452,	8
453,	8
454,	4
455,	5
456,	8
457,	11
458,	0
459,	11
460,	10
461,	2
462,	9
463,	7
464,	5
465,	8
466,	8
467,	3
468,	7
469,	4
470,	8
471,	6
472,	7
473,	7
474,	7
475,	9
476,	8
477,	0
478,	5
479,	11
480,	7
481,	4
482,	10
483,	7
484,	8
485,	9
486,	6
487,	8
488,	7
489,	0
490,	7
491,	8
492,	11
493,	9
494,	8
495,	7
496,	9
497,	6
498,	7
499,	6
