Instance: /home/gabriel/Documents/ufrgs/courses/oc/trab/instances/cmb01
Vertices: 500
Colors: 12
NumIterations: 500
Alpha: 0.850000
Is Factible?: false
Conflicts: 1
Solution Value: 160335.390625
Vertex,	Color
0,	7
1,	2
2,	0
3,	0
4,	0
5,	1
6,	1
7,	1
8,	0
9,	0
10,	4
11,	1
12,	1
13,	0
14,	1
15,	1
16,	3
17,	2
18,	3
19,	3
20,	0
21,	0
22,	2
23,	5
24,	0
25,	1
26,	0
27,	1
28,	1
29,	0
30,	0
31,	3
32,	2
33,	1
34,	4
35,	0
36,	0
37,	1
38,	2
39,	6
40,	1
41,	5
42,	0
43,	3
44,	1
45,	2
46,	1
47,	3
48,	0
49,	1
50,	4
51,	2
52,	1
53,	1
54,	0
55,	0
56,	1
57,	2
58,	2
59,	0
60,	2
61,	0
62,	0
63,	0
64,	2
65,	0
66,	0
67,	3
68,	4
69,	1
70,	3
71,	2
72,	1
73,	0
74,	2
75,	0
76,	2
77,	2
78,	0
79,	5
80,	3
81,	0
82,	0
83,	0
84,	1
85,	2
86,	3
87,	5
88,	4
89,	10
90,	3
91,	3
92,	2
93,	4
94,	3
95,	1
96,	1
97,	4
98,	0
99,	1
100,	11
101,	4
102,	4
103,	5
104,	0
105,	3
106,	1
107,	3
108,	1
109,	2
110,	0
111,	0
112,	0
113,	3
114,	0
115,	1
116,	0
117,	8
118,	3
119,	1
120,	2
121,	5
122,	5
123,	1
124,	1
125,	1
126,	2
127,	7
128,	2
129,	4
130,	3
131,	2
132,	1
133,	0
134,	2
135,	0
136,	2
137,	0
138,	2
139,	1
140,	1
141,	5
142,	3
143,	2
144,	4
145,	0
146,	5
147,	2
148,	9
149,	0
150,	6
151,	4
152,	0
153,	2
154,	2
155,	1
156,	0
157,	3
158,	2
159,	3
160,	5
161,	6
162,	9
163,	5
164,	6
165,	6
166,	1
167,	0
168,	4
169,	2
170,	7
171,	3
172,	2
173,	3
174,	3
175,	1
176,	2
177,	7
178,	5
179,	3
180,	3
181,	1
182,	4
183,	5
184,	0
185,	3
186,	1
187,	0
188,	3
189,	5
190,	7
191,	2
192,	2
193,	2
194,	4
195,	4
196,	2
197,	2
198,	3
199,	2
200,	2
201,	3
202,	4
203,	1
204,	5
205,	2
206,	1
207,	4
208,	2
209,	1
210,	1
211,	2
212,	6
213,	4
214,	2
215,	2
216,	4
217,	2
218,	5
219,	6
220,	6
221,	0
222,	5
223,	4
224,	3
225,	0
226,	4
227,	6
228,	1
229,	3
230,	2
231,	6
232,	5
233,	5
234,	0
235,	7
236,	5
237,	7
238,	7
239,	1
240,	1
241,	0
242,	6
243,	6
244,	7
245,	3
246,	5
247,	5
248,	6
249,	0
250,	3
251,	5
252,	6
253,	4
254,	9
255,	4
256,	4
257,	0
258,	3
259,	1
260,	6
261,	3
262,	5
263,	10
264,	5
265,	0
266,	6
267,	5
268,	7
269,	4
270,	6
271,	4
272,	6
273,	10
274,	7
275,	1
276,	7
277,	8
278,	8
279,	2
280,	0
281,	4
282,	7
283,	2
284,	6
285,	5
286,	0
287,	4
288,	4
289,	3
290,	3
291,	1
292,	6
293,	3
294,	2
295,	2
296,	8
297,	4
298,	2
299,	2
300,	2
301,	1
302,	3
303,	2
304,	1
305,	6
306,	2
307,	7
308,	3
309,	6
310,	3
311,	4
312,	2
313,	7
314,	6
315,	5
316,	7
317,	2
318,	3
319,	1
320,	4
321,	5
322,	8
323,	6
324,	8
325,	5
326,	4
327,	4
328,	6
329,	6
330,	0
331,	6
332,	4
333,	6
334,	8
335,	7
336,	6
337,	9
338,	4
339,	7
340,	4
341,	5
342,	4
343,	6
344,	5
345,	7
346,	8
347,	11
348,	7
349,	0
350,	6
351,	0
352,	9
353,	8
354,	4
355,	5
356,	4
357,	8
358,	5
359,	8
360,	3
361,	6
362,	4
363,	7
364,	7
365,	9
366,	8
367,	5
368,	7
369,	6
370,	5
371,	1
372,	6
373,	8
374,	4
375,	7
376,	8
377,	8
378,	7
379,	3
380,	1
381,	3
382,	2
383,	3
384,	2
385,	6
386,	8
387,	9
388,	2
389,	7
390,	8
391,	0
392,	5
393,	8
394,	9
395,	5
396,	10
397,	2
398,	1
399,	7
400,	6
401,	7
402,	7
403,	4
404,	6
405,	10
406,	3
407,	4
408,	11
409,	4
410,	7
411,	3
412,	7
413,	7
414,	10
415,	9
416,	10
417,	5
418,	10
419,	3
420,	9
421,	5
422,	6
423,	9
424,	8
425,	7
426,	10
427,	6
428,	5
429,	2
430,	9
431,	6
432,	8
433,	5
434,	5
435,	6
436,	6
437,	2
438,	6
439,	9
440,	1
441,	7
442,	0
443,	6
444,	3
445,	8
446,	11
447,	3
448,	4
449,	9
450,	8
451,	1
452,	6
453,	5
454,	4
455,	6
456,	8
457,	9
458,	3
459,	11
460,	9
461,	2
462,	8
463,	7
464,	8
465,	3
466,	5
467,	3
468,	9
469,	4
470,	3
471,	9
472,	7
473,	5
474,	9
475,	11
476,	5
477,	2
478,	7
479,	11
480,	9
481,	4
482,	10
483,	5
484,	9
485,	5
486,	6
487,	8
488,	5
489,	4
490,	4
491,	10
492,	11
493,	10
494,	7
495,	9
496,	10
497,	9
498,	5
499,	4
