Instance: /home/gabriel/Documents/ufrgs/courses/oc/trab/instances/cmb01
Vertices: 500
Colors: 12
NumIterations: 2
Alpha: 0.750000
Is Factible?: false
Conflicts: 4
Solution Value: 150879.796875
Vertex,	Color
0,	0
1,	0
2,	1
3,	0
4,	2
5,	0
6,	0
7,	0
8,	5
9,	0
10,	1
11,	4
12,	0
13,	2
14,	5
15,	1
16,	1
17,	4
18,	1
19,	2
20,	0
21,	0
22,	0
23,	3
24,	2
25,	0
26,	6
27,	4
28,	2
29,	0
30,	0
31,	2
32,	1
33,	2
34,	3
35,	0
36,	1
37,	0
38,	2
39,	3
40,	3
41,	4
42,	0
43,	4
44,	1
45,	0
46,	2
47,	2
48,	1
49,	3
50,	0
51,	2
52,	1
53,	2
54,	2
55,	0
56,	1
57,	7
58,	4
59,	0
60,	2
61,	1
62,	10
63,	1
64,	3
65,	3
66,	0
67,	1
68,	7
69,	5
70,	0
71,	0
72,	10
73,	2
74,	3
75,	0
76,	0
77,	8
78,	0
79,	0
80,	6
81,	3
82,	1
83,	4
84,	0
85,	0
86,	3
87,	1
88,	3
89,	2
90,	2
91,	1
92,	2
93,	7
94,	2
95,	0
96,	1
97,	2
98,	1
99,	6
100,	5
101,	4
102,	3
103,	0
104,	0
105,	2
106,	3
107,	1
108,	1
109,	0
110,	3
111,	6
112,	0
113,	0
114,	4
115,	1
116,	1
117,	2
118,	0
119,	5
120,	5
121,	4
122,	1
123,	1
124,	1
125,	1
126,	4
127,	3
128,	0
129,	3
130,	0
131,	2
132,	5
133,	0
134,	5
135,	1
136,	3
137,	8
138,	4
139,	0
140,	1
141,	0
142,	7
143,	8
144,	7
145,	3
146,	3
147,	2
148,	8
149,	2
150,	4
151,	7
152,	0
153,	0
154,	2
155,	4
156,	1
157,	1
158,	2
159,	2
160,	3
161,	5
162,	3
163,	5
164,	6
165,	4
166,	0
167,	0
168,	7
169,	2
170,	5
171,	2
172,	0
173,	5
174,	1
175,	1
176,	3
177,	5
178,	4
179,	6
180,	2
181,	2
182,	1
183,	0
184,	2
185,	4
186,	4
187,	0
188,	8
189,	4
190,	4
191,	8
192,	6
193,	4
194,	1
195,	2
196,	2
197,	3
198,	7
199,	2
200,	1
201,	4
202,	6
203,	1
204,	8
205,	2
206,	1
207,	6
208,	0
209,	4
210,	1
211,	0
212,	9
213,	3
214,	2
215,	1
216,	4
217,	1
218,	6
219,	8
220,	7
221,	0
222,	7
223,	2
224,	4
225,	0
226,	5
227,	4
228,	2
229,	3
230,	3
231,	5
232,	6
233,	5
234,	1
235,	2
236,	3
237,	4
238,	1
239,	3
240,	3
241,	0
242,	6
243,	1
244,	7
245,	4
246,	5
247,	7
248,	5
249,	2
250,	1
251,	5
252,	3
253,	3
254,	3
255,	3
256,	5
257,	1
258,	4
259,	3
260,	4
261,	3
262,	6
263,	0
264,	5
265,	1
266,	4
267,	1
268,	6
269,	4
270,	8
271,	4
272,	8
273,	9
274,	6
275,	1
276,	4
277,	6
278,	3
279,	6
280,	0
281,	2
282,	7
283,	2
284,	4
285,	5
286,	1
287,	5
288,	4
289,	1
290,	4
291,	4
292,	6
293,	3
294,	5
295,	1
296,	6
297,	5
298,	1
299,	4
300,	2
301,	1
302,	4
303,	4
304,	1
305,	2
306,	1
307,	7
308,	4
309,	6
310,	5
311,	3
312,	2
313,	7
314,	6
315,	3
316,	5
317,	3
318,	4
319,	2
320,	3
321,	4
322,	7
323,	5
324,	6
325,	5
326,	1
327,	4
328,	8
329,	7
330,	0
331,	6
332,	6
333,	4
334,	6
335,	6
336,	6
337,	9
338,	7
339,	7
340,	5
341,	7
342,	7
343,	9
344,	2
345,	7
346,	7
347,	9
348,	6
349,	2
350,	0
351,	0
352,	9
353,	10
354,	2
355,	6
356,	9
357,	8
358,	5
359,	11
360,	7
361,	6
362,	6
363,	7
364,	10
365,	9
366,	6
367,	4
368,	6
369,	6
370,	3
371,	6
372,	4
373,	6
374,	3
375,	5
376,	8
377,	2
378,	5
379,	6
380,	1
381,	6
382,	2
383,	4
384,	4
385,	4
386,	10
387,	8
388,	8
389,	8
390,	6
391,	2
392,	6
393,	9
394,	0
395,	1
396,	1
397,	7
398,	2
399,	8
400,	10
401,	7
402,	6
403,	6
404,	5
405,	9
406,	7
407,	4
408,	10
409,	3
410,	7
411,	4
412,	5
413,	6
414,	5
415,	11
416,	9
417,	5
418,	9
419,	5
420,	1
421,	7
422,	5
423,	4
424,	6
425,	6
426,	9
427,	6
428,	1
429,	2
430,	8
431,	6
432,	0
433,	6
434,	6
435,	8
436,	5
437,	3
438,	6
439,	9
440,	0
441,	2
442,	2
443,	11
444,	3
445,	4
446,	11
447,	3
448,	6
449,	9
450,	10
451,	10
452,	6
453,	9
454,	6
455,	6
456,	7
457,	11
458,	5
459,	10
460,	11
461,	3
462,	4
463,	7
464,	3
465,	7
466,	5
467,	5
468,	8
469,	6
470,	3
471,	8
472,	8
473,	1
474,	7
475,	11
476,	8
477,	2
478,	6
479,	10
480,	8
481,	4
482,	9
483,	4
484,	8
485,	11
486,	5
487,	9
488,	7
489,	5
490,	6
491,	8
492,	10
493,	5
494,	11
495,	8
496,	10
497,	8
498,	6
499,	9
