Instance: /home/gabriel/Documents/ufrgs/courses/oc/trab/instances/cmb01
Vertices: 500
Colors: 12
NumIterations: 1000
Alpha: 0.850000
Is Factible?: false
Conflicts: 1
Solution Value: 147667.078125
Vertex,	Color
0,	1
1,	0
2,	0
3,	1
4,	3
5,	1
6,	1
7,	0
8,	0
9,	4
10,	0
11,	1
12,	2
13,	0
14,	6
15,	1
16,	4
17,	5
18,	4
19,	0
20,	7
21,	0
22,	2
23,	2
24,	0
25,	1
26,	4
27,	4
28,	0
29,	1
30,	0
31,	0
32,	1
33,	0
34,	4
35,	0
36,	2
37,	1
38,	1
39,	2
40,	1
41,	1
42,	0
43,	0
44,	1
45,	0
46,	0
47,	1
48,	4
49,	1
50,	0
51,	6
52,	1
53,	4
54,	4
55,	0
56,	0
57,	2
58,	0
59,	0
60,	3
61,	1
62,	0
63,	1
64,	0
65,	1
66,	1
67,	3
68,	0
69,	1
70,	0
71,	2
72,	5
73,	3
74,	2
75,	3
76,	0
77,	9
78,	0
79,	9
80,	0
81,	1
82,	4
83,	1
84,	1
85,	0
86,	2
87,	2
88,	1
89,	7
90,	3
91,	2
92,	1
93,	2
94,	3
95,	3
96,	2
97,	2
98,	4
99,	2
100,	6
101,	3
102,	3
103,	9
104,	0
105,	3
106,	5
107,	5
108,	2
109,	2
110,	1
111,	0
112,	1
113,	0
114,	1
115,	5
116,	0
117,	7
118,	0
119,	4
120,	3
121,	2
122,	2
123,	3
124,	3
125,	2
126,	3
127,	2
128,	2
129,	4
130,	0
131,	2
132,	5
133,	0
134,	4
135,	0
136,	2
137,	5
138,	1
139,	1
140,	0
141,	1
142,	4
143,	7
144,	3
145,	1
146,	4
147,	3
148,	6
149,	0
150,	5
151,	3
152,	0
153,	2
154,	0
155,	4
156,	4
157,	0
158,	2
159,	4
160,	4
161,	5
162,	8
163,	6
164,	7
165,	5
166,	4
167,	0
168,	3
169,	2
170,	4
171,	1
172,	2
173,	0
174,	1
175,	2
176,	3
177,	6
178,	5
179,	1
180,	2
181,	2
182,	5
183,	6
184,	2
185,	4
186,	3
187,	0
188,	2
189,	5
190,	6
191,	6
192,	2
193,	2
194,	4
195,	2
196,	2
197,	1
198,	0
199,	2
200,	1
201,	3
202,	5
203,	2
204,	4
205,	1
206,	3
207,	6
208,	1
209,	1
210,	4
211,	1
212,	7
213,	3
214,	9
215,	3
216,	3
217,	3
218,	6
219,	7
220,	4
221,	0
222,	6
223,	2
224,	3
225,	4
226,	3
227,	4
228,	1
229,	5
230,	1
231,	4
232,	5
233,	5
234,	1
235,	3
236,	3
237,	6
238,	2
239,	1
240,	3
241,	3
242,	5
243,	4
244,	7
245,	1
246,	0
247,	6
248,	6
249,	3
250,	3
251,	5
252,	3
253,	4
254,	6
255,	5
256,	0
257,	3
258,	6
259,	2
260,	6
261,	3
262,	5
263,	0
264,	5
265,	1
266,	4
267,	3
268,	5
269,	8
270,	7
271,	3
272,	6
273,	9
274,	8
275,	0
276,	8
277,	0
278,	4
279,	2
280,	0
281,	2
282,	7
283,	5
284,	9
285,	5
286,	4
287,	5
288,	5
289,	1
290,	5
291,	4
292,	6
293,	3
294,	1
295,	5
296,	6
297,	5
298,	2
299,	3
300,	4
301,	2
302,	6
303,	4
304,	0
305,	4
306,	2
307,	7
308,	3
309,	7
310,	7
311,	3
312,	2
313,	7
314,	5
315,	6
316,	6
317,	3
318,	3
319,	2
320,	4
321,	3
322,	7
323,	6
324,	6
325,	5
326,	4
327,	5
328,	5
329,	6
330,	1
331,	6
332,	5
333,	7
334,	8
335,	0
336,	7
337,	8
338,	7
339,	2
340,	6
341,	3
342,	3
343,	2
344,	1
345,	7
346,	8
347,	10
348,	7
349,	6
350,	2
351,	3
352,	9
353,	7
354,	4
355,	4
356,	5
357,	9
358,	5
359,	10
360,	4
361,	4
362,	0
363,	8
364,	8
365,	8
366,	6
367,	4
368,	7
369,	6
370,	7
371,	5
372,	5
373,	6
374,	4
375,	5
376,	8
377,	9
378,	6
379,	3
380,	7
381,	5
382,	3
383,	1
384,	2
385,	4
386,	8
387,	8
388,	9
389,	8
390,	7
391,	6
392,	5
393,	8
394,	9
395,	3
396,	10
397,	7
398,	3
399,	8
400,	7
401,	0
402,	8
403,	4
404,	5
405,	9
406,	7
407,	4
408,	11
409,	9
410,	5
411,	7
412,	8
413,	6
414,	5
415,	11
416,	9
417,	5
418,	9
419,	6
420,	9
421,	6
422,	8
423,	6
424,	7
425,	7
426,	10
427,	7
428,	5
429,	2
430,	9
431,	6
432,	1
433,	9
434,	6
435,	6
436,	7
437,	2
438,	7
439,	9
440,	10
441,	8
442,	0
443,	7
444,	3
445,	7
446,	10
447,	3
448,	5
449,	2
450,	1
451,	7
452,	7
453,	7
454,	4
455,	6
456,	10
457,	11
458,	0
459,	11
460,	10
461,	6
462,	9
463,	7
464,	5
465,	8
466,	9
467,	2
468,	9
469,	5
470,	8
471,	10
472,	7
473,	3
474,	8
475,	10
476,	1
477,	2
478,	7
479,	11
480,	9
481,	4
482,	10
483,	5
484,	8
485,	10
486,	6
487,	9
488,	7
489,	4
490,	6
491,	9
492,	11
493,	11
494,	10
495,	8
496,	10
497,	6
498,	4
499,	10
