Instance: /home/gabriel/Documents/ufrgs/courses/oc/trab/instances/cmb01
Vertices: 500
Colors: 12
NumIterations: 100
Alpha: 0.750000
Is Factible?: false
Conflicts: 2
Solution Value: 151303.078125
Vertex,	Color
0,	1
1,	1
2,	4
3,	0
4,	2
5,	1
6,	1
7,	6
8,	2
9,	2
10,	0
11,	1
12,	2
13,	2
14,	3
15,	0
16,	0
17,	2
18,	11
19,	1
20,	1
21,	1
22,	0
23,	3
24,	1
25,	0
26,	6
27,	0
28,	4
29,	0
30,	1
31,	0
32,	0
33,	1
34,	3
35,	1
36,	5
37,	1
38,	0
39,	7
40,	0
41,	1
42,	5
43,	2
44,	2
45,	4
46,	1
47,	3
48,	6
49,	3
50,	0
51,	6
52,	0
53,	6
54,	3
55,	0
56,	4
57,	2
58,	0
59,	2
60,	0
61,	1
62,	0
63,	0
64,	2
65,	4
66,	0
67,	2
68,	0
69,	4
70,	3
71,	1
72,	9
73,	2
74,	3
75,	0
76,	1
77,	2
78,	3
79,	4
80,	3
81,	5
82,	9
83,	7
84,	1
85,	0
86,	1
87,	0
88,	3
89,	4
90,	2
91,	1
92,	0
93,	2
94,	4
95,	1
96,	1
97,	1
98,	6
99,	7
100,	6
101,	0
102,	1
103,	2
104,	1
105,	2
106,	6
107,	1
108,	1
109,	0
110,	3
111,	1
112,	0
113,	3
114,	3
115,	0
116,	0
117,	4
118,	1
119,	4
120,	2
121,	1
122,	0
123,	1
124,	1
125,	2
126,	5
127,	0
128,	2
129,	4
130,	0
131,	0
132,	1
133,	2
134,	5
135,	0
136,	3
137,	6
138,	5
139,	3
140,	1
141,	0
142,	4
143,	2
144,	1
145,	0
146,	4
147,	3
148,	3
149,	0
150,	7
151,	2
152,	0
153,	1
154,	2
155,	5
156,	4
157,	0
158,	2
159,	0
160,	3
161,	4
162,	1
163,	6
164,	7
165,	4
166,	1
167,	5
168,	3
169,	2
170,	4
171,	2
172,	1
173,	2
174,	1
175,	0
176,	3
177,	3
178,	5
179,	9
180,	4
181,	2
182,	2
183,	9
184,	3
185,	6
186,	2
187,	0
188,	1
189,	6
190,	3
191,	2
192,	2
193,	1
194,	4
195,	8
196,	2
197,	0
198,	8
199,	5
200,	2
201,	5
202,	6
203,	4
204,	5
205,	4
206,	2
207,	8
208,	1
209,	5
210,	2
211,	2
212,	8
213,	3
214,	3
215,	4
216,	3
217,	0
218,	4
219,	7
220,	7
221,	2
222,	6
223,	2
224,	4
225,	4
226,	7
227,	9
228,	0
229,	6
230,	2
231,	5
232,	8
233,	6
234,	4
235,	1
236,	5
237,	6
238,	3
239,	1
240,	1
241,	3
242,	6
243,	2
244,	6
245,	0
246,	1
247,	5
248,	3
249,	1
250,	2
251,	4
252,	4
253,	3
254,	5
255,	3
256,	2
257,	2
258,	5
259,	4
260,	5
261,	3
262,	5
263,	10
264,	4
265,	3
266,	7
267,	5
268,	6
269,	10
270,	8
271,	2
272,	5
273,	5
274,	7
275,	6
276,	8
277,	8
278,	6
279,	3
280,	1
281,	1
282,	7
283,	4
284,	7
285,	4
286,	6
287,	6
288,	0
289,	2
290,	7
291,	2
292,	6
293,	3
294,	3
295,	2
296,	2
297,	3
298,	2
299,	2
300,	0
301,	1
302,	5
303,	4
304,	4
305,	6
306,	1
307,	8
308,	2
309,	7
310,	7
311,	3
312,	2
313,	7
314,	6
315,	6
316,	5
317,	1
318,	0
319,	0
320,	3
321,	7
322,	6
323,	5
324,	6
325,	5
326,	1
327,	7
328,	8
329,	6
330,	0
331,	9
332,	3
333,	7
334,	8
335,	2
336,	4
337,	10
338,	4
339,	1
340,	4
341,	5
342,	2
343,	7
344,	1
345,	8
346,	3
347,	11
348,	7
349,	6
350,	6
351,	0
352,	9
353,	7
354,	4
355,	4
356,	8
357,	9
358,	5
359,	2
360,	8
361,	6
362,	3
363,	7
364,	9
365,	7
366,	6
367,	4
368,	6
369,	7
370,	0
371,	4
372,	3
373,	3
374,	3
375,	3
376,	7
377,	6
378,	5
379,	5
380,	7
381,	3
382,	2
383,	4
384,	4
385,	4
386,	10
387,	8
388,	8
389,	7
390,	7
391,	2
392,	3
393,	5
394,	10
395,	4
396,	11
397,	8
398,	2
399,	9
400,	7
401,	1
402,	1
403,	4
404,	4
405,	9
406,	7
407,	5
408,	11
409,	9
410,	9
411,	4
412,	5
413,	6
414,	6
415,	10
416,	3
417,	7
418,	9
419,	6
420,	9
421,	6
422,	8
423,	11
424,	7
425,	7
426,	10
427,	7
428,	2
429,	5
430,	9
431,	6
432,	0
433,	4
434,	6
435,	10
436,	5
437,	4
438,	4
439,	8
440,	2
441,	8
442,	9
443,	4
444,	3
445,	9
446,	10
447,	4
448,	1
449,	8
450,	11
451,	4
452,	7
453,	7
454,	3
455,	6
456,	8
457,	10
458,	7
459,	11
460,	10
461,	3
462,	5
463,	8
464,	3
465,	5
466,	4
467,	5
468,	9
469,	6
470,	8
471,	10
472,	7
473,	4
474,	6
475,	8
476,	1
477,	4
478,	7
479,	9
480,	4
481,	6
482,	10
483,	6
484,	7
485,	9
486,	6
487,	8
488,	7
489,	7
490,	5
491,	8
492,	11
493,	8
494,	7
495,	4
496,	7
497,	3
498,	3
499,	6
