Instance: /home/gabriel/Documents/ufrgs/courses/oc/trab/instances/cmb01
Vertices: 500
Colors: 12
NumIterations: 3
Alpha: 0.750000
Is Factible?: false
Conflicts: 2
Solution Value: 156211.031250
Vertex,	Color
0,	7
1,	1
2,	1
3,	3
4,	5
5,	1
6,	2
7,	0
8,	3
9,	3
10,	0
11,	2
12,	1
13,	5
14,	6
15,	0
16,	2
17,	0
18,	2
19,	1
20,	1
21,	1
22,	0
23,	1
24,	0
25,	2
26,	4
27,	4
28,	2
29,	1
30,	2
31,	1
32,	3
33,	2
34,	4
35,	0
36,	3
37,	2
38,	1
39,	4
40,	0
41,	3
42,	1
43,	7
44,	0
45,	1
46,	0
47,	1
48,	5
49,	2
50,	0
51,	6
52,	0
53,	2
54,	1
55,	5
56,	0
57,	3
58,	2
59,	1
60,	1
61,	0
62,	0
63,	0
64,	1
65,	2
66,	1
67,	2
68,	6
69,	4
70,	4
71,	1
72,	0
73,	4
74,	1
75,	1
76,	3
77,	11
78,	0
79,	3
80,	4
81,	2
82,	7
83,	0
84,	1
85,	0
86,	1
87,	0
88,	5
89,	3
90,	3
91,	3
92,	2
93,	4
94,	0
95,	0
96,	4
97,	2
98,	4
99,	2
100,	0
101,	1
102,	0
103,	3
104,	1
105,	1
106,	2
107,	0
108,	2
109,	2
110,	3
111,	5
112,	2
113,	1
114,	0
115,	1
116,	1
117,	3
118,	2
119,	3
120,	1
121,	0
122,	0
123,	2
124,	2
125,	1
126,	0
127,	4
128,	1
129,	5
130,	1
131,	2
132,	2
133,	5
134,	3
135,	3
136,	1
137,	4
138,	11
139,	5
140,	0
141,	0
142,	4
143,	3
144,	5
145,	1
146,	5
147,	2
148,	9
149,	0
150,	6
151,	5
152,	0
153,	1
154,	3
155,	2
156,	2
157,	0
158,	3
159,	0
160,	3
161,	4
162,	5
163,	5
164,	6
165,	2
166,	0
167,	1
168,	1
169,	3
170,	5
171,	3
172,	0
173,	2
174,	0
175,	2
176,	0
177,	1
178,	5
179,	7
180,	2
181,	2
182,	5
183,	7
184,	3
185,	2
186,	2
187,	0
188,	1
189,	7
190,	5
191,	1
192,	3
193,	2
194,	4
195,	2
196,	2
197,	1
198,	8
199,	3
200,	0
201,	3
202,	3
203,	0
204,	4
205,	2
206,	2
207,	7
208,	6
209,	4
210,	3
211,	3
212,	9
213,	5
214,	9
215,	3
216,	5
217,	1
218,	4
219,	9
220,	6
221,	1
222,	7
223,	3
224,	2
225,	3
226,	4
227,	6
228,	0
229,	3
230,	2
231,	5
232,	3
233,	5
234,	0
235,	1
236,	4
237,	8
238,	1
239,	1
240,	5
241,	0
242,	7
243,	0
244,	5
245,	0
246,	5
247,	6
248,	6
249,	2
250,	4
251,	4
252,	2
253,	3
254,	0
255,	1
256,	5
257,	3
258,	5
259,	0
260,	6
261,	3
262,	2
263,	8
264,	4
265,	0
266,	5
267,	4
268,	7
269,	5
270,	9
271,	3
272,	2
273,	6
274,	7
275,	4
276,	6
277,	5
278,	6
279,	1
280,	1
281,	1
282,	6
283,	3
284,	10
285,	4
286,	0
287,	4
288,	3
289,	1
290,	5
291,	2
292,	6
293,	2
294,	11
295,	4
296,	7
297,	9
298,	1
299,	1
300,	0
301,	1
302,	5
303,	3
304,	0
305,	6
306,	2
307,	7
308,	3
309,	6
310,	6
311,	4
312,	1
313,	8
314,	7
315,	3
316,	6
317,	4
318,	0
319,	2
320,	5
321,	5
322,	6
323,	7
324,	6
325,	4
326,	6
327,	4
328,	8
329,	6
330,	2
331,	6
332,	6
333,	5
334,	9
335,	4
336,	2
337,	8
338,	4
339,	6
340,	5
341,	8
342,	6
343,	7
344,	1
345,	9
346,	5
347,	10
348,	7
349,	0
350,	3
351,	0
352,	8
353,	7
354,	5
355,	4
356,	8
357,	9
358,	5
359,	6
360,	7
361,	6
362,	2
363,	7
364,	7
365,	9
366,	6
367,	3
368,	7
369,	6
370,	2
371,	3
372,	5
373,	8
374,	3
375,	4
376,	5
377,	6
378,	5
379,	4
380,	6
381,	2
382,	2
383,	5
384,	2
385,	5
386,	7
387,	8
388,	6
389,	9
390,	6
391,	0
392,	3
393,	7
394,	8
395,	2
396,	9
397,	8
398,	3
399,	8
400,	7
401,	6
402,	4
403,	4
404,	5
405,	9
406,	8
407,	3
408,	10
409,	7
410,	8
411,	1
412,	4
413,	6
414,	6
415,	1
416,	9
417,	4
418,	8
419,	6
420,	9
421,	7
422,	8
423,	6
424,	7
425,	6
426,	10
427,	8
428,	5
429,	7
430,	10
431,	6
432,	10
433,	7
434,	5
435,	9
436,	6
437,	4
438,	7
439,	8
440,	0
441,	8
442,	5
443,	5
444,	3
445,	7
446,	10
447,	2
448,	5
449,	9
450,	7
451,	3
452,	7
453,	6
454,	3
455,	5
456,	8
457,	11
458,	10
459,	10
460,	9
461,	3
462,	8
463,	6
464,	7
465,	8
466,	4
467,	4
468,	6
469,	6
470,	8
471,	9
472,	7
473,	2
474,	8
475,	9
476,	1
477,	2
478,	6
479,	11
480,	9
481,	5
482,	9
483,	5
484,	8
485,	8
486,	9
487,	10
488,	7
489,	6
490,	5
491,	9
492,	11
493,	10
494,	10
495,	7
496,	6
497,	9
498,	3
499,	4
