Instance: /home/gabriel/Documents/ufrgs/courses/oc/trab/instances/cmb01
Vertices: 500
Colors: 12
NumIterations: 2
Alpha: 0.650000
Is Factible?: false
Conflicts: 4
Solution Value: 151082.765625
Vertex,	Color
0,	8
1,	1
2,	6
3,	1
4,	2
5,	3
6,	0
7,	1
8,	2
9,	4
10,	2
11,	0
12,	3
13,	1
14,	4
15,	2
16,	1
17,	2
18,	5
19,	4
20,	1
21,	0
22,	6
23,	4
24,	0
25,	1
26,	4
27,	2
28,	5
29,	1
30,	0
31,	1
32,	1
33,	2
34,	1
35,	2
36,	5
37,	0
38,	3
39,	6
40,	2
41,	0
42,	5
43,	4
44,	1
45,	1
46,	2
47,	5
48,	4
49,	3
50,	3
51,	4
52,	3
53,	1
54,	3
55,	2
56,	6
57,	4
58,	5
59,	0
60,	3
61,	3
62,	2
63,	1
64,	2
65,	0
66,	0
67,	4
68,	5
69,	0
70,	1
71,	0
72,	4
73,	1
74,	7
75,	2
76,	3
77,	11
78,	2
79,	8
80,	1
81,	2
82,	3
83,	3
84,	0
85,	0
86,	1
87,	6
88,	0
89,	0
90,	1
91,	5
92,	1
93,	6
94,	8
95,	0
96,	0
97,	0
98,	3
99,	6
100,	8
101,	1
102,	4
103,	0
104,	0
105,	1
106,	0
107,	1
108,	1
109,	0
110,	3
111,	7
112,	0
113,	9
114,	0
115,	2
116,	3
117,	0
118,	5
119,	0
120,	2
121,	8
122,	2
123,	4
124,	2
125,	0
126,	2
127,	2
128,	4
129,	4
130,	2
131,	3
132,	2
133,	4
134,	1
135,	5
136,	3
137,	3
138,	1
139,	3
140,	1
141,	0
142,	9
143,	0
144,	0
145,	0
146,	5
147,	5
148,	3
149,	5
150,	4
151,	1
152,	1
153,	0
154,	0
155,	1
156,	2
157,	3
158,	0
159,	1
160,	3
161,	0
162,	7
163,	4
164,	6
165,	7
166,	1
167,	2
168,	3
169,	1
170,	6
171,	3
172,	3
173,	2
174,	0
175,	0
176,	2
177,	10
178,	3
179,	5
180,	0
181,	0
182,	6
183,	3
184,	1
185,	4
186,	2
187,	0
188,	0
189,	3
190,	5
191,	1
192,	3
193,	2
194,	4
195,	2
196,	1
197,	3
198,	2
199,	7
200,	1
201,	3
202,	3
203,	2
204,	2
205,	0
206,	0
207,	7
208,	1
209,	3
210,	4
211,	3
212,	2
213,	0
214,	9
215,	3
216,	4
217,	8
218,	2
219,	6
220,	2
221,	0
222,	4
223,	1
224,	4
225,	1
226,	9
227,	4
228,	0
229,	2
230,	4
231,	4
232,	5
233,	5
234,	3
235,	1
236,	3
237,	1
238,	3
239,	0
240,	1
241,	1
242,	1
243,	3
244,	6
245,	0
246,	4
247,	5
248,	8
249,	1
250,	1
251,	3
252,	2
253,	1
254,	4
255,	5
256,	8
257,	2
258,	5
259,	5
260,	4
261,	2
262,	6
263,	9
264,	4
265,	1
266,	5
267,	3
268,	4
269,	5
270,	10
271,	5
272,	4
273,	8
274,	5
275,	0
276,	1
277,	3
278,	2
279,	3
280,	2
281,	3
282,	5
283,	1
284,	11
285,	4
286,	5
287,	4
288,	3
289,	0
290,	5
291,	4
292,	5
293,	9
294,	7
295,	3
296,	6
297,	9
298,	2
299,	3
300,	1
301,	2
302,	6
303,	5
304,	2
305,	4
306,	1
307,	6
308,	3
309,	6
310,	3
311,	0
312,	3
313,	6
314,	7
315,	3
316,	2
317,	5
318,	2
319,	3
320,	2
321,	4
322,	9
323,	6
324,	5
325,	5
326,	0
327,	3
328,	7
329,	6
330,	0
331,	7
332,	3
333,	0
334,	7
335,	4
336,	2
337,	8
338,	6
339,	1
340,	5
341,	3
342,	6
343,	0
344,	4
345,	7
346,	5
347,	7
348,	7
349,	6
350,	2
351,	1
352,	7
353,	5
354,	4
355,	6
356,	2
357,	9
358,	7
359,	0
360,	7
361,	6
362,	4
363,	6
364,	7
365,	9
366,	5
367,	4
368,	7
369,	6
370,	2
371,	1
372,	4
373,	1
374,	5
375,	4
376,	8
377,	8
378,	7
379,	4
380,	8
381,	5
382,	1
383,	4
384,	3
385,	7
386,	5
387,	6
388,	7
389,	6
390,	6
391,	3
392,	3
393,	8
394,	10
395,	2
396,	7
397,	6
398,	0
399,	8
400,	7
401,	0
402,	6
403,	4
404,	3
405,	8
406,	1
407,	4
408,	11
409,	4
410,	6
411,	4
412,	2
413,	6
414,	6
415,	2
416,	7
417,	7
418,	8
419,	5
420,	9
421,	6
422,	5
423,	4
424,	9
425,	7
426,	10
427,	6
428,	1
429,	8
430,	9
431,	5
432,	10
433,	6
434,	7
435,	6
436,	6
437,	4
438,	7
439,	10
440,	2
441,	7
442,	4
443,	8
444,	2
445,	8
446,	10
447,	7
448,	5
449,	7
450,	10
451,	8
452,	7
453,	10
454,	3
455,	6
456,	7
457,	11
458,	0
459,	11
460,	10
461,	3
462,	8
463,	8
464,	4
465,	5
466,	9
467,	4
468,	10
469,	5
470,	8
471,	9
472,	8
473,	6
474,	7
475,	9
476,	0
477,	3
478,	8
479,	11
480,	8
481,	4
482,	11
483,	5
484,	8
485,	7
486,	6
487,	9
488,	5
489,	0
490,	3
491,	9
492,	11
493,	9
494,	8
495,	5
496,	5
497,	5
498,	6
499,	7
