Instance: /home/gabriel/Documents/ufrgs/courses/oc/trab/instances/cmb01
Vertices: 500
Colors: 12
NumIterations: 2
Alpha: 0.650000
Is Factible?: false
Conflicts: 3
Solution Value: 149167.328125
Vertex,	Color
0,	5
1,	1
2,	7
3,	5
4,	9
5,	6
6,	0
7,	5
8,	6
9,	3
10,	5
11,	2
12,	0
13,	1
14,	1
15,	3
16,	5
17,	2
18,	11
19,	6
20,	1
21,	0
22,	0
23,	2
24,	2
25,	0
26,	5
27,	0
28,	6
29,	0
30,	1
31,	0
32,	4
33,	4
34,	4
35,	2
36,	0
37,	2
38,	1
39,	0
40,	1
41,	0
42,	5
43,	3
44,	2
45,	8
46,	2
47,	3
48,	5
49,	0
50,	1
51,	8
52,	2
53,	0
54,	4
55,	2
56,	0
57,	1
58,	3
59,	0
60,	5
61,	7
62,	4
63,	3
64,	3
65,	3
66,	0
67,	1
68,	6
69,	0
70,	2
71,	1
72,	2
73,	0
74,	6
75,	1
76,	1
77,	6
78,	1
79,	1
80,	2
81,	4
82,	3
83,	0
84,	1
85,	0
86,	2
87,	0
88,	6
89,	1
90,	1
91,	0
92,	0
93,	0
94,	9
95,	2
96,	2
97,	1
98,	2
99,	5
100,	8
101,	3
102,	3
103,	1
104,	1
105,	2
106,	7
107,	5
108,	1
109,	0
110,	2
111,	4
112,	1
113,	10
114,	4
115,	5
116,	0
117,	1
118,	3
119,	9
120,	2
121,	0
122,	9
123,	0
124,	0
125,	2
126,	1
127,	4
128,	1
129,	4
130,	0
131,	1
132,	4
133,	1
134,	8
135,	3
136,	4
137,	2
138,	8
139,	3
140,	2
141,	5
142,	2
143,	1
144,	3
145,	1
146,	6
147,	1
148,	10
149,	6
150,	2
151,	3
152,	5
153,	0
154,	6
155,	1
156,	7
157,	3
158,	1
159,	3
160,	5
161,	4
162,	7
163,	5
164,	7
165,	0
166,	0
167,	0
168,	4
169,	0
170,	0
171,	5
172,	4
173,	5
174,	1
175,	0
176,	1
177,	11
178,	4
179,	8
180,	0
181,	2
182,	1
183,	2
184,	1
185,	2
186,	1
187,	1
188,	1
189,	3
190,	4
191,	6
192,	1
193,	0
194,	4
195,	5
196,	1
197,	3
198,	4
199,	2
200,	1
201,	5
202,	3
203,	4
204,	2
205,	2
206,	1
207,	6
208,	3
209,	5
210,	1
211,	2
212,	4
213,	4
214,	9
215,	2
216,	3
217,	5
218,	3
219,	3
220,	7
221,	0
222,	5
223,	4
224,	1
225,	0
226,	1
227,	5
228,	2
229,	2
230,	1
231,	1
232,	3
233,	6
234,	1
235,	7
236,	0
237,	3
238,	2
239,	4
240,	1
241,	3
242,	6
243,	3
244,	7
245,	0
246,	1
247,	7
248,	6
249,	2
250,	1
251,	5
252,	3
253,	2
254,	9
255,	0
256,	5
257,	3
258,	2
259,	4
260,	4
261,	3
262,	2
263,	1
264,	3
265,	1
266,	2
267,	4
268,	4
269,	6
270,	5
271,	5
272,	3
273,	4
274,	6
275,	4
276,	9
277,	4
278,	2
279,	2
280,	3
281,	2
282,	3
283,	6
284,	6
285,	3
286,	7
287,	4
288,	0
289,	5
290,	0
291,	3
292,	6
293,	2
294,	8
295,	2
296,	7
297,	7
298,	1
299,	2
300,	4
301,	0
302,	0
303,	3
304,	0
305,	1
306,	3
307,	6
308,	4
309,	6
310,	5
311,	2
312,	4
313,	7
314,	6
315,	2
316,	4
317,	3
318,	3
319,	2
320,	3
321,	5
322,	8
323,	8
324,	1
325,	5
326,	2
327,	4
328,	7
329,	6
330,	0
331,	7
332,	4
333,	7
334,	8
335,	10
336,	1
337,	5
338,	3
339,	7
340,	3
341,	3
342,	7
343,	0
344,	2
345,	6
346,	6
347,	7
348,	8
349,	6
350,	4
351,	3
352,	7
353,	7
354,	2
355,	3
356,	7
357,	7
358,	5
359,	0
360,	8
361,	6
362,	4
363,	0
364,	6
365,	4
366,	6
367,	6
368,	5
369,	3
370,	4
371,	1
372,	4
373,	4
374,	3
375,	5
376,	3
377,	7
378,	3
379,	0
380,	0
381,	1
382,	3
383,	2
384,	4
385,	3
386,	1
387,	8
388,	6
389,	9
390,	6
391,	5
392,	4
393,	2
394,	8
395,	3
396,	9
397,	7
398,	3
399,	9
400,	6
401,	2
402,	9
403,	4
404,	4
405,	9
406,	5
407,	3
408,	10
409,	6
410,	8
411,	7
412,	5
413,	6
414,	8
415,	10
416,	6
417,	5
418,	9
419,	5
420,	8
421,	5
422,	7
423,	0
424,	8
425,	6
426,	10
427,	6
428,	1
429,	2
430,	9
431,	7
432,	1
433,	6
434,	6
435,	9
436,	6
437,	1
438,	3
439,	7
440,	2
441,	6
442,	4
443,	0
444,	6
445,	8
446,	10
447,	6
448,	2
449,	7
450,	11
451,	3
452,	7
453,	2
454,	4
455,	6
456,	8
457,	10
458,	11
459,	10
460,	10
461,	4
462,	9
463,	7
464,	4
465,	7
466,	6
467,	5
468,	7
469,	6
470,	7
471,	8
472,	8
473,	1
474,	8
475,	10
476,	4
477,	3
478,	6
479,	10
480,	9
481,	1
482,	9
483,	6
484,	8
485,	8
486,	7
487,	7
488,	2
489,	5
490,	4
491,	9
492,	11
493,	8
494,	9
495,	6
496,	9
497,	3
498,	6
499,	10
