Instance: /home/gabriel/Documents/ufrgs/courses/oc/trab/instances/cmb01
Vertices: 500
Colors: 12
NumIterations: 100
Alpha: 0.750000
Is Factible?: false
Conflicts: 2
Solution Value: 144998.625000
Vertex,	Color
0,	7
1,	0
2,	0
3,	1
4,	5
5,	0
6,	1
7,	2
8,	2
9,	1
10,	2
11,	1
12,	0
13,	0
14,	1
15,	2
16,	1
17,	5
18,	5
19,	6
20,	1
21,	0
22,	5
23,	3
24,	1
25,	3
26,	1
27,	6
28,	5
29,	2
30,	4
31,	0
32,	6
33,	0
34,	6
35,	0
36,	2
37,	0
38,	0
39,	2
40,	1
41,	2
42,	0
43,	0
44,	1
45,	4
46,	1
47,	7
48,	8
49,	3
50,	0
51,	4
52,	1
53,	3
54,	0
55,	0
56,	2
57,	2
58,	3
59,	0
60,	0
61,	2
62,	0
63,	1
64,	3
65,	2
66,	2
67,	0
68,	7
69,	0
70,	1
71,	0
72,	8
73,	3
74,	3
75,	0
76,	5
77,	11
78,	1
79,	5
80,	1
81,	2
82,	4
83,	3
84,	6
85,	1
86,	5
87,	3
88,	0
89,	3
90,	6
91,	1
92,	0
93,	0
94,	5
95,	4
96,	2
97,	3
98,	4
99,	8
100,	4
101,	4
102,	1
103,	3
104,	4
105,	2
106,	1
107,	0
108,	1
109,	2
110,	2
111,	10
112,	1
113,	8
114,	3
115,	1
116,	1
117,	3
118,	2
119,	7
120,	0
121,	9
122,	4
123,	2
124,	4
125,	2
126,	2
127,	0
128,	1
129,	3
130,	0
131,	2
132,	6
133,	2
134,	0
135,	1
136,	2
137,	4
138,	1
139,	4
140,	0
141,	1
142,	7
143,	3
144,	2
145,	1
146,	3
147,	3
148,	9
149,	1
150,	4
151,	1
152,	0
153,	0
154,	6
155,	4
156,	3
157,	1
158,	2
159,	4
160,	3
161,	0
162,	6
163,	4
164,	8
165,	8
166,	3
167,	0
168,	4
169,	4
170,	6
171,	3
172,	1
173,	1
174,	1
175,	0
176,	2
177,	2
178,	4
179,	5
180,	3
181,	3
182,	6
183,	4
184,	0
185,	1
186,	4
187,	0
188,	1
189,	5
190,	5
191,	5
192,	1
193,	2
194,	2
195,	5
196,	2
197,	3
198,	9
199,	3
200,	1
201,	5
202,	5
203,	4
204,	4
205,	1
206,	1
207,	3
208,	0
209,	0
210,	3
211,	5
212,	9
213,	3
214,	11
215,	4
216,	4
217,	1
218,	5
219,	9
220,	7
221,	4
222,	7
223,	3
224,	3
225,	0
226,	2
227,	6
228,	1
229,	2
230,	3
231,	4
232,	4
233,	4
234,	1
235,	2
236,	9
237,	4
238,	3
239,	1
240,	1
241,	4
242,	6
243,	3
244,	8
245,	2
246,	1
247,	3
248,	4
249,	3
250,	4
251,	4
252,	2
253,	2
254,	1
255,	2
256,	0
257,	0
258,	6
259,	4
260,	2
261,	4
262,	6
263,	0
264,	4
265,	1
266,	5
267,	4
268,	5
269,	3
270,	5
271,	5
272,	3
273,	7
274,	11
275,	2
276,	7
277,	5
278,	5
279,	3
280,	0
281,	4
282,	2
283,	5
284,	5
285,	4
286,	5
287,	4
288,	2
289,	5
290,	1
291,	3
292,	5
293,	2
294,	6
295,	5
296,	6
297,	0
298,	0
299,	0
300,	0
301,	2
302,	5
303,	4
304,	0
305,	7
306,	2
307,	6
308,	4
309,	6
310,	7
311,	2
312,	2
313,	7
314,	6
315,	9
316,	4
317,	2
318,	1
319,	2
320,	2
321,	4
322,	5
323,	6
324,	6
325,	4
326,	1
327,	4
328,	8
329,	6
330,	1
331,	5
332,	3
333,	6
334,	8
335,	0
336,	7
337,	9
338,	5
339,	6
340,	4
341,	9
342,	5
343,	6
344,	5
345,	5
346,	3
347,	10
348,	7
349,	5
350,	4
351,	0
352,	10
353,	6
354,	3
355,	4
356,	6
357,	8
358,	6
359,	10
360,	7
361,	6
362,	1
363,	6
364,	8
365,	4
366,	2
367,	4
368,	9
369,	6
370,	5
371,	8
372,	3
373,	8
374,	3
375,	5
376,	7
377,	7
378,	7
379,	5
380,	7
381,	3
382,	1
383,	4
384,	2
385,	4
386,	9
387,	8
388,	7
389,	7
390,	7
391,	0
392,	0
393,	7
394,	10
395,	3
396,	9
397,	9
398,	1
399,	9
400,	7
401,	1
402,	8
403,	3
404,	5
405,	9
406,	9
407,	4
408,	11
409,	7
410,	8
411,	4
412,	6
413,	6
414,	6
415,	1
416,	3
417,	7
418,	11
419,	5
420,	1
421,	7
422,	5
423,	10
424,	8
425,	6
426,	8
427,	0
428,	4
429,	7
430,	9
431,	6
432,	2
433,	8
434,	6
435,	4
436,	6
437,	1
438,	7
439,	7
440,	4
441,	7
442,	10
443,	7
444,	3
445,	8
446,	10
447,	4
448,	4
449,	11
450,	6
451,	8
452,	7
453,	9
454,	3
455,	6
456,	9
457,	11
458,	1
459,	11
460,	10
461,	6
462,	8
463,	8
464,	8
465,	5
466,	8
467,	3
468,	6
469,	5
470,	5
471,	7
472,	7
473,	0
474,	9
475,	8
476,	1
477,	0
478,	5
479,	11
480,	10
481,	4
482,	10
483,	6
484,	9
485,	6
486,	2
487,	8
488,	3
489,	3
490,	5
491,	8
492,	10
493,	11
494,	7
495,	4
496,	7
497,	9
498,	6
499,	4
