Instance: /home/gabriel/Documents/ufrgs/courses/oc/trab/instances/cmb01
Vertices: 500
Colors: 12
NumIterations: 2
Alpha: 0.750000
Is Factible?: false
Conflicts: 4
Solution Value: 153202.343750
Vertex,	Color
0,	0
1,	1
2,	3
3,	2
4,	1
5,	1
6,	0
7,	5
8,	2
9,	2
10,	1
11,	1
12,	0
13,	5
14,	5
15,	0
16,	3
17,	2
18,	3
19,	3
20,	0
21,	0
22,	4
23,	3
24,	1
25,	0
26,	5
27,	5
28,	4
29,	2
30,	1
31,	1
32,	2
33,	0
34,	3
35,	2
36,	2
37,	1
38,	1
39,	4
40,	0
41,	2
42,	0
43,	4
44,	2
45,	0
46,	0
47,	0
48,	3
49,	0
50,	0
51,	4
52,	1
53,	1
54,	0
55,	0
56,	1
57,	3
58,	1
59,	1
60,	1
61,	3
62,	2
63,	2
64,	0
65,	6
66,	1
67,	3
68,	0
69,	0
70,	3
71,	0
72,	9
73,	1
74,	4
75,	0
76,	2
77,	2
78,	1
79,	4
80,	3
81,	2
82,	2
83,	6
84,	2
85,	1
86,	3
87,	1
88,	0
89,	11
90,	3
91,	2
92,	0
93,	2
94,	4
95,	3
96,	2
97,	3
98,	2
99,	1
100,	9
101,	0
102,	6
103,	10
104,	1
105,	3
106,	1
107,	1
108,	0
109,	0
110,	0
111,	8
112,	2
113,	1
114,	6
115,	4
116,	0
117,	5
118,	0
119,	5
120,	0
121,	6
122,	3
123,	1
124,	1
125,	2
126,	2
127,	7
128,	2
129,	6
130,	2
131,	1
132,	1
133,	0
134,	0
135,	0
136,	2
137,	5
138,	7
139,	0
140,	0
141,	6
142,	0
143,	4
144,	1
145,	1
146,	5
147,	4
148,	6
149,	1
150,	4
151,	0
152,	6
153,	0
154,	7
155,	2
156,	4
157,	6
158,	1
159,	1
160,	3
161,	5
162,	9
163,	4
164,	6
165,	4
166,	2
167,	2
168,	2
169,	1
170,	7
171,	4
172,	0
173,	0
174,	5
175,	0
176,	2
177,	3
178,	5
179,	8
180,	5
181,	0
182,	0
183,	6
184,	4
185,	4
186,	1
187,	1
188,	1
189,	5
190,	5
191,	9
192,	2
193,	2
194,	2
195,	0
196,	2
197,	1
198,	6
199,	3
200,	1
201,	3
202,	3
203,	7
204,	2
205,	3
206,	1
207,	4
208,	0
209,	4
210,	8
211,	1
212,	6
213,	3
214,	0
215,	3
216,	2
217,	1
218,	6
219,	5
220,	5
221,	2
222,	4
223,	3
224,	3
225,	2
226,	3
227,	4
228,	0
229,	5
230,	3
231,	3
232,	6
233,	6
234,	4
235,	7
236,	1
237,	2
238,	4
239,	2
240,	1
241,	4
242,	7
243,	6
244,	8
245,	1
246,	0
247,	2
248,	4
249,	3
250,	1
251,	5
252,	2
253,	0
254,	3
255,	1
256,	6
257,	4
258,	3
259,	4
260,	2
261,	4
262,	2
263,	8
264,	4
265,	1
266,	6
267,	8
268,	3
269,	8
270,	8
271,	3
272,	8
273,	6
274,	7
275,	0
276,	7
277,	6
278,	7
279,	0
280,	2
281,	4
282,	5
283,	5
284,	5
285,	4
286,	3
287,	4
288,	1
289,	2
290,	0
291,	3
292,	4
293,	2
294,	9
295,	3
296,	6
297,	0
298,	3
299,	0
300,	4
301,	0
302,	6
303,	2
304,	0
305,	4
306,	1
307,	7
308,	3
309,	6
310,	4
311,	2
312,	1
313,	7
314,	7
315,	5
316,	2
317,	3
318,	1
319,	3
320,	5
321,	3
322,	9
323,	6
324,	5
325,	4
326,	6
327,	5
328,	8
329,	6
330,	2
331,	5
332,	6
333,	5
334,	8
335,	2
336,	5
337,	8
338,	6
339,	7
340,	6
341,	6
342,	9
343,	4
344,	0
345,	7
346,	8
347,	9
348,	7
349,	1
350,	0
351,	1
352,	9
353,	8
354,	4
355,	4
356,	5
357,	9
358,	5
359,	0
360,	5
361,	5
362,	1
363,	7
364,	7
365,	7
366,	5
367,	4
368,	6
369,	6
370,	2
371,	5
372,	3
373,	6
374,	3
375,	6
376,	7
377,	5
378,	6
379,	6
380,	10
381,	1
382,	2
383,	3
384,	4
385,	5
386,	10
387,	7
388,	5
389,	7
390,	5
391,	3
392,	3
393,	7
394,	11
395,	4
396,	10
397,	8
398,	4
399,	7
400,	6
401,	6
402,	7
403,	6
404,	4
405,	9
406,	9
407,	5
408,	11
409,	9
410,	9
411,	4
412,	6
413,	7
414,	5
415,	10
416,	4
417,	7
418,	9
419,	6
420,	10
421,	5
422,	7
423,	5
424,	7
425,	6
426,	9
427,	7
428,	1
429,	3
430,	9
431,	8
432,	1
433,	7
434,	6
435,	4
436,	8
437,	3
438,	5
439,	10
440,	0
441,	8
442,	8
443,	4
444,	3
445,	9
446,	10
447,	1
448,	4
449,	10
450,	1
451,	5
452,	7
453,	10
454,	4
455,	6
456,	8
457,	10
458,	1
459,	11
460,	10
461,	4
462,	8
463,	8
464,	8
465,	7
466,	8
467,	3
468,	9
469,	6
470,	8
471,	9
472,	7
473,	1
474,	7
475,	8
476,	8
477,	0
478,	6
479,	9
480,	10
481,	4
482,	10
483,	5
484,	9
485,	9
486,	7
487,	8
488,	7
489,	0
490,	6
491,	8
492,	11
493,	11
494,	7
495,	4
496,	10
497,	4
498,	2
499,	4
