Instance: /home/gabriel/Documents/ufrgs/courses/oc/trab/instances/cmb01
Vertices: 500
Colors: 12
NumIterations: 3
Alpha: 0.750000
Is Factible?: false
Conflicts: 4
Solution Value: 166298.859375
Vertex,	Color
0,	6
1,	0
2,	3
3,	1
4,	0
5,	0
6,	6
7,	0
8,	1
9,	0
10,	1
11,	2
12,	1
13,	3
14,	4
15,	1
16,	3
17,	1
18,	1
19,	5
20,	7
21,	1
22,	2
23,	5
24,	0
25,	2
26,	7
27,	8
28,	5
29,	2
30,	1
31,	1
32,	2
33,	3
34,	2
35,	4
36,	1
37,	0
38,	2
39,	5
40,	1
41,	2
42,	4
43,	5
44,	0
45,	0
46,	0
47,	8
48,	4
49,	2
50,	0
51,	3
52,	0
53,	1
54,	1
55,	2
56,	4
57,	0
58,	4
59,	0
60,	5
61,	1
62,	1
63,	1
64,	0
65,	3
66,	2
67,	1
68,	7
69,	6
70,	0
71,	0
72,	2
73,	3
74,	0
75,	1
76,	2
77,	7
78,	2
79,	0
80,	0
81,	7
82,	11
83,	5
84,	1
85,	0
86,	3
87,	2
88,	1
89,	6
90,	1
91,	3
92,	1
93,	2
94,	6
95,	4
96,	0
97,	2
98,	11
99,	4
100,	4
101,	1
102,	1
103,	0
104,	4
105,	5
106,	5
107,	2
108,	1
109,	0
110,	3
111,	3
112,	1
113,	0
114,	3
115,	0
116,	1
117,	0
118,	1
119,	1
120,	0
121,	2
122,	0
123,	2
124,	1
125,	0
126,	3
127,	2
128,	4
129,	6
130,	0
131,	2
132,	3
133,	4
134,	6
135,	4
136,	3
137,	2
138,	10
139,	4
140,	3
141,	8
142,	6
143,	1
144,	1
145,	0
146,	3
147,	2
148,	2
149,	3
150,	5
151,	4
152,	3
153,	0
154,	0
155,	4
156,	1
157,	2
158,	0
159,	2
160,	2
161,	1
162,	3
163,	5
164,	6
165,	4
166,	1
167,	0
168,	1
169,	2
170,	6
171,	2
172,	0
173,	0
174,	0
175,	2
176,	2
177,	9
178,	5
179,	10
180,	8
181,	2
182,	4
183,	2
184,	3
185,	4
186,	0
187,	1
188,	0
189,	3
190,	4
191,	3
192,	4
193,	3
194,	1
195,	4
196,	2
197,	2
198,	1
199,	0
200,	0
201,	4
202,	5
203,	0
204,	5
205,	0
206,	0
207,	1
208,	1
209,	4
210,	9
211,	0
212,	1
213,	4
214,	8
215,	2
216,	4
217,	0
218,	6
219,	1
220,	3
221,	0
222,	3
223,	4
224,	5
225,	3
226,	5
227,	6
228,	2
229,	6
230,	2
231,	4
232,	4
233,	5
234,	3
235,	3
236,	5
237,	7
238,	0
239,	3
240,	1
241,	1
242,	6
243,	4
244,	7
245,	0
246,	4
247,	4
248,	5
249,	0
250,	1
251,	3
252,	1
253,	3
254,	5
255,	8
256,	4
257,	1
258,	4
259,	3
260,	4
261,	3
262,	7
263,	0
264,	5
265,	3
266,	6
267,	2
268,	5
269,	6
270,	6
271,	4
272,	7
273,	6
274,	8
275,	0
276,	9
277,	2
278,	5
279,	0
280,	1
281,	4
282,	5
283,	3
284,	0
285,	5
286,	5
287,	5
288,	0
289,	2
290,	5
291,	2
292,	5
293,	1
294,	9
295,	4
296,	6
297,	8
298,	1
299,	0
300,	3
301,	0
302,	4
303,	4
304,	4
305,	5
306,	3
307,	7
308,	4
309,	6
310,	7
311,	4
312,	0
313,	8
314,	6
315,	6
316,	4
317,	1
318,	1
319,	2
320,	3
321,	5
322,	6
323,	6
324,	8
325,	4
326,	0
327,	5
328,	7
329,	7
330,	1
331,	6
332,	3
333,	0
334,	7
335,	5
336,	6
337,	7
338,	4
339,	7
340,	6
341,	2
342,	5
343,	0
344,	2
345,	2
346,	7
347,	8
348,	8
349,	6
350,	0
351,	1
352,	9
353,	7
354,	2
355,	4
356,	1
357,	8
358,	6
359,	8
360,	7
361,	5
362,	3
363,	7
364,	8
365,	3
366,	8
367,	5
368,	6
369,	6
370,	7
371,	7
372,	3
373,	8
374,	4
375,	5
376,	7
377,	5
378,	6
379,	3
380,	7
381,	4
382,	2
383,	3
384,	5
385,	5
386,	8
387,	9
388,	0
389,	7
390,	6
391,	4
392,	4
393,	8
394,	10
395,	1
396,	9
397,	7
398,	3
399,	9
400,	6
401,	0
402,	9
403,	4
404,	5
405,	2
406,	0
407,	5
408,	10
409,	9
410,	7
411,	5
412,	4
413,	3
414,	10
415,	11
416,	1
417,	6
418,	9
419,	2
420,	8
421,	6
422,	5
423,	10
424,	7
425,	7
426,	9
427,	5
428,	0
429,	6
430,	9
431,	7
432,	10
433,	5
434,	6
435,	10
436,	5
437,	4
438,	6
439,	5
440,	1
441,	9
442,	4
443,	6
444,	2
445,	8
446,	10
447,	1
448,	4
449,	7
450,	5
451,	4
452,	7
453,	5
454,	4
455,	7
456,	8
457,	11
458,	0
459,	2
460,	9
461,	3
462,	8
463,	8
464,	5
465,	3
466,	8
467,	1
468,	8
469,	4
470,	3
471,	9
472,	6
473,	5
474,	7
475,	11
476,	3
477,	1
478,	7
479,	11
480,	8
481,	4
482,	10
483,	5
484,	8
485,	8
486,	3
487,	9
488,	7
489,	4
490,	4
491,	8
492,	10
493,	6
494,	7
495,	7
496,	9
497,	2
498,	3
499,	9
