Instance: /home/gabriel/Documents/ufrgs/courses/oc/trab/instances/cmb01
Vertices: 500
Colors: 12
NumIterations: 2
Alpha: 0.750000
Is Factible?: false
Conflicts: 3
Solution Value: 152884.328125
Vertex,	Color
0,	0
1,	1
2,	4
3,	0
4,	2
5,	7
6,	0
7,	0
8,	3
9,	0
10,	3
11,	0
12,	1
13,	5
14,	1
15,	4
16,	3
17,	0
18,	9
19,	4
20,	0
21,	1
22,	2
23,	5
24,	0
25,	1
26,	4
27,	2
28,	0
29,	1
30,	2
31,	1
32,	2
33,	0
34,	3
35,	0
36,	0
37,	0
38,	1
39,	7
40,	2
41,	2
42,	2
43,	4
44,	0
45,	0
46,	0
47,	4
48,	0
49,	0
50,	1
51,	5
52,	4
53,	1
54,	1
55,	0
56,	1
57,	2
58,	5
59,	0
60,	5
61,	5
62,	1
63,	2
64,	2
65,	7
66,	1
67,	3
68,	4
69,	1
70,	2
71,	1
72,	1
73,	0
74,	6
75,	0
76,	3
77,	4
78,	0
79,	3
80,	6
81,	0
82,	0
83,	0
84,	1
85,	0
86,	4
87,	1
88,	1
89,	11
90,	1
91,	2
92,	1
93,	3
94,	2
95,	4
96,	3
97,	3
98,	0
99,	7
100,	0
101,	3
102,	2
103,	5
104,	4
105,	2
106,	1
107,	4
108,	3
109,	0
110,	1
111,	8
112,	3
113,	2
114,	1
115,	4
116,	1
117,	5
118,	0
119,	8
120,	2
121,	3
122,	4
123,	3
124,	2
125,	2
126,	2
127,	3
128,	0
129,	6
130,	2
131,	4
132,	1
133,	0
134,	0
135,	1
136,	3
137,	0
138,	3
139,	3
140,	0
141,	1
142,	0
143,	1
144,	2
145,	1
146,	4
147,	2
148,	9
149,	1
150,	5
151,	1
152,	2
153,	1
154,	3
155,	6
156,	10
157,	4
158,	0
159,	2
160,	4
161,	3
162,	6
163,	4
164,	5
165,	3
166,	0
167,	2
168,	3
169,	0
170,	5
171,	6
172,	0
173,	2
174,	2
175,	0
176,	2
177,	1
178,	5
179,	6
180,	6
181,	1
182,	7
183,	6
184,	3
185,	2
186,	0
187,	1
188,	2
189,	4
190,	5
191,	4
192,	0
193,	3
194,	1
195,	2
196,	0
197,	5
198,	9
199,	1
200,	0
201,	3
202,	7
203,	6
204,	3
205,	1
206,	0
207,	3
208,	0
209,	2
210,	4
211,	1
212,	9
213,	3
214,	4
215,	3
216,	3
217,	2
218,	4
219,	7
220,	7
221,	0
222,	4
223,	3
224,	5
225,	2
226,	2
227,	5
228,	0
229,	4
230,	3
231,	6
232,	3
233,	4
234,	0
235,	2
236,	7
237,	2
238,	1
239,	3
240,	1
241,	4
242,	7
243,	5
244,	9
245,	1
246,	0
247,	5
248,	5
249,	2
250,	1
251,	5
252,	4
253,	6
254,	6
255,	5
256,	3
257,	1
258,	2
259,	1
260,	4
261,	3
262,	6
263,	8
264,	4
265,	0
266,	5
267,	6
268,	5
269,	5
270,	4
271,	5
272,	4
273,	5
274,	10
275,	5
276,	3
277,	7
278,	5
279,	0
280,	1
281,	0
282,	5
283,	6
284,	8
285,	4
286,	4
287,	6
288,	1
289,	3
290,	2
291,	2
292,	5
293,	4
294,	1
295,	3
296,	7
297,	1
298,	4
299,	2
300,	1
301,	0
302,	7
303,	4
304,	1
305,	1
306,	1
307,	6
308,	3
309,	6
310,	6
311,	3
312,	2
313,	7
314,	7
315,	5
316,	4
317,	3
318,	1
319,	2
320,	3
321,	4
322,	6
323,	7
324,	7
325,	4
326,	0
327,	5
328,	6
329,	6
330,	1
331,	7
332,	2
333,	1
334,	8
335,	0
336,	5
337,	9
338,	8
339,	0
340,	6
341,	2
342,	8
343,	5
344,	4
345,	6
346,	8
347,	10
348,	7
349,	6
350,	4
351,	1
352,	9
353,	8
354,	4
355,	4
356,	8
357,	8
358,	6
359,	10
360,	8
361,	2
362,	6
363,	6
364,	9
365,	9
366,	3
367,	6
368,	8
369,	5
370,	3
371,	7
372,	4
373,	3
374,	5
375,	5
376,	7
377,	8
378,	4
379,	3
380,	8
381,	4
382,	3
383,	2
384,	4
385,	4
386,	7
387,	9
388,	8
389,	9
390,	6
391,	4
392,	3
393,	7
394,	8
395,	4
396,	10
397,	8
398,	1
399,	9
400,	5
401,	0
402,	7
403,	6
404,	4
405,	3
406,	5
407,	0
408,	11
409,	6
410,	7
411,	5
412,	3
413,	6
414,	8
415,	10
416,	6
417,	5
418,	9
419,	5
420,	9
421,	6
422,	5
423,	8
424,	7
425,	7
426,	10
427,	6
428,	6
429,	7
430,	9
431,	5
432,	0
433,	7
434,	6
435,	11
436,	6
437,	5
438,	5
439,	5
440,	1
441,	9
442,	6
443,	4
444,	4
445,	2
446,	10
447,	2
448,	4
449,	10
450,	9
451,	2
452,	7
453,	10
454,	4
455,	6
456,	8
457,	10
458,	2
459,	11
460,	11
461,	2
462,	8
463,	7
464,	8
465,	7
466,	9
467,	3
468,	8
469,	5
470,	4
471,	9
472,	6
473,	4
474,	8
475,	10
476,	7
477,	1
478,	7
479,	11
480,	10
481,	3
482,	10
483,	4
484,	3
485,	9
486,	6
487,	8
488,	6
489,	5
490,	4
491,	9
492,	11
493,	10
494,	10
495,	7
496,	10
497,	6
498,	6
499,	9
