Instance: /home/gabriel/Documents/ufrgs/courses/oc/trab/instances/cmb01
Vertices: 500
Colors: 12
NumIterations: 10
Alpha: 0.750000
Is Factible?: false
Conflicts: 3
Solution Value: 147478.390625
Vertex,	Color
0,	5
1,	0
2,	1
3,	3
4,	2
5,	0
6,	0
7,	0
8,	2
9,	4
10,	1
11,	4
12,	0
13,	3
14,	5
15,	1
16,	3
17,	3
18,	3
19,	1
20,	4
21,	0
22,	2
23,	4
24,	1
25,	3
26,	1
27,	5
28,	1
29,	1
30,	0
31,	0
32,	2
33,	1
34,	1
35,	0
36,	1
37,	5
38,	2
39,	5
40,	0
41,	4
42,	0
43,	3
44,	1
45,	1
46,	0
47,	10
48,	4
49,	7
50,	5
51,	3
52,	1
53,	2
54,	3
55,	1
56,	1
57,	3
58,	7
59,	1
60,	2
61,	3
62,	1
63,	2
64,	0
65,	1
66,	1
67,	3
68,	1
69,	2
70,	4
71,	0
72,	0
73,	3
74,	5
75,	2
76,	4
77,	11
78,	1
79,	11
80,	1
81,	0
82,	3
83,	4
84,	4
85,	4
86,	0
87,	0
88,	5
89,	0
90,	3
91,	1
92,	0
93,	0
94,	6
95,	3
96,	2
97,	5
98,	2
99,	8
100,	0
101,	2
102,	2
103,	5
104,	3
105,	3
106,	1
107,	0
108,	0
109,	3
110,	5
111,	2
112,	2
113,	1
114,	8
115,	1
116,	0
117,	1
118,	2
119,	8
120,	0
121,	6
122,	0
123,	1
124,	6
125,	3
126,	3
127,	0
128,	0
129,	5
130,	0
131,	3
132,	9
133,	3
134,	5
135,	2
136,	3
137,	2
138,	0
139,	2
140,	3
141,	4
142,	0
143,	4
144,	2
145,	2
146,	5
147,	3
148,	8
149,	2
150,	5
151,	5
152,	3
153,	0
154,	3
155,	0
156,	4
157,	1
158,	0
159,	3
160,	1
161,	3
162,	9
163,	6
164,	4
165,	3
166,	0
167,	1
168,	4
169,	0
170,	5
171,	0
172,	2
173,	0
174,	0
175,	2
176,	1
177,	4
178,	5
179,	3
180,	5
181,	2
182,	5
183,	3
184,	1
185,	2
186,	0
187,	1
188,	0
189,	4
190,	5
191,	0
192,	0
193,	2
194,	2
195,	1
196,	3
197,	4
198,	1
199,	2
200,	1
201,	4
202,	2
203,	0
204,	4
205,	1
206,	0
207,	4
208,	0
209,	2
210,	3
211,	0
212,	10
213,	8
214,	5
215,	4
216,	5
217,	6
218,	7
219,	8
220,	7
221,	1
222,	6
223,	2
224,	3
225,	1
226,	4
227,	3
228,	0
229,	4
230,	4
231,	3
232,	2
233,	5
234,	1
235,	6
236,	3
237,	10
238,	1
239,	1
240,	5
241,	0
242,	7
243,	3
244,	6
245,	0
246,	3
247,	4
248,	6
249,	3
250,	3
251,	4
252,	1
253,	5
254,	4
255,	1
256,	2
257,	1
258,	2
259,	0
260,	1
261,	4
262,	6
263,	7
264,	4
265,	1
266,	5
267,	2
268,	5
269,	5
270,	2
271,	5
272,	3
273,	6
274,	7
275,	0
276,	7
277,	1
278,	5
279,	0
280,	4
281,	3
282,	7
283,	6
284,	7
285,	4
286,	4
287,	6
288,	2
289,	4
290,	5
291,	3
292,	6
293,	1
294,	9
295,	3
296,	3
297,	9
298,	4
299,	0
300,	1
301,	0
302,	4
303,	4
304,	1
305,	5
306,	2
307,	6
308,	3
309,	7
310,	6
311,	4
312,	0
313,	7
314,	7
315,	4
316,	6
317,	3
318,	2
319,	3
320,	4
321,	4
322,	8
323,	6
324,	7
325,	5
326,	4
327,	5
328,	6
329,	6
330,	1
331,	7
332,	5
333,	8
334,	8
335,	5
336,	5
337,	8
338,	3
339,	3
340,	6
341,	6
342,	6
343,	8
344,	3
345,	6
346,	7
347,	10
348,	7
349,	1
350,	2
351,	1
352,	9
353,	8
354,	4
355,	7
356,	5
357,	9
358,	5
359,	3
360,	8
361,	6
362,	1
363,	6
364,	7
365,	8
366,	7
367,	4
368,	6
369,	2
370,	6
371,	5
372,	8
373,	7
374,	4
375,	3
376,	7
377,	8
378,	5
379,	5
380,	8
381,	5
382,	3
383,	5
384,	2
385,	6
386,	7
387,	7
388,	7
389,	7
390,	6
391,	0
392,	3
393,	5
394,	8
395,	4
396,	9
397,	6
398,	2
399,	9
400,	7
401,	6
402,	5
403,	5
404,	5
405,	9
406,	9
407,	4
408,	0
409,	6
410,	6
411,	1
412,	7
413,	3
414,	6
415,	4
416,	9
417,	5
418,	9
419,	6
420,	8
421,	6
422,	5
423,	8
424,	5
425,	7
426,	9
427,	8
428,	1
429,	7
430,	9
431,	8
432,	1
433,	9
434,	2
435,	10
436,	6
437,	3
438,	5
439,	9
440,	10
441,	7
442,	2
443,	11
444,	4
445,	8
446,	10
447,	5
448,	5
449,	9
450,	8
451,	6
452,	7
453,	10
454,	4
455,	6
456,	10
457,	11
458,	10
459,	11
460,	9
461,	4
462,	8
463,	7
464,	6
465,	4
466,	4
467,	2
468,	9
469,	5
470,	8
471,	9
472,	7
473,	3
474,	8
475,	10
476,	7
477,	0
478,	6
479,	11
480,	9
481,	2
482,	10
483,	2
484,	7
485,	9
486,	8
487,	9
488,	7
489,	0
490,	5
491,	9
492,	10
493,	10
494,	10
495,	6
496,	10
497,	4
498,	6
499,	9
