Instance: /home/gabriel/Documents/ufrgs/courses/oc/trab/instances/cmb01
Vertices: 500
Colors: 12
NumIterations: 2
Alpha: 0.650000
Is Factible?: false
Conflicts: 3
Solution Value: 155080.968750
Vertex,	Color
0,	1
1,	3
2,	3
3,	1
4,	3
5,	6
6,	0
7,	4
8,	3
9,	4
10,	3
11,	3
12,	2
13,	0
14,	0
15,	1
16,	1
17,	0
18,	9
19,	3
20,	4
21,	0
22,	0
23,	2
24,	1
25,	2
26,	6
27,	4
28,	5
29,	3
30,	0
31,	0
32,	0
33,	0
34,	2
35,	2
36,	1
37,	2
38,	6
39,	7
40,	2
41,	3
42,	0
43,	4
44,	1
45,	1
46,	0
47,	4
48,	5
49,	1
50,	2
51,	2
52,	1
53,	2
54,	8
55,	4
56,	0
57,	0
58,	0
59,	1
60,	2
61,	2
62,	4
63,	4
64,	5
65,	5
66,	2
67,	1
68,	3
69,	0
70,	0
71,	0
72,	4
73,	8
74,	4
75,	0
76,	3
77,	6
78,	5
79,	1
80,	7
81,	1
82,	9
83,	1
84,	1
85,	0
86,	1
87,	0
88,	1
89,	5
90,	4
91,	3
92,	0
93,	4
94,	8
95,	0
96,	6
97,	5
98,	9
99,	0
100,	4
101,	1
102,	0
103,	3
104,	2
105,	2
106,	3
107,	6
108,	0
109,	1
110,	2
111,	10
112,	2
113,	7
114,	3
115,	2
116,	1
117,	3
118,	5
119,	6
120,	3
121,	8
122,	0
123,	3
124,	1
125,	3
126,	0
127,	4
128,	1
129,	3
130,	1
131,	2
132,	2
133,	1
134,	5
135,	1
136,	1
137,	10
138,	1
139,	1
140,	0
141,	5
142,	2
143,	11
144,	6
145,	1
146,	2
147,	5
148,	0
149,	2
150,	2
151,	0
152,	1
153,	2
154,	5
155,	5
156,	3
157,	0
158,	1
159,	4
160,	4
161,	4
162,	5
163,	4
164,	5
165,	4
166,	0
167,	2
168,	2
169,	1
170,	5
171,	2
172,	1
173,	4
174,	0
175,	0
176,	0
177,	2
178,	2
179,	4
180,	3
181,	3
182,	5
183,	0
184,	2
185,	2
186,	1
187,	0
188,	0
189,	1
190,	5
191,	11
192,	2
193,	2
194,	1
195,	3
196,	2
197,	3
198,	4
199,	0
200,	1
201,	7
202,	7
203,	5
204,	4
205,	0
206,	4
207,	7
208,	0
209,	6
210,	7
211,	1
212,	4
213,	0
214,	5
215,	2
216,	4
217,	2
218,	1
219,	4
220,	3
221,	0
222,	7
223,	5
224,	4
225,	1
226,	2
227,	10
228,	1
229,	1
230,	0
231,	0
232,	6
233,	4
234,	5
235,	2
236,	0
237,	1
238,	1
239,	0
240,	0
241,	3
242,	7
243,	2
244,	7
245,	1
246,	1
247,	6
248,	5
249,	4
250,	0
251,	4
252,	3
253,	2
254,	5
255,	0
256,	2
257,	3
258,	4
259,	8
260,	3
261,	3
262,	5
263,	6
264,	3
265,	2
266,	4
267,	6
268,	7
269,	3
270,	3
271,	5
272,	1
273,	7
274,	4
275,	3
276,	1
277,	3
278,	5
279,	2
280,	0
281,	4
282,	6
283,	3
284,	7
285,	3
286,	7
287,	1
288,	1
289,	2
290,	3
291,	2
292,	3
293,	1
294,	8
295,	2
296,	7
297,	2
298,	3
299,	2
300,	4
301,	1
302,	7
303,	3
304,	0
305,	2
306,	3
307,	5
308,	0
309,	6
310,	8
311,	3
312,	1
313,	7
314,	6
315,	1
316,	6
317,	0
318,	2
319,	2
320,	3
321,	2
322,	3
323,	4
324,	6
325,	5
326,	0
327,	6
328,	8
329,	6
330,	2
331,	9
332,	4
333,	0
334,	9
335,	5
336,	6
337,	7
338,	7
339,	5
340,	2
341,	8
342,	3
343,	3
344,	1
345,	5
346,	6
347,	9
348,	7
349,	6
350,	1
351,	1
352,	9
353,	8
354,	1
355,	6
356,	6
357,	9
358,	4
359,	7
360,	7
361,	4
362,	4
363,	8
364,	4
365,	10
366,	6
367,	4
368,	5
369,	4
370,	4
371,	1
372,	7
373,	6
374,	3
375,	5
376,	7
377,	6
378,	5
379,	4
380,	0
381,	3
382,	2
383,	4
384,	8
385,	7
386,	8
387,	9
388,	6
389,	8
390,	6
391,	2
392,	4
393,	5
394,	9
395,	3
396,	8
397,	7
398,	0
399,	8
400,	3
401,	1
402,	0
403,	4
404,	4
405,	10
406,	7
407,	3
408,	11
409,	9
410,	8
411,	4
412,	0
413,	2
414,	5
415,	11
416,	4
417,	4
418,	9
419,	5
420,	9
421,	7
422,	5
423,	6
424,	8
425,	6
426,	8
427,	6
428,	5
429,	7
430,	8
431,	6
432,	7
433,	6
434,	7
435,	10
436,	5
437,	6
438,	6
439,	6
440,	2
441,	7
442,	10
443,	7
444,	3
445,	9
446,	11
447,	4
448,	6
449,	9
450,	3
451,	4
452,	7
453,	10
454,	3
455,	7
456,	9
457,	11
458,	0
459,	10
460,	9
461,	5
462,	5
463,	8
464,	4
465,	8
466,	9
467,	2
468,	6
469,	4
470,	8
471,	7
472,	8
473,	1
474,	8
475,	10
476,	0
477,	0
478,	7
479,	11
480,	6
481,	4
482,	9
483,	5
484,	8
485,	8
486,	9
487,	9
488,	7
489,	6
490,	6
491,	9
492,	10
493,	10
494,	10
495,	8
496,	10
497,	6
498,	5
499,	9
