Instance: /home/gabriel/Documents/ufrgs/courses/oc/trab/instances/cmb01
Vertices: 500
Colors: 12
NumIterations: 3
Alpha: 0.750000
Is Factible?: false
Conflicts: 4
Solution Value: 147864.281250
Vertex,	Color
0,	5
1,	1
2,	0
3,	0
4,	1
5,	0
6,	4
7,	4
8,	10
9,	3
10,	4
11,	0
12,	0
13,	7
14,	2
15,	4
16,	6
17,	2
18,	2
19,	2
20,	0
21,	1
22,	1
23,	2
24,	1
25,	3
26,	3
27,	0
28,	1
29,	0
30,	2
31,	0
32,	3
33,	0
34,	4
35,	3
36,	3
37,	3
38,	0
39,	0
40,	0
41,	2
42,	1
43,	2
44,	4
45,	0
46,	1
47,	0
48,	3
49,	2
50,	3
51,	1
52,	0
53,	3
54,	0
55,	0
56,	1
57,	2
58,	0
59,	2
60,	0
61,	4
62,	1
63,	3
64,	1
65,	3
66,	0
67,	2
68,	10
69,	1
70,	2
71,	2
72,	3
73,	1
74,	3
75,	0
76,	0
77,	9
78,	0
79,	8
80,	8
81,	4
82,	7
83,	4
84,	0
85,	1
86,	2
87,	1
88,	2
89,	5
90,	6
91,	1
92,	1
93,	0
94,	1
95,	4
96,	2
97,	2
98,	4
99,	2
100,	4
101,	1
102,	2
103,	8
104,	2
105,	1
106,	8
107,	4
108,	1
109,	1
110,	3
111,	11
112,	3
113,	0
114,	2
115,	3
116,	0
117,	7
118,	1
119,	5
120,	4
121,	3
122,	6
123,	2
124,	2
125,	3
126,	2
127,	3
128,	3
129,	3
130,	0
131,	2
132,	5
133,	2
134,	5
135,	1
136,	1
137,	4
138,	11
139,	4
140,	0
141,	1
142,	0
143,	1
144,	5
145,	1
146,	4
147,	0
148,	4
149,	0
150,	5
151,	2
152,	3
153,	2
154,	5
155,	7
156,	2
157,	3
158,	1
159,	3
160,	2
161,	4
162,	5
163,	6
164,	5
165,	4
166,	0
167,	1
168,	1
169,	5
170,	6
171,	6
172,	2
173,	1
174,	2
175,	0
176,	2
177,	9
178,	5
179,	2
180,	3
181,	1
182,	6
183,	2
184,	2
185,	3
186,	6
187,	1
188,	8
189,	4
190,	5
191,	7
192,	5
193,	4
194,	3
195,	8
196,	2
197,	0
198,	5
199,	5
200,	2
201,	2
202,	5
203,	5
204,	4
205,	3
206,	4
207,	5
208,	1
209,	3
210,	1
211,	4
212,	6
213,	2
214,	5
215,	3
216,	4
217,	3
218,	3
219,	6
220,	7
221,	1
222,	7
223,	1
224,	5
225,	1
226,	6
227,	5
228,	0
229,	4
230,	2
231,	5
232,	4
233,	4
234,	2
235,	1
236,	0
237,	9
238,	1
239,	0
240,	2
241,	1
242,	3
243,	3
244,	8
245,	4
246,	4
247,	9
248,	5
249,	2
250,	2
251,	5
252,	2
253,	5
254,	3
255,	2
256,	4
257,	3
258,	1
259,	3
260,	4
261,	3
262,	6
263,	0
264,	4
265,	2
266,	3
267,	4
268,	6
269,	10
270,	7
271,	5
272,	1
273,	7
274,	8
275,	0
276,	8
277,	2
278,	6
279,	3
280,	3
281,	4
282,	7
283,	3
284,	7
285,	4
286,	4
287,	6
288,	3
289,	2
290,	1
291,	1
292,	6
293,	2
294,	9
295,	5
296,	6
297,	1
298,	2
299,	4
300,	3
301,	0
302,	5
303,	3
304,	4
305,	6
306,	2
307,	7
308,	3
309,	7
310,	6
311,	3
312,	1
313,	7
314,	7
315,	4
316,	4
317,	4
318,	3
319,	0
320,	2
321,	5
322,	5
323,	4
324,	0
325,	4
326,	2
327,	5
328,	7
329,	6
330,	2
331,	5
332,	4
333,	1
334,	8
335,	0
336,	4
337,	9
338,	6
339,	8
340,	4
341,	4
342,	0
343,	2
344,	2
345,	0
346,	9
347,	6
348,	7
349,	6
350,	5
351,	3
352,	9
353,	6
354,	4
355,	6
356,	7
357,	8
358,	4
359,	2
360,	8
361,	6
362,	1
363,	6
364,	9
365,	8
366,	4
367,	3
368,	8
369,	5
370,	7
371,	6
372,	6
373,	2
374,	3
375,	4
376,	7
377,	4
378,	4
379,	1
380,	7
381,	2
382,	2
383,	3
384,	4
385,	5
386,	8
387,	8
388,	7
389,	8
390,	6
391,	0
392,	5
393,	0
394,	10
395,	6
396,	9
397,	6
398,	1
399,	9
400,	7
401,	1
402,	0
403,	6
404,	5
405,	9
406,	7
407,	5
408,	11
409,	10
410,	7
411,	4
412,	5
413,	5
414,	5
415,	1
416,	9
417,	7
418,	9
419,	4
420,	10
421,	6
422,	8
423,	5
424,	8
425,	7
426,	0
427,	7
428,	2
429,	5
430,	9
431,	7
432,	6
433,	0
434,	6
435,	6
436,	5
437,	5
438,	7
439,	7
440,	10
441,	7
442,	3
443,	10
444,	4
445,	5
446,	10
447,	2
448,	6
449,	8
450,	11
451,	3
452,	7
453,	9
454,	4
455,	6
456,	7
457,	8
458,	1
459,	3
460,	10
461,	3
462,	7
463,	8
464,	3
465,	8
466,	3
467,	2
468,	9
469,	4
470,	8
471,	8
472,	6
473,	5
474,	7
475,	10
476,	0
477,	3
478,	8
479,	11
480,	9
481,	3
482,	10
483,	4
484,	9
485,	5
486,	4
487,	9
488,	7
489,	5
490,	6
491,	8
492,	11
493,	5
494,	10
495,	6
496,	7
497,	0
498,	6
499,	10
