Instance: /home/gabriel/Documents/ufrgs/courses/oc/trab/instances/cmb01
Vertices: 500
Colors: 12
NumIterations: 6
Alpha: 0.750000
Is Factible?: false
Conflicts: 3
Solution Value: 152162.484375
Vertex,	Color
0,	1
1,	0
2,	7
3,	3
4,	3
5,	1
6,	1
7,	3
8,	2
9,	0
10,	4
11,	0
12,	1
13,	1
14,	1
15,	1
16,	4
17,	2
18,	7
19,	0
20,	1
21,	0
22,	5
23,	0
24,	0
25,	1
26,	4
27,	3
28,	1
29,	2
30,	3
31,	0
32,	2
33,	2
34,	4
35,	1
36,	1
37,	1
38,	7
39,	10
40,	4
41,	1
42,	1
43,	0
44,	1
45,	4
46,	0
47,	2
48,	0
49,	8
50,	1
51,	9
52,	2
53,	0
54,	0
55,	1
56,	1
57,	3
58,	9
59,	0
60,	5
61,	0
62,	10
63,	2
64,	2
65,	1
66,	1
67,	6
68,	2
69,	1
70,	3
71,	0
72,	1
73,	3
74,	3
75,	2
76,	0
77,	5
78,	0
79,	10
80,	3
81,	0
82,	1
83,	0
84,	0
85,	0
86,	3
87,	2
88,	1
89,	6
90,	3
91,	2
92,	1
93,	3
94,	9
95,	0
96,	5
97,	0
98,	1
99,	6
100,	3
101,	2
102,	0
103,	5
104,	0
105,	2
106,	0
107,	2
108,	2
109,	2
110,	4
111,	0
112,	0
113,	4
114,	0
115,	2
116,	0
117,	6
118,	1
119,	11
120,	2
121,	1
122,	4
123,	0
124,	0
125,	2
126,	2
127,	5
128,	0
129,	4
130,	3
131,	2
132,	3
133,	1
134,	1
135,	8
136,	3
137,	0
138,	4
139,	1
140,	2
141,	2
142,	4
143,	7
144,	2
145,	1
146,	6
147,	2
148,	7
149,	5
150,	5
151,	2
152,	1
153,	0
154,	3
155,	5
156,	2
157,	4
158,	3
159,	3
160,	4
161,	2
162,	3
163,	0
164,	6
165,	2
166,	3
167,	0
168,	0
169,	0
170,	6
171,	3
172,	2
173,	2
174,	5
175,	0
176,	2
177,	8
178,	5
179,	4
180,	3
181,	2
182,	2
183,	7
184,	1
185,	2
186,	1
187,	1
188,	0
189,	2
190,	5
191,	2
192,	3
193,	0
194,	3
195,	2
196,	3
197,	4
198,	2
199,	4
200,	1
201,	4
202,	5
203,	5
204,	4
205,	4
206,	1
207,	4
208,	0
209,	0
210,	4
211,	1
212,	7
213,	6
214,	5
215,	4
216,	3
217,	2
218,	4
219,	6
220,	4
221,	0
222,	0
223,	3
224,	3
225,	0
226,	5
227,	4
228,	1
229,	4
230,	1
231,	5
232,	6
233,	7
234,	1
235,	3
236,	8
237,	3
238,	0
239,	3
240,	1
241,	0
242,	8
243,	5
244,	0
245,	1
246,	2
247,	3
248,	6
249,	2
250,	2
251,	3
252,	5
253,	7
254,	4
255,	2
256,	0
257,	2
258,	4
259,	0
260,	6
261,	5
262,	3
263,	10
264,	4
265,	0
266,	1
267,	8
268,	8
269,	5
270,	6
271,	2
272,	4
273,	5
274,	8
275,	2
276,	9
277,	5
278,	5
279,	3
280,	0
281,	3
282,	8
283,	2
284,	5
285,	4
286,	0
287,	3
288,	4
289,	1
290,	2
291,	3
292,	5
293,	7
294,	8
295,	4
296,	4
297,	2
298,	2
299,	4
300,	5
301,	0
302,	1
303,	4
304,	4
305,	5
306,	2
307,	8
308,	3
309,	6
310,	6
311,	5
312,	1
313,	7
314,	8
315,	4
316,	6
317,	4
318,	4
319,	2
320,	4
321,	3
322,	6
323,	6
324,	7
325,	5
326,	4
327,	5
328,	6
329,	6
330,	0
331,	5
332,	3
333,	7
334,	8
335,	0
336,	7
337,	7
338,	4
339,	6
340,	6
341,	8
342,	6
343,	4
344,	1
345,	7
346,	8
347,	8
348,	7
349,	0
350,	2
351,	6
352,	10
353,	7
354,	1
355,	6
356,	9
357,	10
358,	6
359,	0
360,	5
361,	3
362,	6
363,	6
364,	7
365,	5
366,	7
367,	5
368,	6
369,	5
370,	4
371,	4
372,	5
373,	6
374,	3
375,	7
376,	8
377,	8
378,	5
379,	4
380,	7
381,	1
382,	2
383,	4
384,	5
385,	7
386,	1
387,	9
388,	5
389,	7
390,	6
391,	0
392,	3
393,	7
394,	1
395,	2
396,	9
397,	6
398,	2
399,	7
400,	6
401,	6
402,	0
403,	4
404,	4
405,	8
406,	9
407,	5
408,	11
409,	6
410,	6
411,	3
412,	7
413,	6
414,	7
415,	2
416,	8
417,	7
418,	7
419,	6
420,	9
421,	6
422,	5
423,	9
424,	8
425,	7
426,	10
427,	7
428,	6
429,	5
430,	9
431,	6
432,	4
433,	4
434,	6
435,	7
436,	6
437,	6
438,	7
439,	9
440,	1
441,	7
442,	11
443,	9
444,	3
445,	3
446,	10
447,	4
448,	3
449,	10
450,	9
451,	3
452,	7
453,	8
454,	3
455,	6
456,	9
457,	10
458,	3
459,	11
460,	10
461,	3
462,	8
463,	8
464,	8
465,	9
466,	9
467,	4
468,	6
469,	5
470,	3
471,	9
472,	8
473,	1
474,	8
475,	10
476,	9
477,	2
478,	8
479,	10
480,	9
481,	4
482,	9
483,	6
484,	9
485,	7
486,	6
487,	8
488,	7
489,	3
490,	1
491,	9
492,	11
493,	11
494,	8
495,	7
496,	8
497,	8
498,	0
499,	10
