Instance: /home/gabriel/Documents/ufrgs/courses/oc/trab/instances/cmb01
Vertices: 500
Colors: 12
NumIterations: 2
Alpha: 0.750000
Is Factible?: false
Conflicts: 8
Solution Value: 155405.453125
Vertex,	Color
0,	2
1,	2
2,	2
3,	0
4,	4
5,	3
6,	2
7,	1
8,	0
9,	2
10,	3
11,	1
12,	2
13,	4
14,	1
15,	1
16,	5
17,	0
18,	2
19,	1
20,	0
21,	0
22,	4
23,	1
24,	0
25,	7
26,	0
27,	3
28,	0
29,	0
30,	5
31,	2
32,	1
33,	4
34,	2
35,	6
36,	0
37,	2
38,	4
39,	4
40,	0
41,	4
42,	0
43,	0
44,	1
45,	2
46,	1
47,	0
48,	2
49,	1
50,	1
51,	4
52,	3
53,	1
54,	0
55,	0
56,	3
57,	1
58,	3
59,	0
60,	8
61,	4
62,	5
63,	1
64,	0
65,	0
66,	0
67,	6
68,	3
69,	0
70,	4
71,	2
72,	5
73,	5
74,	7
75,	0
76,	2
77,	7
78,	0
79,	4
80,	3
81,	3
82,	5
83,	6
84,	1
85,	1
86,	1
87,	2
88,	1
89,	0
90,	2
91,	5
92,	4
93,	2
94,	8
95,	1
96,	5
97,	2
98,	5
99,	6
100,	1
101,	0
102,	0
103,	9
104,	0
105,	5
106,	8
107,	5
108,	1
109,	3
110,	0
111,	6
112,	4
113,	5
114,	1
115,	0
116,	1
117,	8
118,	10
119,	1
120,	1
121,	0
122,	4
123,	1
124,	1
125,	3
126,	0
127,	3
128,	1
129,	1
130,	0
131,	2
132,	0
133,	4
134,	2
135,	1
136,	5
137,	0
138,	4
139,	1
140,	0
141,	3
142,	0
143,	2
144,	0
145,	3
146,	6
147,	4
148,	5
149,	0
150,	7
151,	9
152,	3
153,	2
154,	1
155,	3
156,	2
157,	0
158,	3
159,	3
160,	2
161,	5
162,	1
163,	5
164,	4
165,	5
166,	1
167,	0
168,	2
169,	3
170,	4
171,	4
172,	3
173,	2
174,	2
175,	1
176,	0
177,	2
178,	6
179,	1
180,	6
181,	1
182,	2
183,	1
184,	3
185,	0
186,	2
187,	0
188,	2
189,	3
190,	1
191,	0
192,	2
193,	1
194,	4
195,	8
196,	2
197,	5
198,	3
199,	1
200,	1
201,	2
202,	2
203,	4
204,	5
205,	0
206,	2
207,	2
208,	1
209,	7
210,	1
211,	0
212,	7
213,	3
214,	0
215,	2
216,	4
217,	3
218,	6
219,	6
220,	4
221,	2
222,	7
223,	4
224,	3
225,	0
226,	2
227,	3
228,	3
229,	4
230,	4
231,	5
232,	4
233,	5
234,	3
235,	2
236,	3
237,	4
238,	1
239,	0
240,	0
241,	2
242,	6
243,	1
244,	7
245,	3
246,	4
247,	7
248,	4
249,	4
250,	2
251,	7
252,	4
253,	3
254,	8
255,	4
256,	1
257,	0
258,	6
259,	1
260,	5
261,	3
262,	8
263,	1
264,	3
265,	3
266,	6
267,	5
268,	6
269,	9
270,	7
271,	4
272,	5
273,	7
274,	6
275,	1
276,	5
277,	7
278,	6
279,	0
280,	0
281,	2
282,	3
283,	0
284,	7
285,	3
286,	5
287,	5
288,	1
289,	0
290,	0
291,	4
292,	6
293,	3
294,	0
295,	2
296,	6
297,	9
298,	1
299,	1
300,	3
301,	1
302,	7
303,	4
304,	0
305,	4
306,	1
307,	8
308,	2
309,	6
310,	8
311,	0
312,	1
313,	6
314,	6
315,	6
316,	6
317,	4
318,	3
319,	2
320,	4
321,	4
322,	7
323,	7
324,	8
325,	5
326,	4
327,	5
328,	7
329,	5
330,	2
331,	7
332,	2
333,	4
334,	7
335,	5
336,	4
337,	6
338,	5
339,	6
340,	5
341,	3
342,	4
343,	8
344,	4
345,	5
346,	9
347,	10
348,	7
349,	0
350,	1
351,	3
352,	11
353,	9
354,	4
355,	4
356,	2
357,	9
358,	5
359,	7
360,	7
361,	3
362,	3
363,	6
364,	6
365,	3
366,	8
367,	2
368,	6
369,	1
370,	5
371,	4
372,	5
373,	3
374,	4
375,	5
376,	8
377,	7
378,	5
379,	5
380,	5
381,	1
382,	2
383,	3
384,	1
385,	5
386,	1
387,	8
388,	7
389,	8
390,	7
391,	2
392,	5
393,	6
394,	9
395,	2
396,	8
397,	6
398,	0
399,	8
400,	6
401,	7
402,	6
403,	5
404,	6
405,	10
406,	8
407,	2
408,	10
409,	9
410,	7
411,	5
412,	8
413,	5
414,	8
415,	2
416,	5
417,	3
418,	11
419,	5
420,	9
421,	5
422,	6
423,	10
424,	7
425,	7
426,	10
427,	6
428,	6
429,	7
430,	8
431,	7
432,	0
433,	2
434,	6
435,	9
436,	7
437,	6
438,	3
439,	8
440,	10
441,	8
442,	11
443,	4
444,	5
445,	4
446,	11
447,	6
448,	5
449,	9
450,	8
451,	10
452,	6
453,	6
454,	4
455,	6
456,	4
457,	9
458,	10
459,	11
460,	10
461,	3
462,	0
463,	7
464,	5
465,	7
466,	9
467,	4
468,	9
469,	2
470,	8
471,	9
472,	8
473,	5
474,	8
475,	7
476,	9
477,	2
478,	6
479,	11
480,	9
481,	4
482,	11
483,	4
484,	8
485,	10
486,	6
487,	9
488,	7
489,	7
490,	5
491,	9
492,	11
493,	9
494,	6
495,	10
496,	8
497,	5
498,	5
499,	9
