Instance: /home/gabriel/Documents/ufrgs/courses/oc/trab/instances/cmb01
Vertices: 500
Colors: 12
NumIterations: 1000
Alpha: 0.850000
Is Factible?: false
Conflicts: 2
Solution Value: 145835.078125
Vertex,	Color
0,	5
1,	3
2,	3
3,	0
4,	4
5,	0
6,	2
7,	0
8,	0
9,	0
10,	2
11,	3
12,	0
13,	3
14,	2
15,	0
16,	1
17,	4
18,	5
19,	1
20,	0
21,	0
22,	4
23,	1
24,	1
25,	0
26,	2
27,	0
28,	0
29,	1
30,	0
31,	0
32,	2
33,	0
34,	7
35,	0
36,	1
37,	0
38,	3
39,	0
40,	1
41,	0
42,	0
43,	1
44,	1
45,	1
46,	0
47,	1
48,	11
49,	1
50,	0
51,	4
52,	1
53,	3
54,	1
55,	0
56,	2
57,	4
58,	1
59,	0
60,	4
61,	0
62,	0
63,	1
64,	2
65,	1
66,	1
67,	2
68,	2
69,	3
70,	0
71,	2
72,	2
73,	4
74,	1
75,	1
76,	3
77,	7
78,	0
79,	4
80,	3
81,	6
82,	0
83,	0
84,	1
85,	1
86,	1
87,	1
88,	6
89,	2
90,	5
91,	6
92,	2
93,	5
94,	1
95,	0
96,	6
97,	3
98,	0
99,	3
100,	6
101,	1
102,	1
103,	6
104,	0
105,	5
106,	3
107,	4
108,	2
109,	0
110,	0
111,	11
112,	0
113,	3
114,	2
115,	1
116,	2
117,	8
118,	0
119,	2
120,	1
121,	1
122,	0
123,	4
124,	4
125,	1
126,	1
127,	7
128,	0
129,	3
130,	1
131,	2
132,	3
133,	5
134,	2
135,	2
136,	2
137,	0
138,	4
139,	1
140,	1
141,	0
142,	2
143,	3
144,	5
145,	2
146,	5
147,	4
148,	7
149,	0
150,	5
151,	5
152,	0
153,	2
154,	5
155,	2
156,	5
157,	0
158,	2
159,	3
160,	2
161,	3
162,	7
163,	5
164,	6
165,	3
166,	0
167,	0
168,	3
169,	2
170,	6
171,	4
172,	3
173,	2
174,	1
175,	0
176,	1
177,	5
178,	5
179,	5
180,	3
181,	2
182,	5
183,	2
184,	1
185,	2
186,	2
187,	0
188,	7
189,	1
190,	5
191,	4
192,	5
193,	2
194,	4
195,	3
196,	2
197,	3
198,	2
199,	2
200,	1
201,	4
202,	5
203,	0
204,	6
205,	1
206,	2
207,	2
208,	3
209,	2
210,	2
211,	1
212,	8
213,	4
214,	3
215,	4
216,	2
217,	3
218,	7
219,	8
220,	6
221,	0
222,	5
223,	3
224,	4
225,	1
226,	7
227,	6
228,	3
229,	6
230,	2
231,	4
232,	5
233,	5
234,	3
235,	5
236,	0
237,	4
238,	1
239,	1
240,	1
241,	3
242,	7
243,	4
244,	9
245,	5
246,	5
247,	6
248,	4
249,	1
250,	1
251,	6
252,	3
253,	5
254,	7
255,	5
256,	6
257,	0
258,	4
259,	2
260,	6
261,	3
262,	6
263,	9
264,	4
265,	3
266,	5
267,	8
268,	8
269,	6
270,	10
271,	5
272,	6
273,	6
274,	7
275,	0
276,	9
277,	6
278,	6
279,	1
280,	0
281,	3
282,	5
283,	3
284,	7
285,	4
286,	3
287,	6
288,	2
289,	1
290,	5
291,	2
292,	6
293,	3
294,	1
295,	3
296,	8
297,	3
298,	4
299,	1
300,	3
301,	1
302,	4
303,	3
304,	2
305,	5
306,	2
307,	8
308,	4
309,	6
310,	8
311,	1
312,	3
313,	7
314,	2
315,	6
316,	6
317,	0
318,	4
319,	2
320,	3
321,	4
322,	3
323,	7
324,	8
325,	5
326,	2
327,	3
328,	7
329,	6
330,	0
331,	6
332,	4
333,	3
334,	8
335,	0
336,	5
337,	8
338,	6
339,	3
340,	4
341,	4
342,	5
343,	8
344,	3
345,	7
346,	7
347,	10
348,	7
349,	6
350,	5
351,	1
352,	9
353,	7
354,	3
355,	4
356,	8
357,	9
358,	4
359,	11
360,	7
361,	4
362,	5
363,	8
364,	7
365,	9
366,	8
367,	4
368,	7
369,	3
370,	1
371,	4
372,	4
373,	4
374,	4
375,	6
376,	8
377,	8
378,	6
379,	5
380,	8
381,	3
382,	3
383,	2
384,	2
385,	3
386,	8
387,	8
388,	7
389,	7
390,	7
391,	4
392,	5
393,	8
394,	10
395,	3
396,	2
397,	6
398,	2
399,	8
400,	8
401,	1
402,	0
403,	5
404,	5
405,	9
406,	9
407,	5
408,	10
409,	7
410,	7
411,	5
412,	8
413,	6
414,	11
415,	1
416,	9
417,	7
418,	9
419,	4
420,	9
421,	7
422,	8
423,	4
424,	7
425,	6
426,	10
427,	6
428,	1
429,	7
430,	9
431,	5
432,	10
433,	6
434,	5
435,	5
436,	5
437,	7
438,	5
439,	8
440,	2
441,	8
442,	11
443,	4
444,	2
445,	9
446,	10
447,	2
448,	3
449,	9
450,	8
451,	4
452,	7
453,	10
454,	4
455,	6
456,	9
457,	9
458,	7
459,	10
460,	9
461,	4
462,	7
463,	8
464,	6
465,	7
466,	9
467,	5
468,	1
469,	6
470,	8
471,	9
472,	7
473,	2
474,	8
475,	10
476,	1
477,	2
478,	6
479,	11
480,	9
481,	4
482,	9
483,	4
484,	7
485,	9
486,	5
487,	8
488,	8
489,	6
490,	5
491,	9
492,	11
493,	10
494,	6
495,	7
496,	1
497,	4
498,	6
499,	9
