Instance: /home/gabriel/Documents/ufrgs/courses/oc/trab/instances/cmb01
Vertices: 500
Colors: 12
NumIterations: 3
Alpha: 0.750000
Is Factible?: false
Conflicts: 6
Solution Value: 154487.984375
Vertex,	Color
0,	0
1,	1
2,	4
3,	1
4,	4
5,	1
6,	6
7,	1
8,	3
9,	1
10,	3
11,	0
12,	0
13,	5
14,	1
15,	0
16,	0
17,	0
18,	0
19,	0
20,	5
21,	0
22,	4
23,	1
24,	1
25,	0
26,	2
27,	5
28,	0
29,	2
30,	1
31,	0
32,	4
33,	2
34,	2
35,	1
36,	2
37,	3
38,	0
39,	5
40,	1
41,	2
42,	1
43,	2
44,	1
45,	3
46,	1
47,	0
48,	1
49,	1
50,	4
51,	5
52,	2
53,	3
54,	0
55,	0
56,	0
57,	3
58,	0
59,	2
60,	7
61,	1
62,	0
63,	1
64,	3
65,	1
66,	2
67,	0
68,	6
69,	0
70,	3
71,	4
72,	1
73,	5
74,	3
75,	0
76,	1
77,	6
78,	2
79,	1
80,	3
81,	4
82,	3
83,	0
84,	0
85,	1
86,	4
87,	0
88,	4
89,	7
90,	4
91,	2
92,	1
93,	6
94,	4
95,	4
96,	3
97,	3
98,	3
99,	0
100,	1
101,	4
102,	1
103,	2
104,	0
105,	3
106,	5
107,	3
108,	1
109,	2
110,	2
111,	9
112,	1
113,	7
114,	1
115,	3
116,	1
117,	3
118,	0
119,	2
120,	2
121,	0
122,	3
123,	2
124,	2
125,	0
126,	0
127,	4
128,	1
129,	5
130,	0
131,	2
132,	7
133,	0
134,	2
135,	6
136,	5
137,	3
138,	5
139,	1
140,	0
141,	4
142,	0
143,	5
144,	2
145,	0
146,	4
147,	2
148,	0
149,	1
150,	4
151,	3
152,	3
153,	2
154,	1
155,	5
156,	6
157,	6
158,	2
159,	1
160,	3
161,	3
162,	8
163,	3
164,	4
165,	5
166,	1
167,	1
168,	2
169,	0
170,	7
171,	0
172,	4
173,	5
174,	1
175,	0
176,	0
177,	7
178,	6
179,	8
180,	5
181,	2
182,	1
183,	2
184,	1
185,	2
186,	7
187,	1
188,	5
189,	0
190,	5
191,	2
192,	1
193,	3
194,	2
195,	4
196,	3
197,	0
198,	4
199,	4
200,	3
201,	5
202,	1
203,	6
204,	3
205,	1
206,	1
207,	4
208,	2
209,	3
210,	2
211,	1
212,	4
213,	3
214,	2
215,	3
216,	3
217,	3
218,	6
219,	0
220,	6
221,	0
222,	3
223,	2
224,	5
225,	2
226,	7
227,	4
228,	0
229,	2
230,	3
231,	4
232,	3
233,	4
234,	1
235,	7
236,	5
237,	3
238,	0
239,	1
240,	1
241,	0
242,	6
243,	1
244,	8
245,	0
246,	3
247,	5
248,	6
249,	2
250,	2
251,	4
252,	2
253,	2
254,	8
255,	4
256,	10
257,	2
258,	3
259,	6
260,	6
261,	1
262,	6
263,	9
264,	4
265,	1
266,	3
267,	2
268,	7
269,	6
270,	10
271,	2
272,	4
273,	5
274,	6
275,	0
276,	11
277,	1
278,	6
279,	1
280,	1
281,	4
282,	6
283,	2
284,	6
285,	4
286,	5
287,	6
288,	3
289,	1
290,	5
291,	2
292,	6
293,	2
294,	2
295,	7
296,	5
297,	10
298,	2
299,	2
300,	2
301,	0
302,	4
303,	3
304,	0
305,	1
306,	3
307,	7
308,	2
309,	6
310,	7
311,	3
312,	2
313,	7
314,	6
315,	5
316,	7
317,	3
318,	1
319,	2
320,	2
321,	8
322,	5
323,	7
324,	7
325,	3
326,	4
327,	3
328,	5
329,	5
330,	1
331,	8
332,	4
333,	5
334,	8
335,	8
336,	7
337,	9
338,	4
339,	5
340,	4
341,	2
342,	6
343,	8
344,	0
345,	6
346,	6
347,	10
348,	7
349,	1
350,	4
351,	1
352,	8
353,	10
354,	4
355,	5
356,	8
357,	8
358,	5
359,	10
360,	5
361,	5
362,	3
363,	6
364,	9
365,	8
366,	3
367,	5
368,	6
369,	3
370,	7
371,	9
372,	3
373,	3
374,	4
375,	5
376,	8
377,	5
378,	4
379,	5
380,	0
381,	2
382,	2
383,	3
384,	3
385,	3
386,	9
387,	8
388,	6
389,	7
390,	8
391,	0
392,	2
393,	10
394,	9
395,	2
396,	6
397,	9
398,	0
399,	7
400,	7
401,	7
402,	3
403,	4
404,	5
405,	9
406,	1
407,	3
408,	11
409,	10
410,	7
411,	3
412,	4
413,	5
414,	11
415,	4
416,	9
417,	6
418,	8
419,	6
420,	1
421,	6
422,	5
423,	11
424,	7
425,	7
426,	10
427,	7
428,	6
429,	8
430,	9
431,	7
432,	0
433,	6
434,	5
435,	9
436,	5
437,	6
438,	7
439,	7
440,	2
441,	2
442,	9
443,	1
444,	3
445,	10
446,	11
447,	2
448,	4
449,	8
450,	1
451,	1
452,	6
453,	10
454,	4
455,	5
456,	8
457,	11
458,	7
459,	1
460,	10
461,	4
462,	3
463,	7
464,	6
465,	4
466,	9
467,	0
468,	8
469,	5
470,	4
471,	9
472,	6
473,	3
474,	7
475,	10
476,	9
477,	2
478,	6
479,	11
480,	8
481,	4
482,	10
483,	6
484,	8
485,	10
486,	7
487,	9
488,	7
489,	0
490,	4
491,	9
492,	11
493,	8
494,	6
495,	6
496,	10
497,	8
498,	6
499,	9
