Instance: /home/gabriel/Documents/ufrgs/courses/oc/trab/instances/cmb01
Vertices: 500
Colors: 12
NumIterations: 3
Alpha: 0.750000
Is Factible?: false
Conflicts: 5
Solution Value: 151434.000000
Vertex,	Color
0,	1
1,	1
2,	4
3,	1
4,	2
5,	0
6,	1
7,	3
8,	8
9,	2
10,	5
11,	1
12,	1
13,	2
14,	0
15,	0
16,	2
17,	2
18,	11
19,	7
20,	0
21,	0
22,	1
23,	5
24,	0
25,	1
26,	5
27,	2
28,	2
29,	1
30,	1
31,	2
32,	2
33,	0
34,	3
35,	3
36,	2
37,	0
38,	0
39,	1
40,	1
41,	1
42,	2
43,	0
44,	1
45,	1
46,	0
47,	0
48,	2
49,	2
50,	1
51,	1
52,	1
53,	1
54,	0
55,	2
56,	0
57,	2
58,	3
59,	1
60,	6
61,	10
62,	0
63,	0
64,	3
65,	0
66,	1
67,	3
68,	3
69,	0
70,	1
71,	1
72,	4
73,	3
74,	5
75,	2
76,	1
77,	7
78,	3
79,	4
80,	3
81,	3
82,	1
83,	4
84,	1
85,	1
86,	3
87,	2
88,	0
89,	8
90,	3
91,	1
92,	0
93,	1
94,	4
95,	1
96,	1
97,	3
98,	1
99,	0
100,	3
101,	0
102,	0
103,	4
104,	3
105,	2
106,	1
107,	4
108,	3
109,	1
110,	2
111,	10
112,	2
113,	8
114,	0
115,	6
116,	3
117,	8
118,	2
119,	5
120,	4
121,	0
122,	2
123,	1
124,	6
125,	2
126,	2
127,	3
128,	1
129,	6
130,	1
131,	3
132,	0
133,	1
134,	0
135,	1
136,	3
137,	6
138,	5
139,	3
140,	0
141,	0
142,	3
143,	6
144,	5
145,	1
146,	4
147,	1
148,	6
149,	0
150,	5
151,	2
152,	2
153,	1
154,	5
155,	0
156,	9
157,	4
158,	2
159,	0
160,	1
161,	3
162,	7
163,	5
164,	6
165,	3
166,	2
167,	0
168,	5
169,	2
170,	4
171,	2
172,	1
173,	6
174,	0
175,	1
176,	2
177,	2
178,	4
179,	9
180,	4
181,	2
182,	2
183,	3
184,	2
185,	4
186,	5
187,	0
188,	1
189,	4
190,	7
191,	3
192,	3
193,	0
194,	0
195,	3
196,	3
197,	3
198,	2
199,	3
200,	1
201,	1
202,	4
203,	6
204,	3
205,	0
206,	3
207,	6
208,	3
209,	7
210,	4
211,	8
212,	0
213,	4
214,	3
215,	4
216,	2
217,	3
218,	6
219,	6
220,	4
221,	0
222,	5
223,	1
224,	4
225,	0
226,	7
227,	6
228,	3
229,	5
230,	2
231,	4
232,	5
233,	4
234,	3
235,	5
236,	0
237,	5
238,	2
239,	0
240,	0
241,	1
242,	8
243,	0
244,	9
245,	1
246,	4
247,	4
248,	5
249,	2
250,	1
251,	5
252,	3
253,	0
254,	7
255,	1
256,	1
257,	2
258,	5
259,	0
260,	1
261,	4
262,	7
263,	9
264,	4
265,	3
266,	5
267,	8
268,	6
269,	3
270,	6
271,	5
272,	4
273,	5
274,	7
275,	3
276,	5
277,	6
278,	4
279,	3
280,	0
281,	5
282,	5
283,	5
284,	7
285,	4
286,	4
287,	6
288,	2
289,	5
290,	4
291,	0
292,	6
293,	3
294,	10
295,	3
296,	6
297,	6
298,	3
299,	4
300,	0
301,	1
302,	5
303,	2
304,	0
305,	0
306,	2
307,	7
308,	5
309,	6
310,	5
311,	6
312,	1
313,	7
314,	6
315,	5
316,	9
317,	0
318,	1
319,	2
320,	3
321,	9
322,	5
323,	7
324,	6
325,	5
326,	2
327,	5
328,	7
329,	6
330,	2
331,	5
332,	4
333,	5
334,	8
335,	7
336,	4
337,	8
338,	3
339,	7
340,	1
341,	4
342,	7
343,	9
344,	3
345,	3
346,	2
347,	10
348,	7
349,	6
350,	1
351,	1
352,	10
353,	7
354,	4
355,	6
356,	2
357,	9
358,	5
359,	8
360,	7
361,	6
362,	4
363,	7
364,	7
365,	9
366,	6
367,	4
368,	6
369,	5
370,	6
371,	4
372,	3
373,	4
374,	2
375,	4
376,	8
377,	5
378,	7
379,	4
380,	0
381,	5
382,	3
383,	2
384,	5
385,	5
386,	9
387,	8
388,	7
389,	7
390,	6
391,	4
392,	5
393,	4
394,	8
395,	3
396,	10
397,	8
398,	2
399,	8
400,	6
401,	0
402,	5
403,	6
404,	4
405,	10
406,	8
407,	5
408,	11
409,	7
410,	7
411,	5
412,	4
413,	6
414,	5
415,	2
416,	6
417,	4
418,	10
419,	6
420,	10
421,	7
422,	3
423,	0
424,	9
425,	6
426,	9
427,	4
428,	1
429,	5
430,	9
431,	6
432,	1
433,	6
434,	6
435,	8
436,	4
437,	3
438,	3
439,	9
440,	3
441,	8
442,	0
443,	3
444,	4
445,	3
446,	11
447,	5
448,	5
449,	10
450,	11
451,	4
452,	7
453,	10
454,	4
455,	6
456,	9
457,	10
458,	7
459,	10
460,	8
461,	2
462,	8
463,	7
464,	2
465,	7
466,	2
467,	4
468,	6
469,	6
470,	3
471,	9
472,	8
473,	3
474,	7
475,	11
476,	0
477,	0
478,	4
479,	11
480,	10
481,	5
482,	7
483,	5
484,	8
485,	8
486,	6
487,	8
488,	4
489,	3
490,	6
491,	8
492,	11
493,	9
494,	7
495,	10
496,	10
497,	6
498,	0
499,	6
