Instance: /home/gabriel/Documents/ufrgs/courses/oc/trab/instances/cmb01
Vertices: 500
Colors: 12
NumIterations: 10
Alpha: 0.750000
Is Factible?: false
Conflicts: 3
Solution Value: 157649.000000
Vertex,	Color
0,	4
1,	3
2,	2
3,	0
4,	2
5,	5
6,	1
7,	1
8,	3
9,	4
10,	3
11,	2
12,	4
13,	1
14,	4
15,	0
16,	0
17,	1
18,	9
19,	3
20,	0
21,	7
22,	0
23,	0
24,	2
25,	1
26,	3
27,	0
28,	0
29,	2
30,	0
31,	2
32,	0
33,	0
34,	2
35,	7
36,	1
37,	2
38,	0
39,	4
40,	2
41,	1
42,	0
43,	0
44,	0
45,	2
46,	0
47,	3
48,	2
49,	0
50,	2
51,	2
52,	6
53,	1
54,	2
55,	2
56,	1
57,	2
58,	1
59,	0
60,	0
61,	1
62,	2
63,	1
64,	1
65,	1
66,	2
67,	1
68,	5
69,	1
70,	2
71,	2
72,	0
73,	3
74,	3
75,	0
76,	1
77,	7
78,	3
79,	4
80,	3
81,	6
82,	1
83,	1
84,	0
85,	0
86,	0
87,	4
88,	0
89,	2
90,	3
91,	3
92,	1
93,	1
94,	6
95,	2
96,	2
97,	2
98,	3
99,	1
100,	1
101,	1
102,	0
103,	5
104,	2
105,	2
106,	0
107,	3
108,	1
109,	5
110,	2
111,	10
112,	2
113,	3
114,	4
115,	2
116,	0
117,	5
118,	0
119,	5
120,	4
121,	1
122,	2
123,	6
124,	6
125,	0
126,	1
127,	0
128,	0
129,	5
130,	0
131,	1
132,	1
133,	1
134,	1
135,	0
136,	3
137,	10
138,	4
139,	0
140,	0
141,	4
142,	0
143,	2
144,	5
145,	3
146,	4
147,	2
148,	10
149,	3
150,	4
151,	4
152,	1
153,	2
154,	3
155,	1
156,	1
157,	3
158,	4
159,	0
160,	1
161,	6
162,	7
163,	4
164,	6
165,	6
166,	2
167,	3
168,	4
169,	3
170,	8
171,	1
172,	6
173,	3
174,	0
175,	1
176,	1
177,	2
178,	6
179,	3
180,	3
181,	2
182,	4
183,	3
184,	0
185,	6
186,	1
187,	1
188,	1
189,	6
190,	6
191,	1
192,	0
193,	1
194,	4
195,	1
196,	1
197,	5
198,	6
199,	2
200,	3
201,	6
202,	2
203,	4
204,	3
205,	2
206,	1
207,	5
208,	2
209,	2
210,	3
211,	0
212,	0
213,	2
214,	2
215,	5
216,	0
217,	6
218,	5
219,	0
220,	6
221,	0
222,	7
223,	3
224,	1
225,	0
226,	4
227,	6
228,	0
229,	7
230,	4
231,	5
232,	5
233,	5
234,	3
235,	2
236,	6
237,	5
238,	2
239,	0
240,	0
241,	1
242,	8
243,	4
244,	7
245,	1
246,	3
247,	4
248,	4
249,	2
250,	2
251,	4
252,	1
253,	5
254,	3
255,	8
256,	10
257,	2
258,	5
259,	5
260,	5
261,	2
262,	6
263,	9
264,	4
265,	3
266,	2
267,	6
268,	5
269,	5
270,	8
271,	5
272,	6
273,	4
274,	7
275,	1
276,	0
277,	4
278,	7
279,	0
280,	1
281,	6
282,	7
283,	3
284,	4
285,	4
286,	3
287,	5
288,	3
289,	4
290,	3
291,	1
292,	5
293,	1
294,	7
295,	4
296,	5
297,	8
298,	3
299,	3
300,	2
301,	0
302,	6
303,	3
304,	1
305,	0
306,	1
307,	7
308,	4
309,	6
310,	7
311,	0
312,	3
313,	7
314,	4
315,	3
316,	5
317,	1
318,	2
319,	0
320,	3
321,	4
322,	8
323,	5
324,	5
325,	5
326,	6
327,	3
328,	6
329,	5
330,	1
331,	6
332,	5
333,	4
334,	9
335,	2
336,	4
337,	8
338,	7
339,	0
340,	8
341,	6
342,	4
343,	3
344,	4
345,	7
346,	7
347,	8
348,	7
349,	7
350,	5
351,	0
352,	9
353,	7
354,	5
355,	4
356,	9
357,	9
358,	4
359,	8
360,	7
361,	6
362,	3
363,	7
364,	7
365,	8
366,	5
367,	5
368,	7
369,	7
370,	0
371,	5
372,	5
373,	6
374,	4
375,	4
376,	8
377,	8
378,	7
379,	2
380,	1
381,	3
382,	2
383,	3
384,	5
385,	3
386,	7
387,	8
388,	7
389,	7
390,	7
391,	1
392,	3
393,	8
394,	10
395,	7
396,	9
397,	7
398,	4
399,	8
400,	7
401,	2
402,	5
403,	5
404,	5
405,	9
406,	2
407,	6
408,	11
409,	9
410,	8
411,	6
412,	6
413,	5
414,	10
415,	11
416,	3
417,	4
418,	9
419,	6
420,	9
421,	6
422,	8
423,	5
424,	8
425,	7
426,	10
427,	5
428,	3
429,	8
430,	8
431,	5
432,	4
433,	8
434,	6
435,	5
436,	7
437,	2
438,	7
439,	9
440,	1
441,	7
442,	10
443,	0
444,	5
445,	8
446,	10
447,	3
448,	3
449,	9
450,	3
451,	5
452,	8
453,	8
454,	5
455,	5
456,	9
457,	11
458,	3
459,	10
460,	10
461,	4
462,	1
463,	7
464,	5
465,	7
466,	6
467,	5
468,	9
469,	6
470,	8
471,	8
472,	7
473,	1
474,	6
475,	10
476,	8
477,	1
478,	6
479,	11
480,	9
481,	2
482,	10
483,	4
484,	8
485,	6
486,	8
487,	9
488,	5
489,	6
490,	4
491,	9
492,	11
493,	9
494,	6
495,	5
496,	10
497,	5
498,	7
499,	9
