Instance: /home/gabriel/Documents/ufrgs/courses/oc/trab/instances/cmb01
Vertices: 500
Colors: 12
NumIterations: 1
Alpha: 0.750000
Is Factible?: false
Conflicts: 9
Solution Value: 154252.843750
Vertex,	Color
0,	1
1,	2
2,	0
3,	3
4,	0
5,	0
6,	0
7,	4
8,	4
9,	0
10,	1
11,	2
12,	5
13,	6
14,	1
15,	0
16,	1
17,	4
18,	6
19,	0
20,	2
21,	0
22,	3
23,	2
24,	0
25,	2
26,	3
27,	0
28,	0
29,	1
30,	0
31,	5
32,	1
33,	1
34,	5
35,	2
36,	1
37,	0
38,	2
39,	8
40,	0
41,	1
42,	3
43,	3
44,	1
45,	0
46,	0
47,	0
48,	11
49,	1
50,	0
51,	1
52,	2
53,	1
54,	0
55,	0
56,	1
57,	1
58,	5
59,	1
60,	5
61,	1
62,	3
63,	2
64,	0
65,	2
66,	1
67,	2
68,	5
69,	2
70,	1
71,	1
72,	2
73,	2
74,	2
75,	0
76,	1
77,	9
78,	0
79,	1
80,	3
81,	3
82,	3
83,	4
84,	1
85,	0
86,	4
87,	0
88,	0
89,	0
90,	0
91,	5
92,	2
93,	1
94,	8
95,	3
96,	1
97,	2
98,	0
99,	9
100,	5
101,	0
102,	1
103,	6
104,	0
105,	2
106,	6
107,	3
108,	0
109,	3
110,	1
111,	3
112,	2
113,	7
114,	3
115,	5
116,	3
117,	7
118,	0
119,	0
120,	0
121,	4
122,	5
123,	3
124,	3
125,	1
126,	2
127,	2
128,	3
129,	5
130,	0
131,	2
132,	2
133,	2
134,	3
135,	3
136,	3
137,	0
138,	1
139,	2
140,	1
141,	1
142,	5
143,	6
144,	5
145,	0
146,	4
147,	3
148,	4
149,	2
150,	6
151,	6
152,	1
153,	1
154,	1
155,	3
156,	5
157,	5
158,	3
159,	2
160,	3
161,	4
162,	4
163,	7
164,	6
165,	4
166,	1
167,	0
168,	1
169,	2
170,	3
171,	2
172,	1
173,	0
174,	2
175,	0
176,	1
177,	2
178,	5
179,	5
180,	1
181,	2
182,	2
183,	0
184,	5
185,	3
186,	6
187,	0
188,	0
189,	4
190,	5
191,	2
192,	4
193,	1
194,	1
195,	5
196,	1
197,	2
198,	4
199,	5
200,	1
201,	3
202,	0
203,	6
204,	4
205,	5
206,	2
207,	5
208,	0
209,	4
210,	0
211,	1
212,	7
213,	3
214,	0
215,	2
216,	3
217,	2
218,	7
219,	3
220,	5
221,	1
222,	7
223,	5
224,	2
225,	0
226,	6
227,	5
228,	3
229,	5
230,	1
231,	4
232,	4
233,	4
234,	1
235,	8
236,	4
237,	1
238,	1
239,	1
240,	1
241,	2
242,	6
243,	2
244,	8
245,	4
246,	3
247,	5
248,	7
249,	0
250,	2
251,	4
252,	5
253,	2
254,	2
255,	3
256,	8
257,	4
258,	3
259,	7
260,	4
261,	3
262,	3
263,	10
264,	4
265,	1
266,	6
267,	4
268,	6
269,	5
270,	5
271,	5
272,	6
273,	6
274,	9
275,	3
276,	1
277,	0
278,	6
279,	0
280,	0
281,	2
282,	6
283,	4
284,	7
285,	4
286,	4
287,	6
288,	3
289,	4
290,	0
291,	0
292,	4
293,	3
294,	11
295,	2
296,	7
297,	2
298,	1
299,	0
300,	3
301,	2
302,	5
303,	3
304,	1
305,	5
306,	2
307,	8
308,	1
309,	6
310,	7
311,	2
312,	0
313,	6
314,	6
315,	6
316,	4
317,	3
318,	4
319,	2
320,	3
321,	2
322,	10
323,	4
324,	6
325,	4
326,	0
327,	5
328,	8
329,	6
330,	2
331,	6
332,	5
333,	2
334,	8
335,	9
336,	4
337,	7
338,	5
339,	7
340,	7
341,	4
342,	7
343,	7
344,	1
345,	8
346,	7
347,	3
348,	7
349,	6
350,	4
351,	4
352,	8
353,	7
354,	5
355,	6
356,	8
357,	8
358,	3
359,	11
360,	8
361,	0
362,	3
363,	7
364,	9
365,	7
366,	6
367,	4
368,	7
369,	5
370,	7
371,	7
372,	4
373,	6
374,	4
375,	4
376,	8
377,	4
378,	5
379,	5
380,	7
381,	3
382,	1
383,	3
384,	1
385,	4
386,	9
387,	8
388,	9
389,	6
390,	6
391,	0
392,	3
393,	7
394,	10
395,	5
396,	9
397,	8
398,	5
399,	9
400,	6
401,	7
402,	8
403,	5
404,	5
405,	9
406,	8
407,	5
408,	11
409,	8
410,	7
411,	2
412,	5
413,	7
414,	10
415,	10
416,	9
417,	7
418,	10
419,	4
420,	9
421,	7
422,	8
423,	8
424,	8
425,	6
426,	10
427,	6
428,	7
429,	7
430,	9
431,	6
432,	10
433,	6
434,	6
435,	6
436,	9
437,	6
438,	4
439,	7
440,	11
441,	9
442,	11
443,	1
444,	3
445,	9
446,	10
447,	3
448,	6
449,	9
450,	10
451,	5
452,	8
453,	10
454,	4
455,	6
456,	8
457,	10
458,	0
459,	11
460,	11
461,	3
462,	8
463,	8
464,	8
465,	4
466,	1
467,	5
468,	10
469,	6
470,	4
471,	9
472,	7
473,	2
474,	9
475,	11
476,	7
477,	2
478,	8
479,	11
480,	3
481,	5
482,	11
483,	4
484,	9
485,	4
486,	8
487,	8
488,	7
489,	6
490,	5
491,	8
492,	11
493,	5
494,	11
495,	6
496,	5
497,	8
498,	6
499,	6
