Instance: /home/gabriel/Documents/ufrgs/courses/oc/trab/instances/cmb01
Vertices: 500
Colors: 12
NumIterations: 1000
Alpha: 0.850000
Is Factible?: false
Conflicts: 3
Solution Value: 141121.296875
Vertex,	Color
0,	9
1,	3
2,	6
3,	0
4,	0
5,	0
6,	1
7,	0
8,	0
9,	4
10,	0
11,	0
12,	1
13,	1
14,	2
15,	0
16,	5
17,	4
18,	5
19,	0
20,	1
21,	0
22,	2
23,	2
24,	0
25,	2
26,	1
27,	4
28,	0
29,	2
30,	2
31,	0
32,	2
33,	0
34,	1
35,	0
36,	0
37,	0
38,	3
39,	1
40,	1
41,	2
42,	2
43,	1
44,	1
45,	1
46,	1
47,	1
48,	2
49,	2
50,	1
51,	8
52,	1
53,	3
54,	1
55,	0
56,	2
57,	4
58,	0
59,	0
60,	1
61,	0
62,	0
63,	1
64,	2
65,	2
66,	2
67,	0
68,	4
69,	2
70,	0
71,	2
72,	3
73,	1
74,	4
75,	0
76,	2
77,	7
78,	0
79,	6
80,	3
81,	6
82,	2
83,	0
84,	2
85,	1
86,	1
87,	0
88,	3
89,	0
90,	5
91,	2
92,	2
93,	2
94,	10
95,	1
96,	1
97,	3
98,	2
99,	3
100,	2
101,	3
102,	1
103,	0
104,	0
105,	4
106,	2
107,	3
108,	1
109,	0
110,	4
111,	6
112,	0
113,	3
114,	4
115,	0
116,	1
117,	8
118,	1
119,	2
120,	1
121,	5
122,	0
123,	0
124,	0
125,	1
126,	2
127,	4
128,	3
129,	4
130,	2
131,	2
132,	3
133,	0
134,	1
135,	7
136,	1
137,	1
138,	6
139,	2
140,	3
141,	5
142,	2
143,	3
144,	5
145,	4
146,	4
147,	3
148,	7
149,	0
150,	6
151,	1
152,	4
153,	2
154,	4
155,	3
156,	0
157,	4
158,	0
159,	4
160,	2
161,	5
162,	7
163,	3
164,	5
165,	3
166,	0
167,	1
168,	5
169,	3
170,	8
171,	3
172,	1
173,	2
174,	2
175,	0
176,	2
177,	5
178,	5
179,	5
180,	6
181,	1
182,	4
183,	0
184,	3
185,	4
186,	3
187,	1
188,	1
189,	6
190,	5
191,	1
192,	3
193,	3
194,	4
195,	3
196,	3
197,	5
198,	4
199,	1
200,	1
201,	5
202,	3
203,	5
204,	4
205,	1
206,	3
207,	3
208,	3
209,	3
210,	3
211,	1
212,	8
213,	4
214,	2
215,	2
216,	5
217,	3
218,	5
219,	1
220,	6
221,	0
222,	3
223,	5
224,	4
225,	0
226,	5
227,	3
228,	0
229,	5
230,	3
231,	6
232,	4
233,	7
234,	3
235,	5
236,	1
237,	7
238,	3
239,	2
240,	1
241,	3
242,	7
243,	1
244,	8
245,	1
246,	0
247,	6
248,	7
249,	1
250,	2
251,	2
252,	2
253,	1
254,	7
255,	1
256,	4
257,	0
258,	4
259,	5
260,	6
261,	4
262,	6
263,	9
264,	4
265,	3
266,	3
267,	5
268,	7
269,	9
270,	9
271,	5
272,	6
273,	8
274,	7
275,	1
276,	9
277,	6
278,	7
279,	2
280,	3
281,	4
282,	5
283,	4
284,	6
285,	4
286,	7
287,	6
288,	1
289,	2
290,	2
291,	4
292,	6
293,	2
294,	10
295,	1
296,	5
297,	3
298,	3
299,	1
300,	3
301,	0
302,	5
303,	3
304,	2
305,	3
306,	2
307,	7
308,	4
309,	6
310,	8
311,	2
312,	1
313,	8
314,	7
315,	5
316,	7
317,	0
318,	2
319,	2
320,	3
321,	5
322,	8
323,	6
324,	6
325,	5
326,	3
327,	5
328,	7
329,	6
330,	0
331,	6
332,	4
333,	6
334,	9
335,	7
336,	4
337,	7
338,	4
339,	3
340,	5
341,	4
342,	7
343,	8
344,	2
345,	7
346,	5
347,	11
348,	7
349,	6
350,	1
351,	0
352,	10
353,	8
354,	3
355,	2
356,	4
357,	8
358,	5
359,	8
360,	8
361,	4
362,	3
363,	0
364,	7
365,	5
366,	6
367,	4
368,	7
369,	7
370,	9
371,	6
372,	3
373,	4
374,	4
375,	5
376,	8
377,	8
378,	6
379,	6
380,	6
381,	3
382,	2
383,	4
384,	5
385,	5
386,	7
387,	9
388,	6
389,	7
390,	6
391,	5
392,	4
393,	6
394,	7
395,	7
396,	9
397,	7
398,	2
399,	9
400,	8
401,	0
402,	9
403,	5
404,	5
405,	10
406,	9
407,	5
408,	11
409,	8
410,	8
411,	4
412,	6
413,	6
414,	5
415,	10
416,	10
417,	4
418,	10
419,	6
420,	9
421,	7
422,	5
423,	5
424,	8
425,	6
426,	10
427,	9
428,	1
429,	8
430,	10
431,	7
432,	1
433,	7
434,	7
435,	9
436,	6
437,	5
438,	4
439,	10
440,	11
441,	9
442,	11
443,	6
444,	2
445,	8
446,	11
447,	4
448,	4
449,	10
450,	8
451,	4
452,	7
453,	7
454,	3
455,	7
456,	9
457,	10
458,	5
459,	11
460,	9
461,	4
462,	8
463,	6
464,	6
465,	4
466,	9
467,	6
468,	7
469,	3
470,	8
471,	9
472,	7
473,	5
474,	9
475,	11
476,	8
477,	2
478,	6
479,	8
480,	10
481,	5
482,	10
483,	7
484,	7
485,	9
486,	10
487,	10
488,	7
489,	0
490,	6
491,	10
492,	11
493,	10
494,	8
495,	7
496,	9
497,	9
498,	6
499,	9
