Instance: /home/gabriel/Documents/ufrgs/courses/oc/trab/instances/cmb01
Vertices: 500
Colors: 12
NumIterations: 100
Alpha: 0.750000
Is Factible?: false
Conflicts: 2
Solution Value: 150494.796875
Vertex,	Color
0,	1
1,	1
2,	4
3,	0
4,	4
5,	0
6,	1
7,	3
8,	4
9,	4
10,	5
11,	2
12,	1
13,	0
14,	2
15,	0
16,	4
17,	2
18,	4
19,	1
20,	1
21,	0
22,	0
23,	0
24,	0
25,	2
26,	5
27,	2
28,	0
29,	0
30,	0
31,	2
32,	2
33,	4
34,	5
35,	10
36,	3
37,	0
38,	0
39,	6
40,	0
41,	2
42,	4
43,	4
44,	1
45,	0
46,	2
47,	2
48,	4
49,	0
50,	1
51,	3
52,	1
53,	0
54,	1
55,	1
56,	2
57,	0
58,	4
59,	0
60,	9
61,	2
62,	1
63,	1
64,	1
65,	0
66,	0
67,	1
68,	3
69,	0
70,	3
71,	2
72,	2
73,	1
74,	8
75,	1
76,	4
77,	1
78,	0
79,	9
80,	6
81,	2
82,	6
83,	5
84,	0
85,	0
86,	8
87,	0
88,	0
89,	2
90,	0
91,	6
92,	1
93,	2
94,	1
95,	2
96,	2
97,	3
98,	0
99,	4
100,	7
101,	1
102,	1
103,	3
104,	0
105,	1
106,	4
107,	3
108,	1
109,	0
110,	4
111,	8
112,	0
113,	0
114,	1
115,	3
116,	1
117,	9
118,	0
119,	4
120,	1
121,	5
122,	3
123,	1
124,	1
125,	2
126,	6
127,	6
128,	1
129,	3
130,	3
131,	2
132,	2
133,	0
134,	1
135,	1
136,	2
137,	0
138,	5
139,	0
140,	1
141,	3
142,	4
143,	6
144,	1
145,	0
146,	5
147,	1
148,	8
149,	0
150,	4
151,	1
152,	0
153,	2
154,	2
155,	2
156,	4
157,	5
158,	0
159,	0
160,	5
161,	3
162,	2
163,	4
164,	7
165,	2
166,	5
167,	4
168,	1
169,	0
170,	9
171,	3
172,	1
173,	1
174,	3
175,	0
176,	3
177,	8
178,	3
179,	7
180,	3
181,	0
182,	1
183,	7
184,	0
185,	2
186,	2
187,	0
188,	2
189,	6
190,	5
191,	2
192,	3
193,	2
194,	3
195,	1
196,	2
197,	4
198,	5
199,	5
200,	1
201,	4
202,	2
203,	6
204,	8
205,	4
206,	2
207,	1
208,	6
209,	3
210,	4
211,	6
212,	10
213,	2
214,	0
215,	2
216,	4
217,	3
218,	5
219,	6
220,	7
221,	1
222,	4
223,	2
224,	4
225,	0
226,	5
227,	6
228,	0
229,	6
230,	2
231,	4
232,	4
233,	5
234,	1
235,	1
236,	5
237,	1
238,	2
239,	2
240,	1
241,	0
242,	7
243,	3
244,	10
245,	1
246,	4
247,	7
248,	5
249,	4
250,	1
251,	4
252,	4
253,	6
254,	2
255,	9
256,	7
257,	3
258,	5
259,	0
260,	5
261,	4
262,	7
263,	9
264,	4
265,	1
266,	5
267,	5
268,	6
269,	3
270,	9
271,	5
272,	7
273,	3
274,	6
275,	1
276,	3
277,	4
278,	4
279,	2
280,	2
281,	4
282,	5
283,	3
284,	11
285,	4
286,	4
287,	3
288,	1
289,	3
290,	1
291,	0
292,	6
293,	4
294,	8
295,	3
296,	5
297,	0
298,	3
299,	1
300,	3
301,	1
302,	4
303,	3
304,	2
305,	5
306,	2
307,	7
308,	1
309,	7
310,	6
311,	5
312,	3
313,	7
314,	7
315,	5
316,	5
317,	2
318,	3
319,	3
320,	3
321,	5
322,	8
323,	7
324,	7
325,	5
326,	2
327,	3
328,	8
329,	6
330,	0
331,	6
332,	4
333,	6
334,	8
335,	4
336,	1
337,	8
338,	6
339,	6
340,	5
341,	5
342,	6
343,	6
344,	1
345,	6
346,	8
347,	0
348,	7
349,	6
350,	4
351,	0
352,	10
353,	6
354,	5
355,	4
356,	1
357,	9
358,	3
359,	7
360,	8
361,	2
362,	0
363,	7
364,	10
365,	3
366,	7
367,	4
368,	8
369,	6
370,	0
371,	5
372,	3
373,	8
374,	3
375,	6
376,	5
377,	4
378,	6
379,	4
380,	7
381,	3
382,	2
383,	4
384,	5
385,	5
386,	8
387,	7
388,	3
389,	7
390,	3
391,	4
392,	4
393,	7
394,	9
395,	3
396,	8
397,	8
398,	1
399,	9
400,	5
401,	0
402,	8
403,	7
404,	5
405,	9
406,	5
407,	4
408,	11
409,	6
410,	7
411,	5
412,	4
413,	6
414,	5
415,	11
416,	8
417,	5
418,	10
419,	4
420,	9
421,	6
422,	7
423,	11
424,	7
425,	8
426,	10
427,	6
428,	1
429,	5
430,	9
431,	9
432,	9
433,	7
434,	6
435,	7
436,	7
437,	5
438,	2
439,	9
440,	0
441,	8
442,	10
443,	10
444,	4
445,	8
446,	10
447,	4
448,	4
449,	3
450,	1
451,	2
452,	7
453,	10
454,	3
455,	6
456,	9
457,	11
458,	5
459,	11
460,	11
461,	3
462,	8
463,	7
464,	5
465,	8
466,	7
467,	1
468,	9
469,	4
470,	2
471,	9
472,	6
473,	5
474,	8
475,	9
476,	9
477,	4
478,	6
479,	10
480,	9
481,	5
482,	10
483,	5
484,	7
485,	7
486,	6
487,	8
488,	7
489,	0
490,	6
491,	7
492,	11
493,	8
494,	7
495,	7
496,	3
497,	8
498,	6
499,	3
