Instance: /home/gabriel/Documents/ufrgs/courses/oc/trab/instances/cmb01
Vertices: 500
Colors: 12
NumIterations: 1
Alpha: 0.750000
Is Factible?: false
Conflicts: 4
Solution Value: 147282.453125
Vertex,	Color
0,	6
1,	2
2,	1
3,	0
4,	0
5,	0
6,	1
7,	5
8,	3
9,	3
10,	4
11,	1
12,	0
13,	0
14,	0
15,	1
16,	5
17,	4
18,	5
19,	2
20,	1
21,	0
22,	5
23,	4
24,	1
25,	0
26,	2
27,	3
28,	5
29,	0
30,	3
31,	4
32,	2
33,	0
34,	2
35,	2
36,	0
37,	0
38,	2
39,	11
40,	0
41,	0
42,	0
43,	0
44,	1
45,	1
46,	2
47,	0
48,	2
49,	4
50,	2
51,	4
52,	1
53,	2
54,	2
55,	0
56,	2
57,	3
58,	6
59,	0
60,	4
61,	3
62,	7
63,	1
64,	2
65,	2
66,	0
67,	1
68,	0
69,	2
70,	8
71,	0
72,	2
73,	0
74,	4
75,	2
76,	6
77,	3
78,	1
79,	10
80,	1
81,	3
82,	1
83,	3
84,	1
85,	2
86,	0
87,	0
88,	4
89,	2
90,	5
91,	0
92,	0
93,	0
94,	4
95,	1
96,	2
97,	1
98,	2
99,	1
100,	2
101,	1
102,	2
103,	5
104,	2
105,	3
106,	6
107,	4
108,	1
109,	5
110,	0
111,	1
112,	1
113,	1
114,	7
115,	1
116,	1
117,	6
118,	8
119,	0
120,	3
121,	5
122,	5
123,	2
124,	2
125,	3
126,	4
127,	5
128,	1
129,	3
130,	0
131,	2
132,	1
133,	2
134,	2
135,	1
136,	3
137,	2
138,	3
139,	0
140,	0
141,	3
142,	8
143,	3
144,	9
145,	2
146,	4
147,	1
148,	8
149,	1
150,	7
151,	2
152,	5
153,	0
154,	2
155,	1
156,	1
157,	5
158,	3
159,	2
160,	2
161,	3
162,	7
163,	5
164,	6
165,	3
166,	1
167,	1
168,	0
169,	3
170,	7
171,	3
172,	0
173,	4
174,	1
175,	0
176,	2
177,	9
178,	5
179,	10
180,	3
181,	1
182,	2
183,	5
184,	0
185,	3
186,	1
187,	0
188,	8
189,	4
190,	6
191,	9
192,	1
193,	3
194,	3
195,	4
196,	2
197,	2
198,	3
199,	1
200,	3
201,	6
202,	1
203,	1
204,	4
205,	1
206,	1
207,	8
208,	0
209,	3
210,	1
211,	2
212,	8
213,	3
214,	3
215,	3
216,	2
217,	3
218,	6
219,	6
220,	7
221,	1
222,	5
223,	3
224,	3
225,	2
226,	8
227,	2
228,	0
229,	4
230,	1
231,	2
232,	1
233,	4
234,	2
235,	4
236,	7
237,	6
238,	0
239,	0
240,	0
241,	6
242,	7
243,	3
244,	5
245,	2
246,	5
247,	8
248,	6
249,	0
250,	2
251,	4
252,	7
253,	4
254,	6
255,	0
256,	4
257,	0
258,	5
259,	3
260,	5
261,	4
262,	8
263,	10
264,	5
265,	2
266,	4
267,	1
268,	6
269,	5
270,	6
271,	4
272,	6
273,	5
274,	7
275,	0
276,	4
277,	6
278,	4
279,	1
280,	2
281,	3
282,	8
283,	1
284,	4
285,	5
286,	2
287,	5
288,	2
289,	4
290,	4
291,	1
292,	6
293,	5
294,	9
295,	4
296,	8
297,	9
298,	3
299,	4
300,	2
301,	2
302,	4
303,	3
304,	4
305,	5
306,	2
307,	8
308,	4
309,	6
310,	8
311,	3
312,	2
313,	7
314,	7
315,	4
316,	6
317,	3
318,	4
319,	1
320,	4
321,	9
322,	0
323,	7
324,	7
325,	5
326,	2
327,	5
328,	8
329,	6
330,	1
331,	5
332,	4
333,	3
334,	8
335,	0
336,	7
337,	10
338,	5
339,	0
340,	4
341,	7
342,	5
343,	0
344,	5
345,	6
346,	7
347,	7
348,	7
349,	6
350,	0
351,	2
352,	9
353,	10
354,	3
355,	7
356,	9
357,	9
358,	5
359,	0
360,	7
361,	7
362,	6
363,	8
364,	7
365,	9
366,	3
367,	4
368,	6
369,	7
370,	6
371,	1
372,	8
373,	3
374,	4
375,	4
376,	7
377,	5
378,	5
379,	5
380,	8
381,	2
382,	1
383,	3
384,	3
385,	3
386,	7
387,	7
388,	3
389,	7
390,	8
391,	3
392,	5
393,	6
394,	0
395,	1
396,	10
397,	8
398,	0
399,	8
400,	6
401,	1
402,	6
403,	5
404,	6
405,	9
406,	1
407,	3
408,	11
409,	4
410,	6
411,	6
412,	7
413,	6
414,	5
415,	0
416,	9
417,	5
418,	10
419,	4
420,	9
421,	5
422,	6
423,	4
424,	6
425,	7
426,	10
427,	7
428,	6
429,	5
430,	9
431,	0
432,	10
433,	4
434,	6
435,	6
436,	8
437,	1
438,	6
439,	8
440,	8
441,	10
442,	1
443,	0
444,	3
445,	10
446,	11
447,	4
448,	3
449,	9
450,	10
451,	6
452,	7
453,	5
454,	5
455,	7
456,	5
457,	11
458,	7
459,	11
460,	10
461,	4
462,	6
463,	6
464,	5
465,	9
466,	9
467,	5
468,	9
469,	6
470,	8
471,	7
472,	7
473,	3
474,	6
475,	11
476,	0
477,	0
478,	7
479,	11
480,	9
481,	4
482,	11
483,	6
484,	8
485,	8
486,	6
487,	8
488,	3
489,	0
490,	6
491,	9
492,	11
493,	4
494,	8
495,	7
496,	5
497,	9
498,	5
499,	9
