Instance: /home/gabriel/Documents/ufrgs/courses/oc/trab/instances/cmb01
Vertices: 500
Colors: 12
NumIterations: 2
Alpha: 0.750000
Is Factible?: false
Conflicts: 4
Solution Value: 147002.906250
Vertex,	Color
0,	0
1,	2
2,	2
3,	0
4,	3
5,	1
6,	0
7,	2
8,	4
9,	4
10,	2
11,	2
12,	1
13,	4
14,	5
15,	1
16,	3
17,	4
18,	3
19,	0
20,	0
21,	1
22,	3
23,	2
24,	0
25,	1
26,	5
27,	3
28,	0
29,	0
30,	0
31,	3
32,	2
33,	0
34,	2
35,	2
36,	0
37,	5
38,	1
39,	1
40,	1
41,	1
42,	1
43,	1
44,	0
45,	2
46,	1
47,	3
48,	2
49,	3
50,	2
51,	7
52,	0
53,	1
54,	4
55,	0
56,	2
57,	1
58,	1
59,	0
60,	7
61,	1
62,	0
63,	6
64,	3
65,	0
66,	0
67,	5
68,	9
69,	0
70,	2
71,	1
72,	5
73,	3
74,	7
75,	2
76,	0
77,	7
78,	0
79,	8
80,	0
81,	0
82,	2
83,	6
84,	0
85,	0
86,	1
87,	1
88,	2
89,	6
90,	3
91,	0
92,	2
93,	1
94,	4
95,	2
96,	4
97,	1
98,	2
99,	1
100,	8
101,	0
102,	4
103,	5
104,	1
105,	3
106,	6
107,	4
108,	1
109,	0
110,	2
111,	2
112,	0
113,	2
114,	6
115,	4
116,	0
117,	6
118,	0
119,	1
120,	4
121,	3
122,	5
123,	6
124,	2
125,	1
126,	4
127,	3
128,	1
129,	7
130,	0
131,	2
132,	0
133,	5
134,	1
135,	0
136,	3
137,	1
138,	6
139,	5
140,	1
141,	0
142,	3
143,	11
144,	4
145,	2
146,	3
147,	3
148,	7
149,	2
150,	5
151,	4
152,	2
153,	2
154,	5
155,	4
156,	3
157,	5
158,	0
159,	1
160,	3
161,	7
162,	0
163,	5
164,	6
165,	4
166,	0
167,	4
168,	1
169,	1
170,	5
171,	1
172,	2
173,	3
174,	4
175,	1
176,	3
177,	3
178,	6
179,	3
180,	3
181,	2
182,	4
183,	3
184,	0
185,	4
186,	1
187,	0
188,	1
189,	5
190,	5
191,	1
192,	1
193,	2
194,	1
195,	4
196,	2
197,	4
198,	0
199,	2
200,	2
201,	4
202,	1
203,	7
204,	3
205,	0
206,	1
207,	4
208,	0
209,	2
210,	1
211,	2
212,	0
213,	4
214,	8
215,	3
216,	3
217,	2
218,	3
219,	1
220,	6
221,	0
222,	7
223,	1
224,	5
225,	3
226,	6
227,	4
228,	0
229,	4
230,	1
231,	3
232,	2
233,	5
234,	1
235,	6
236,	9
237,	4
238,	2
239,	0
240,	4
241,	1
242,	6
243,	5
244,	7
245,	1
246,	4
247,	8
248,	6
249,	3
250,	1
251,	5
252,	3
253,	2
254,	3
255,	1
256,	2
257,	1
258,	4
259,	3
260,	5
261,	3
262,	0
263,	8
264,	2
265,	1
266,	5
267,	7
268,	8
269,	4
270,	5
271,	5
272,	5
273,	5
274,	6
275,	0
276,	4
277,	6
278,	5
279,	1
280,	1
281,	2
282,	7
283,	2
284,	4
285,	2
286,	6
287,	7
288,	2
289,	5
290,	4
291,	5
292,	6
293,	3
294,	10
295,	4
296,	3
297,	0
298,	2
299,	3
300,	5
301,	2
302,	5
303,	3
304,	5
305,	6
306,	2
307,	7
308,	3
309,	6
310,	7
311,	0
312,	2
313,	8
314,	6
315,	5
316,	5
317,	3
318,	4
319,	0
320,	3
321,	9
322,	10
323,	6
324,	8
325,	4
326,	3
327,	6
328,	7
329,	8
330,	0
331,	6
332,	2
333,	0
334,	9
335,	8
336,	6
337,	8
338,	6
339,	1
340,	4
341,	9
342,	7
343,	1
344,	3
345,	7
346,	7
347,	10
348,	7
349,	6
350,	2
351,	3
352,	8
353,	8
354,	5
355,	5
356,	8
357,	10
358,	4
359,	7
360,	7
361,	7
362,	3
363,	7
364,	9
365,	9
366,	8
367,	6
368,	6
369,	5
370,	3
371,	7
372,	3
373,	8
374,	3
375,	5
376,	5
377,	6
378,	6
379,	4
380,	7
381,	0
382,	1
383,	3
384,	2
385,	4
386,	9
387,	9
388,	7
389,	7
390,	6
391,	1
392,	3
393,	8
394,	9
395,	3
396,	10
397,	6
398,	4
399,	8
400,	7
401,	0
402,	2
403,	4
404,	5
405,	6
406,	0
407,	4
408,	11
409,	10
410,	8
411,	5
412,	4
413,	6
414,	7
415,	11
416,	7
417,	6
418,	10
419,	6
420,	9
421,	6
422,	7
423,	8
424,	8
425,	8
426,	10
427,	7
428,	5
429,	4
430,	10
431,	7
432,	1
433,	6
434,	5
435,	5
436,	6
437,	3
438,	6
439,	7
440,	5
441,	9
442,	10
443,	4
444,	3
445,	10
446,	10
447,	3
448,	2
449,	0
450,	1
451,	6
452,	7
453,	8
454,	4
455,	7
456,	8
457,	11
458,	11
459,	10
460,	11
461,	2
462,	9
463,	8
464,	7
465,	8
466,	7
467,	5
468,	10
469,	3
470,	5
471,	8
472,	6
473,	4
474,	7
475,	11
476,	0
477,	2
478,	6
479,	1
480,	10
481,	4
482,	11
483,	5
484,	8
485,	9
486,	6
487,	8
488,	4
489,	6
490,	4
491,	8
492,	11
493,	7
494,	10
495,	8
496,	9
497,	4
498,	6
499,	10
