Instance: /home/gabriel/Documents/ufrgs/courses/oc/trab/instances/cmb01
Vertices: 500
Colors: 12
NumIterations: 1000
Alpha: 0.850000
Is Factible?: false
Conflicts: 3
Solution Value: 148105.812500
Vertex,	Color
0,	1
1,	1
2,	4
3,	2
4,	6
5,	0
6,	1
7,	1
8,	0
9,	2
10,	1
11,	1
12,	0
13,	5
14,	1
15,	0
16,	4
17,	3
18,	4
19,	0
20,	0
21,	0
22,	1
23,	2
24,	1
25,	0
26,	1
27,	3
28,	0
29,	1
30,	3
31,	0
32,	2
33,	0
34,	2
35,	1
36,	0
37,	2
38,	2
39,	1
40,	1
41,	1
42,	0
43,	0
44,	1
45,	0
46,	0
47,	0
48,	0
49,	1
50,	0
51,	5
52,	3
53,	1
54,	3
55,	0
56,	1
57,	3
58,	0
59,	1
60,	3
61,	2
62,	0
63,	3
64,	0
65,	4
66,	1
67,	2
68,	1
69,	4
70,	1
71,	1
72,	2
73,	1
74,	2
75,	3
76,	2
77,	9
78,	2
79,	3
80,	2
81,	0
82,	2
83,	0
84,	0
85,	0
86,	0
87,	1
88,	3
89,	3
90,	2
91,	0
92,	1
93,	1
94,	7
95,	1
96,	3
97,	3
98,	4
99,	0
100,	2
101,	2
102,	1
103,	6
104,	0
105,	4
106,	6
107,	2
108,	0
109,	0
110,	3
111,	5
112,	2
113,	1
114,	2
115,	0
116,	0
117,	3
118,	3
119,	7
120,	0
121,	4
122,	4
123,	1
124,	1
125,	0
126,	3
127,	4
128,	0
129,	4
130,	0
131,	2
132,	2
133,	0
134,	1
135,	1
136,	3
137,	4
138,	3
139,	1
140,	0
141,	0
142,	4
143,	3
144,	3
145,	4
146,	4
147,	3
148,	5
149,	1
150,	4
151,	3
152,	2
153,	1
154,	2
155,	5
156,	3
157,	3
158,	2
159,	3
160,	3
161,	4
162,	8
163,	4
164,	5
165,	5
166,	1
167,	1
168,	1
169,	2
170,	7
171,	2
172,	1
173,	3
174,	2
175,	0
176,	3
177,	5
178,	5
179,	4
180,	6
181,	1
182,	6
183,	4
184,	2
185,	5
186,	2
187,	0
188,	2
189,	5
190,	3
191,	3
192,	3
193,	1
194,	5
195,	2
196,	1
197,	4
198,	1
199,	6
200,	1
201,	5
202,	3
203,	7
204,	5
205,	4
206,	2
207,	5
208,	2
209,	5
210,	2
211,	2
212,	9
213,	5
214,	1
215,	3
216,	4
217,	6
218,	6
219,	9
220,	3
221,	0
222,	4
223,	1
224,	4
225,	1
226,	2
227,	4
228,	0
229,	7
230,	2
231,	5
232,	5
233,	3
234,	2
235,	5
236,	8
237,	7
238,	2
239,	1
240,	1
241,	2
242,	6
243,	4
244,	7
245,	2
246,	5
247,	5
248,	6
249,	2
250,	2
251,	2
252,	3
253,	7
254,	7
255,	0
256,	5
257,	3
258,	4
259,	0
260,	6
261,	3
262,	6
263,	10
264,	4
265,	2
266,	5
267,	4
268,	6
269,	6
270,	8
271,	5
272,	5
273,	6
274,	9
275,	0
276,	7
277,	3
278,	6
279,	2
280,	4
281,	4
282,	7
283,	3
284,	5
285,	4
286,	5
287,	6
288,	4
289,	1
290,	0
291,	4
292,	7
293,	7
294,	8
295,	2
296,	3
297,	6
298,	2
299,	0
300,	3
301,	1
302,	5
303,	3
304,	1
305,	6
306,	2
307,	7
308,	3
309,	6
310,	7
311,	3
312,	3
313,	7
314,	6
315,	4
316,	6
317,	3
318,	3
319,	2
320,	3
321,	4
322,	7
323,	6
324,	7
325,	5
326,	2
327,	4
328,	8
329,	6
330,	1
331,	6
332,	4
333,	7
334,	8
335,	0
336,	4
337,	8
338,	5
339,	7
340,	4
341,	8
342,	6
343,	0
344,	1
345,	7
346,	1
347,	8
348,	7
349,	6
350,	1
351,	5
352,	2
353,	7
354,	4
355,	4
356,	8
357,	9
358,	5
359,	10
360,	7
361,	3
362,	0
363,	7
364,	9
365,	4
366,	7
367,	4
368,	6
369,	3
370,	7
371,	7
372,	5
373,	5
374,	4
375,	5
376,	8
377,	8
378,	5
379,	5
380,	9
381,	1
382,	3
383,	2
384,	3
385,	6
386,	9
387,	8
388,	9
389,	9
390,	6
391,	4
392,	5
393,	6
394,	9
395,	3
396,	8
397,	8
398,	3
399,	8
400,	7
401,	1
402,	1
403,	4
404,	3
405,	9
406,	4
407,	4
408,	11
409,	9
410,	8
411,	5
412,	7
413,	6
414,	5
415,	11
416,	9
417,	5
418,	10
419,	5
420,	9
421,	5
422,	7
423,	11
424,	9
425,	6
426,	10
427,	7
428,	1
429,	6
430,	9
431,	7
432,	0
433,	6
434,	5
435,	6
436,	5
437,	6
438,	4
439,	8
440,	10
441,	8
442,	10
443,	3
444,	5
445,	10
446,	10
447,	4
448,	4
449,	9
450,	7
451,	3
452,	7
453,	4
454,	5
455,	6
456,	8
457,	11
458,	0
459,	11
460,	10
461,	3
462,	0
463,	7
464,	6
465,	7
466,	9
467,	5
468,	10
469,	4
470,	8
471,	8
472,	7
473,	2
474,	7
475,	8
476,	8
477,	2
478,	7
479,	10
480,	10
481,	2
482,	11
483,	6
484,	8
485,	8
486,	5
487,	8
488,	7
489,	0
490,	6
491,	8
492,	11
493,	11
494,	7
495,	6
496,	10
497,	9
498,	1
499,	9
