Instance: /home/gabriel/Documents/ufrgs/courses/oc/trab/instances/cmb01
Vertices: 500
Colors: 12
NumIterations: 3
Alpha: 0.750000
Is Factible?: false
Conflicts: 4
Solution Value: 146559.343750
Vertex,	Color
0,	8
1,	5
2,	5
3,	0
4,	3
5,	0
6,	1
7,	0
8,	5
9,	5
10,	1
11,	2
12,	0
13,	3
14,	2
15,	1
16,	11
17,	4
18,	2
19,	2
20,	0
21,	0
22,	9
23,	2
24,	1
25,	0
26,	7
27,	0
28,	0
29,	0
30,	1
31,	1
32,	2
33,	0
34,	2
35,	0
36,	0
37,	0
38,	1
39,	3
40,	1
41,	0
42,	0
43,	2
44,	1
45,	3
46,	1
47,	1
48,	0
49,	4
50,	1
51,	5
52,	6
53,	4
54,	4
55,	0
56,	1
57,	3
58,	2
59,	2
60,	6
61,	0
62,	0
63,	3
64,	0
65,	2
66,	0
67,	4
68,	2
69,	2
70,	5
71,	1
72,	6
73,	0
74,	4
75,	5
76,	4
77,	2
78,	0
79,	6
80,	1
81,	1
82,	7
83,	3
84,	4
85,	0
86,	3
87,	3
88,	3
89,	0
90,	4
91,	2
92,	4
93,	4
94,	6
95,	3
96,	1
97,	2
98,	0
99,	1
100,	4
101,	6
102,	2
103,	1
104,	0
105,	0
106,	2
107,	3
108,	1
109,	0
110,	3
111,	9
112,	2
113,	4
114,	1
115,	2
116,	1
117,	5
118,	0
119,	0
120,	3
121,	3
122,	1
123,	2
124,	2
125,	1
126,	4
127,	1
128,	0
129,	5
130,	1
131,	3
132,	4
133,	2
134,	0
135,	1
136,	3
137,	0
138,	11
139,	2
140,	0
141,	0
142,	1
143,	6
144,	0
145,	1
146,	6
147,	0
148,	7
149,	0
150,	3
151,	2
152,	0
153,	1
154,	1
155,	1
156,	5
157,	5
158,	1
159,	0
160,	7
161,	4
162,	5
163,	5
164,	6
165,	6
166,	0
167,	0
168,	1
169,	2
170,	4
171,	1
172,	3
173,	2
174,	1
175,	1
176,	3
177,	4
178,	4
179,	9
180,	3
181,	2
182,	2
183,	1
184,	4
185,	2
186,	1
187,	0
188,	1
189,	2
190,	6
191,	11
192,	3
193,	2
194,	1
195,	3
196,	1
197,	5
198,	8
199,	4
200,	3
201,	5
202,	6
203,	1
204,	3
205,	4
206,	1
207,	6
208,	2
209,	6
210,	0
211,	0
212,	8
213,	4
214,	1
215,	4
216,	2
217,	3
218,	5
219,	7
220,	4
221,	0
222,	7
223,	6
224,	3
225,	0
226,	5
227,	6
228,	1
229,	2
230,	1
231,	5
232,	7
233,	3
234,	0
235,	4
236,	3
237,	4
238,	2
239,	0
240,	2
241,	1
242,	4
243,	4
244,	8
245,	2
246,	5
247,	5
248,	3
249,	5
250,	4
251,	3
252,	4
253,	7
254,	5
255,	2
256,	9
257,	3
258,	6
259,	3
260,	5
261,	2
262,	7
263,	9
264,	2
265,	0
266,	0
267,	5
268,	5
269,	2
270,	6
271,	5
272,	4
273,	6
274,	7
275,	2
276,	8
277,	3
278,	8
279,	1
280,	0
281,	3
282,	5
283,	3
284,	8
285,	2
286,	4
287,	3
288,	2
289,	7
290,	2
291,	4
292,	6
293,	7
294,	10
295,	2
296,	6
297,	6
298,	3
299,	4
300,	0
301,	1
302,	5
303,	3
304,	1
305,	6
306,	2
307,	7
308,	4
309,	7
310,	7
311,	2
312,	3
313,	7
314,	8
315,	6
316,	5
317,	3
318,	4
319,	1
320,	4
321,	6
322,	8
323,	6
324,	4
325,	5
326,	1
327,	4
328,	9
329,	6
330,	2
331,	6
332,	2
333,	4
334,	6
335,	0
336,	4
337,	7
338,	3
339,	6
340,	2
341,	7
342,	4
343,	5
344,	4
345,	7
346,	5
347,	10
348,	7
349,	6
350,	6
351,	0
352,	9
353,	7
354,	3
355,	3
356,	1
357,	8
358,	5
359,	3
360,	8
361,	8
362,	3
363,	7
364,	7
365,	7
366,	6
367,	5
368,	6
369,	2
370,	6
371,	7
372,	2
373,	4
374,	3
375,	3
376,	8
377,	8
378,	6
379,	2
380,	1
381,	4
382,	3
383,	2
384,	5
385,	6
386,	8
387,	8
388,	8
389,	9
390,	7
391,	5
392,	5
393,	2
394,	10
395,	4
396,	9
397,	9
398,	2
399,	9
400,	5
401,	1
402,	1
403,	4
404,	5
405,	9
406,	1
407,	5
408,	11
409,	8
410,	7
411,	3
412,	5
413,	4
414,	10
415,	10
416,	9
417,	4
418,	10
419,	5
420,	10
421,	6
422,	8
423,	9
424,	7
425,	7
426,	0
427,	3
428,	4
429,	6
430,	8
431,	7
432,	11
433,	4
434,	6
435,	4
436,	6
437,	3
438,	1
439,	9
440,	1
441,	9
442,	9
443,	2
444,	4
445,	7
446,	10
447,	2
448,	5
449,	3
450,	2
451,	4
452,	7
453,	10
454,	4
455,	6
456,	8
457,	10
458,	5
459,	10
460,	9
461,	2
462,	0
463,	7
464,	7
465,	5
466,	9
467,	3
468,	8
469,	5
470,	3
471,	8
472,	7
473,	4
474,	8
475,	11
476,	0
477,	2
478,	7
479,	11
480,	8
481,	5
482,	10
483,	5
484,	8
485,	9
486,	8
487,	8
488,	4
489,	6
490,	4
491,	9
492,	11
493,	10
494,	7
495,	7
496,	9
497,	6
498,	6
499,	9
