Instance: /home/gabriel/Documents/ufrgs/courses/oc/trab/instances/cmb01
Vertices: 500
Colors: 12
NumIterations: 1
Alpha: 0.750000
Is Factible?: false
Conflicts: 5
Solution Value: 147372.343750
Vertex,	Color
0,	1
1,	3
2,	0
3,	0
4,	3
5,	0
6,	1
7,	3
8,	2
9,	1
10,	3
11,	0
12,	2
13,	1
14,	2
15,	0
16,	5
17,	7
18,	9
19,	1
20,	0
21,	0
22,	4
23,	4
24,	0
25,	2
26,	1
27,	2
28,	0
29,	3
30,	1
31,	1
32,	1
33,	0
34,	3
35,	3
36,	2
37,	0
38,	0
39,	3
40,	1
41,	0
42,	2
43,	0
44,	1
45,	1
46,	1
47,	2
48,	2
49,	1
50,	0
51,	2
52,	1
53,	0
54,	1
55,	2
56,	2
57,	1
58,	3
59,	2
60,	1
61,	0
62,	0
63,	2
64,	3
65,	0
66,	2
67,	0
68,	3
69,	2
70,	2
71,	1
72,	10
73,	4
74,	2
75,	1
76,	3
77,	4
78,	3
79,	4
80,	7
81,	7
82,	7
83,	0
84,	6
85,	1
86,	4
87,	8
88,	0
89,	1
90,	7
91,	2
92,	1
93,	3
94,	0
95,	1
96,	0
97,	5
98,	9
99,	2
100,	4
101,	0
102,	4
103,	4
104,	0
105,	2
106,	8
107,	4
108,	0
109,	1
110,	5
111,	2
112,	0
113,	1
114,	1
115,	2
116,	2
117,	6
118,	0
119,	6
120,	3
121,	0
122,	1
123,	6
124,	4
125,	0
126,	1
127,	3
128,	0
129,	4
130,	1
131,	3
132,	1
133,	0
134,	0
135,	2
136,	4
137,	1
138,	0
139,	2
140,	3
141,	0
142,	5
143,	0
144,	4
145,	3
146,	5
147,	0
148,	5
149,	1
150,	4
151,	4
152,	1
153,	1
154,	3
155,	0
156,	2
157,	7
158,	1
159,	0
160,	2
161,	2
162,	6
163,	5
164,	4
165,	2
166,	1
167,	1
168,	3
169,	3
170,	9
171,	5
172,	2
173,	3
174,	1
175,	7
176,	1
177,	5
178,	5
179,	7
180,	6
181,	2
182,	4
183,	10
184,	2
185,	2
186,	0
187,	0
188,	3
189,	5
190,	7
191,	4
192,	0
193,	3
194,	4
195,	2
196,	3
197,	0
198,	3
199,	1
200,	1
201,	2
202,	3
203,	5
204,	3
205,	1
206,	2
207,	0
208,	6
209,	1
210,	4
211,	0
212,	8
213,	1
214,	1
215,	4
216,	1
217,	2
218,	6
219,	7
220,	4
221,	0
222,	1
223,	4
224,	3
225,	0
226,	3
227,	8
228,	0
229,	4
230,	4
231,	7
232,	2
233,	5
234,	0
235,	5
236,	3
237,	4
238,	3
239,	1
240,	2
241,	3
242,	6
243,	2
244,	7
245,	3
246,	4
247,	3
248,	6
249,	1
250,	2
251,	4
252,	2
253,	5
254,	9
255,	8
256,	5
257,	2
258,	5
259,	3
260,	6
261,	2
262,	7
263,	10
264,	3
265,	0
266,	5
267,	4
268,	6
269,	6
270,	5
271,	5
272,	5
273,	8
274,	3
275,	1
276,	5
277,	3
278,	3
279,	2
280,	2
281,	2
282,	5
283,	6
284,	6
285,	3
286,	0
287,	4
288,	4
289,	5
290,	5
291,	4
292,	5
293,	2
294,	0
295,	2
296,	6
297,	8
298,	3
299,	1
300,	0
301,	2
302,	5
303,	4
304,	2
305,	6
306,	2
307,	7
308,	3
309,	6
310,	5
311,	3
312,	1
313,	8
314,	6
315,	4
316,	4
317,	3
318,	3
319,	3
320,	4
321,	4
322,	8
323,	6
324,	5
325,	5
326,	1
327,	5
328,	8
329,	6
330,	0
331,	6
332,	3
333,	7
334,	9
335,	9
336,	3
337,	7
338,	6
339,	6
340,	5
341,	1
342,	5
343,	6
344,	4
345,	5
346,	6
347,	8
348,	7
349,	0
350,	2
351,	0
352,	9
353,	7
354,	4
355,	2
356,	6
357,	9
358,	6
359,	2
360,	7
361,	6
362,	3
363,	7
364,	9
365,	9
366,	5
367,	6
368,	6
369,	6
370,	3
371,	4
372,	3
373,	8
374,	4
375,	4
376,	7
377,	6
378,	7
379,	5
380,	4
381,	4
382,	1
383,	3
384,	3
385,	6
386,	8
387,	8
388,	7
389,	7
390,	6
391,	0
392,	6
393,	5
394,	9
395,	2
396,	10
397,	8
398,	2
399,	8
400,	8
401,	7
402,	3
403,	4
404,	5
405,	9
406,	4
407,	3
408,	11
409,	8
410,	5
411,	3
412,	7
413,	6
414,	10
415,	11
416,	9
417,	5
418,	6
419,	5
420,	10
421,	7
422,	5
423,	9
424,	6
425,	6
426,	9
427,	6
428,	1
429,	7
430,	10
431,	7
432,	0
433,	6
434,	6
435,	10
436,	5
437,	1
438,	7
439,	5
440,	0
441,	8
442,	10
443,	6
444,	2
445,	8
446,	10
447,	4
448,	6
449,	7
450,	2
451,	7
452,	6
453,	10
454,	6
455,	6
456,	8
457,	11
458,	3
459,	11
460,	10
461,	4
462,	9
463,	7
464,	4
465,	7
466,	8
467,	7
468,	5
469,	5
470,	4
471,	8
472,	8
473,	2
474,	8
475,	10
476,	7
477,	2
478,	7
479,	11
480,	9
481,	4
482,	9
483,	6
484,	8
485,	10
486,	5
487,	8
488,	2
489,	0
490,	4
491,	9
492,	11
493,	8
494,	7
495,	9
496,	10
497,	6
498,	6
499,	10
