Instance: /home/gabriel/Documents/ufrgs/courses/oc/trab/instances/cmb01
Vertices: 500
Colors: 12
NumIterations: 1000
Alpha: 0.850000
Is Factible?: false
Conflicts: 2
Solution Value: 141802.390625
Vertex,	Color
0,	0
1,	1
2,	2
3,	0
4,	2
5,	1
6,	0
7,	3
8,	2
9,	3
10,	1
11,	1
12,	0
13,	3
14,	0
15,	2
16,	3
17,	3
18,	3
19,	2
20,	0
21,	0
22,	0
23,	1
24,	1
25,	0
26,	1
27,	0
28,	2
29,	0
30,	0
31,	0
32,	2
33,	0
34,	4
35,	0
36,	0
37,	1
38,	2
39,	0
40,	1
41,	3
42,	0
43,	0
44,	1
45,	1
46,	1
47,	1
48,	1
49,	1
50,	0
51,	7
52,	1
53,	1
54,	1
55,	0
56,	5
57,	4
58,	0
59,	0
60,	0
61,	3
62,	0
63,	0
64,	0
65,	1
66,	0
67,	2
68,	9
69,	2
70,	3
71,	1
72,	1
73,	1
74,	0
75,	0
76,	0
77,	5
78,	2
79,	5
80,	1
81,	5
82,	8
83,	3
84,	0
85,	0
86,	0
87,	1
88,	3
89,	2
90,	2
91,	0
92,	1
93,	1
94,	3
95,	1
96,	3
97,	1
98,	2
99,	1
100,	1
101,	3
102,	1
103,	5
104,	0
105,	4
106,	2
107,	4
108,	1
109,	4
110,	1
111,	9
112,	1
113,	0
114,	3
115,	2
116,	0
117,	2
118,	0
119,	8
120,	2
121,	2
122,	2
123,	4
124,	4
125,	0
126,	3
127,	2
128,	0
129,	6
130,	0
131,	2
132,	4
133,	2
134,	3
135,	0
136,	3
137,	2
138,	0
139,	1
140,	0
141,	2
142,	5
143,	2
144,	4
145,	5
146,	4
147,	4
148,	6
149,	1
150,	5
151,	1
152,	0
153,	1
154,	7
155,	3
156,	2
157,	6
158,	4
159,	3
160,	3
161,	5
162,	6
163,	5
164,	6
165,	4
166,	1
167,	1
168,	3
169,	3
170,	5
171,	5
172,	2
173,	3
174,	4
175,	2
176,	3
177,	4
178,	6
179,	8
180,	2
181,	1
182,	4
183,	6
184,	5
185,	4
186,	3
187,	1
188,	4
189,	4
190,	6
191,	3
192,	3
193,	3
194,	2
195,	3
196,	2
197,	4
198,	0
199,	5
200,	1
201,	3
202,	1
203,	2
204,	3
205,	1
206,	3
207,	6
208,	2
209,	2
210,	4
211,	4
212,	7
213,	4
214,	6
215,	2
216,	3
217,	4
218,	6
219,	7
220,	5
221,	0
222,	5
223,	6
224,	5
225,	0
226,	4
227,	6
228,	0
229,	5
230,	2
231,	6
232,	5
233,	4
234,	2
235,	3
236,	0
237,	5
238,	1
239,	1
240,	0
241,	2
242,	7
243,	4
244,	7
245,	1
246,	4
247,	4
248,	5
249,	4
250,	2
251,	3
252,	5
253,	1
254,	6
255,	4
256,	4
257,	2
258,	4
259,	2
260,	6
261,	3
262,	5
263,	10
264,	2
265,	2
266,	5
267,	3
268,	6
269,	9
270,	6
271,	5
272,	5
273,	8
274,	9
275,	3
276,	7
277,	5
278,	5
279,	0
280,	3
281,	4
282,	6
283,	2
284,	7
285,	2
286,	3
287,	5
288,	3
289,	1
290,	0
291,	1
292,	6
293,	3
294,	4
295,	4
296,	6
297,	4
298,	2
299,	2
300,	3
301,	0
302,	4
303,	3
304,	5
305,	5
306,	2
307,	7
308,	3
309,	7
310,	5
311,	3
312,	2
313,	7
314,	7
315,	5
316,	6
317,	3
318,	1
319,	2
320,	3
321,	5
322,	6
323,	5
324,	7
325,	4
326,	3
327,	6
328,	4
329,	7
330,	1
331,	6
332,	4
333,	2
334,	8
335,	9
336,	6
337,	8
338,	6
339,	0
340,	4
341,	6
342,	4
343,	8
344,	1
345,	7
346,	10
347,	11
348,	8
349,	6
350,	4
351,	1
352,	10
353,	8
354,	4
355,	5
356,	7
357,	7
358,	5
359,	8
360,	4
361,	6
362,	2
363,	7
364,	9
365,	5
366,	7
367,	4
368,	6
369,	6
370,	8
371,	5
372,	6
373,	6
374,	4
375,	6
376,	7
377,	6
378,	7
379,	6
380,	7
381,	0
382,	2
383,	4
384,	5
385,	5
386,	9
387,	7
388,	7
389,	8
390,	8
391,	5
392,	3
393,	8
394,	10
395,	5
396,	9
397,	8
398,	4
399,	8
400,	6
401,	1
402,	0
403,	6
404,	5
405,	9
406,	1
407,	3
408,	11
409,	9
410,	7
411,	6
412,	8
413,	7
414,	7
415,	10
416,	9
417,	6
418,	10
419,	6
420,	9
421,	6
422,	5
423,	7
424,	7
425,	7
426,	10
427,	7
428,	1
429,	4
430,	9
431,	7
432,	11
433,	7
434,	7
435,	8
436,	5
437,	4
438,	6
439,	7
440,	11
441,	8
442,	9
443,	7
444,	3
445,	9
446,	10
447,	4
448,	4
449,	10
450,	8
451,	2
452,	7
453,	9
454,	3
455,	7
456,	9
457,	10
458,	4
459,	11
460,	10
461,	4
462,	0
463,	8
464,	3
465,	4
466,	8
467,	2
468,	9
469,	3
470,	5
471,	8
472,	6
473,	5
474,	7
475,	11
476,	9
477,	2
478,	6
479,	11
480,	9
481,	4
482,	10
483,	4
484,	7
485,	6
486,	7
487,	9
488,	5
489,	0
490,	5
491,	9
492,	11
493,	7
494,	8
495,	8
496,	9
497,	9
498,	6
499,	5
