Instance: /home/gabriel/Documents/ufrgs/courses/oc/trab/instances/cmb01
Vertices: 500
Colors: 12
NumIterations: 3
Alpha: 0.750000
Is Factible?: false
Conflicts: 5
Solution Value: 151126.375000
Vertex,	Color
0,	0
1,	4
2,	2
3,	2
4,	8
5,	0
6,	0
7,	0
8,	3
9,	2
10,	1
11,	2
12,	0
13,	3
14,	4
15,	1
16,	1
17,	1
18,	8
19,	1
20,	0
21,	0
22,	4
23,	1
24,	2
25,	0
26,	1
27,	2
28,	0
29,	3
30,	2
31,	1
32,	1
33,	0
34,	4
35,	0
36,	0
37,	0
38,	4
39,	9
40,	1
41,	3
42,	0
43,	2
44,	2
45,	0
46,	0
47,	4
48,	11
49,	0
50,	0
51,	3
52,	1
53,	2
54,	1
55,	1
56,	1
57,	5
58,	2
59,	2
60,	1
61,	1
62,	2
63,	2
64,	1
65,	0
66,	2
67,	1
68,	7
69,	5
70,	3
71,	1
72,	2
73,	0
74,	4
75,	1
76,	2
77,	3
78,	2
79,	9
80,	0
81,	7
82,	8
83,	1
84,	2
85,	2
86,	0
87,	1
88,	4
89,	2
90,	5
91,	3
92,	1
93,	3
94,	1
95,	2
96,	3
97,	0
98,	4
99,	2
100,	10
101,	1
102,	1
103,	2
104,	4
105,	3
106,	2
107,	4
108,	1
109,	0
110,	0
111,	5
112,	2
113,	9
114,	2
115,	1
116,	2
117,	7
118,	0
119,	6
120,	4
121,	4
122,	1
123,	1
124,	1
125,	0
126,	1
127,	7
128,	2
129,	7
130,	3
131,	1
132,	5
133,	0
134,	0
135,	2
136,	3
137,	4
138,	3
139,	0
140,	0
141,	0
142,	6
143,	2
144,	6
145,	4
146,	5
147,	3
148,	4
149,	2
150,	2
151,	0
152,	0
153,	1
154,	2
155,	4
156,	4
157,	5
158,	6
159,	2
160,	3
161,	3
162,	0
163,	5
164,	6
165,	3
166,	0
167,	2
168,	3
169,	2
170,	3
171,	3
172,	3
173,	1
174,	0
175,	0
176,	1
177,	6
178,	4
179,	8
180,	3
181,	0
182,	11
183,	4
184,	0
185,	3
186,	2
187,	0
188,	1
189,	6
190,	8
191,	1
192,	2
193,	2
194,	4
195,	1
196,	2
197,	3
198,	5
199,	1
200,	1
201,	3
202,	2
203,	6
204,	5
205,	1
206,	2
207,	6
208,	1
209,	4
210,	2
211,	2
212,	5
213,	5
214,	11
215,	3
216,	3
217,	1
218,	6
219,	10
220,	5
221,	0
222,	7
223,	3
224,	3
225,	4
226,	5
227,	6
228,	1
229,	4
230,	2
231,	5
232,	4
233,	5
234,	2
235,	1
236,	1
237,	3
238,	1
239,	1
240,	4
241,	5
242,	7
243,	2
244,	8
245,	1
246,	7
247,	5
248,	4
249,	0
250,	0
251,	2
252,	3
253,	0
254,	3
255,	9
256,	5
257,	3
258,	6
259,	2
260,	5
261,	4
262,	2
263,	9
264,	4
265,	1
266,	5
267,	1
268,	6
269,	7
270,	5
271,	5
272,	5
273,	8
274,	8
275,	0
276,	6
277,	4
278,	7
279,	2
280,	4
281,	3
282,	6
283,	4
284,	7
285,	4
286,	1
287,	4
288,	3
289,	4
290,	1
291,	0
292,	5
293,	3
294,	6
295,	5
296,	6
297,	2
298,	1
299,	3
300,	2
301,	1
302,	6
303,	4
304,	5
305,	4
306,	3
307,	7
308,	0
309,	6
310,	4
311,	4
312,	1
313,	8
314,	6
315,	4
316,	5
317,	4
318,	1
319,	2
320,	5
321,	5
322,	9
323,	5
324,	9
325,	4
326,	1
327,	6
328,	6
329,	6
330,	2
331,	6
332,	5
333,	3
334,	9
335,	2
336,	5
337,	7
338,	4
339,	0
340,	7
341,	1
342,	6
343,	7
344,	1
345,	7
346,	0
347,	10
348,	7
349,	6
350,	3
351,	4
352,	10
353,	7
354,	4
355,	4
356,	6
357,	9
358,	6
359,	0
360,	7
361,	6
362,	6
363,	7
364,	7
365,	7
366,	9
367,	2
368,	7
369,	6
370,	5
371,	7
372,	3
373,	5
374,	4
375,	5
376,	6
377,	4
378,	7
379,	0
380,	8
381,	4
382,	2
383,	4
384,	3
385,	6
386,	4
387,	8
388,	4
389,	8
390,	7
391,	3
392,	2
393,	7
394,	9
395,	3
396,	10
397,	6
398,	3
399,	8
400,	9
401,	2
402,	6
403,	3
404,	3
405,	9
406,	0
407,	7
408,	10
409,	10
410,	8
411,	7
412,	5
413,	6
414,	6
415,	0
416,	4
417,	4
418,	8
419,	4
420,	8
421,	5
422,	7
423,	6
424,	7
425,	6
426,	9
427,	7
428,	5
429,	6
430,	10
431,	6
432,	9
433,	7
434,	5
435,	5
436,	5
437,	2
438,	5
439,	10
440,	4
441,	8
442,	5
443,	0
444,	3
445,	7
446,	10
447,	4
448,	3
449,	8
450,	3
451,	10
452,	7
453,	10
454,	3
455,	8
456,	9
457,	11
458,	5
459,	11
460,	10
461,	4
462,	8
463,	9
464,	7
465,	9
466,	8
467,	1
468,	6
469,	5
470,	8
471,	9
472,	7
473,	2
474,	8
475,	10
476,	1
477,	1
478,	7
479,	11
480,	9
481,	4
482,	9
483,	5
484,	8
485,	9
486,	5
487,	9
488,	8
489,	6
490,	5
491,	9
492,	10
493,	8
494,	7
495,	9
496,	8
497,	6
498,	5
499,	9
