Instance: /home/gabriel/Documents/ufrgs/courses/oc/trab/instances/cmb01
Vertices: 500
Colors: 12
NumIterations: 3
Alpha: 0.750000
Is Factible?: false
Conflicts: 4
Solution Value: 150232.656250
Vertex,	Color
0,	3
1,	1
2,	1
3,	0
4,	2
5,	0
6,	1
7,	1
8,	0
9,	3
10,	2
11,	0
12,	0
13,	4
14,	5
15,	0
16,	7
17,	2
18,	5
19,	7
20,	2
21,	1
22,	1
23,	5
24,	1
25,	3
26,	1
27,	0
28,	1
29,	0
30,	0
31,	0
32,	3
33,	5
34,	1
35,	0
36,	5
37,	0
38,	3
39,	10
40,	1
41,	3
42,	5
43,	0
44,	0
45,	0
46,	1
47,	1
48,	11
49,	1
50,	1
51,	6
52,	0
53,	0
54,	0
55,	2
56,	2
57,	3
58,	0
59,	0
60,	2
61,	3
62,	0
63,	3
64,	2
65,	4
66,	0
67,	2
68,	8
69,	1
70,	0
71,	0
72,	4
73,	1
74,	2
75,	2
76,	4
77,	6
78,	5
79,	5
80,	0
81,	1
82,	0
83,	3
84,	8
85,	1
86,	5
87,	4
88,	3
89,	2
90,	2
91,	5
92,	2
93,	0
94,	4
95,	0
96,	0
97,	3
98,	2
99,	1
100,	11
101,	1
102,	0
103,	5
104,	1
105,	2
106,	2
107,	3
108,	2
109,	2
110,	5
111,	7
112,	0
113,	0
114,	2
115,	5
116,	3
117,	8
118,	1
119,	4
120,	1
121,	3
122,	0
123,	3
124,	3
125,	1
126,	2
127,	1
128,	3
129,	1
130,	0
131,	2
132,	1
133,	2
134,	6
135,	3
136,	3
137,	2
138,	10
139,	1
140,	1
141,	0
142,	1
143,	2
144,	2
145,	3
146,	6
147,	0
148,	3
149,	0
150,	6
151,	2
152,	0
153,	0
154,	3
155,	0
156,	0
157,	1
158,	2
159,	2
160,	6
161,	4
162,	7
163,	4
164,	5
165,	4
166,	1
167,	0
168,	1
169,	2
170,	5
171,	3
172,	1
173,	2
174,	4
175,	0
176,	2
177,	9
178,	4
179,	4
180,	6
181,	1
182,	7
183,	2
184,	1
185,	2
186,	2
187,	0
188,	2
189,	4
190,	5
191,	2
192,	4
193,	1
194,	5
195,	6
196,	2
197,	3
198,	6
199,	5
200,	0
201,	4
202,	6
203,	7
204,	4
205,	4
206,	2
207,	6
208,	2
209,	1
210,	6
211,	1
212,	6
213,	4
214,	2
215,	2
216,	4
217,	3
218,	7
219,	0
220,	6
221,	0
222,	7
223,	5
224,	6
225,	0
226,	4
227,	5
228,	4
229,	5
230,	2
231,	4
232,	3
233,	3
234,	3
235,	4
236,	1
237,	8
238,	4
239,	3
240,	0
241,	1
242,	7
243,	6
244,	7
245,	0
246,	3
247,	3
248,	3
249,	0
250,	2
251,	3
252,	0
253,	5
254,	7
255,	3
256,	3
257,	2
258,	4
259,	1
260,	5
261,	3
262,	8
263,	5
264,	1
265,	3
266,	6
267,	4
268,	5
269,	8
270,	5
271,	5
272,	6
273,	5
274,	10
275,	1
276,	9
277,	3
278,	5
279,	1
280,	3
281,	3
282,	7
283,	6
284,	6
285,	1
286,	4
287,	3
288,	4
289,	2
290,	4
291,	2
292,	7
293,	0
294,	9
295,	0
296,	8
297,	3
298,	0
299,	1
300,	4
301,	1
302,	7
303,	4
304,	1
305,	1
306,	2
307,	8
308,	5
309,	6
310,	6
311,	4
312,	2
313,	6
314,	7
315,	6
316,	5
317,	2
318,	4
319,	2
320,	2
321,	3
322,	5
323,	6
324,	8
325,	4
326,	2
327,	4
328,	7
329,	6
330,	0
331,	7
332,	3
333,	2
334,	7
335,	7
336,	5
337,	5
338,	6
339,	4
340,	7
341,	1
342,	8
343,	0
344,	4
345,	7
346,	8
347,	7
348,	7
349,	1
350,	1
351,	0
352,	9
353,	9
354,	3
355,	2
356,	8
357,	8
358,	5
359,	3
360,	7
361,	6
362,	4
363,	6
364,	9
365,	9
366,	8
367,	4
368,	6
369,	0
370,	4
371,	4
372,	4
373,	4
374,	3
375,	5
376,	8
377,	5
378,	7
379,	1
380,	5
381,	5
382,	3
383,	2
384,	5
385,	4
386,	7
387,	7
388,	6
389,	9
390,	7
391,	1
392,	5
393,	8
394,	10
395,	0
396,	9
397,	6
398,	2
399,	8
400,	6
401,	5
402,	8
403,	5
404,	5
405,	8
406,	8
407,	3
408,	10
409,	10
410,	7
411,	4
412,	5
413,	7
414,	6
415,	5
416,	8
417,	4
418,	10
419,	6
420,	9
421,	1
422,	6
423,	9
424,	7
425,	7
426,	10
427,	7
428,	0
429,	8
430,	8
431,	5
432,	10
433,	7
434,	7
435,	7
436,	6
437,	3
438,	5
439,	8
440,	0
441,	9
442,	4
443,	8
444,	3
445,	2
446,	10
447,	2
448,	3
449,	9
450,	10
451,	4
452,	7
453,	10
454,	4
455,	6
456,	8
457,	9
458,	0
459,	11
460,	11
461,	3
462,	4
463,	7
464,	6
465,	8
466,	7
467,	6
468,	8
469,	5
470,	5
471,	9
472,	8
473,	2
474,	6
475,	11
476,	9
477,	2
478,	6
479,	11
480,	10
481,	4
482,	10
483,	4
484,	8
485,	10
486,	9
487,	10
488,	8
489,	6
490,	5
491,	9
492,	11
493,	10
494,	8
495,	11
496,	9
497,	6
498,	6
499,	3
