Instance: /home/gabriel/Documents/ufrgs/courses/oc/trab/instances/cmb01
Vertices: 500
Colors: 12
NumIterations: 1000
Alpha: 0.850000
Is Factible?: false
Conflicts: 2
Solution Value: 144824.171875
Vertex,	Color
0,	1
1,	0
2,	0
3,	1
4,	4
5,	1
6,	2
7,	8
8,	11
9,	0
10,	11
11,	1
12,	2
13,	11
14,	9
15,	10
16,	0
17,	7
18,	0
19,	1
20,	1
21,	1
22,	3
23,	10
24,	6
25,	2
26,	3
27,	11
28,	11
29,	0
30,	2
31,	0
32,	8
33,	0
34,	0
35,	2
36,	10
37,	5
38,	11
39,	8
40,	2
41,	4
42,	4
43,	10
44,	5
45,	4
46,	1
47,	8
48,	11
49,	0
50,	2
51,	11
52,	9
53,	3
54,	0
55,	10
56,	2
57,	9
58,	4
59,	0
60,	1
61,	1
62,	11
63,	2
64,	8
65,	2
66,	0
67,	2
68,	2
69,	4
70,	11
71,	0
72,	1
73,	1
74,	3
75,	10
76,	11
77,	7
78,	0
79,	9
80,	0
81,	5
82,	4
83,	4
84,	0
85,	0
86,	1
87,	8
88,	10
89,	3
90,	2
91,	1
92,	2
93,	2
94,	0
95,	2
96,	3
97,	8
98,	1
99,	8
100,	2
101,	0
102,	9
103,	6
104,	0
105,	0
106,	1
107,	4
108,	1
109,	4
110,	9
111,	5
112,	8
113,	6
114,	1
115,	4
116,	3
117,	3
118,	11
119,	10
120,	0
121,	2
122,	3
123,	10
124,	0
125,	7
126,	10
127,	0
128,	0
129,	1
130,	0
131,	2
132,	4
133,	2
134,	9
135,	11
136,	4
137,	1
138,	3
139,	1
140,	1
141,	4
142,	1
143,	4
144,	1
145,	1
146,	5
147,	3
148,	7
149,	1
150,	5
151,	3
152,	0
153,	0
154,	4
155,	3
156,	3
157,	2
158,	1
159,	3
160,	4
161,	5
162,	7
163,	5
164,	6
165,	5
166,	0
167,	1
168,	3
169,	1
170,	6
171,	3
172,	1
173,	1
174,	1
175,	1
176,	1
177,	5
178,	5
179,	5
180,	4
181,	2
182,	3
183,	1
184,	3
185,	4
186,	2
187,	0
188,	4
189,	5
190,	6
191,	6
192,	1
193,	1
194,	4
195,	4
196,	2
197,	5
198,	3
199,	1
200,	0
201,	4
202,	5
203,	5
204,	5
205,	1
206,	2
207,	7
208,	0
209,	5
210,	3
211,	0
212,	10
213,	2
214,	2
215,	3
216,	3
217,	3
218,	6
219,	8
220,	7
221,	1
222,	5
223,	4
224,	3
225,	0
226,	3
227,	8
228,	2
229,	4
230,	2
231,	5
232,	1
233,	5
234,	3
235,	5
236,	6
237,	9
238,	1
239,	0
240,	1
241,	2
242,	8
243,	2
244,	9
245,	4
246,	4
247,	4
248,	7
249,	3
250,	0
251,	5
252,	3
253,	6
254,	7
255,	5
256,	4
257,	2
258,	4
259,	2
260,	6
261,	3
262,	5
263,	9
264,	2
265,	3
266,	5
267,	3
268,	6
269,	6
270,	7
271,	5
272,	5
273,	9
274,	8
275,	1
276,	9
277,	7
278,	5
279,	1
280,	1
281,	4
282,	8
283,	6
284,	7
285,	2
286,	6
287,	3
288,	1
289,	3
290,	0
291,	4
292,	5
293,	2
294,	0
295,	3
296,	7
297,	4
298,	1
299,	0
300,	3
301,	1
302,	5
303,	3
304,	2
305,	3
306,	0
307,	7
308,	3
309,	6
310,	7
311,	2
312,	0
313,	8
314,	8
315,	6
316,	6
317,	1
318,	3
319,	2
320,	4
321,	8
322,	6
323,	6
324,	7
325,	5
326,	4
327,	4
328,	5
329,	6
330,	3
331,	6
332,	4
333,	4
334,	9
335,	6
336,	6
337,	9
338,	6
339,	7
340,	3
341,	6
342,	7
343,	8
344,	1
345,	6
346,	5
347,	10
348,	7
349,	6
350,	5
351,	3
352,	9
353,	7
354,	4
355,	2
356,	7
357,	7
358,	6
359,	10
360,	7
361,	5
362,	5
363,	7
364,	8
365,	8
366,	7
367,	4
368,	7
369,	6
370,	5
371,	6
372,	4
373,	4
374,	3
375,	5
376,	8
377,	6
378,	6
379,	4
380,	4
381,	3
382,	2
383,	3
384,	5
385,	5
386,	8
387,	8
388,	7
389,	8
390,	7
391,	3
392,	5
393,	7
394,	2
395,	3
396,	10
397,	9
398,	2
399,	8
400,	7
401,	0
402,	9
403,	4
404,	4
405,	9
406,	0
407,	4
408,	11
409,	6
410,	6
411,	5
412,	5
413,	6
414,	10
415,	11
416,	9
417,	5
418,	10
419,	4
420,	10
421,	6
422,	8
423,	9
424,	8
425,	7
426,	0
427,	5
428,	0
429,	6
430,	10
431,	9
432,	0
433,	8
434,	5
435,	10
436,	5
437,	7
438,	2
439,	7
440,	10
441,	9
442,	1
443,	2
444,	4
445,	9
446,	10
447,	2
448,	4
449,	11
450,	8
451,	3
452,	7
453,	8
454,	4
455,	6
456,	3
457,	11
458,	4
459,	11
460,	9
461,	6
462,	8
463,	7
464,	4
465,	6
466,	9
467,	3
468,	7
469,	4
470,	1
471,	9
472,	7
473,	2
474,	8
475,	11
476,	0
477,	2
478,	8
479,	9
480,	10
481,	5
482,	10
483,	5
484,	8
485,	7
486,	8
487,	7
488,	8
489,	6
490,	5
491,	9
492,	11
493,	7
494,	11
495,	9
496,	8
497,	8
498,	5
499,	9
