Instance: /home/gabriel/Documents/ufrgs/courses/oc/trab/instances/cmb01
Vertices: 500
Colors: 12
NumIterations: 2
Alpha: 0.750000
Is Factible?: false
Conflicts: 5
Solution Value: 151356.531250
Vertex,	Color
0,	6
1,	0
2,	1
3,	0
4,	1
5,	3
6,	0
7,	1
8,	1
9,	3
10,	0
11,	0
12,	2
13,	1
14,	6
15,	3
16,	8
17,	0
18,	0
19,	2
20,	0
21,	0
22,	1
23,	3
24,	0
25,	2
26,	8
27,	1
28,	0
29,	0
30,	0
31,	1
32,	1
33,	0
34,	5
35,	1
36,	6
37,	0
38,	0
39,	1
40,	0
41,	1
42,	1
43,	0
44,	4
45,	0
46,	1
47,	0
48,	5
49,	7
50,	1
51,	3
52,	4
53,	3
54,	0
55,	1
56,	1
57,	2
58,	2
59,	2
60,	5
61,	3
62,	1
63,	1
64,	5
65,	3
66,	0
67,	2
68,	6
69,	4
70,	2
71,	2
72,	4
73,	2
74,	0
75,	0
76,	1
77,	11
78,	2
79,	3
80,	2
81,	1
82,	7
83,	0
84,	0
85,	4
86,	2
87,	1
88,	0
89,	4
90,	2
91,	4
92,	0
93,	3
94,	1
95,	4
96,	4
97,	2
98,	7
99,	2
100,	5
101,	0
102,	0
103,	3
104,	2
105,	6
106,	3
107,	4
108,	1
109,	3
110,	0
111,	9
112,	6
113,	7
114,	2
115,	5
116,	2
117,	4
118,	0
119,	6
120,	3
121,	9
122,	3
123,	4
124,	4
125,	1
126,	1
127,	1
128,	2
129,	3
130,	0
131,	2
132,	9
133,	2
134,	6
135,	2
136,	2
137,	10
138,	0
139,	2
140,	0
141,	5
142,	11
143,	3
144,	5
145,	2
146,	5
147,	5
148,	2
149,	0
150,	5
151,	2
152,	1
153,	2
154,	2
155,	5
156,	6
157,	2
158,	3
159,	4
160,	4
161,	4
162,	4
163,	4
164,	6
165,	4
166,	4
167,	0
168,	5
169,	5
170,	4
171,	2
172,	2
173,	3
174,	0
175,	2
176,	1
177,	9
178,	1
179,	7
180,	7
181,	1
182,	4
183,	3
184,	2
185,	4
186,	3
187,	5
188,	0
189,	6
190,	4
191,	5
192,	2
193,	0
194,	1
195,	1
196,	2
197,	0
198,	1
199,	0
200,	2
201,	3
202,	3
203,	3
204,	7
205,	0
206,	3
207,	6
208,	2
209,	6
210,	0
211,	3
212,	5
213,	2
214,	3
215,	3
216,	3
217,	1
218,	3
219,	2
220,	7
221,	1
222,	4
223,	3
224,	3
225,	4
226,	6
227,	3
228,	1
229,	5
230,	2
231,	6
232,	4
233,	4
234,	2
235,	0
236,	1
237,	5
238,	2
239,	0
240,	0
241,	2
242,	8
243,	4
244,	8
245,	2
246,	4
247,	6
248,	5
249,	3
250,	2
251,	1
252,	4
253,	5
254,	9
255,	2
256,	2
257,	0
258,	2
259,	3
260,	6
261,	1
262,	4
263,	8
264,	4
265,	2
266,	5
267,	5
268,	5
269,	4
270,	5
271,	5
272,	7
273,	5
274,	8
275,	1
276,	8
277,	1
278,	3
279,	0
280,	0
281,	5
282,	8
283,	4
284,	7
285,	4
286,	7
287,	6
288,	1
289,	5
290,	6
291,	0
292,	6
293,	3
294,	0
295,	5
296,	7
297,	2
298,	1
299,	3
300,	2
301,	0
302,	5
303,	4
304,	0
305,	5
306,	2
307,	8
308,	4
309,	6
310,	6
311,	3
312,	5
313,	7
314,	5
315,	4
316,	6
317,	3
318,	0
319,	3
320,	4
321,	3
322,	6
323,	7
324,	5
325,	5
326,	0
327,	4
328,	4
329,	6
330,	2
331,	7
332,	3
333,	7
334,	8
335,	4
336,	7
337,	5
338,	10
339,	2
340,	4
341,	6
342,	3
343,	6
344,	2
345,	8
346,	6
347,	10
348,	7
349,	6
350,	5
351,	3
352,	10
353,	7
354,	3
355,	5
356,	1
357,	9
358,	4
359,	5
360,	7
361,	6
362,	3
363,	6
364,	8
365,	9
366,	8
367,	4
368,	7
369,	4
370,	7
371,	6
372,	5
373,	7
374,	3
375,	3
376,	8
377,	6
378,	7
379,	6
380,	6
381,	5
382,	2
383,	3
384,	4
385,	5
386,	8
387,	9
388,	9
389,	7
390,	7
391,	2
392,	4
393,	2
394,	10
395,	4
396,	9
397,	7
398,	2
399,	8
400,	8
401,	0
402,	1
403,	7
404,	4
405,	2
406,	2
407,	3
408,	11
409,	7
410,	8
411,	6
412,	6
413,	6
414,	6
415,	0
416,	10
417,	4
418,	9
419,	3
420,	10
421,	5
422,	7
423,	6
424,	9
425,	6
426,	9
427,	6
428,	2
429,	5
430,	9
431,	5
432,	7
433,	7
434,	6
435,	7
436,	6
437,	3
438,	1
439,	10
440,	3
441,	8
442,	10
443,	4
444,	3
445,	8
446,	8
447,	2
448,	5
449,	9
450,	0
451,	5
452,	7
453,	4
454,	4
455,	1
456,	9
457,	11
458,	1
459,	10
460,	10
461,	4
462,	5
463,	7
464,	4
465,	7
466,	6
467,	2
468,	7
469,	3
470,	8
471,	9
472,	7
473,	5
474,	8
475,	10
476,	0
477,	0
478,	6
479,	11
480,	7
481,	4
482,	10
483,	4
484,	8
485,	8
486,	7
487,	8
488,	4
489,	5
490,	5
491,	9
492,	11
493,	5
494,	9
495,	8
496,	10
497,	5
498,	7
499,	9
