Instance: /home/gabriel/Documents/ufrgs/courses/oc/trab/instances/cmb01
Vertices: 500
Colors: 12
NumIterations: 100
Alpha: 0.850000
Is Factible?: false
Conflicts: 3
Solution Value: 158974.968750
Vertex,	Color
0,	11
1,	0
2,	0
3,	1
4,	5
5,	3
6,	1
7,	2
8,	2
9,	3
10,	0
11,	4
12,	0
13,	0
14,	1
15,	2
16,	4
17,	1
18,	0
19,	5
20,	0
21,	1
22,	3
23,	0
24,	3
25,	4
26,	1
27,	3
28,	0
29,	2
30,	1
31,	1
32,	1
33,	1
34,	4
35,	1
36,	3
37,	1
38,	1
39,	8
40,	0
41,	3
42,	2
43,	3
44,	0
45,	3
46,	0
47,	0
48,	1
49,	0
50,	2
51,	4
52,	0
53,	4
54,	0
55,	0
56,	0
57,	4
58,	2
59,	0
60,	2
61,	1
62,	2
63,	3
64,	0
65,	0
66,	1
67,	5
68,	4
69,	1
70,	3
71,	1
72,	2
73,	1
74,	1
75,	1
76,	0
77,	9
78,	1
79,	0
80,	5
81,	0
82,	5
83,	3
84,	6
85,	1
86,	2
87,	1
88,	3
89,	3
90,	3
91,	3
92,	0
93,	3
94,	6
95,	2
96,	4
97,	4
98,	5
99,	1
100,	2
101,	2
102,	1
103,	0
104,	1
105,	5
106,	3
107,	4
108,	2
109,	2
110,	0
111,	1
112,	5
113,	2
114,	1
115,	2
116,	0
117,	3
118,	0
119,	1
120,	2
121,	6
122,	2
123,	4
124,	4
125,	2
126,	2
127,	0
128,	2
129,	5
130,	0
131,	2
132,	2
133,	0
134,	3
135,	0
136,	2
137,	2
138,	3
139,	0
140,	0
141,	3
142,	2
143,	3
144,	2
145,	0
146,	6
147,	4
148,	7
149,	0
150,	4
151,	5
152,	1
153,	1
154,	3
155,	4
156,	0
157,	1
158,	2
159,	3
160,	3
161,	2
162,	8
163,	6
164,	7
165,	4
166,	1
167,	1
168,	1
169,	3
170,	5
171,	4
172,	2
173,	0
174,	1
175,	2
176,	2
177,	7
178,	5
179,	4
180,	5
181,	3
182,	7
183,	0
184,	1
185,	4
186,	1
187,	0
188,	1
189,	6
190,	5
191,	3
192,	2
193,	1
194,	3
195,	2
196,	3
197,	4
198,	3
199,	2
200,	0
201,	3
202,	5
203,	7
204,	3
205,	2
206,	1
207,	7
208,	1
209,	4
210,	4
211,	0
212,	9
213,	5
214,	3
215,	4
216,	2
217,	2
218,	6
219,	9
220,	6
221,	1
222,	6
223,	4
224,	2
225,	2
226,	4
227,	6
228,	0
229,	5
230,	1
231,	4
232,	7
233,	5
234,	2
235,	6
236,	4
237,	7
238,	0
239,	1
240,	1
241,	0
242,	6
243,	2
244,	9
245,	2
246,	5
247,	4
248,	7
249,	3
250,	2
251,	1
252,	6
253,	0
254,	7
255,	0
256,	5
257,	2
258,	4
259,	0
260,	6
261,	4
262,	6
263,	10
264,	3
265,	2
266,	5
267,	2
268,	7
269,	4
270,	8
271,	5
272,	4
273,	6
274,	9
275,	0
276,	6
277,	7
278,	5
279,	1
280,	1
281,	4
282,	5
283,	5
284,	6
285,	3
286,	5
287,	5
288,	2
289,	4
290,	0
291,	0
292,	6
293,	2
294,	8
295,	2
296,	6
297,	5
298,	0
299,	2
300,	4
301,	1
302,	4
303,	4
304,	0
305,	6
306,	2
307,	7
308,	3
309,	7
310,	7
311,	3
312,	1
313,	8
314,	6
315,	5
316,	7
317,	1
318,	3
319,	2
320,	5
321,	3
322,	8
323,	6
324,	6
325,	4
326,	1
327,	1
328,	7
329,	6
330,	2
331,	6
332,	3
333,	3
334,	9
335,	5
336,	6
337,	9
338,	5
339,	1
340,	5
341,	7
342,	8
343,	8
344,	0
345,	7
346,	1
347,	5
348,	7
349,	6
350,	4
351,	2
352,	10
353,	8
354,	4
355,	5
356,	1
357,	8
358,	5
359,	10
360,	8
361,	3
362,	0
363,	7
364,	9
365,	8
366,	6
367,	4
368,	7
369,	4
370,	8
371,	4
372,	4
373,	5
374,	3
375,	5
376,	6
377,	6
378,	5
379,	5
380,	9
381,	2
382,	2
383,	3
384,	4
385,	6
386,	7
387,	9
388,	6
389,	7
390,	8
391,	0
392,	5
393,	8
394,	11
395,	6
396,	10
397,	7
398,	4
399,	9
400,	7
401,	3
402,	1
403,	5
404,	4
405,	10
406,	7
407,	3
408,	11
409,	10
410,	6
411,	4
412,	6
413,	6
414,	6
415,	10
416,	10
417,	7
418,	9
419,	4
420,	8
421,	5
422,	7
423,	10
424,	7
425,	6
426,	9
427,	5
428,	7
429,	7
430,	10
431,	6
432,	4
433,	8
434,	5
435,	7
436,	5
437,	6
438,	6
439,	10
440,	11
441,	9
442,	11
443,	9
444,	3
445,	8
446,	11
447,	2
448,	6
449,	8
450,	9
451,	7
452,	7
453,	5
454,	4
455,	6
456,	9
457,	10
458,	1
459,	11
460,	10
461,	3
462,	8
463,	8
464,	3
465,	6
466,	8
467,	4
468,	6
469,	7
470,	8
471,	9
472,	8
473,	5
474,	9
475,	11
476,	1
477,	2
478,	6
479,	9
480,	10
481,	4
482,	8
483,	6
484,	7
485,	8
486,	7
487,	8
488,	7
489,	3
490,	5
491,	10
492,	10
493,	11
494,	9
495,	4
496,	10
497,	4
498,	5
499,	5
