Instance: /home/gabriel/Documents/ufrgs/courses/oc/trab/instances/cmb01
Vertices: 500
Colors: 12
NumIterations: 1
Alpha: 0.750000
Is Factible?: false
Conflicts: 6
Solution Value: 151576.328125
Vertex,	Color
0,	0
1,	0
2,	3
3,	1
4,	5
5,	0
6,	0
7,	1
8,	4
9,	4
10,	1
11,	0
12,	1
13,	5
14,	4
15,	1
16,	11
17,	3
18,	11
19,	3
20,	1
21,	1
22,	9
23,	7
24,	0
25,	1
26,	3
27,	2
28,	5
29,	0
30,	3
31,	0
32,	2
33,	0
34,	4
35,	2
36,	1
37,	5
38,	5
39,	5
40,	1
41,	2
42,	1
43,	3
44,	0
45,	0
46,	1
47,	0
48,	10
49,	0
50,	1
51,	5
52,	0
53,	4
54,	2
55,	0
56,	3
57,	3
58,	5
59,	2
60,	5
61,	4
62,	1
63,	0
64,	2
65,	1
66,	0
67,	3
68,	3
69,	6
70,	10
71,	2
72,	1
73,	5
74,	0
75,	0
76,	0
77,	8
78,	0
79,	4
80,	3
81,	0
82,	0
83,	0
84,	1
85,	0
86,	2
87,	0
88,	1
89,	6
90,	5
91,	0
92,	1
93,	0
94,	7
95,	0
96,	2
97,	2
98,	4
99,	5
100,	3
101,	0
102,	2
103,	9
104,	2
105,	2
106,	1
107,	0
108,	1
109,	0
110,	2
111,	2
112,	1
113,	3
114,	1
115,	2
116,	0
117,	1
118,	5
119,	4
120,	0
121,	1
122,	3
123,	2
124,	6
125,	5
126,	3
127,	1
128,	0
129,	6
130,	0
131,	2
132,	0
133,	1
134,	0
135,	1
136,	3
137,	2
138,	1
139,	0
140,	5
141,	4
142,	3
143,	5
144,	2
145,	1
146,	4
147,	0
148,	4
149,	1
150,	3
151,	2
152,	4
153,	1
154,	3
155,	4
156,	2
157,	3
158,	4
159,	2
160,	3
161,	1
162,	10
163,	5
164,	6
165,	2
166,	0
167,	1
168,	4
169,	3
170,	8
171,	1
172,	2
173,	2
174,	1
175,	0
176,	1
177,	0
178,	5
179,	3
180,	2
181,	1
182,	8
183,	3
184,	1
185,	2
186,	6
187,	3
188,	2
189,	3
190,	5
191,	3
192,	3
193,	2
194,	3
195,	2
196,	2
197,	4
198,	3
199,	3
200,	2
201,	3
202,	1
203,	7
204,	7
205,	3
206,	1
207,	7
208,	0
209,	4
210,	3
211,	1
212,	6
213,	4
214,	8
215,	4
216,	4
217,	2
218,	6
219,	5
220,	5
221,	0
222,	5
223,	4
224,	3
225,	4
226,	7
227,	4
228,	0
229,	4
230,	3
231,	3
232,	5
233,	4
234,	2
235,	2
236,	5
237,	4
238,	1
239,	0
240,	2
241,	1
242,	6
243,	1
244,	6
245,	1
246,	0
247,	5
248,	4
249,	2
250,	4
251,	3
252,	2
253,	4
254,	7
255,	0
256,	3
257,	1
258,	5
259,	1
260,	2
261,	3
262,	7
263,	8
264,	2
265,	2
266,	5
267,	6
268,	6
269,	8
270,	6
271,	5
272,	6
273,	7
274,	7
275,	1
276,	2
277,	8
278,	1
279,	0
280,	3
281,	0
282,	7
283,	5
284,	7
285,	2
286,	3
287,	2
288,	3
289,	4
290,	2
291,	3
292,	5
293,	7
294,	10
295,	3
296,	6
297,	0
298,	3
299,	0
300,	1
301,	0
302,	6
303,	4
304,	3
305,	5
306,	2
307,	7
308,	4
309,	6
310,	8
311,	1
312,	0
313,	7
314,	4
315,	4
316,	6
317,	3
318,	2
319,	0
320,	5
321,	3
322,	2
323,	4
324,	6
325,	4
326,	2
327,	5
328,	2
329,	7
330,	1
331,	6
332,	2
333,	5
334,	8
335,	8
336,	4
337,	6
338,	5
339,	5
340,	2
341,	4
342,	6
343,	7
344,	3
345,	7
346,	6
347,	6
348,	8
349,	6
350,	5
351,	4
352,	9
353,	7
354,	3
355,	4
356,	8
357,	8
358,	4
359,	1
360,	7
361,	2
362,	5
363,	5
364,	7
365,	8
366,	6
367,	5
368,	7
369,	6
370,	7
371,	6
372,	3
373,	6
374,	3
375,	4
376,	8
377,	4
378,	6
379,	1
380,	5
381,	3
382,	2
383,	1
384,	2
385,	4
386,	8
387,	8
388,	8
389,	6
390,	6
391,	1
392,	4
393,	8
394,	9
395,	2
396,	10
397,	9
398,	2
399,	8
400,	5
401,	0
402,	3
403,	5
404,	5
405,	9
406,	8
407,	4
408,	11
409,	4
410,	8
411,	3
412,	8
413,	3
414,	10
415,	10
416,	10
417,	5
418,	9
419,	7
420,	0
421,	6
422,	5
423,	10
424,	7
425,	7
426,	10
427,	6
428,	4
429,	5
430,	10
431,	6
432,	0
433,	6
434,	6
435,	6
436,	5
437,	5
438,	4
439,	8
440,	9
441,	9
442,	1
443,	1
444,	2
445,	7
446,	10
447,	3
448,	0
449,	10
450,	2
451,	4
452,	7
453,	10
454,	4
455,	6
456,	10
457,	10
458,	2
459,	11
460,	9
461,	5
462,	7
463,	7
464,	7
465,	8
466,	10
467,	2
468,	8
469,	6
470,	3
471,	8
472,	7
473,	3
474,	7
475,	11
476,	0
477,	3
478,	7
479,	11
480,	10
481,	3
482,	10
483,	4
484,	8
485,	10
486,	5
487,	8
488,	7
489,	5
490,	4
491,	8
492,	11
493,	10
494,	7
495,	7
496,	10
497,	4
498,	6
499,	2
