Instance: /home/gabriel/Documents/ufrgs/courses/oc/trab/instances/cmb01
Vertices: 500
Colors: 12
NumIterations: 2
Alpha: 0.750000
Is Factible?: false
Conflicts: 4
Solution Value: 152345.781250
Vertex,	Color
0,	4
1,	2
2,	0
3,	0
4,	3
5,	0
6,	0
7,	4
8,	7
9,	3
10,	1
11,	0
12,	0
13,	4
14,	2
15,	0
16,	7
17,	2
18,	8
19,	0
20,	3
21,	1
22,	1
23,	1
24,	1
25,	2
26,	1
27,	1
28,	4
29,	1
30,	0
31,	1
32,	2
33,	0
34,	4
35,	3
36,	1
37,	0
38,	2
39,	11
40,	0
41,	2
42,	4
43,	6
44,	0
45,	3
46,	2
47,	0
48,	0
49,	6
50,	0
51,	8
52,	0
53,	0
54,	6
55,	2
56,	1
57,	1
58,	3
59,	1
60,	8
61,	1
62,	0
63,	0
64,	1
65,	0
66,	1
67,	0
68,	6
69,	0
70,	6
71,	1
72,	3
73,	4
74,	2
75,	1
76,	3
77,	9
78,	1
79,	5
80,	0
81,	0
82,	4
83,	4
84,	2
85,	1
86,	4
87,	0
88,	2
89,	3
90,	1
91,	1
92,	2
93,	0
94,	1
95,	4
96,	0
97,	4
98,	4
99,	2
100,	3
101,	2
102,	1
103,	5
104,	1
105,	4
106,	9
107,	3
108,	2
109,	5
110,	4
111,	2
112,	0
113,	6
114,	6
115,	5
116,	3
117,	4
118,	4
119,	1
120,	2
121,	2
122,	0
123,	3
124,	3
125,	0
126,	2
127,	0
128,	2
129,	3
130,	0
131,	2
132,	2
133,	0
134,	4
135,	1
136,	3
137,	9
138,	11
139,	1
140,	3
141,	0
142,	6
143,	1
144,	1
145,	1
146,	3
147,	2
148,	7
149,	3
150,	5
151,	3
152,	7
153,	2
154,	2
155,	2
156,	5
157,	0
158,	4
159,	1
160,	1
161,	5
162,	10
163,	5
164,	6
165,	5
166,	0
167,	1
168,	4
169,	2
170,	6
171,	4
172,	2
173,	0
174,	5
175,	8
176,	2
177,	0
178,	5
179,	8
180,	3
181,	3
182,	3
183,	3
184,	3
185,	1
186,	3
187,	0
188,	5
189,	5
190,	6
191,	2
192,	2
193,	2
194,	2
195,	5
196,	2
197,	5
198,	3
199,	2
200,	0
201,	4
202,	1
203,	0
204,	3
205,	2
206,	3
207,	2
208,	2
209,	4
210,	3
211,	2
212,	7
213,	3
214,	6
215,	3
216,	4
217,	2
218,	7
219,	7
220,	7
221,	1
222,	7
223,	4
224,	5
225,	1
226,	5
227,	4
228,	0
229,	3
230,	0
231,	1
232,	1
233,	5
234,	2
235,	1
236,	1
237,	4
238,	2
239,	1
240,	1
241,	3
242,	7
243,	5
244,	7
245,	1
246,	6
247,	2
248,	6
249,	3
250,	3
251,	5
252,	1
253,	4
254,	0
255,	10
256,	2
257,	0
258,	6
259,	5
260,	5
261,	3
262,	5
263,	3
264,	1
265,	2
266,	0
267,	5
268,	6
269,	6
270,	7
271,	4
272,	4
273,	2
274,	5
275,	2
276,	7
277,	7
278,	6
279,	1
280,	1
281,	4
282,	6
283,	2
284,	4
285,	1
286,	6
287,	6
288,	2
289,	4
290,	1
291,	3
292,	5
293,	1
294,	10
295,	3
296,	6
297,	6
298,	3
299,	2
300,	2
301,	2
302,	4
303,	4
304,	1
305,	2
306,	2
307,	6
308,	3
309,	6
310,	8
311,	0
312,	2
313,	7
314,	7
315,	3
316,	5
317,	1
318,	3
319,	2
320,	3
321,	1
322,	7
323,	7
324,	6
325,	4
326,	3
327,	5
328,	5
329,	6
330,	0
331,	7
332,	3
333,	4
334,	8
335,	0
336,	5
337,	8
338,	3
339,	7
340,	5
341,	5
342,	6
343,	0
344,	4
345,	4
346,	8
347,	10
348,	7
349,	6
350,	4
351,	3
352,	9
353,	7
354,	4
355,	5
356,	1
357,	9
358,	6
359,	8
360,	7
361,	1
362,	4
363,	6
364,	9
365,	8
366,	6
367,	4
368,	9
369,	5
370,	6
371,	1
372,	8
373,	3
374,	4
375,	3
376,	7
377,	7
378,	6
379,	3
380,	7
381,	2
382,	3
383,	1
384,	2
385,	5
386,	2
387,	8
388,	9
389,	8
390,	7
391,	0
392,	6
393,	8
394,	9
395,	4
396,	10
397,	7
398,	4
399,	8
400,	7
401,	1
402,	2
403,	4
404,	5
405,	9
406,	0
407,	3
408,	11
409,	1
410,	8
411,	4
412,	5
413,	6
414,	8
415,	0
416,	9
417,	5
418,	9
419,	5
420,	6
421,	6
422,	5
423,	8
424,	7
425,	7
426,	8
427,	7
428,	5
429,	6
430,	9
431,	9
432,	10
433,	0
434,	7
435,	4
436,	5
437,	5
438,	5
439,	8
440,	1
441,	8
442,	2
443,	6
444,	1
445,	7
446,	10
447,	3
448,	4
449,	8
450,	0
451,	4
452,	7
453,	10
454,	4
455,	6
456,	9
457,	11
458,	5
459,	9
460,	10
461,	4
462,	1
463,	7
464,	6
465,	3
466,	8
467,	0
468,	5
469,	3
470,	4
471,	8
472,	6
473,	5
474,	8
475,	10
476,	9
477,	2
478,	5
479,	11
480,	9
481,	4
482,	9
483,	5
484,	8
485,	10
486,	4
487,	9
488,	7
489,	4
490,	5
491,	9
492,	10
493,	8
494,	10
495,	9
496,	10
497,	9
498,	6
499,	9
