Instance: /home/gabriel/Documents/ufrgs/courses/oc/trab/instances/cmb01
Vertices: 500
Colors: 12
NumIterations: 100
Alpha: 0.850000
Is Factible?: false
Conflicts: 3
Solution Value: 146233.031250
Vertex,	Color
0,	0
1,	3
2,	4
3,	0
4,	1
5,	0
6,	0
7,	0
8,	1
9,	2
10,	0
11,	0
12,	0
13,	0
14,	0
15,	1
16,	3
17,	2
18,	3
19,	1
20,	0
21,	1
22,	0
23,	2
24,	1
25,	2
26,	1
27,	4
28,	1
29,	1
30,	0
31,	1
32,	2
33,	0
34,	3
35,	1
36,	0
37,	0
38,	2
39,	0
40,	1
41,	1
42,	1
43,	0
44,	0
45,	1
46,	0
47,	0
48,	1
49,	0
50,	0
51,	1
52,	0
53,	2
54,	6
55,	0
56,	5
57,	4
58,	2
59,	2
60,	3
61,	10
62,	1
63,	0
64,	1
65,	0
66,	1
67,	3
68,	5
69,	1
70,	1
71,	2
72,	2
73,	4
74,	2
75,	0
76,	0
77,	6
78,	1
79,	0
80,	5
81,	0
82,	6
83,	4
84,	0
85,	0
86,	3
87,	1
88,	3
89,	2
90,	3
91,	1
92,	2
93,	3
94,	4
95,	4
96,	0
97,	2
98,	1
99,	3
100,	1
101,	3
102,	0
103,	2
104,	3
105,	4
106,	2
107,	2
108,	3
109,	1
110,	2
111,	5
112,	0
113,	7
114,	5
115,	1
116,	1
117,	2
118,	0
119,	2
120,	1
121,	4
122,	1
123,	3
124,	3
125,	0
126,	2
127,	3
128,	2
129,	5
130,	1
131,	2
132,	3
133,	0
134,	3
135,	1
136,	3
137,	7
138,	0
139,	0
140,	3
141,	4
142,	1
143,	2
144,	2
145,	2
146,	3
147,	4
148,	7
149,	3
150,	5
151,	5
152,	4
153,	2
154,	2
155,	3
156,	5
157,	4
158,	1
159,	3
160,	2
161,	5
162,	8
163,	4
164,	6
165,	5
166,	1
167,	0
168,	1
169,	2
170,	6
171,	3
172,	3
173,	1
174,	1
175,	2
176,	2
177,	10
178,	6
179,	5
180,	5
181,	2
182,	6
183,	7
184,	3
185,	2
186,	3
187,	0
188,	2
189,	4
190,	6
191,	2
192,	2
193,	2
194,	2
195,	4
196,	2
197,	5
198,	1
199,	3
200,	0
201,	4
202,	5
203,	5
204,	5
205,	3
206,	3
207,	3
208,	1
209,	3
210,	2
211,	0
212,	9
213,	4
214,	11
215,	3
216,	3
217,	2
218,	3
219,	6
220,	5
221,	0
222,	4
223,	3
224,	3
225,	4
226,	6
227,	3
228,	1
229,	6
230,	2
231,	4
232,	4
233,	5
234,	3
235,	8
236,	7
237,	6
238,	2
239,	1
240,	0
241,	2
242,	7
243,	3
244,	8
245,	1
246,	7
247,	4
248,	6
249,	3
250,	3
251,	5
252,	5
253,	2
254,	4
255,	0
256,	4
257,	1
258,	3
259,	2
260,	6
261,	3
262,	6
263,	2
264,	4
265,	4
266,	5
267,	5
268,	7
269,	5
270,	8
271,	5
272,	7
273,	5
274,	9
275,	0
276,	8
277,	6
278,	6
279,	1
280,	2
281,	5
282,	7
283,	5
284,	8
285,	4
286,	4
287,	5
288,	3
289,	1
290,	1
291,	2
292,	5
293,	6
294,	10
295,	3
296,	7
297,	4
298,	4
299,	3
300,	3
301,	1
302,	4
303,	4
304,	5
305,	3
306,	2
307,	7
308,	3
309,	6
310,	8
311,	0
312,	1
313,	7
314,	7
315,	6
316,	6
317,	0
318,	1
319,	4
320,	4
321,	4
322,	5
323,	6
324,	8
325,	5
326,	2
327,	6
328,	6
329,	7
330,	0
331,	6
332,	2
333,	7
334,	8
335,	8
336,	6
337,	9
338,	5
339,	7
340,	4
341,	7
342,	5
343,	9
344,	4
345,	6
346,	9
347,	9
348,	8
349,	6
350,	5
351,	3
352,	10
353,	7
354,	4
355,	6
356,	6
357,	8
358,	4
359,	11
360,	7
361,	4
362,	4
363,	0
364,	8
365,	7
366,	8
367,	3
368,	8
369,	6
370,	8
371,	6
372,	4
373,	8
374,	4
375,	4
376,	7
377,	9
378,	5
379,	3
380,	9
381,	4
382,	2
383,	3
384,	5
385,	5
386,	9
387,	9
388,	8
389,	8
390,	8
391,	3
392,	3
393,	7
394,	9
395,	5
396,	10
397,	6
398,	2
399,	8
400,	7
401,	1
402,	5
403,	5
404,	5
405,	8
406,	6
407,	2
408,	11
409,	10
410,	8
411,	5
412,	8
413,	6
414,	6
415,	10
416,	10
417,	6
418,	10
419,	8
420,	9
421,	6
422,	5
423,	0
424,	7
425,	7
426,	10
427,	7
428,	0
429,	6
430,	9
431,	6
432,	0
433,	5
434,	7
435,	7
436,	8
437,	6
438,	6
439,	6
440,	11
441,	9
442,	11
443,	0
444,	2
445,	9
446,	10
447,	2
448,	5
449,	10
450,	9
451,	2
452,	7
453,	7
454,	4
455,	7
456,	3
457,	10
458,	6
459,	7
460,	10
461,	2
462,	7
463,	8
464,	8
465,	4
466,	9
467,	6
468,	8
469,	4
470,	5
471,	8
472,	7
473,	3
474,	7
475,	11
476,	9
477,	2
478,	8
479,	11
480,	10
481,	4
482,	10
483,	6
484,	9
485,	11
486,	7
487,	9
488,	7
489,	1
490,	5
491,	9
492,	11
493,	11
494,	11
495,	8
496,	10
497,	4
498,	4
499,	5
