Instance: /home/gabriel/Documents/ufrgs/courses/oc/trab/instances/cmb01
Vertices: 500
Colors: 12
NumIterations: 50
Alpha: 0.750000
Is Factible?: false
Conflicts: 2
Solution Value: 156474.750000
Vertex,	Color
0,	3
1,	1
2,	5
3,	1
4,	5
5,	4
6,	4
7,	0
8,	8
9,	1
10,	3
11,	3
12,	3
13,	4
14,	2
15,	0
16,	1
17,	1
18,	4
19,	3
20,	1
21,	0
22,	4
23,	6
24,	0
25,	2
26,	1
27,	1
28,	0
29,	2
30,	0
31,	0
32,	1
33,	0
34,	2
35,	2
36,	0
37,	0
38,	1
39,	8
40,	0
41,	0
42,	0
43,	3
44,	1
45,	1
46,	0
47,	0
48,	4
49,	4
50,	0
51,	0
52,	3
53,	3
54,	1
55,	0
56,	3
57,	3
58,	3
59,	0
60,	4
61,	0
62,	1
63,	1
64,	0
65,	2
66,	2
67,	1
68,	1
69,	2
70,	0
71,	2
72,	0
73,	1
74,	0
75,	1
76,	3
77,	2
78,	0
79,	9
80,	2
81,	3
82,	0
83,	6
84,	3
85,	0
86,	0
87,	0
88,	4
89,	6
90,	2
91,	3
92,	2
93,	3
94,	8
95,	2
96,	1
97,	2
98,	2
99,	0
100,	3
101,	0
102,	1
103,	7
104,	0
105,	2
106,	1
107,	3
108,	1
109,	0
110,	6
111,	9
112,	1
113,	2
114,	5
115,	2
116,	3
117,	6
118,	0
119,	1
120,	0
121,	6
122,	0
123,	5
124,	3
125,	1
126,	1
127,	3
128,	0
129,	4
130,	1
131,	2
132,	0
133,	0
134,	1
135,	5
136,	2
137,	2
138,	3
139,	2
140,	2
141,	2
142,	7
143,	8
144,	4
145,	1
146,	4
147,	4
148,	5
149,	2
150,	5
151,	10
152,	2
153,	2
154,	2
155,	1
156,	2
157,	2
158,	0
159,	0
160,	3
161,	0
162,	10
163,	3
164,	6
165,	4
166,	0
167,	0
168,	4
169,	3
170,	6
171,	3
172,	3
173,	4
174,	1
175,	4
176,	1
177,	5
178,	5
179,	3
180,	0
181,	2
182,	5
183,	1
184,	5
185,	2
186,	2
187,	1
188,	0
189,	3
190,	4
191,	2
192,	6
193,	1
194,	1
195,	4
196,	1
197,	3
198,	1
199,	6
200,	1
201,	3
202,	1
203,	0
204,	7
205,	2
206,	0
207,	7
208,	0
209,	3
210,	1
211,	0
212,	6
213,	2
214,	5
215,	2
216,	1
217,	1
218,	6
219,	6
220,	6
221,	3
222,	7
223,	2
224,	2
225,	1
226,	3
227,	7
228,	2
229,	6
230,	2
231,	4
232,	5
233,	4
234,	3
235,	3
236,	1
237,	7
238,	2
239,	1
240,	1
241,	3
242,	6
243,	3
244,	6
245,	3
246,	0
247,	5
248,	5
249,	1
250,	3
251,	3
252,	6
253,	1
254,	5
255,	0
256,	3
257,	2
258,	5
259,	6
260,	5
261,	3
262,	7
263,	9
264,	4
265,	3
266,	5
267,	5
268,	7
269,	7
270,	4
271,	5
272,	3
273,	7
274,	8
275,	0
276,	7
277,	6
278,	1
279,	0
280,	0
281,	3
282,	5
283,	5
284,	4
285,	4
286,	5
287,	6
288,	4
289,	2
290,	4
291,	1
292,	5
293,	5
294,	8
295,	2
296,	4
297,	0
298,	3
299,	0
300,	1
301,	0
302,	4
303,	3
304,	2
305,	1
306,	1
307,	7
308,	3
309,	6
310,	8
311,	2
312,	0
313,	6
314,	6
315,	6
316,	3
317,	0
318,	4
319,	2
320,	4
321,	3
322,	7
323,	6
324,	0
325,	5
326,	0
327,	5
328,	7
329,	7
330,	1
331,	6
332,	4
333,	4
334,	7
335,	5
336,	5
337,	7
338,	5
339,	7
340,	4
341,	5
342,	5
343,	8
344,	3
345,	6
346,	9
347,	10
348,	6
349,	6
350,	5
351,	6
352,	9
353,	6
354,	2
355,	6
356,	9
357,	8
358,	4
359,	4
360,	7
361,	1
362,	5
363,	7
364,	8
365,	9
366,	4
367,	6
368,	7
369,	5
370,	1
371,	6
372,	3
373,	5
374,	4
375,	4
376,	8
377,	4
378,	3
379,	6
380,	4
381,	2
382,	3
383,	2
384,	1
385,	3
386,	5
387,	9
388,	2
389,	8
390,	8
391,	2
392,	6
393,	10
394,	8
395,	2
396,	9
397,	7
398,	4
399,	8
400,	6
401,	0
402,	7
403,	4
404,	5
405,	8
406,	7
407,	5
408,	11
409,	8
410,	8
411,	3
412,	4
413,	6
414,	7
415,	10
416,	10
417,	3
418,	8
419,	5
420,	9
421,	6
422,	5
423,	9
424,	8
425,	7
426,	10
427,	7
428,	3
429,	6
430,	8
431,	2
432,	11
433,	5
434,	6
435,	5
436,	5
437,	5
438,	5
439,	9
440,	5
441,	7
442,	9
443,	6
444,	3
445,	6
446,	10
447,	3
448,	3
449,	10
450,	11
451,	6
452,	7
453,	9
454,	4
455,	6
456,	9
457,	10
458,	0
459,	11
460,	10
461,	4
462,	8
463,	7
464,	8
465,	7
466,	9
467,	5
468,	2
469,	6
470,	8
471,	9
472,	7
473,	1
474,	7
475,	10
476,	1
477,	2
478,	6
479,	11
480,	9
481,	4
482,	9
483,	5
484,	9
485,	8
486,	10
487,	9
488,	6
489,	4
490,	4
491,	9
492,	11
493,	9
494,	8
495,	8
496,	9
497,	7
498,	1
499,	6
