Instance: /home/gabriel/Documents/ufrgs/courses/oc/trab/instances/cmb01
Vertices: 500
Colors: 12
NumIterations: 6
Alpha: 0.650000
Is Factible?: false
Conflicts: 2
Solution Value: 157238.156250
Vertex,	Color
0,	0
1,	1
2,	2
3,	4
4,	1
5,	0
6,	0
7,	0
8,	1
9,	1
10,	5
11,	0
12,	1
13,	1
14,	5
15,	3
16,	0
17,	1
18,	10
19,	4
20,	3
21,	2
22,	3
23,	6
24,	3
25,	0
26,	0
27,	2
28,	6
29,	0
30,	0
31,	0
32,	0
33,	0
34,	4
35,	7
36,	0
37,	0
38,	1
39,	1
40,	1
41,	1
42,	5
43,	2
44,	1
45,	2
46,	1
47,	6
48,	10
49,	2
50,	1
51,	0
52,	0
53,	4
54,	4
55,	1
56,	0
57,	0
58,	4
59,	0
60,	7
61,	3
62,	3
63,	1
64,	3
65,	3
66,	0
67,	5
68,	4
69,	0
70,	5
71,	0
72,	5
73,	4
74,	0
75,	4
76,	2
77,	9
78,	0
79,	2
80,	5
81,	1
82,	0
83,	2
84,	3
85,	2
86,	3
87,	1
88,	3
89,	3
90,	2
91,	2
92,	2
93,	5
94,	2
95,	2
96,	1
97,	3
98,	0
99,	5
100,	6
101,	2
102,	3
103,	9
104,	0
105,	1
106,	1
107,	5
108,	1
109,	1
110,	0
111,	2
112,	2
113,	5
114,	0
115,	7
116,	3
117,	3
118,	1
119,	3
120,	1
121,	6
122,	1
123,	4
124,	3
125,	1
126,	1
127,	1
128,	1
129,	3
130,	1
131,	0
132,	7
133,	3
134,	4
135,	3
136,	5
137,	11
138,	3
139,	4
140,	0
141,	6
142,	2
143,	3
144,	3
145,	4
146,	3
147,	2
148,	0
149,	0
150,	6
151,	7
152,	0
153,	0
154,	2
155,	5
156,	9
157,	2
158,	6
159,	2
160,	3
161,	8
162,	7
163,	5
164,	6
165,	5
166,	1
167,	0
168,	0
169,	5
170,	5
171,	0
172,	1
173,	3
174,	0
175,	5
176,	1
177,	1
178,	4
179,	6
180,	2
181,	0
182,	4
183,	0
184,	1
185,	0
186,	5
187,	0
188,	0
189,	6
190,	5
191,	5
192,	1
193,	1
194,	5
195,	9
196,	1
197,	4
198,	6
199,	1
200,	0
201,	4
202,	5
203,	6
204,	4
205,	1
206,	2
207,	4
208,	2
209,	4
210,	2
211,	0
212,	6
213,	4
214,	3
215,	5
216,	2
217,	4
218,	5
219,	5
220,	7
221,	0
222,	5
223,	4
224,	4
225,	0
226,	7
227,	1
228,	3
229,	7
230,	1
231,	3
232,	4
233,	6
234,	4
235,	3
236,	1
237,	4
238,	3
239,	2
240,	3
241,	3
242,	7
243,	2
244,	8
245,	1
246,	5
247,	1
248,	4
249,	2
250,	2
251,	6
252,	0
253,	0
254,	1
255,	1
256,	2
257,	1
258,	4
259,	3
260,	4
261,	4
262,	4
263,	2
264,	2
265,	3
266,	6
267,	2
268,	5
269,	4
270,	9
271,	3
272,	0
273,	3
274,	8
275,	2
276,	4
277,	2
278,	5
279,	0
280,	1
281,	3
282,	6
283,	5
284,	8
285,	2
286,	6
287,	6
288,	1
289,	4
290,	4
291,	2
292,	4
293,	0
294,	7
295,	2
296,	5
297,	7
298,	5
299,	1
300,	3
301,	2
302,	8
303,	2
304,	0
305,	8
306,	4
307,	7
308,	2
309,	6
310,	8
311,	3
312,	1
313,	7
314,	6
315,	2
316,	7
317,	2
318,	4
319,	3
320,	2
321,	4
322,	10
323,	5
324,	8
325,	5
326,	0
327,	4
328,	7
329,	6
330,	2
331,	8
332,	3
333,	9
334,	8
335,	8
336,	5
337,	7
338,	5
339,	4
340,	6
341,	5
342,	5
343,	8
344,	0
345,	2
346,	6
347,	5
348,	7
349,	6
350,	1
351,	0
352,	10
353,	9
354,	3
355,	2
356,	9
357,	8
358,	7
359,	8
360,	7
361,	6
362,	3
363,	0
364,	2
365,	9
366,	4
367,	4
368,	6
369,	5
370,	1
371,	8
372,	3
373,	1
374,	5
375,	3
376,	7
377,	6
378,	7
379,	2
380,	5
381,	5
382,	1
383,	5
384,	4
385,	4
386,	6
387,	8
388,	9
389,	6
390,	6
391,	5
392,	2
393,	6
394,	10
395,	0
396,	9
397,	7
398,	0
399,	8
400,	7
401,	3
402,	4
403,	5
404,	4
405,	11
406,	5
407,	4
408,	10
409,	10
410,	7
411,	4
412,	4
413,	5
414,	11
415,	11
416,	3
417,	5
418,	8
419,	6
420,	2
421,	1
422,	5
423,	10
424,	8
425,	6
426,	9
427,	5
428,	0
429,	4
430,	9
431,	7
432,	0
433,	1
434,	5
435,	4
436,	6
437,	2
438,	5
439,	5
440,	5
441,	6
442,	2
443,	4
444,	3
445,	8
446,	10
447,	3
448,	3
449,	9
450,	10
451,	5
452,	7
453,	9
454,	4
455,	6
456,	9
457,	11
458,	7
459,	10
460,	11
461,	3
462,	7
463,	7
464,	6
465,	7
466,	8
467,	5
468,	9
469,	2
470,	3
471,	9
472,	6
473,	4
474,	7
475,	9
476,	8
477,	5
478,	6
479,	11
480,	9
481,	4
482,	10
483,	6
484,	7
485,	7
486,	0
487,	7
488,	5
489,	5
490,	5
491,	8
492,	10
493,	7
494,	8
495,	8
496,	9
497,	6
498,	5
499,	9
