Instance: /home/gabriel/Documents/ufrgs/courses/oc/trab/instances/cmb01
Vertices: 500
Colors: 12
NumIterations: 1
Alpha: 0.850000
Is Factible?: false
Conflicts: 4
Solution Value: 154695.234375
Vertex,	Color
0,	1
1,	0
2,	0
3,	0
4,	0
5,	2
6,	0
7,	0
8,	3
9,	2
10,	0
11,	3
12,	0
13,	0
14,	2
15,	2
16,	1
17,	0
18,	1
19,	0
20,	0
21,	0
22,	6
23,	2
24,	2
25,	1
26,	0
27,	0
28,	1
29,	1
30,	2
31,	0
32,	1
33,	0
34,	3
35,	0
36,	2
37,	0
38,	1
39,	0
40,	1
41,	0
42,	0
43,	0
44,	3
45,	1
46,	0
47,	1
48,	1
49,	1
50,	0
51,	4
52,	1
53,	3
54,	1
55,	0
56,	4
57,	4
58,	2
59,	2
60,	2
61,	4
62,	0
63,	0
64,	0
65,	1
66,	1
67,	2
68,	3
69,	4
70,	4
71,	2
72,	5
73,	0
74,	4
75,	2
76,	1
77,	4
78,	0
79,	1
80,	1
81,	1
82,	2
83,	7
84,	1
85,	0
86,	1
87,	1
88,	4
89,	2
90,	2
91,	2
92,	2
93,	0
94,	4
95,	3
96,	1
97,	2
98,	1
99,	9
100,	6
101,	2
102,	2
103,	6
104,	0
105,	3
106,	3
107,	4
108,	0
109,	1
110,	1
111,	3
112,	0
113,	2
114,	2
115,	3
116,	3
117,	7
118,	1
119,	5
120,	1
121,	0
122,	2
123,	3
124,	3
125,	1
126,	1
127,	0
128,	2
129,	3
130,	0
131,	2
132,	2
133,	1
134,	5
135,	5
136,	2
137,	0
138,	7
139,	1
140,	1
141,	5
142,	1
143,	2
144,	3
145,	2
146,	5
147,	3
148,	5
149,	0
150,	4
151,	3
152,	0
153,	2
154,	2
155,	4
156,	1
157,	3
158,	3
159,	4
160,	3
161,	5
162,	5
163,	4
164,	7
165,	4
166,	1
167,	0
168,	3
169,	3
170,	6
171,	4
172,	4
173,	0
174,	1
175,	2
176,	1
177,	5
178,	5
179,	9
180,	6
181,	2
182,	3
183,	5
184,	1
185,	3
186,	4
187,	0
188,	2
189,	4
190,	6
191,	2
192,	2
193,	3
194,	2
195,	9
196,	2
197,	4
198,	3
199,	2
200,	1
201,	3
202,	2
203,	5
204,	5
205,	2
206,	2
207,	2
208,	2
209,	3
210,	3
211,	0
212,	10
213,	3
214,	2
215,	3
216,	3
217,	3
218,	5
219,	0
220,	7
221,	0
222,	4
223,	2
224,	3
225,	0
226,	3
227,	4
228,	1
229,	4
230,	3
231,	5
232,	5
233,	4
234,	1
235,	4
236,	0
237,	4
238,	1
239,	2
240,	2
241,	1
242,	7
243,	3
244,	7
245,	1
246,	4
247,	3
248,	5
249,	3
250,	2
251,	1
252,	4
253,	7
254,	5
255,	3
256,	3
257,	3
258,	5
259,	5
260,	6
261,	3
262,	6
263,	3
264,	4
265,	1
266,	5
267,	5
268,	6
269,	6
270,	8
271,	5
272,	7
273,	6
274,	6
275,	1
276,	8
277,	6
278,	6
279,	1
280,	0
281,	6
282,	7
283,	6
284,	4
285,	4
286,	5
287,	4
288,	4
289,	3
290,	4
291,	3
292,	6
293,	4
294,	7
295,	3
296,	5
297,	10
298,	5
299,	1
300,	4
301,	1
302,	6
303,	3
304,	4
305,	5
306,	2
307,	6
308,	4
309,	6
310,	8
311,	2
312,	2
313,	6
314,	3
315,	4
316,	6
317,	3
318,	2
319,	2
320,	4
321,	5
322,	8
323,	6
324,	6
325,	5
326,	2
327,	5
328,	8
329,	6
330,	0
331,	5
332,	5
333,	4
334,	7
335,	8
336,	5
337,	8
338,	7
339,	2
340,	5
341,	5
342,	6
343,	7
344,	1
345,	6
346,	10
347,	10
348,	7
349,	6
350,	4
351,	0
352,	10
353,	7
354,	3
355,	8
356,	9
357,	9
358,	5
359,	8
360,	8
361,	6
362,	5
363,	6
364,	6
365,	9
366,	5
367,	5
368,	8
369,	6
370,	5
371,	4
372,	5
373,	7
374,	4
375,	6
376,	9
377,	4
378,	4
379,	6
380,	9
381,	2
382,	2
383,	3
384,	3
385,	4
386,	9
387,	8
388,	8
389,	5
390,	7
391,	0
392,	4
393,	9
394,	8
395,	4
396,	10
397,	8
398,	3
399,	9
400,	7
401,	2
402,	0
403,	6
404,	5
405,	9
406,	1
407,	5
408,	11
409,	10
410,	7
411,	5
412,	8
413,	6
414,	7
415,	9
416,	9
417,	7
418,	11
419,	5
420,	2
421,	7
422,	5
423,	10
424,	7
425,	6
426,	10
427,	6
428,	5
429,	3
430,	8
431,	8
432,	7
433,	0
434,	6
435,	7
436,	4
437,	2
438,	5
439,	9
440,	11
441,	8
442,	11
443,	8
444,	3
445,	8
446,	10
447,	3
448,	6
449,	8
450,	7
451,	6
452,	7
453,	7
454,	4
455,	6
456,	4
457,	9
458,	0
459,	11
460,	10
461,	3
462,	7
463,	8
464,	3
465,	7
466,	10
467,	5
468,	6
469,	6
470,	8
471,	8
472,	7
473,	2
474,	8
475,	8
476,	9
477,	2
478,	6
479,	11
480,	9
481,	4
482,	9
483,	4
484,	7
485,	7
486,	5
487,	7
488,	5
489,	7
490,	4
491,	9
492,	11
493,	8
494,	6
495,	6
496,	10
497,	9
498,	7
499,	4
