Instance: /home/gabriel/Documents/ufrgs/courses/oc/trab/instances/cmb04
Vertices: 1000
Colors: 32
NumIterations: 10
Alpha: 0.750000
Is Factible?: false
Conflicts: 84
Solution Value: 90837.265625
Vertex,	Color
0,	18
1,	6
2,	1
3,	12
4,	2
5,	30
6,	3
7,	26
8,	8
9,	6
10,	1
11,	9
12,	30
13,	11
14,	27
15,	9
16,	16
17,	6
18,	30
19,	0
20,	11
21,	2
22,	16
23,	8
24,	16
25,	12
26,	9
27,	5
28,	7
29,	7
30,	13
31,	20
32,	6
33,	8
34,	9
35,	5
36,	9
37,	17
38,	5
39,	2
40,	10
41,	8
42,	2
43,	13
44,	8
45,	3
46,	20
47,	2
48,	23
49,	14
50,	3
51,	3
52,	10
53,	8
54,	13
55,	2
56,	13
57,	4
58,	1
59,	2
60,	9
61,	2
62,	12
63,	0
64,	0
65,	28
66,	4
67,	6
68,	16
69,	4
70,	20
71,	30
72,	14
73,	17
74,	22
75,	14
76,	0
77,	3
78,	5
79,	10
80,	3
81,	4
82,	9
83,	6
84,	5
85,	5
86,	4
87,	9
88,	7
89,	12
90,	8
91,	0
92,	0
93,	5
94,	8
95,	17
96,	15
97,	2
98,	1
99,	18
100,	9
101,	8
102,	12
103,	25
104,	23
105,	15
106,	4
107,	11
108,	1
109,	7
110,	21
111,	2
112,	2
113,	20
114,	3
115,	24
116,	27
117,	2
118,	18
119,	1
120,	31
121,	2
122,	4
123,	7
124,	30
125,	4
126,	1
127,	12
128,	13
129,	2
130,	9
131,	8
132,	3
133,	1
134,	2
135,	10
136,	1
137,	6
138,	2
139,	6
140,	5
141,	2
142,	8
143,	1
144,	9
145,	0
146,	7
147,	5
148,	3
149,	21
150,	18
151,	4
152,	0
153,	1
154,	1
155,	10
156,	20
157,	7
158,	2
159,	3
160,	4
161,	30
162,	9
163,	3
164,	0
165,	5
166,	11
167,	4
168,	15
169,	1
170,	3
171,	1
172,	7
173,	1
174,	0
175,	7
176,	10
177,	2
178,	0
179,	8
180,	3
181,	28
182,	7
183,	4
184,	12
185,	30
186,	19
187,	5
188,	13
189,	7
190,	25
191,	17
192,	1
193,	28
194,	3
195,	28
196,	7
197,	3
198,	17
199,	11
200,	14
201,	5
202,	15
203,	8
204,	4
205,	2
206,	7
207,	0
208,	11
209,	8
210,	19
211,	1
212,	12
213,	20
214,	5
215,	20
216,	4
217,	11
218,	2
219,	4
220,	7
221,	10
222,	3
223,	0
224,	4
225,	8
226,	19
227,	0
228,	9
229,	4
230,	10
231,	4
232,	12
233,	7
234,	22
235,	4
236,	4
237,	7
238,	7
239,	9
240,	8
241,	11
242,	7
243,	21
244,	6
245,	4
246,	0
247,	9
248,	3
249,	13
250,	10
251,	4
252,	4
253,	14
254,	8
255,	6
256,	2
257,	9
258,	11
259,	28
260,	16
261,	2
262,	4
263,	11
264,	3
265,	13
266,	6
267,	7
268,	23
269,	3
270,	14
271,	10
272,	7
273,	9
274,	10
275,	9
276,	25
277,	4
278,	1
279,	5
280,	9
281,	9
282,	13
283,	1
284,	7
285,	5
286,	17
287,	16
288,	1
289,	5
290,	13
291,	9
292,	1
293,	3
294,	6
295,	6
296,	1
297,	3
298,	7
299,	6
300,	8
301,	15
302,	7
303,	1
304,	9
305,	2
306,	1
307,	18
308,	18
309,	3
310,	1
311,	13
312,	15
313,	7
314,	4
315,	2
316,	8
317,	21
318,	2
319,	25
320,	20
321,	6
322,	11
323,	8
324,	6
325,	8
326,	8
327,	22
328,	14
329,	21
330,	14
331,	23
332,	4
333,	5
334,	10
335,	8
336,	11
337,	9
338,	19
339,	15
340,	15
341,	12
342,	4
343,	5
344,	8
345,	22
346,	16
347,	6
348,	0
349,	14
350,	9
351,	9
352,	0
353,	9
354,	10
355,	24
356,	4
357,	4
358,	18
359,	9
360,	12
361,	6
362,	14
363,	18
364,	26
365,	14
366,	3
367,	14
368,	28
369,	10
370,	1
371,	10
372,	22
373,	15
374,	18
375,	2
376,	17
377,	12
378,	2
379,	5
380,	25
381,	6
382,	11
383,	9
384,	3
385,	12
386,	0
387,	10
388,	15
389,	17
390,	16
391,	15
392,	25
393,	7
394,	6
395,	11
396,	26
397,	13
398,	9
399,	27
400,	12
401,	20
402,	16
403,	3
404,	5
405,	7
406,	7
407,	21
408,	27
409,	2
410,	11
411,	14
412,	1
413,	23
414,	21
415,	20
416,	5
417,	7
418,	19
419,	18
420,	19
421,	8
422,	4
423,	3
424,	18
425,	10
426,	6
427,	15
428,	16
429,	18
430,	3
431,	20
432,	29
433,	2
434,	2
435,	13
436,	22
437,	19
438,	4
439,	16
440,	18
441,	8
442,	10
443,	6
444,	12
445,	13
446,	23
447,	22
448,	17
449,	19
450,	13
451,	6
452,	19
453,	9
454,	11
455,	17
456,	12
457,	20
458,	9
459,	27
460,	9
461,	2
462,	20
463,	14
464,	13
465,	15
466,	14
467,	19
468,	24
469,	9
470,	12
471,	12
472,	24
473,	25
474,	24
475,	14
476,	12
477,	19
478,	14
479,	1
480,	19
481,	13
482,	11
483,	5
484,	11
485,	10
486,	10
487,	13
488,	20
489,	7
490,	3
491,	20
492,	11
493,	15
494,	1
495,	15
496,	22
497,	8
498,	18
499,	2
500,	23
501,	15
502,	13
503,	14
504,	14
505,	25
506,	21
507,	11
508,	1
509,	18
510,	20
511,	14
512,	20
513,	17
514,	16
515,	12
516,	6
517,	22
518,	14
519,	1
520,	11
521,	8
522,	24
523,	25
524,	23
525,	10
526,	8
527,	13
528,	15
529,	17
530,	4
531,	26
532,	0
533,	7
534,	11
535,	13
536,	8
537,	8
538,	16
539,	12
540,	13
541,	19
542,	23
543,	14
544,	22
545,	19
546,	19
547,	21
548,	10
549,	13
550,	15
551,	15
552,	26
553,	18
554,	8
555,	19
556,	16
557,	4
558,	11
559,	15
560,	15
561,	23
562,	22
563,	11
564,	13
565,	11
566,	22
567,	17
568,	16
569,	12
570,	12
571,	7
572,	11
573,	31
574,	10
575,	15
576,	16
577,	28
578,	13
579,	12
580,	14
581,	6
582,	10
583,	17
584,	21
585,	16
586,	19
587,	21
588,	25
589,	16
590,	12
591,	25
592,	14
593,	27
594,	26
595,	10
596,	14
597,	21
598,	14
599,	13
600,	17
601,	12
602,	15
603,	20
604,	16
605,	0
606,	24
607,	13
608,	26
609,	23
610,	29
611,	18
612,	23
613,	2
614,	28
615,	18
616,	7
617,	13
618,	20
619,	17
620,	18
621,	19
622,	3
623,	3
624,	31
625,	16
626,	20
627,	0
628,	15
629,	24
630,	26
631,	10
632,	7
633,	25
634,	14
635,	16
636,	10
637,	4
638,	16
639,	14
640,	17
641,	15
642,	18
643,	21
644,	9
645,	7
646,	29
647,	23
648,	19
649,	18
650,	6
651,	26
652,	19
653,	22
654,	18
655,	24
656,	13
657,	22
658,	25
659,	0
660,	21
661,	13
662,	9
663,	21
664,	9
665,	16
666,	16
667,	23
668,	20
669,	21
670,	24
671,	27
672,	25
673,	9
674,	30
675,	20
676,	3
677,	26
678,	16
679,	5
680,	25
681,	20
682,	28
683,	23
684,	8
685,	8
686,	22
687,	21
688,	20
689,	20
690,	19
691,	19
692,	27
693,	16
694,	23
695,	22
696,	17
697,	18
698,	28
699,	0
700,	25
701,	27
702,	11
703,	0
704,	27
705,	23
706,	25
707,	21
708,	28
709,	27
710,	7
711,	7
712,	0
713,	27
714,	20
715,	1
716,	0
717,	27
718,	27
719,	9
720,	28
721,	11
722,	19
723,	23
724,	22
725,	27
726,	25
727,	9
728,	19
729,	12
730,	4
731,	26
732,	21
733,	28
734,	21
735,	15
736,	1
737,	21
738,	25
739,	30
740,	29
741,	1
742,	24
743,	24
744,	3
745,	0
746,	10
747,	26
748,	22
749,	25
750,	22
751,	12
752,	22
753,	22
754,	30
755,	3
756,	1
757,	23
758,	24
759,	0
760,	23
761,	26
762,	9
763,	24
764,	10
765,	31
766,	27
767,	13
768,	1
769,	8
770,	26
771,	26
772,	26
773,	6
774,	29
775,	24
776,	20
777,	17
778,	24
779,	31
780,	31
781,	21
782,	19
783,	30
784,	19
785,	24
786,	31
787,	0
788,	6
789,	29
790,	0
791,	18
792,	31
793,	11
794,	11
795,	6
796,	29
797,	15
798,	11
799,	30
800,	30
801,	4
802,	13
803,	20
804,	31
805,	10
806,	19
807,	29
808,	25
809,	29
810,	20
811,	12
812,	30
813,	2
814,	31
815,	27
816,	9
817,	18
818,	23
819,	8
820,	27
821,	31
822,	27
823,	31
824,	31
825,	30
826,	24
827,	29
828,	21
829,	29
830,	22
831,	23
832,	22
833,	19
834,	3
835,	17
836,	28
837,	0
838,	7
839,	31
840,	17
841,	30
842,	23
843,	5
844,	23
845,	0
846,	28
847,	24
848,	26
849,	24
850,	22
851,	23
852,	27
853,	18
854,	27
855,	25
856,	19
857,	10
858,	3
859,	30
860,	27
861,	17
862,	27
863,	25
864,	26
865,	5
866,	18
867,	1
868,	24
869,	20
870,	22
871,	24
872,	22
873,	30
874,	28
875,	30
876,	31
877,	0
878,	0
879,	29
880,	26
881,	6
882,	31
883,	22
884,	29
885,	31
886,	30
887,	26
888,	25
889,	30
890,	27
891,	25
892,	28
893,	30
894,	21
895,	29
896,	31
897,	26
898,	19
899,	25
900,	24
901,	28
902,	25
903,	29
904,	10
905,	14
906,	23
907,	28
908,	30
909,	20
910,	27
911,	29
912,	25
913,	28
914,	30
915,	23
916,	31
917,	29
918,	28
919,	26
920,	24
921,	21
922,	7
923,	30
924,	16
925,	26
926,	2
927,	29
928,	22
929,	1
930,	1
931,	21
932,	2
933,	16
934,	21
935,	0
936,	22
937,	17
938,	29
939,	30
940,	29
941,	29
942,	0
943,	27
944,	10
945,	18
946,	21
947,	18
948,	27
949,	23
950,	16
951,	31
952,	12
953,	27
954,	2
955,	30
956,	3
957,	24
958,	28
959,	6
960,	29
961,	5
962,	24
963,	11
964,	31
965,	27
966,	28
967,	25
968,	21
969,	29
970,	24
971,	1
972,	30
973,	17
974,	5
975,	0
976,	15
977,	30
978,	5
979,	31
980,	18
981,	20
982,	16
983,	30
984,	28
985,	22
986,	16
987,	3
988,	13
989,	31
990,	17
991,	26
992,	22
993,	25
994,	17
995,	30
996,	19
997,	6
998,	12
999,	5
