Instance: /home/gabriel/Documents/ufrgs/courses/oc/trab/instances/cmb01
Vertices: 500
Colors: 12
NumIterations: 1
Alpha: 0.850000
Is Factible?: false
Conflicts: 8
Solution Value: 148291.203125
Vertex,	Color
0,	1
1,	1
2,	0
3,	2
4,	2
5,	0
6,	1
7,	1
8,	4
9,	4
10,	1
11,	0
12,	2
13,	5
14,	1
15,	2
16,	1
17,	1
18,	1
19,	0
20,	0
21,	0
22,	3
23,	0
24,	0
25,	1
26,	0
27,	0
28,	1
29,	1
30,	0
31,	0
32,	1
33,	0
34,	5
35,	0
36,	0
37,	0
38,	3
39,	7
40,	1
41,	3
42,	2
43,	1
44,	1
45,	2
46,	0
47,	1
48,	0
49,	0
50,	0
51,	1
52,	3
53,	0
54,	0
55,	4
56,	1
57,	2
58,	2
59,	2
60,	5
61,	1
62,	1
63,	0
64,	2
65,	1
66,	1
67,	2
68,	5
69,	2
70,	9
71,	2
72,	3
73,	0
74,	0
75,	0
76,	4
77,	2
78,	1
79,	1
80,	2
81,	0
82,	9
83,	5
84,	5
85,	0
86,	0
87,	1
88,	1
89,	3
90,	1
91,	2
92,	2
93,	0
94,	3
95,	1
96,	0
97,	4
98,	0
99,	4
100,	8
101,	1
102,	3
103,	5
104,	0
105,	3
106,	3
107,	3
108,	0
109,	2
110,	1
111,	4
112,	2
113,	2
114,	2
115,	3
116,	1
117,	3
118,	1
119,	3
120,	0
121,	6
122,	2
123,	3
124,	3
125,	0
126,	4
127,	0
128,	0
129,	4
130,	0
131,	2
132,	1
133,	1
134,	1
135,	3
136,	2
137,	0
138,	2
139,	0
140,	0
141,	4
142,	1
143,	2
144,	3
145,	2
146,	5
147,	3
148,	8
149,	2
150,	5
151,	4
152,	0
153,	2
154,	2
155,	3
156,	6
157,	4
158,	2
159,	0
160,	3
161,	5
162,	8
163,	6
164,	7
165,	3
166,	0
167,	0
168,	4
169,	1
170,	6
171,	4
172,	3
173,	2
174,	1
175,	2
176,	4
177,	7
178,	5
179,	4
180,	2
181,	2
182,	4
183,	5
184,	3
185,	3
186,	4
187,	1
188,	2
189,	3
190,	6
191,	4
192,	4
193,	0
194,	4
195,	3
196,	1
197,	5
198,	3
199,	2
200,	1
201,	3
202,	2
203,	6
204,	5
205,	2
206,	2
207,	4
208,	1
209,	4
210,	2
211,	0
212,	10
213,	4
214,	2
215,	4
216,	3
217,	3
218,	6
219,	4
220,	7
221,	0
222,	4
223,	2
224,	3
225,	0
226,	6
227,	5
228,	1
229,	4
230,	3
231,	5
232,	7
233,	5
234,	1
235,	7
236,	0
237,	5
238,	2
239,	2
240,	1
241,	1
242,	7
243,	5
244,	8
245,	1
246,	3
247,	6
248,	5
249,	3
250,	2
251,	5
252,	5
253,	1
254,	8
255,	4
256,	4
257,	2
258,	3
259,	1
260,	6
261,	3
262,	6
263,	1
264,	3
265,	1
266,	5
267,	5
268,	6
269,	5
270,	7
271,	5
272,	7
273,	5
274,	8
275,	1
276,	9
277,	7
278,	7
279,	0
280,	0
281,	2
282,	6
283,	4
284,	7
285,	3
286,	5
287,	4
288,	3
289,	4
290,	0
291,	2
292,	5
293,	5
294,	0
295,	4
296,	6
297,	6
298,	2
299,	0
300,	3
301,	0
302,	5
303,	3
304,	1
305,	3
306,	2
307,	7
308,	4
309,	7
310,	8
311,	4
312,	3
313,	6
314,	7
315,	4
316,	9
317,	3
318,	4
319,	2
320,	4
321,	5
322,	10
323,	5
324,	7
325,	5
326,	6
327,	5
328,	8
329,	6
330,	1
331,	6
332,	4
333,	6
334,	7
335,	0
336,	6
337,	8
338,	6
339,	7
340,	3
341,	5
342,	6
343,	7
344,	1
345,	7
346,	6
347,	10
348,	7
349,	0
350,	5
351,	4
352,	10
353,	7
354,	3
355,	1
356,	0
357,	9
358,	6
359,	6
360,	8
361,	5
362,	1
363,	0
364,	8
365,	9
366,	5
367,	5
368,	7
369,	6
370,	8
371,	4
372,	3
373,	4
374,	4
375,	4
376,	8
377,	6
378,	6
379,	6
380,	6
381,	4
382,	3
383,	2
384,	3
385,	5
386,	8
387,	8
388,	2
389,	6
390,	7
391,	0
392,	5
393,	9
394,	10
395,	5
396,	11
397,	6
398,	3
399,	9
400,	7
401,	6
402,	0
403,	4
404,	3
405,	10
406,	2
407,	4
408,	11
409,	10
410,	8
411,	3
412,	5
413,	6
414,	6
415,	10
416,	10
417,	5
418,	9
419,	6
420,	2
421,	5
422,	7
423,	10
424,	8
425,	6
426,	9
427,	8
428,	5
429,	7
430,	8
431,	7
432,	1
433,	4
434,	6
435,	7
436,	7
437,	2
438,	6
439,	9
440,	11
441,	7
442,	11
443,	2
444,	4
445,	8
446,	11
447,	1
448,	5
449,	10
450,	3
451,	3
452,	7
453,	8
454,	4
455,	6
456,	9
457,	9
458,	10
459,	11
460,	11
461,	3
462,	7
463,	7
464,	3
465,	7
466,	9
467,	4
468,	6
469,	6
470,	8
471,	8
472,	7
473,	2
474,	8
475,	11
476,	9
477,	2
478,	8
479,	11
480,	9
481,	2
482,	9
483,	5
484,	8
485,	8
486,	7
487,	9
488,	7
489,	4
490,	4
491,	9
492,	10
493,	9
494,	9
495,	8
496,	10
497,	9
498,	5
499,	4
