Instance: /home/gabriel/Documents/ufrgs/courses/oc/trab/instances/cmb01
Vertices: 500
Colors: 12
NumIterations: 1
Alpha: 0.850000
Is Factible?: false
Conflicts: 7
Solution Value: 153466.765625
Vertex,	Color
0,	2
1,	0
2,	1
3,	0
4,	0
5,	5
6,	2
7,	1
8,	0
9,	2
10,	3
11,	2
12,	1
13,	3
14,	6
15,	1
16,	9
17,	2
18,	2
19,	1
20,	0
21,	0
22,	2
23,	1
24,	0
25,	3
26,	0
27,	0
28,	1
29,	1
30,	3
31,	0
32,	2
33,	0
34,	3
35,	2
36,	2
37,	1
38,	3
39,	1
40,	1
41,	2
42,	0
43,	3
44,	3
45,	1
46,	0
47,	1
48,	2
49,	2
50,	0
51,	3
52,	2
53,	1
54,	3
55,	0
56,	3
57,	4
58,	1
59,	3
60,	0
61,	0
62,	0
63,	0
64,	1
65,	2
66,	1
67,	3
68,	0
69,	0
70,	6
71,	2
72,	1
73,	3
74,	5
75,	0
76,	4
77,	3
78,	2
79,	3
80,	5
81,	5
82,	2
83,	0
84,	1
85,	1
86,	1
87,	1
88,	2
89,	0
90,	1
91,	0
92,	1
93,	5
94,	3
95,	0
96,	3
97,	1
98,	2
99,	6
100,	0
101,	0
102,	2
103,	1
104,	5
105,	5
106,	3
107,	1
108,	2
109,	0
110,	0
111,	6
112,	0
113,	6
114,	0
115,	1
116,	0
117,	5
118,	3
119,	1
120,	6
121,	2
122,	0
123,	2
124,	2
125,	0
126,	2
127,	2
128,	1
129,	4
130,	1
131,	2
132,	4
133,	2
134,	2
135,	0
136,	2
137,	7
138,	5
139,	3
140,	1
141,	0
142,	1
143,	4
144,	4
145,	1
146,	6
147,	4
148,	7
149,	1
150,	4
151,	4
152,	0
153,	2
154,	2
155,	3
156,	2
157,	5
158,	4
159,	3
160,	2
161,	6
162,	4
163,	4
164,	6
165,	3
166,	0
167,	1
168,	4
169,	3
170,	8
171,	3
172,	3
173,	1
174,	4
175,	1
176,	2
177,	8
178,	5
179,	6
180,	1
181,	2
182,	4
183,	0
184,	3
185,	5
186,	7
187,	0
188,	1
189,	6
190,	8
191,	3
192,	4
193,	3
194,	4
195,	7
196,	1
197,	5
198,	0
199,	3
200,	3
201,	4
202,	4
203,	7
204,	5
205,	3
206,	4
207,	5
208,	3
209,	4
210,	1
211,	2
212,	9
213,	5
214,	3
215,	2
216,	2
217,	2
218,	6
219,	6
220,	6
221,	0
222,	7
223,	3
224,	3
225,	1
226,	4
227,	7
228,	0
229,	3
230,	2
231,	4
232,	5
233,	5
234,	3
235,	5
236,	8
237,	5
238,	1
239,	1
240,	2
241,	2
242,	7
243,	4
244,	6
245,	1
246,	5
247,	5
248,	5
249,	2
250,	2
251,	3
252,	5
253,	4
254,	4
255,	3
256,	4
257,	0
258,	6
259,	1
260,	6
261,	4
262,	5
263,	10
264,	5
265,	3
266,	1
267,	6
268,	7
269,	10
270,	8
271,	3
272,	3
273,	5
274,	7
275,	0
276,	7
277,	6
278,	8
279,	1
280,	1
281,	4
282,	7
283,	5
284,	5
285,	5
286,	7
287,	5
288,	5
289,	4
290,	5
291,	1
292,	6
293,	3
294,	8
295,	3
296,	7
297,	4
298,	1
299,	2
300,	3
301,	1
302,	4
303,	5
304,	3
305,	4
306,	2
307,	7
308,	3
309,	6
310,	9
311,	2
312,	2
313,	7
314,	6
315,	6
316,	6
317,	0
318,	3
319,	2
320,	4
321,	4
322,	8
323,	6
324,	7
325,	5
326,	2
327,	5
328,	6
329,	6
330,	0
331,	6
332,	4
333,	3
334,	8
335,	8
336,	6
337,	9
338,	5
339,	7
340,	5
341,	8
342,	5
343,	9
344,	2
345,	6
346,	9
347,	8
348,	7
349,	6
350,	4
351,	1
352,	9
353,	7
354,	4
355,	3
356,	9
357,	8
358,	5
359,	11
360,	7
361,	6
362,	1
363,	2
364,	7
365,	4
366,	7
367,	10
368,	8
369,	3
370,	8
371,	6
372,	7
373,	8
374,	4
375,	4
376,	9
377,	6
378,	5
379,	6
380,	6
381,	4
382,	2
383,	3
384,	3
385,	6
386,	7
387,	8
388,	6
389,	7
390,	7
391,	1
392,	6
393,	8
394,	10
395,	5
396,	9
397,	8
398,	3
399,	8
400,	8
401,	0
402,	1
403,	7
404,	5
405,	9
406,	4
407,	5
408,	2
409,	8
410,	7
411,	3
412,	8
413,	6
414,	11
415,	2
416,	5
417,	7
418,	9
419,	6
420,	10
421,	6
422,	5
423,	10
424,	9
425,	7
426,	11
427,	7
428,	5
429,	3
430,	9
431,	6
432,	7
433,	5
434,	7
435,	4
436,	5
437,	3
438,	3
439,	6
440,	11
441,	7
442,	10
443,	3
444,	4
445,	8
446,	10
447,	2
448,	6
449,	7
450,	2
451,	5
452,	7
453,	9
454,	4
455,	6
456,	6
457,	11
458,	4
459,	11
460,	10
461,	2
462,	7
463,	8
464,	5
465,	4
466,	2
467,	3
468,	8
469,	4
470,	8
471,	8
472,	7
473,	5
474,	8
475,	11
476,	9
477,	2
478,	7
479,	11
480,	10
481,	5
482,	10
483,	5
484,	8
485,	4
486,	10
487,	8
488,	7
489,	0
490,	4
491,	9
492,	11
493,	9
494,	5
495,	7
496,	10
497,	6
498,	6
499,	9
