Instance: /home/gabriel/Documents/ufrgs/courses/oc/trab/instances/cmb01
Vertices: 500
Colors: 12
NumIterations: 2
Alpha: 0.850000
Is Factible?: false
Conflicts: 6
Solution Value: 154648.343750
Vertex,	Color
0,	1
1,	0
2,	0
3,	1
4,	5
5,	1
6,	1
7,	2
8,	0
9,	3
10,	0
11,	4
12,	1
13,	1
14,	2
15,	1
16,	8
17,	4
18,	8
19,	0
20,	0
21,	0
22,	3
23,	2
24,	0
25,	1
26,	7
27,	1
28,	1
29,	1
30,	0
31,	0
32,	3
33,	0
34,	3
35,	0
36,	3
37,	1
38,	1
39,	0
40,	0
41,	0
42,	0
43,	0
44,	1
45,	0
46,	0
47,	1
48,	11
49,	1
50,	0
51,	2
52,	1
53,	4
54,	1
55,	0
56,	0
57,	4
58,	0
59,	0
60,	3
61,	2
62,	0
63,	0
64,	2
65,	4
66,	1
67,	2
68,	1
69,	1
70,	5
71,	2
72,	0
73,	3
74,	6
75,	3
76,	0
77,	5
78,	2
79,	2
80,	1
81,	1
82,	0
83,	0
84,	1
85,	0
86,	2
87,	1
88,	2
89,	7
90,	2
91,	0
92,	0
93,	3
94,	2
95,	0
96,	1
97,	3
98,	9
99,	6
100,	2
101,	2
102,	2
103,	3
104,	2
105,	1
106,	3
107,	3
108,	2
109,	1
110,	1
111,	11
112,	1
113,	3
114,	0
115,	1
116,	0
117,	1
118,	2
119,	4
120,	2
121,	0
122,	4
123,	4
124,	4
125,	1
126,	4
127,	1
128,	2
129,	3
130,	3
131,	2
132,	4
133,	0
134,	3
135,	0
136,	3
137,	4
138,	7
139,	1
140,	0
141,	2
142,	0
143,	3
144,	3
145,	2
146,	5
147,	4
148,	6
149,	5
150,	5
151,	5
152,	2
153,	2
154,	7
155,	3
156,	3
157,	0
158,	3
159,	3
160,	3
161,	4
162,	5
163,	5
164,	6
165,	6
166,	1
167,	0
168,	2
169,	2
170,	5
171,	4
172,	1
173,	2
174,	1
175,	0
176,	4
177,	3
178,	5
179,	7
180,	2
181,	0
182,	6
183,	8
184,	3
185,	5
186,	5
187,	0
188,	2
189,	4
190,	6
191,	3
192,	3
193,	3
194,	1
195,	4
196,	2
197,	4
198,	1
199,	6
200,	1
201,	3
202,	3
203,	4
204,	5
205,	4
206,	2
207,	7
208,	0
209,	2
210,	2
211,	2
212,	8
213,	4
214,	2
215,	3
216,	4
217,	6
218,	6
219,	6
220,	4
221,	3
222,	7
223,	3
224,	4
225,	1
226,	5
227,	6
228,	1
229,	5
230,	3
231,	4
232,	4
233,	5
234,	1
235,	7
236,	1
237,	5
238,	2
239,	1
240,	2
241,	2
242,	7
243,	4
244,	8
245,	1
246,	0
247,	6
248,	5
249,	4
250,	2
251,	2
252,	3
253,	2
254,	5
255,	1
256,	4
257,	4
258,	4
259,	2
260,	5
261,	3
262,	6
263,	0
264,	2
265,	1
266,	5
267,	6
268,	5
269,	3
270,	8
271,	5
272,	9
273,	7
274,	7
275,	0
276,	9
277,	0
278,	0
279,	0
280,	0
281,	4
282,	7
283,	3
284,	9
285,	2
286,	5
287,	4
288,	4
289,	3
290,	5
291,	2
292,	5
293,	3
294,	9
295,	4
296,	7
297,	6
298,	2
299,	2
300,	3
301,	4
302,	6
303,	3
304,	0
305,	1
306,	4
307,	7
308,	2
309,	6
310,	8
311,	3
312,	2
313,	7
314,	3
315,	5
316,	5
317,	2
318,	2
319,	2
320,	2
321,	5
322,	8
323,	6
324,	9
325,	5
326,	2
327,	5
328,	6
329,	6
330,	1
331,	6
332,	5
333,	9
334,	6
335,	0
336,	2
337,	8
338,	4
339,	7
340,	6
341,	4
342,	6
343,	3
344,	1
345,	6
346,	5
347,	10
348,	7
349,	0
350,	4
351,	1
352,	9
353,	7
354,	1
355,	4
356,	1
357,	9
358,	6
359,	11
360,	7
361,	1
362,	6
363,	7
364,	7
365,	7
366,	9
367,	4
368,	7
369,	6
370,	8
371,	1
372,	4
373,	5
374,	4
375,	5
376,	8
377,	5
378,	5
379,	6
380,	0
381,	3
382,	2
383,	1
384,	3
385,	7
386,	7
387,	8
388,	9
389,	7
390,	6
391,	0
392,	5
393,	7
394,	10
395,	3
396,	9
397,	8
398,	4
399,	8
400,	7
401,	6
402,	0
403,	6
404,	5
405,	9
406,	8
407,	3
408,	10
409,	10
410,	5
411,	4
412,	8
413,	6
414,	6
415,	3
416,	6
417,	5
418,	10
419,	5
420,	9
421,	6
422,	8
423,	9
424,	7
425,	7
426,	10
427,	7
428,	5
429,	6
430,	8
431,	6
432,	1
433,	5
434,	6
435,	10
436,	7
437,	6
438,	8
439,	5
440,	10
441,	8
442,	0
443,	11
444,	3
445,	8
446,	10
447,	6
448,	5
449,	11
450,	1
451,	4
452,	7
453,	5
454,	3
455,	6
456,	9
457,	11
458,	0
459,	10
460,	10
461,	3
462,	8
463,	7
464,	8
465,	7
466,	3
467,	4
468,	9
469,	5
470,	8
471,	9
472,	8
473,	2
474,	7
475,	11
476,	8
477,	0
478,	7
479,	8
480,	9
481,	4
482,	10
483,	4
484,	9
485,	8
486,	9
487,	8
488,	7
489,	7
490,	5
491,	8
492,	11
493,	11
494,	10
495,	7
496,	10
497,	6
498,	6
499,	4
