Instance: /home/gabriel/Documents/ufrgs/courses/oc/trab/instances/cmb01
Vertices: 500
Colors: 12
NumIterations: 1
Alpha: 0.850000
Is Factible?: false
Conflicts: 5
Solution Value: 155932.625000
Vertex,	Color
0,	3
1,	1
2,	3
3,	1
4,	1
5,	0
6,	1
7,	0
8,	0
9,	4
10,	0
11,	1
12,	1
13,	0
14,	1
15,	0
16,	4
17,	1
18,	4
19,	0
20,	1
21,	0
22,	3
23,	4
24,	0
25,	1
26,	2
27,	3
28,	0
29,	1
30,	1
31,	2
32,	2
33,	0
34,	4
35,	1
36,	0
37,	3
38,	1
39,	1
40,	0
41,	0
42,	0
43,	2
44,	1
45,	3
46,	0
47,	0
48,	7
49,	2
50,	0
51,	0
52,	1
53,	3
54,	1
55,	1
56,	0
57,	5
58,	0
59,	1
60,	1
61,	0
62,	0
63,	1
64,	2
65,	0
66,	1
67,	2
68,	5
69,	3
70,	6
71,	2
72,	0
73,	4
74,	2
75,	1
76,	5
77,	5
78,	0
79,	9
80,	2
81,	2
82,	4
83,	3
84,	0
85,	0
86,	2
87,	0
88,	1
89,	2
90,	2
91,	7
92,	2
93,	2
94,	2
95,	3
96,	1
97,	3
98,	1
99,	6
100,	0
101,	0
102,	2
103,	3
104,	0
105,	4
106,	2
107,	2
108,	2
109,	0
110,	1
111,	7
112,	1
113,	1
114,	6
115,	0
116,	0
117,	2
118,	1
119,	4
120,	2
121,	3
122,	2
123,	4
124,	4
125,	1
126,	1
127,	2
128,	1
129,	3
130,	2
131,	2
132,	4
133,	0
134,	3
135,	2
136,	2
137,	1
138,	0
139,	2
140,	0
141,	1
142,	3
143,	2
144,	4
145,	1
146,	5
147,	1
148,	6
149,	0
150,	4
151,	5
152,	1
153,	2
154,	2
155,	2
156,	4
157,	6
158,	0
159,	3
160,	3
161,	5
162,	8
163,	5
164,	6
165,	5
166,	0
167,	0
168,	5
169,	2
170,	3
171,	5
172,	1
173,	2
174,	0
175,	0
176,	1
177,	7
178,	5
179,	8
180,	3
181,	1
182,	5
183,	8
184,	0
185,	3
186,	2
187,	0
188,	1
189,	5
190,	4
191,	1
192,	2
193,	3
194,	4
195,	3
196,	2
197,	1
198,	2
199,	1
200,	1
201,	3
202,	5
203,	6
204,	6
205,	1
206,	2
207,	6
208,	2
209,	3
210,	4
211,	1
212,	10
213,	3
214,	2
215,	4
216,	2
217,	3
218,	5
219,	6
220,	7
221,	1
222,	5
223,	2
224,	3
225,	1
226,	6
227,	5
228,	1
229,	5
230,	2
231,	4
232,	4
233,	5
234,	0
235,	8
236,	1
237,	5
238,	2
239,	1
240,	1
241,	2
242,	7
243,	3
244,	7
245,	1
246,	4
247,	4
248,	4
249,	4
250,	2
251,	2
252,	4
253,	7
254,	7
255,	5
256,	3
257,	1
258,	3
259,	3
260,	6
261,	3
262,	6
263,	9
264,	4
265,	0
266,	3
267,	4
268,	6
269,	5
270,	7
271,	5
272,	7
273,	5
274,	8
275,	0
276,	9
277,	1
278,	8
279,	2
280,	0
281,	3
282,	6
283,	4
284,	7
285,	4
286,	7
287,	4
288,	3
289,	5
290,	6
291,	3
292,	6
293,	4
294,	1
295,	2
296,	5
297,	3
298,	4
299,	4
300,	5
301,	2
302,	5
303,	4
304,	0
305,	4
306,	2
307,	8
308,	4
309,	6
310,	5
311,	5
312,	2
313,	6
314,	7
315,	5
316,	6
317,	3
318,	4
319,	2
320,	4
321,	3
322,	9
323,	7
324,	7
325,	5
326,	6
327,	3
328,	8
329,	6
330,	1
331,	7
332,	3
333,	7
334,	7
335,	7
336,	6
337,	9
338,	6
339,	7
340,	5
341,	6
342,	6
343,	8
344,	4
345,	6
346,	9
347,	10
348,	7
349,	7
350,	1
351,	1
352,	9
353,	7
354,	3
355,	6
356,	2
357,	8
358,	8
359,	3
360,	7
361,	7
362,	4
363,	8
364,	10
365,	9
366,	7
367,	4
368,	8
369,	6
370,	6
371,	4
372,	4
373,	7
374,	4
375,	5
376,	6
377,	8
378,	6
379,	3
380,	0
381,	1
382,	3
383,	1
384,	5
385,	5
386,	8
387,	8
388,	7
389,	7
390,	6
391,	3
392,	5
393,	9
394,	8
395,	4
396,	10
397,	8
398,	4
399,	8
400,	8
401,	0
402,	1
403,	6
404,	5
405,	9
406,	5
407,	3
408,	11
409,	8
410,	5
411,	5
412,	7
413,	5
414,	6
415,	3
416,	9
417,	4
418,	9
419,	7
420,	9
421,	7
422,	8
423,	10
424,	8
425,	6
426,	10
427,	8
428,	7
429,	6
430,	8
431,	7
432,	10
433,	6
434,	5
435,	7
436,	8
437,	4
438,	6
439,	6
440,	11
441,	9
442,	11
443,	5
444,	3
445,	3
446,	10
447,	3
448,	5
449,	8
450,	10
451,	0
452,	8
453,	10
454,	4
455,	5
456,	8
457,	9
458,	0
459,	11
460,	11
461,	4
462,	9
463,	6
464,	8
465,	7
466,	9
467,	3
468,	7
469,	6
470,	2
471,	10
472,	7
473,	2
474,	7
475,	11
476,	1
477,	2
478,	4
479,	11
480,	10
481,	4
482,	10
483,	4
484,	9
485,	8
486,	6
487,	9
488,	8
489,	6
490,	5
491,	9
492,	11
493,	9
494,	11
495,	7
496,	10
497,	6
498,	7
499,	4
