Instance: /home/gabriel/Documents/ufrgs/courses/oc/trab/instances/cmb01
Vertices: 500
Colors: 12
NumIterations: 100
Alpha: 0.850000
Is Factible?: false
Conflicts: 3
Solution Value: 145177.062500
Vertex,	Color
0,	1
1,	1
2,	0
3,	1
4,	4
5,	0
6,	4
7,	1
8,	0
9,	0
10,	4
11,	1
12,	0
13,	2
14,	2
15,	2
16,	0
17,	2
18,	5
19,	4
20,	1
21,	0
22,	1
23,	2
24,	1
25,	3
26,	1
27,	0
28,	1
29,	2
30,	0
31,	0
32,	3
33,	0
34,	4
35,	2
36,	4
37,	0
38,	2
39,	8
40,	1
41,	0
42,	0
43,	1
44,	1
45,	1
46,	1
47,	1
48,	2
49,	1
50,	3
51,	7
52,	1
53,	4
54,	0
55,	0
56,	3
57,	0
58,	0
59,	2
60,	4
61,	3
62,	6
63,	0
64,	3
65,	1
66,	2
67,	0
68,	1
69,	3
70,	0
71,	2
72,	1
73,	1
74,	3
75,	3
76,	0
77,	9
78,	0
79,	3
80,	2
81,	3
82,	2
83,	1
84,	0
85,	1
86,	1
87,	0
88,	2
89,	1
90,	2
91,	6
92,	2
93,	0
94,	3
95,	0
96,	1
97,	2
98,	2
99,	0
100,	2
101,	1
102,	2
103,	4
104,	0
105,	5
106,	4
107,	4
108,	1
109,	1
110,	2
111,	11
112,	2
113,	2
114,	4
115,	6
116,	1
117,	4
118,	1
119,	5
120,	0
121,	1
122,	3
123,	5
124,	4
125,	1
126,	2
127,	0
128,	2
129,	3
130,	0
131,	2
132,	5
133,	1
134,	1
135,	1
136,	2
137,	7
138,	6
139,	0
140,	0
141,	0
142,	1
143,	4
144,	3
145,	2
146,	3
147,	2
148,	7
149,	2
150,	5
151,	4
152,	0
153,	2
154,	3
155,	0
156,	2
157,	3
158,	1
159,	1
160,	3
161,	5
162,	9
163,	5
164,	6
165,	5
166,	0
167,	1
168,	3
169,	1
170,	3
171,	5
172,	3
173,	1
174,	1
175,	0
176,	2
177,	5
178,	5
179,	10
180,	3
181,	1
182,	6
183,	1
184,	2
185,	5
186,	3
187,	0
188,	2
189,	5
190,	6
191,	2
192,	2
193,	3
194,	4
195,	3
196,	2
197,	3
198,	1
199,	2
200,	4
201,	4
202,	6
203,	3
204,	4
205,	2
206,	3
207,	5
208,	0
209,	4
210,	2
211,	3
212,	8
213,	3
214,	3
215,	4
216,	4
217,	2
218,	4
219,	7
220,	6
221,	0
222,	7
223,	4
224,	2
225,	0
226,	5
227,	4
228,	0
229,	3
230,	2
231,	5
232,	0
233,	5
234,	2
235,	5
236,	4
237,	6
238,	2
239,	0
240,	2
241,	4
242,	7
243,	4
244,	7
245,	2
246,	5
247,	6
248,	4
249,	1
250,	2
251,	6
252,	2
253,	2
254,	6
255,	3
256,	7
257,	3
258,	4
259,	1
260,	5
261,	3
262,	6
263,	10
264,	3
265,	2
266,	5
267,	6
268,	5
269,	4
270,	9
271,	5
272,	7
273,	6
274,	8
275,	1
276,	6
277,	4
278,	4
279,	1
280,	2
281,	5
282,	8
283,	3
284,	5
285,	3
286,	7
287,	5
288,	1
289,	3
290,	3
291,	4
292,	6
293,	2
294,	9
295,	4
296,	7
297,	3
298,	0
299,	0
300,	3
301,	1
302,	4
303,	3
304,	3
305,	2
306,	2
307,	7
308,	3
309,	6
310,	5
311,	1
312,	1
313,	6
314,	7
315,	3
316,	7
317,	3
318,	3
319,	1
320,	4
321,	5
322,	9
323,	7
324,	6
325,	5
326,	1
327,	4
328,	7
329,	6
330,	2
331,	6
332,	5
333,	3
334,	7
335,	8
336,	6
337,	6
338,	9
339,	1
340,	7
341,	7
342,	7
343,	8
344,	2
345,	8
346,	0
347,	11
348,	7
349,	6
350,	6
351,	0
352,	10
353,	8
354,	4
355,	7
356,	10
357,	10
358,	5
359,	8
360,	7
361,	6
362,	1
363,	7
364,	8
365,	8
366,	5
367,	5
368,	8
369,	6
370,	8
371,	7
372,	4
373,	5
374,	4
375,	5
376,	7
377,	5
378,	5
379,	5
380,	8
381,	2
382,	2
383,	3
384,	3
385,	4
386,	8
387,	9
388,	9
389,	7
390,	8
391,	0
392,	5
393,	8
394,	9
395,	2
396,	10
397,	7
398,	4
399,	8
400,	8
401,	1
402,	6
403,	6
404,	5
405,	10
406,	2
407,	0
408,	11
409,	7
410,	7
411,	5
412,	5
413,	6
414,	6
415,	10
416,	10
417,	4
418,	10
419,	5
420,	9
421,	6
422,	8
423,	5
424,	8
425,	7
426,	10
427,	7
428,	6
429,	6
430,	8
431,	7
432,	0
433,	7
434,	6
435,	6
436,	8
437,	7
438,	6
439,	7
440,	1
441,	9
442,	11
443,	3
444,	3
445,	8
446,	11
447,	3
448,	4
449,	8
450,	11
451,	7
452,	7
453,	8
454,	4
455,	5
456,	8
457,	10
458,	6
459,	11
460,	11
461,	5
462,	8
463,	6
464,	5
465,	9
466,	9
467,	6
468,	6
469,	3
470,	8
471,	9
472,	7
473,	4
474,	9
475,	9
476,	0
477,	2
478,	8
479,	11
480,	10
481,	4
482,	10
483,	7
484,	7
485,	9
486,	5
487,	8
488,	8
489,	0
490,	4
491,	10
492,	11
493,	9
494,	7
495,	6
496,	9
497,	6
498,	4
499,	9
