Instance: /home/gabriel/Documents/ufrgs/courses/oc/trab/instances/cmb01
Vertices: 500
Colors: 12
NumIterations: 500
Alpha: 0.850000
Is Factible?: false
Conflicts: 3
Solution Value: 142040.078125
Vertex,	Color
0,	1
1,	0
2,	1
3,	0
4,	3
5,	0
6,	1
7,	0
8,	0
9,	3
10,	2
11,	5
12,	0
13,	4
14,	0
15,	1
16,	0
17,	4
18,	0
19,	0
20,	0
21,	0
22,	2
23,	4
24,	1
25,	0
26,	0
27,	1
28,	1
29,	1
30,	0
31,	2
32,	2
33,	0
34,	2
35,	1
36,	1
37,	0
38,	2
39,	8
40,	1
41,	0
42,	0
43,	3
44,	1
45,	1
46,	0
47,	0
48,	2
49,	3
50,	0
51,	0
52,	1
53,	1
54,	3
55,	0
56,	4
57,	4
58,	1
59,	1
60,	6
61,	2
62,	0
63,	0
64,	2
65,	0
66,	1
67,	3
68,	0
69,	1
70,	7
71,	2
72,	3
73,	0
74,	1
75,	2
76,	2
77,	5
78,	0
79,	10
80,	3
81,	5
82,	2
83,	2
84,	1
85,	0
86,	0
87,	1
88,	6
89,	9
90,	3
91,	1
92,	2
93,	0
94,	4
95,	0
96,	1
97,	1
98,	2
99,	5
100,	1
101,	0
102,	4
103,	6
104,	0
105,	4
106,	2
107,	3
108,	0
109,	2
110,	1
111,	2
112,	1
113,	3
114,	3
115,	1
116,	1
117,	4
118,	2
119,	1
120,	2
121,	2
122,	3
123,	3
124,	3
125,	1
126,	5
127,	4
128,	0
129,	4
130,	0
131,	2
132,	3
133,	0
134,	2
135,	1
136,	4
137,	8
138,	1
139,	2
140,	0
141,	2
142,	0
143,	2
144,	5
145,	1
146,	5
147,	5
148,	5
149,	0
150,	5
151,	6
152,	1
153,	2
154,	2
155,	2
156,	1
157,	0
158,	2
159,	4
160,	6
161,	9
162,	7
163,	6
164,	7
165,	5
166,	0
167,	0
168,	2
169,	3
170,	3
171,	3
172,	1
173,	3
174,	2
175,	1
176,	2
177,	9
178,	4
179,	9
180,	3
181,	1
182,	4
183,	0
184,	1
185,	4
186,	6
187,	1
188,	1
189,	6
190,	5
191,	2
192,	4
193,	2
194,	4
195,	4
196,	2
197,	2
198,	0
199,	4
200,	1
201,	4
202,	5
203,	3
204,	6
205,	4
206,	4
207,	6
208,	2
209,	3
210,	3
211,	2
212,	3
213,	4
214,	5
215,	2
216,	3
217,	6
218,	6
219,	5
220,	5
221,	0
222,	5
223,	4
224,	4
225,	5
226,	6
227,	4
228,	1
229,	5
230,	2
231,	4
232,	5
233,	3
234,	3
235,	4
236,	0
237,	6
238,	3
239,	2
240,	0
241,	3
242,	7
243,	4
244,	7
245,	1
246,	5
247,	5
248,	5
249,	3
250,	3
251,	2
252,	4
253,	4
254,	7
255,	3
256,	2
257,	3
258,	5
259,	1
260,	6
261,	3
262,	8
263,	10
264,	3
265,	2
266,	5
267,	5
268,	6
269,	6
270,	7
271,	5
272,	5
273,	6
274,	9
275,	0
276,	6
277,	7
278,	7
279,	0
280,	0
281,	3
282,	8
283,	5
284,	4
285,	3
286,	6
287,	3
288,	4
289,	2
290,	5
291,	0
292,	6
293,	4
294,	9
295,	3
296,	3
297,	3
298,	2
299,	2
300,	2
301,	0
302,	4
303,	2
304,	2
305,	5
306,	2
307,	7
308,	3
309,	7
310,	8
311,	4
312,	3
313,	7
314,	7
315,	5
316,	6
317,	5
318,	1
319,	2
320,	3
321,	4
322,	8
323,	5
324,	8
325,	5
326,	1
327,	6
328,	6
329,	6
330,	1
331,	6
332,	4
333,	2
334,	8
335,	8
336,	5
337,	9
338,	5
339,	7
340,	7
341,	7
342,	6
343,	4
344,	1
345,	6
346,	7
347,	7
348,	7
349,	7
350,	1
351,	1
352,	10
353,	7
354,	4
355,	3
356,	10
357,	7
358,	5
359,	11
360,	8
361,	6
362,	1
363,	7
364,	9
365,	7
366,	8
367,	4
368,	7
369,	6
370,	6
371,	5
372,	3
373,	4
374,	4
375,	6
376,	8
377,	7
378,	4
379,	3
380,	5
381,	3
382,	2
383,	3
384,	2
385,	6
386,	9
387,	8
388,	5
389,	7
390,	7
391,	1
392,	3
393,	10
394,	8
395,	1
396,	9
397,	6
398,	0
399,	9
400,	7
401,	6
402,	6
403,	4
404,	5
405,	9
406,	8
407,	4
408,	2
409,	4
410,	8
411,	4
412,	7
413,	6
414,	8
415,	11
416,	9
417,	7
418,	10
419,	5
420,	3
421,	6
422,	5
423,	5
424,	8
425,	7
426,	10
427,	6
428,	5
429,	7
430,	9
431,	6
432,	8
433,	6
434,	7
435,	11
436,	7
437,	5
438,	5
439,	6
440,	1
441,	9
442,	10
443,	1
444,	2
445,	8
446,	10
447,	1
448,	6
449,	11
450,	8
451,	9
452,	8
453,	8
454,	4
455,	8
456,	9
457,	11
458,	0
459,	8
460,	11
461,	2
462,	8
463,	9
464,	6
465,	8
466,	9
467,	3
468,	7
469,	4
470,	8
471,	9
472,	7
473,	5
474,	8
475,	11
476,	9
477,	2
478,	7
479,	11
480,	10
481,	4
482,	10
483,	5
484,	8
485,	10
486,	9
487,	8
488,	7
489,	4
490,	3
491,	9
492,	11
493,	10
494,	11
495,	6
496,	8
497,	5
498,	4
499,	3
