Instance: /home/gabriel/Documents/ufrgs/courses/oc/trab/instances/cmb01
Vertices: 500
Colors: 12
NumIterations: 50
Alpha: 0.650000
Is Factible?: false
Conflicts: 2
Solution Value: 146335.703125
Vertex,	Color
0,	0
1,	0
2,	0
3,	0
4,	5
5,	2
6,	0
7,	2
8,	5
9,	3
10,	0
11,	2
12,	3
13,	3
14,	3
15,	1
16,	7
17,	1
18,	4
19,	7
20,	0
21,	0
22,	2
23,	1
24,	0
25,	5
26,	3
27,	4
28,	4
29,	3
30,	1
31,	1
32,	1
33,	0
34,	3
35,	1
36,	1
37,	3
38,	0
39,	1
40,	0
41,	7
42,	4
43,	4
44,	1
45,	0
46,	2
47,	3
48,	2
49,	4
50,	0
51,	5
52,	2
53,	3
54,	4
55,	0
56,	1
57,	0
58,	0
59,	2
60,	5
61,	2
62,	3
63,	5
64,	1
65,	2
66,	0
67,	1
68,	9
69,	5
70,	3
71,	0
72,	0
73,	4
74,	1
75,	0
76,	0
77,	9
78,	1
79,	4
80,	3
81,	2
82,	5
83,	8
84,	2
85,	0
86,	4
87,	1
88,	2
89,	5
90,	3
91,	1
92,	3
93,	5
94,	3
95,	2
96,	2
97,	2
98,	5
99,	0
100,	8
101,	3
102,	3
103,	4
104,	0
105,	1
106,	4
107,	1
108,	1
109,	2
110,	8
111,	11
112,	2
113,	3
114,	6
115,	3
116,	5
117,	5
118,	0
119,	4
120,	3
121,	1
122,	3
123,	0
124,	5
125,	0
126,	1
127,	1
128,	1
129,	0
130,	1
131,	3
132,	0
133,	9
134,	0
135,	0
136,	2
137,	0
138,	1
139,	6
140,	0
141,	4
142,	6
143,	4
144,	2
145,	1
146,	5
147,	2
148,	6
149,	5
150,	3
151,	0
152,	7
153,	0
154,	5
155,	2
156,	4
157,	8
158,	2
159,	1
160,	1
161,	4
162,	11
163,	5
164,	6
165,	4
166,	0
167,	1
168,	6
169,	1
170,	5
171,	5
172,	6
173,	4
174,	1
175,	0
176,	0
177,	2
178,	6
179,	7
180,	4
181,	3
182,	0
183,	4
184,	0
185,	7
186,	9
187,	1
188,	0
189,	6
190,	4
191,	2
192,	1
193,	1
194,	5
195,	3
196,	1
197,	3
198,	6
199,	0
200,	1
201,	4
202,	2
203,	5
204,	1
205,	2
206,	0
207,	2
208,	7
209,	3
210,	0
211,	3
212,	6
213,	5
214,	5
215,	2
216,	1
217,	3
218,	6
219,	6
220,	6
221,	1
222,	7
223,	2
224,	2
225,	1
226,	5
227,	8
228,	0
229,	2
230,	0
231,	1
232,	1
233,	6
234,	4
235,	11
236,	1
237,	8
238,	2
239,	2
240,	3
241,	5
242,	7
243,	5
244,	6
245,	1
246,	3
247,	3
248,	5
249,	2
250,	4
251,	2
252,	2
253,	1
254,	1
255,	3
256,	3
257,	3
258,	6
259,	1
260,	0
261,	2
262,	7
263,	8
264,	4
265,	2
266,	3
267,	6
268,	7
269,	2
270,	9
271,	5
272,	2
273,	8
274,	6
275,	4
276,	6
277,	6
278,	8
279,	2
280,	3
281,	2
282,	5
283,	2
284,	2
285,	4
286,	4
287,	2
288,	1
289,	2
290,	1
291,	0
292,	5
293,	2
294,	3
295,	2
296,	4
297,	3
298,	2
299,	3
300,	2
301,	0
302,	4
303,	3
304,	0
305,	7
306,	2
307,	8
308,	4
309,	6
310,	6
311,	2
312,	1
313,	8
314,	7
315,	2
316,	5
317,	0
318,	5
319,	4
320,	4
321,	1
322,	7
323,	6
324,	7
325,	5
326,	0
327,	5
328,	3
329,	7
330,	2
331,	7
332,	5
333,	4
334,	7
335,	5
336,	3
337,	8
338,	8
339,	0
340,	4
341,	0
342,	4
343,	7
344,	1
345,	6
346,	7
347,	10
348,	8
349,	6
350,	6
351,	3
352,	10
353,	7
354,	3
355,	4
356,	4
357,	9
358,	3
359,	7
360,	7
361,	6
362,	1
363,	8
364,	6
365,	6
366,	4
367,	4
368,	6
369,	6
370,	1
371,	1
372,	3
373,	5
374,	3
375,	5
376,	5
377,	9
378,	3
379,	6
380,	5
381,	3
382,	2
383,	3
384,	2
385,	4
386,	6
387,	8
388,	6
389,	8
390,	7
391,	5
392,	6
393,	10
394,	7
395,	3
396,	9
397,	9
398,	5
399,	8
400,	6
401,	0
402,	1
403,	7
404,	2
405,	9
406,	5
407,	3
408,	10
409,	9
410,	9
411,	6
412,	6
413,	6
414,	5
415,	2
416,	10
417,	5
418,	10
419,	7
420,	0
421,	6
422,	7
423,	8
424,	8
425,	5
426,	10
427,	8
428,	1
429,	6
430,	9
431,	6
432,	10
433,	7
434,	7
435,	8
436,	3
437,	4
438,	6
439,	5
440,	0
441,	7
442,	11
443,	2
444,	3
445,	7
446,	10
447,	1
448,	2
449,	9
450,	10
451,	0
452,	7
453,	8
454,	5
455,	6
456,	8
457,	9
458,	5
459,	10
460,	8
461,	6
462,	1
463,	7
464,	6
465,	8
466,	7
467,	5
468,	9
469,	7
470,	4
471,	9
472,	9
473,	0
474,	8
475,	9
476,	9
477,	2
478,	7
479,	11
480,	9
481,	5
482,	10
483,	5
484,	8
485,	9
486,	6
487,	10
488,	7
489,	0
490,	6
491,	10
492,	11
493,	4
494,	7
495,	8
496,	10
497,	7
498,	6
499,	2
