Instance: /home/gabriel/Documents/ufrgs/courses/oc/trab/instances/cmb01
Vertices: 500
Colors: 12
NumIterations: 1
Alpha: 0.850000
Is Factible?: false
Conflicts: 7
Solution Value: 151101.250000
Vertex,	Color
0,	5
1,	2
2,	1
3,	1
4,	1
5,	0
6,	1
7,	5
8,	0
9,	5
10,	1
11,	1
12,	0
13,	7
14,	2
15,	1
16,	0
17,	4
18,	3
19,	1
20,	0
21,	0
22,	0
23,	4
24,	1
25,	0
26,	2
27,	1
28,	2
29,	2
30,	1
31,	1
32,	2
33,	0
34,	3
35,	2
36,	0
37,	0
38,	2
39,	8
40,	0
41,	0
42,	0
43,	0
44,	1
45,	5
46,	0
47,	1
48,	0
49,	3
50,	0
51,	5
52,	1
53,	2
54,	1
55,	1
56,	3
57,	0
58,	0
59,	1
60,	2
61,	0
62,	0
63,	1
64,	2
65,	0
66,	2
67,	1
68,	7
69,	0
70,	5
71,	0
72,	1
73,	3
74,	1
75,	2
76,	0
77,	4
78,	1
79,	10
80,	1
81,	1
82,	0
83,	0
84,	0
85,	3
86,	2
87,	5
88,	1
89,	2
90,	3
91,	0
92,	0
93,	0
94,	4
95,	3
96,	2
97,	2
98,	2
99,	0
100,	1
101,	1
102,	3
103,	3
104,	2
105,	4
106,	3
107,	3
108,	0
109,	0
110,	2
111,	7
112,	1
113,	2
114,	1
115,	2
116,	1
117,	6
118,	5
119,	4
120,	0
121,	0
122,	2
123,	2
124,	2
125,	3
126,	4
127,	1
128,	2
129,	6
130,	2
131,	2
132,	5
133,	0
134,	3
135,	1
136,	4
137,	2
138,	1
139,	3
140,	0
141,	0
142,	4
143,	3
144,	3
145,	1
146,	6
147,	4
148,	9
149,	1
150,	4
151,	3
152,	0
153,	0
154,	3
155,	0
156,	3
157,	2
158,	2
159,	2
160,	2
161,	3
162,	9
163,	6
164,	5
165,	6
166,	2
167,	1
168,	2
169,	2
170,	4
171,	4
172,	2
173,	1
174,	0
175,	0
176,	2
177,	5
178,	3
179,	7
180,	2
181,	1
182,	3
183,	2
184,	0
185,	4
186,	4
187,	0
188,	9
189,	5
190,	6
191,	4
192,	3
193,	2
194,	4
195,	3
196,	2
197,	2
198,	4
199,	4
200,	1
201,	4
202,	3
203,	5
204,	5
205,	4
206,	3
207,	7
208,	0
209,	2
210,	3
211,	1
212,	8
213,	3
214,	2
215,	4
216,	5
217,	3
218,	6
219,	8
220,	7
221,	1
222,	7
223,	5
224,	4
225,	0
226,	5
227,	7
228,	0
229,	5
230,	2
231,	4
232,	6
233,	6
234,	4
235,	5
236,	0
237,	8
238,	5
239,	1
240,	2
241,	2
242,	7
243,	3
244,	9
245,	1
246,	3
247,	5
248,	4
249,	4
250,	4
251,	5
252,	1
253,	7
254,	9
255,	5
256,	4
257,	1
258,	4
259,	4
260,	5
261,	3
262,	7
263,	10
264,	3
265,	3
266,	7
267,	6
268,	6
269,	3
270,	6
271,	5
272,	6
273,	6
274,	7
275,	4
276,	3
277,	1
278,	4
279,	1
280,	3
281,	1
282,	5
283,	2
284,	7
285,	3
286,	6
287,	5
288,	4
289,	5
290,	7
291,	3
292,	5
293,	1
294,	1
295,	3
296,	7
297,	5
298,	3
299,	0
300,	2
301,	1
302,	4
303,	3
304,	0
305,	4
306,	2
307,	8
308,	3
309,	7
310,	4
311,	0
312,	2
313,	7
314,	7
315,	6
316,	6
317,	0
318,	3
319,	2
320,	3
321,	4
322,	8
323,	6
324,	7
325,	5
326,	1
327,	6
328,	9
329,	6
330,	1
331,	5
332,	4
333,	5
334,	8
335,	0
336,	6
337,	8
338,	6
339,	7
340,	4
341,	9
342,	7
343,	6
344,	2
345,	6
346,	7
347,	11
348,	7
349,	6
350,	2
351,	0
352,	8
353,	8
354,	5
355,	6
356,	1
357,	7
358,	6
359,	6
360,	8
361,	1
362,	1
363,	8
364,	7
365,	8
366,	7
367,	4
368,	6
369,	7
370,	6
371,	4
372,	4
373,	7
374,	3
375,	5
376,	8
377,	5
378,	6
379,	5
380,	7
381,	2
382,	2
383,	4
384,	2
385,	6
386,	9
387,	9
388,	7
389,	6
390,	6
391,	4
392,	4
393,	8
394,	11
395,	3
396,	1
397,	9
398,	3
399,	9
400,	8
401,	1
402,	8
403,	7
404,	5
405,	10
406,	8
407,	3
408,	11
409,	4
410,	8
411,	5
412,	3
413,	4
414,	5
415,	10
416,	10
417,	5
418,	10
419,	5
420,	10
421,	6
422,	8
423,	4
424,	8
425,	7
426,	11
427,	6
428,	1
429,	7
430,	9
431,	7
432,	0
433,	7
434,	7
435,	4
436,	7
437,	3
438,	3
439,	5
440,	1
441,	9
442,	11
443,	8
444,	4
445,	7
446,	11
447,	2
448,	5
449,	10
450,	2
451,	9
452,	7
453,	8
454,	3
455,	7
456,	8
457,	10
458,	10
459,	11
460,	9
461,	4
462,	7
463,	8
464,	5
465,	4
466,	9
467,	1
468,	7
469,	3
470,	8
471,	9
472,	7
473,	5
474,	8
475,	11
476,	7
477,	0
478,	7
479,	10
480,	10
481,	5
482,	10
483,	4
484,	8
485,	9
486,	5
487,	8
488,	7
489,	0
490,	6
491,	9
492,	11
493,	10
494,	7
495,	4
496,	9
497,	6
498,	6
499,	9
