Instance: /home/gabriel/Documents/ufrgs/courses/oc/trab/instances/cmb01
Vertices: 500
Colors: 12
NumIterations: 1
Alpha: 0.850000
Is Factible?: false
Conflicts: 3
Solution Value: 142873.203125
Vertex,	Color
0,	2
1,	1
2,	1
3,	0
4,	5
5,	0
6,	2
7,	0
8,	0
9,	2
10,	1
11,	0
12,	1
13,	4
14,	4
15,	0
16,	2
17,	2
18,	2
19,	0
20,	1
21,	1
22,	1
23,	3
24,	0
25,	3
26,	1
27,	0
28,	0
29,	1
30,	1
31,	0
32,	3
33,	0
34,	3
35,	0
36,	0
37,	0
38,	1
39,	1
40,	1
41,	3
42,	3
43,	0
44,	0
45,	0
46,	0
47,	1
48,	0
49,	2
50,	0
51,	1
52,	0
53,	2
54,	4
55,	0
56,	1
57,	4
58,	2
59,	1
60,	9
61,	1
62,	0
63,	1
64,	4
65,	3
66,	1
67,	3
68,	2
69,	0
70,	4
71,	3
72,	0
73,	5
74,	2
75,	0
76,	2
77,	5
78,	1
79,	5
80,	2
81,	2
82,	1
83,	0
84,	0
85,	0
86,	5
87,	0
88,	3
89,	0
90,	1
91,	2
92,	0
93,	3
94,	6
95,	2
96,	2
97,	3
98,	4
99,	3
100,	8
101,	2
102,	2
103,	1
104,	1
105,	4
106,	3
107,	2
108,	2
109,	0
110,	2
111,	3
112,	0
113,	4
114,	1
115,	0
116,	1
117,	9
118,	2
119,	3
120,	2
121,	0
122,	1
123,	0
124,	0
125,	4
126,	2
127,	2
128,	2
129,	4
130,	0
131,	2
132,	3
133,	3
134,	2
135,	1
136,	4
137,	4
138,	5
139,	1
140,	1
141,	1
142,	3
143,	4
144,	3
145,	2
146,	5
147,	3
148,	4
149,	0
150,	3
151,	5
152,	2
153,	2
154,	3
155,	1
156,	4
157,	4
158,	0
159,	1
160,	3
161,	6
162,	10
163,	5
164,	6
165,	6
166,	1
167,	0
168,	4
169,	2
170,	6
171,	5
172,	2
173,	5
174,	1
175,	0
176,	2
177,	8
178,	4
179,	8
180,	4
181,	2
182,	5
183,	2
184,	1
185,	4
186,	3
187,	1
188,	3
189,	5
190,	4
191,	3
192,	3
193,	2
194,	3
195,	3
196,	2
197,	4
198,	2
199,	1
200,	0
201,	3
202,	5
203,	0
204,	6
205,	1
206,	3
207,	5
208,	1
209,	2
210,	1
211,	1
212,	7
213,	4
214,	10
215,	4
216,	2
217,	4
218,	6
219,	7
220,	7
221,	0
222,	7
223,	4
224,	2
225,	0
226,	5
227,	7
228,	1
229,	2
230,	3
231,	5
232,	6
233,	2
234,	1
235,	6
236,	6
237,	5
238,	3
239,	1
240,	2
241,	2
242,	7
243,	1
244,	9
245,	5
246,	5
247,	5
248,	6
249,	5
250,	3
251,	2
252,	4
253,	2
254,	8
255,	1
256,	3
257,	4
258,	3
259,	1
260,	6
261,	4
262,	6
263,	9
264,	3
265,	1
266,	5
267,	7
268,	5
269,	9
270,	7
271,	5
272,	7
273,	6
274,	6
275,	1
276,	7
277,	8
278,	6
279,	2
280,	2
281,	4
282,	7
283,	6
284,	5
285,	3
286,	1
287,	2
288,	5
289,	3
290,	5
291,	4
292,	6
293,	4
294,	10
295,	5
296,	6
297,	4
298,	4
299,	4
300,	1
301,	0
302,	6
303,	4
304,	1
305,	1
306,	2
307,	8
308,	3
309,	6
310,	5
311,	3
312,	2
313,	7
314,	7
315,	6
316,	6
317,	4
318,	2
319,	3
320,	4
321,	4
322,	8
323,	8
324,	7
325,	5
326,	3
327,	4
328,	6
329,	6
330,	0
331,	7
332,	5
333,	4
334,	8
335,	0
336,	5
337,	9
338,	5
339,	4
340,	6
341,	6
342,	4
343,	9
344,	2
345,	7
346,	1
347,	10
348,	7
349,	6
350,	2
351,	0
352,	8
353,	7
354,	4
355,	5
356,	2
357,	10
358,	7
359,	0
360,	7
361,	4
362,	4
363,	0
364,	6
365,	1
366,	7
367,	3
368,	7
369,	6
370,	6
371,	5
372,	5
373,	3
374,	4
375,	5
376,	8
377,	8
378,	6
379,	7
380,	7
381,	4
382,	3
383,	2
384,	5
385,	4
386,	9
387,	8
388,	7
389,	7
390,	7
391,	1
392,	3
393,	8
394,	11
395,	4
396,	10
397,	8
398,	3
399,	8
400,	7
401,	0
402,	3
403,	7
404,	5
405,	9
406,	2
407,	4
408,	11
409,	10
410,	8
411,	5
412,	3
413,	6
414,	10
415,	11
416,	9
417,	7
418,	10
419,	6
420,	4
421,	6
422,	5
423,	8
424,	7
425,	7
426,	9
427,	8
428,	0
429,	7
430,	9
431,	7
432,	1
433,	6
434,	6
435,	5
436,	5
437,	1
438,	5
439,	9
440,	10
441,	9
442,	0
443,	5
444,	3
445,	8
446,	10
447,	3
448,	6
449,	9
450,	11
451,	8
452,	7
453,	7
454,	4
455,	6
456,	8
457,	11
458,	0
459,	11
460,	10
461,	2
462,	8
463,	8
464,	7
465,	8
466,	9
467,	5
468,	8
469,	6
470,	8
471,	9
472,	7
473,	3
474,	6
475,	11
476,	8
477,	2
478,	6
479,	9
480,	8
481,	4
482,	10
483,	5
484,	8
485,	9
486,	7
487,	9
488,	7
489,	1
490,	5
491,	9
492,	10
493,	9
494,	6
495,	10
496,	11
497,	9
498,	6
499,	9
