Instance: /home/gabriel/Documents/ufrgs/courses/oc/trab/instances/cmb01
Vertices: 500
Colors: 14
NumIterations: 500
Alpha: 0.750000
Is Factible?: false
Conflicts: 1
Solution Value: 142119.453125
Vertex,	Color
0,	0
1,	0
2,	3
3,	0
4,	4
5,	0
6,	0
7,	1
8,	1
9,	0
10,	4
11,	2
12,	0
13,	2
14,	1
15,	2
16,	4
17,	3
18,	3
19,	4
20,	1
21,	0
22,	0
23,	3
24,	1
25,	0
26,	0
27,	1
28,	1
29,	0
30,	0
31,	2
32,	2
33,	0
34,	4
35,	0
36,	1
37,	0
38,	6
39,	1
40,	1
41,	4
42,	0
43,	3
44,	1
45,	3
46,	1
47,	3
48,	6
49,	3
50,	0
51,	1
52,	3
53,	1
54,	6
55,	0
56,	4
57,	2
58,	1
59,	0
60,	5
61,	0
62,	4
63,	0
64,	3
65,	0
66,	0
67,	2
68,	5
69,	3
70,	1
71,	2
72,	1
73,	0
74,	3
75,	1
76,	1
77,	7
78,	0
79,	3
80,	6
81,	7
82,	2
83,	0
84,	2
85,	0
86,	1
87,	0
88,	4
89,	2
90,	1
91,	0
92,	1
93,	6
94,	10
95,	0
96,	2
97,	2
98,	0
99,	7
100,	5
101,	4
102,	1
103,	3
104,	0
105,	2
106,	1
107,	3
108,	1
109,	2
110,	5
111,	6
112,	0
113,	6
114,	7
115,	2
116,	1
117,	2
118,	1
119,	4
120,	3
121,	8
122,	3
123,	0
124,	0
125,	3
126,	3
127,	2
128,	0
129,	4
130,	2
131,	2
132,	9
133,	0
134,	5
135,	2
136,	3
137,	0
138,	1
139,	2
140,	2
141,	6
142,	4
143,	1
144,	4
145,	1
146,	6
147,	2
148,	7
149,	0
150,	5
151,	3
152,	2
153,	2
154,	4
155,	2
156,	6
157,	1
158,	2
159,	3
160,	1
161,	6
162,	6
163,	5
164,	6
165,	6
166,	4
167,	0
168,	4
169,	3
170,	5
171,	0
172,	1
173,	2
174,	4
175,	5
176,	3
177,	4
178,	5
179,	8
180,	1
181,	1
182,	2
183,	3
184,	1
185,	5
186,	1
187,	1
188,	0
189,	3
190,	4
191,	5
192,	1
193,	2
194,	4
195,	2
196,	1
197,	3
198,	1
199,	2
200,	1
201,	4
202,	1
203,	3
204,	5
205,	2
206,	1
207,	7
208,	2
209,	2
210,	3
211,	0
212,	11
213,	3
214,	0
215,	5
216,	3
217,	0
218,	4
219,	7
220,	6
221,	0
222,	5
223,	6
224,	3
225,	4
226,	6
227,	8
228,	1
229,	5
230,	2
231,	4
232,	7
233,	5
234,	3
235,	6
236,	8
237,	4
238,	2
239,	1
240,	1
241,	4
242,	6
243,	0
244,	10
245,	1
246,	3
247,	3
248,	6
249,	2
250,	3
251,	4
252,	6
253,	5
254,	4
255,	3
256,	5
257,	1
258,	2
259,	0
260,	5
261,	3
262,	7
263,	8
264,	2
265,	3
266,	5
267,	4
268,	7
269,	8
270,	5
271,	5
272,	3
273,	8
274,	0
275,	1
276,	4
277,	4
278,	5
279,	1
280,	0
281,	0
282,	7
283,	1
284,	6
285,	2
286,	5
287,	5
288,	2
289,	5
290,	3
291,	5
292,	5
293,	3
294,	9
295,	2
296,	7
297,	0
298,	4
299,	3
300,	2
301,	0
302,	4
303,	4
304,	3
305,	7
306,	2
307,	8
308,	3
309,	7
310,	7
311,	0
312,	1
313,	5
314,	6
315,	3
316,	5
317,	0
318,	3
319,	2
320,	4
321,	4
322,	4
323,	6
324,	8
325,	5
326,	7
327,	5
328,	6
329,	6
330,	0
331,	7
332,	3
333,	6
334,	8
335,	0
336,	7
337,	8
338,	5
339,	2
340,	5
341,	9
342,	6
343,	10
344,	4
345,	6
346,	4
347,	11
348,	7
349,	6
350,	1
351,	4
352,	9
353,	9
354,	4
355,	7
356,	6
357,	10
358,	4
359,	12
360,	4
361,	1
362,	3
363,	6
364,	7
365,	7
366,	8
367,	4
368,	7
369,	7
370,	7
371,	5
372,	4
373,	9
374,	4
375,	4
376,	2
377,	5
378,	6
379,	5
380,	5
381,	5
382,	2
383,	3
384,	2
385,	4
386,	8
387,	7
388,	6
389,	7
390,	7
391,	0
392,	5
393,	9
394,	11
395,	5
396,	12
397,	9
398,	1
399,	8
400,	6
401,	1
402,	8
403,	4
404,	5
405,	8
406,	8
407,	4
408,	13
409,	9
410,	8
411,	3
412,	5
413,	7
414,	10
415,	11
416,	3
417,	5
418,	9
419,	7
420,	8
421,	6
422,	8
423,	4
424,	8
425,	7
426,	10
427,	6
428,	3
429,	3
430,	7
431,	6
432,	13
433,	6
434,	6
435,	10
436,	5
437,	3
438,	6
439,	6
440,	12
441,	9
442,	13
443,	5
444,	3
445,	8
446,	10
447,	3
448,	0
449,	7
450,	10
451,	2
452,	8
453,	8
454,	4
455,	6
456,	8
457,	11
458,	6
459,	13
460,	9
461,	3
462,	8
463,	7
464,	1
465,	8
466,	8
467,	2
468,	2
469,	5
470,	1
471,	9
472,	6
473,	4
474,	8
475,	10
476,	9
477,	2
478,	7
479,	10
480,	7
481,	4
482,	10
483,	6
484,	8
485,	9
486,	6
487,	8
488,	7
489,	4
490,	5
491,	9
492,	11
493,	10
494,	7
495,	7
496,	11
497,	9
498,	6
499,	5
