Instance: /home/gabriel/Documents/ufrgs/courses/oc/trab/instances/cmb01
Vertices: 500
Colors: 12
NumIterations: 10
Alpha: 0.650000
Is Factible?: false
Conflicts: 4
Solution Value: 149961.609375
Vertex,	Color
0,	2
1,	3
2,	5
3,	3
4,	1
5,	1
6,	2
7,	2
8,	5
9,	6
10,	1
11,	6
12,	0
13,	3
14,	6
15,	2
16,	5
17,	2
18,	1
19,	2
20,	0
21,	0
22,	3
23,	9
24,	2
25,	3
26,	0
27,	6
28,	0
29,	0
30,	1
31,	0
32,	1
33,	4
34,	4
35,	0
36,	2
37,	1
38,	3
39,	8
40,	2
41,	0
42,	1
43,	0
44,	1
45,	0
46,	2
47,	1
48,	7
49,	2
50,	5
51,	0
52,	2
53,	4
54,	4
55,	1
56,	1
57,	6
58,	1
59,	2
60,	1
61,	2
62,	4
63,	2
64,	0
65,	3
66,	0
67,	1
68,	3
69,	0
70,	0
71,	1
72,	2
73,	3
74,	0
75,	1
76,	1
77,	6
78,	0
79,	2
80,	2
81,	5
82,	5
83,	9
84,	4
85,	0
86,	2
87,	1
88,	5
89,	7
90,	3
91,	0
92,	3
93,	1
94,	2
95,	1
96,	6
97,	2
98,	5
99,	1
100,	10
101,	1
102,	2
103,	4
104,	0
105,	6
106,	2
107,	2
108,	1
109,	1
110,	4
111,	5
112,	3
113,	1
114,	4
115,	2
116,	0
117,	4
118,	0
119,	6
120,	0
121,	4
122,	2
123,	6
124,	1
125,	4
126,	2
127,	5
128,	2
129,	4
130,	0
131,	2
132,	1
133,	1
134,	3
135,	0
136,	2
137,	10
138,	0
139,	0
140,	0
141,	4
142,	5
143,	7
144,	1
145,	3
146,	1
147,	3
148,	6
149,	1
150,	1
151,	3
152,	0
153,	1
154,	3
155,	3
156,	1
157,	2
158,	1
159,	7
160,	2
161,	0
162,	7
163,	6
164,	5
165,	0
166,	2
167,	4
168,	0
169,	3
170,	3
171,	3
172,	1
173,	0
174,	0
175,	1
176,	2
177,	6
178,	4
179,	5
180,	3
181,	3
182,	10
183,	3
184,	2
185,	0
186,	1
187,	1
188,	9
189,	2
190,	4
191,	6
192,	2
193,	6
194,	3
195,	1
196,	3
197,	4
198,	8
199,	4
200,	1
201,	2
202,	2
203,	2
204,	0
205,	3
206,	1
207,	4
208,	0
209,	4
210,	2
211,	3
212,	8
213,	5
214,	6
215,	7
216,	1
217,	3
218,	6
219,	8
220,	6
221,	1
222,	6
223,	4
224,	3
225,	4
226,	5
227,	7
228,	1
229,	6
230,	1
231,	5
232,	8
233,	1
234,	1
235,	0
236,	3
237,	4
238,	0
239,	10
240,	4
241,	1
242,	7
243,	3
244,	9
245,	2
246,	5
247,	5
248,	5
249,	3
250,	2
251,	4
252,	2
253,	8
254,	6
255,	11
256,	5
257,	1
258,	0
259,	3
260,	6
261,	4
262,	4
263,	9
264,	3
265,	1
266,	5
267,	8
268,	7
269,	9
270,	7
271,	6
272,	5
273,	4
274,	8
275,	0
276,	2
277,	5
278,	7
279,	2
280,	0
281,	3
282,	7
283,	3
284,	6
285,	3
286,	2
287,	5
288,	0
289,	2
290,	0
291,	2
292,	7
293,	2
294,	7
295,	6
296,	6
297,	11
298,	0
299,	0
300,	3
301,	0
302,	6
303,	3
304,	0
305,	3
306,	0
307,	7
308,	5
309,	5
310,	8
311,	3
312,	1
313,	8
314,	6
315,	6
316,	1
317,	2
318,	2
319,	2
320,	5
321,	4
322,	6
323,	4
324,	7
325,	4
326,	1
327,	4
328,	6
329,	5
330,	2
331,	5
332,	4
333,	3
334,	7
335,	5
336,	3
337,	6
338,	1
339,	7
340,	5
341,	3
342,	4
343,	8
344,	2
345,	7
346,	6
347,	10
348,	7
349,	2
350,	5
351,	2
352,	2
353,	7
354,	3
355,	4
356,	9
357,	8
358,	4
359,	3
360,	7
361,	7
362,	7
363,	6
364,	8
365,	8
366,	5
367,	4
368,	6
369,	6
370,	8
371,	2
372,	3
373,	6
374,	3
375,	6
376,	7
377,	4
378,	5
379,	4
380,	1
381,	1
382,	2
383,	3
384,	5
385,	6
386,	8
387,	9
388,	6
389,	8
390,	9
391,	2
392,	6
393,	0
394,	1
395,	2
396,	11
397,	6
398,	3
399,	8
400,	7
401,	7
402,	4
403,	6
404,	0
405,	8
406,	2
407,	7
408,	11
409,	9
410,	5
411,	3
412,	5
413,	6
414,	6
415,	9
416,	8
417,	4
418,	10
419,	3
420,	9
421,	6
422,	8
423,	6
424,	8
425,	7
426,	10
427,	5
428,	6
429,	4
430,	9
431,	6
432,	0
433,	6
434,	7
435,	7
436,	5
437,	3
438,	4
439,	9
440,	0
441,	7
442,	1
443,	2
444,	6
445,	6
446,	10
447,	1
448,	6
449,	9
450,	2
451,	4
452,	6
453,	6
454,	6
455,	5
456,	9
457,	9
458,	4
459,	10
460,	7
461,	4
462,	7
463,	6
464,	5
465,	6
466,	9
467,	3
468,	9
469,	5
470,	8
471,	8
472,	7
473,	6
474,	7
475,	11
476,	8
477,	2
478,	6
479,	10
480,	9
481,	3
482,	10
483,	5
484,	8
485,	9
486,	8
487,	9
488,	6
489,	3
490,	5
491,	8
492,	11
493,	6
494,	9
495,	9
496,	9
497,	6
498,	6
499,	9
