Instance: /home/gabriel/Documents/ufrgs/courses/oc/trab/instances/cmb06
Vertices: 2000
Colors: 15
NumIterations: 10000000
Alpha: 0.850000
Is Factible?: false
Conflicts: 11
Solution Value: 467431.718750
Vertex,	Color
0,	0
1,	1
2,	4
3,	1
4,	0
5,	2
6,	4
7,	1
8,	1
9,	2
10,	0
11,	9
12,	2
13,	0
14,	0
15,	0
16,	0
17,	0
18,	1
19,	0
20,	0
21,	1
22,	1
23,	1
24,	0
25,	2
26,	2
27,	6
28,	4
29,	1
30,	0
31,	2
32,	0
33,	0
34,	1
35,	0
36,	3
37,	0
38,	0
39,	0
40,	2
41,	2
42,	0
43,	0
44,	10
45,	1
46,	4
47,	0
48,	1
49,	3
50,	3
51,	8
52,	2
53,	2
54,	0
55,	2
56,	0
57,	2
58,	0
59,	5
60,	3
61,	0
62,	0
63,	0
64,	5
65,	2
66,	1
67,	3
68,	5
69,	0
70,	1
71,	0
72,	0
73,	2
74,	1
75,	3
76,	2
77,	3
78,	1
79,	0
80,	2
81,	2
82,	1
83,	4
84,	1
85,	0
86,	0
87,	3
88,	0
89,	0
90,	3
91,	0
92,	0
93,	4
94,	0
95,	0
96,	1
97,	9
98,	1
99,	2
100,	5
101,	1
102,	0
103,	2
104,	2
105,	1
106,	3
107,	4
108,	1
109,	2
110,	0
111,	1
112,	1
113,	3
114,	4
115,	5
116,	6
117,	4
118,	6
119,	1
120,	4
121,	0
122,	1
123,	2
124,	1
125,	1
126,	1
127,	11
128,	1
129,	1
130,	7
131,	1
132,	0
133,	3
134,	0
135,	1
136,	0
137,	4
138,	2
139,	2
140,	4
141,	4
142,	2
143,	0
144,	0
145,	0
146,	0
147,	0
148,	5
149,	2
150,	0
151,	4
152,	5
153,	3
154,	3
155,	2
156,	2
157,	4
158,	1
159,	3
160,	0
161,	5
162,	1
163,	0
164,	4
165,	0
166,	6
167,	0
168,	1
169,	0
170,	3
171,	7
172,	0
173,	3
174,	1
175,	1
176,	1
177,	1
178,	1
179,	3
180,	1
181,	1
182,	1
183,	1
184,	2
185,	2
186,	4
187,	0
188,	1
189,	0
190,	3
191,	3
192,	0
193,	7
194,	3
195,	2
196,	1
197,	2
198,	4
199,	0
200,	2
201,	3
202,	10
203,	2
204,	1
205,	2
206,	0
207,	2
208,	0
209,	3
210,	0
211,	2
212,	4
213,	2
214,	0
215,	4
216,	6
217,	5
218,	0
219,	5
220,	1
221,	4
222,	3
223,	3
224,	4
225,	2
226,	3
227,	2
228,	0
229,	2
230,	1
231,	6
232,	1
233,	1
234,	1
235,	0
236,	3
237,	3
238,	0
239,	3
240,	2
241,	4
242,	0
243,	1
244,	1
245,	0
246,	2
247,	1
248,	0
249,	9
250,	0
251,	0
252,	1
253,	7
254,	2
255,	2
256,	2
257,	2
258,	0
259,	0
260,	0
261,	0
262,	2
263,	1
264,	2
265,	0
266,	1
267,	1
268,	0
269,	1
270,	4
271,	0
272,	3
273,	3
274,	1
275,	0
276,	12
277,	2
278,	2
279,	1
280,	0
281,	8
282,	1
283,	0
284,	0
285,	2
286,	1
287,	1
288,	3
289,	1
290,	1
291,	2
292,	2
293,	1
294,	0
295,	2
296,	1
297,	3
298,	1
299,	3
300,	0
301,	3
302,	5
303,	6
304,	2
305,	4
306,	3
307,	0
308,	2
309,	3
310,	1
311,	4
312,	3
313,	3
314,	5
315,	3
316,	3
317,	0
318,	0
319,	1
320,	4
321,	0
322,	3
323,	3
324,	1
325,	1
326,	1
327,	6
328,	3
329,	1
330,	13
331,	9
332,	1
333,	1
334,	0
335,	3
336,	0
337,	4
338,	2
339,	1
340,	0
341,	2
342,	7
343,	5
344,	3
345,	3
346,	1
347,	0
348,	1
349,	4
350,	3
351,	1
352,	2
353,	2
354,	4
355,	2
356,	0
357,	0
358,	6
359,	4
360,	2
361,	0
362,	5
363,	7
364,	1
365,	3
366,	0
367,	0
368,	1
369,	0
370,	1
371,	3
372,	3
373,	3
374,	2
375,	0
376,	0
377,	3
378,	4
379,	5
380,	9
381,	2
382,	0
383,	2
384,	2
385,	1
386,	2
387,	1
388,	2
389,	0
390,	0
391,	2
392,	0
393,	4
394,	1
395,	7
396,	1
397,	2
398,	1
399,	5
400,	1
401,	5
402,	3
403,	3
404,	3
405,	0
406,	4
407,	4
408,	4
409,	3
410,	2
411,	0
412,	1
413,	4
414,	7
415,	2
416,	4
417,	2
418,	1
419,	8
420,	7
421,	3
422,	2
423,	6
424,	0
425,	2
426,	2
427,	1
428,	2
429,	1
430,	8
431,	3
432,	7
433,	4
434,	7
435,	6
436,	0
437,	1
438,	0
439,	3
440,	0
441,	2
442,	0
443,	6
444,	6
445,	1
446,	3
447,	3
448,	2
449,	0
450,	8
451,	0
452,	7
453,	8
454,	2
455,	1
456,	4
457,	2
458,	2
459,	4
460,	6
461,	4
462,	3
463,	1
464,	2
465,	2
466,	2
467,	2
468,	5
469,	5
470,	0
471,	2
472,	1
473,	3
474,	2
475,	4
476,	4
477,	6
478,	0
479,	1
480,	3
481,	2
482,	6
483,	0
484,	1
485,	0
486,	1
487,	2
488,	6
489,	8
490,	1
491,	3
492,	2
493,	3
494,	1
495,	6
496,	3
497,	6
498,	2
499,	1
500,	4
501,	2
502,	4
503,	0
504,	4
505,	2
506,	1
507,	5
508,	4
509,	3
510,	0
511,	4
512,	4
513,	3
514,	3
515,	3
516,	0
517,	5
518,	0
519,	3
520,	1
521,	2
522,	10
523,	5
524,	6
525,	5
526,	5
527,	1
528,	4
529,	2
530,	3
531,	5
532,	8
533,	0
534,	4
535,	3
536,	4
537,	1
538,	3
539,	4
540,	2
541,	1
542,	5
543,	2
544,	0
545,	2
546,	0
547,	3
548,	6
549,	3
550,	5
551,	1
552,	3
553,	4
554,	3
555,	8
556,	2
557,	3
558,	0
559,	0
560,	1
561,	6
562,	4
563,	3
564,	4
565,	5
566,	3
567,	1
568,	1
569,	5
570,	3
571,	2
572,	0
573,	0
574,	0
575,	1
576,	0
577,	6
578,	2
579,	2
580,	3
581,	5
582,	5
583,	11
584,	3
585,	5
586,	5
587,	3
588,	4
589,	4
590,	1
591,	5
592,	0
593,	5
594,	5
595,	3
596,	6
597,	2
598,	3
599,	6
600,	7
601,	5
602,	2
603,	2
604,	2
605,	5
606,	2
607,	5
608,	4
609,	2
610,	0
611,	6
612,	1
613,	2
614,	0
615,	6
616,	2
617,	8
618,	0
619,	3
620,	0
621,	5
622,	1
623,	5
624,	1
625,	2
626,	6
627,	2
628,	4
629,	4
630,	2
631,	5
632,	2
633,	0
634,	2
635,	1
636,	1
637,	0
638,	0
639,	4
640,	0
641,	6
642,	3
643,	1
644,	3
645,	1
646,	4
647,	4
648,	3
649,	3
650,	0
651,	3
652,	5
653,	1
654,	4
655,	2
656,	8
657,	0
658,	8
659,	2
660,	5
661,	1
662,	2
663,	3
664,	2
665,	2
666,	9
667,	2
668,	3
669,	0
670,	4
671,	3
672,	4
673,	5
674,	3
675,	1
676,	3
677,	4
678,	5
679,	5
680,	4
681,	3
682,	0
683,	6
684,	1
685,	6
686,	7
687,	5
688,	1
689,	1
690,	0
691,	3
692,	3
693,	8
694,	8
695,	1
696,	8
697,	5
698,	6
699,	4
700,	4
701,	7
702,	3
703,	4
704,	4
705,	2
706,	1
707,	5
708,	9
709,	9
710,	8
711,	9
712,	4
713,	6
714,	7
715,	1
716,	7
717,	3
718,	3
719,	7
720,	8
721,	8
722,	6
723,	6
724,	4
725,	2
726,	2
727,	5
728,	7
729,	0
730,	1
731,	7
732,	3
733,	3
734,	3
735,	0
736,	2
737,	0
738,	5
739,	1
740,	3
741,	3
742,	2
743,	4
744,	2
745,	6
746,	2
747,	2
748,	0
749,	7
750,	0
751,	0
752,	4
753,	3
754,	5
755,	6
756,	4
757,	4
758,	1
759,	1
760,	5
761,	3
762,	1
763,	6
764,	2
765,	5
766,	6
767,	6
768,	3
769,	1
770,	8
771,	8
772,	9
773,	2
774,	0
775,	4
776,	4
777,	11
778,	3
779,	1
780,	4
781,	2
782,	5
783,	2
784,	2
785,	1
786,	2
787,	7
788,	9
789,	7
790,	9
791,	6
792,	5
793,	4
794,	0
795,	5
796,	6
797,	4
798,	3
799,	4
800,	1
801,	0
802,	3
803,	4
804,	5
805,	5
806,	4
807,	3
808,	6
809,	7
810,	2
811,	7
812,	5
813,	6
814,	4
815,	3
816,	3
817,	3
818,	3
819,	4
820,	0
821,	3
822,	10
823,	9
824,	8
825,	5
826,	10
827,	3
828,	2
829,	5
830,	2
831,	4
832,	2
833,	5
834,	5
835,	6
836,	5
837,	8
838,	0
839,	4
840,	5
841,	7
842,	1
843,	6
844,	2
845,	5
846,	0
847,	6
848,	0
849,	2
850,	6
851,	9
852,	3
853,	1
854,	6
855,	4
856,	4
857,	7
858,	2
859,	4
860,	7
861,	4
862,	1
863,	8
864,	2
865,	0
866,	1
867,	3
868,	5
869,	2
870,	6
871,	4
872,	7
873,	7
874,	3
875,	4
876,	7
877,	5
878,	7
879,	3
880,	7
881,	6
882,	4
883,	3
884,	6
885,	1
886,	6
887,	4
888,	1
889,	5
890,	8
891,	4
892,	1
893,	3
894,	5
895,	6
896,	4
897,	1
898,	0
899,	5
900,	6
901,	0
902,	6
903,	6
904,	9
905,	5
906,	5
907,	4
908,	4
909,	4
910,	9
911,	6
912,	2
913,	7
914,	8
915,	2
916,	4
917,	2
918,	1
919,	5
920,	4
921,	5
922,	6
923,	0
924,	3
925,	2
926,	9
927,	2
928,	4
929,	3
930,	5
931,	2
932,	4
933,	4
934,	4
935,	0
936,	9
937,	5
938,	5
939,	5
940,	7
941,	6
942,	7
943,	5
944,	2
945,	2
946,	0
947,	3
948,	5
949,	2
950,	3
951,	5
952,	3
953,	6
954,	1
955,	2
956,	7
957,	3
958,	7
959,	3
960,	2
961,	6
962,	6
963,	3
964,	5
965,	6
966,	9
967,	3
968,	1
969,	4
970,	7
971,	0
972,	3
973,	3
974,	6
975,	1
976,	3
977,	5
978,	6
979,	4
980,	1
981,	4
982,	7
983,	8
984,	6
985,	3
986,	8
987,	0
988,	5
989,	4
990,	6
991,	6
992,	9
993,	5
994,	1
995,	2
996,	3
997,	5
998,	0
999,	4
1000,	6
1001,	0
1002,	8
1003,	7
1004,	5
1005,	6
1006,	6
1007,	5
1008,	2
1009,	8
1010,	6
1011,	4
1012,	6
1013,	10
1014,	0
1015,	7
1016,	6
1017,	4
1018,	7
1019,	4
1020,	5
1021,	11
1022,	4
1023,	1
1024,	7
1025,	3
1026,	7
1027,	8
1028,	4
1029,	4
1030,	10
1031,	9
1032,	7
1033,	10
1034,	10
1035,	4
1036,	0
1037,	3
1038,	11
1039,	6
1040,	7
1041,	5
1042,	3
1043,	5
1044,	6
1045,	4
1046,	8
1047,	4
1048,	4
1049,	5
1050,	3
1051,	7
1052,	0
1053,	7
1054,	8
1055,	11
1056,	5
1057,	6
1058,	4
1059,	6
1060,	8
1061,	2
1062,	6
1063,	6
1064,	8
1065,	9
1066,	8
1067,	0
1068,	4
1069,	1
1070,	5
1071,	3
1072,	5
1073,	11
1074,	7
1075,	0
1076,	6
1077,	3
1078,	2
1079,	7
1080,	6
1081,	8
1082,	8
1083,	9
1084,	4
1085,	7
1086,	5
1087,	3
1088,	2
1089,	0
1090,	8
1091,	5
1092,	1
1093,	3
1094,	2
1095,	2
1096,	6
1097,	10
1098,	3
1099,	6
1100,	1
1101,	4
1102,	7
1103,	6
1104,	9
1105,	9
1106,	9
1107,	4
1108,	5
1109,	9
1110,	8
1111,	3
1112,	9
1113,	9
1114,	9
1115,	8
1116,	10
1117,	5
1118,	7
1119,	6
1120,	7
1121,	8
1122,	8
1123,	4
1124,	5
1125,	7
1126,	5
1127,	4
1128,	10
1129,	6
1130,	6
1131,	7
1132,	5
1133,	12
1134,	8
1135,	1
1136,	7
1137,	7
1138,	1
1139,	5
1140,	4
1141,	0
1142,	0
1143,	7
1144,	2
1145,	8
1146,	8
1147,	7
1148,	5
1149,	10
1150,	5
1151,	12
1152,	4
1153,	4
1154,	8
1155,	8
1156,	1
1157,	6
1158,	4
1159,	7
1160,	5
1161,	11
1162,	4
1163,	5
1164,	7
1165,	6
1166,	12
1167,	6
1168,	6
1169,	9
1170,	9
1171,	7
1172,	7
1173,	7
1174,	8
1175,	1
1176,	6
1177,	3
1178,	11
1179,	6
1180,	10
1181,	7
1182,	11
1183,	1
1184,	1
1185,	1
1186,	5
1187,	5
1188,	9
1189,	5
1190,	5
1191,	10
1192,	8
1193,	8
1194,	5
1195,	4
1196,	6
1197,	2
1198,	5
1199,	6
1200,	4
1201,	8
1202,	5
1203,	4
1204,	7
1205,	7
1206,	11
1207,	1
1208,	8
1209,	7
1210,	1
1211,	9
1212,	9
1213,	4
1214,	3
1215,	3
1216,	7
1217,	3
1218,	3
1219,	5
1220,	2
1221,	4
1222,	10
1223,	3
1224,	6
1225,	9
1226,	2
1227,	10
1228,	8
1229,	5
1230,	8
1231,	5
1232,	1
1233,	1
1234,	6
1235,	5
1236,	9
1237,	9
1238,	9
1239,	10
1240,	9
1241,	7
1242,	6
1243,	10
1244,	9
1245,	7
1246,	8
1247,	10
1248,	4
1249,	3
1250,	10
1251,	4
1252,	3
1253,	5
1254,	5
1255,	10
1256,	4
1257,	7
1258,	5
1259,	10
1260,	5
1261,	11
1262,	7
1263,	8
1264,	5
1265,	5
1266,	7
1267,	3
1268,	6
1269,	3
1270,	4
1271,	9
1272,	3
1273,	5
1274,	1
1275,	2
1276,	7
1277,	9
1278,	12
1279,	8
1280,	7
1281,	4
1282,	5
1283,	7
1284,	7
1285,	6
1286,	6
1287,	8
1288,	9
1289,	5
1290,	4
1291,	7
1292,	10
1293,	6
1294,	7
1295,	7
1296,	9
1297,	7
1298,	8
1299,	2
1300,	10
1301,	2
1302,	10
1303,	6
1304,	6
1305,	6
1306,	6
1307,	8
1308,	11
1309,	7
1310,	13
1311,	9
1312,	2
1313,	9
1314,	8
1315,	2
1316,	4
1317,	8
1318,	10
1319,	9
1320,	8
1321,	7
1322,	6
1323,	7
1324,	4
1325,	7
1326,	13
1327,	3
1328,	9
1329,	10
1330,	8
1331,	10
1332,	8
1333,	6
1334,	5
1335,	0
1336,	9
1337,	9
1338,	5
1339,	6
1340,	7
1341,	6
1342,	13
1343,	5
1344,	6
1345,	6
1346,	11
1347,	9
1348,	4
1349,	6
1350,	10
1351,	2
1352,	1
1353,	1
1354,	6
1355,	9
1356,	8
1357,	8
1358,	0
1359,	8
1360,	7
1361,	7
1362,	4
1363,	10
1364,	14
1365,	6
1366,	11
1367,	6
1368,	9
1369,	8
1370,	8
1371,	7
1372,	9
1373,	8
1374,	5
1375,	0
1376,	8
1377,	11
1378,	8
1379,	7
1380,	7
1381,	7
1382,	8
1383,	6
1384,	6
1385,	7
1386,	7
1387,	1
1388,	9
1389,	4
1390,	6
1391,	8
1392,	5
1393,	5
1394,	9
1395,	10
1396,	10
1397,	7
1398,	7
1399,	13
1400,	7
1401,	1
1402,	12
1403,	0
1404,	12
1405,	6
1406,	8
1407,	11
1408,	9
1409,	6
1410,	1
1411,	10
1412,	7
1413,	4
1414,	5
1415,	11
1416,	11
1417,	7
1418,	8
1419,	8
1420,	5
1421,	6
1422,	10
1423,	0
1424,	12
1425,	5
1426,	11
1427,	12
1428,	7
1429,	1
1430,	5
1431,	7
1432,	7
1433,	11
1434,	9
1435,	10
1436,	12
1437,	9
1438,	0
1439,	9
1440,	5
1441,	8
1442,	12
1443,	9
1444,	13
1445,	10
1446,	8
1447,	3
1448,	8
1449,	7
1450,	3
1451,	7
1452,	6
1453,	6
1454,	7
1455,	9
1456,	5
1457,	10
1458,	5
1459,	8
1460,	12
1461,	11
1462,	9
1463,	10
1464,	7
1465,	7
1466,	7
1467,	5
1468,	6
1469,	6
1470,	9
1471,	9
1472,	7
1473,	12
1474,	11
1475,	12
1476,	13
1477,	6
1478,	6
1479,	11
1480,	8
1481,	11
1482,	10
1483,	8
1484,	8
1485,	9
1486,	12
1487,	10
1488,	8
1489,	4
1490,	2
1491,	10
1492,	11
1493,	6
1494,	13
1495,	11
1496,	9
1497,	10
1498,	7
1499,	5
1500,	8
1501,	9
1502,	11
1503,	7
1504,	2
1505,	0
1506,	9
1507,	0
1508,	9
1509,	9
1510,	11
1511,	7
1512,	9
1513,	9
1514,	5
1515,	9
1516,	7
1517,	10
1518,	1
1519,	7
1520,	6
1521,	10
1522,	5
1523,	6
1524,	9
1525,	0
1526,	0
1527,	10
1528,	0
1529,	2
1530,	11
1531,	12
1532,	10
1533,	8
1534,	4
1535,	9
1536,	8
1537,	8
1538,	6
1539,	5
1540,	12
1541,	7
1542,	9
1543,	14
1544,	5
1545,	5
1546,	11
1547,	11
1548,	10
1549,	8
1550,	11
1551,	8
1552,	10
1553,	8
1554,	10
1555,	8
1556,	11
1557,	11
1558,	8
1559,	9
1560,	7
1561,	10
1562,	4
1563,	10
1564,	5
1565,	8
1566,	8
1567,	8
1568,	11
1569,	12
1570,	8
1571,	6
1572,	8
1573,	6
1574,	9
1575,	11
1576,	5
1577,	12
1578,	12
1579,	7
1580,	9
1581,	10
1582,	10
1583,	3
1584,	10
1585,	7
1586,	6
1587,	0
1588,	4
1589,	2
1590,	7
1591,	12
1592,	13
1593,	5
1594,	9
1595,	11
1596,	7
1597,	7
1598,	4
1599,	7
1600,	3
1601,	8
1602,	8
1603,	3
1604,	8
1605,	11
1606,	9
1607,	6
1608,	8
1609,	11
1610,	0
1611,	4
1612,	11
1613,	2
1614,	4
1615,	9
1616,	12
1617,	11
1618,	8
1619,	2
1620,	10
1621,	10
1622,	5
1623,	12
1624,	8
1625,	8
1626,	12
1627,	8
1628,	10
1629,	7
1630,	11
1631,	12
1632,	5
1633,	4
1634,	4
1635,	9
1636,	12
1637,	7
1638,	12
1639,	7
1640,	6
1641,	13
1642,	11
1643,	7
1644,	6
1645,	12
1646,	5
1647,	3
1648,	2
1649,	7
1650,	10
1651,	7
1652,	12
1653,	7
1654,	12
1655,	0
1656,	8
1657,	11
1658,	12
1659,	8
1660,	9
1661,	9
1662,	8
1663,	2
1664,	12
1665,	13
1666,	8
1667,	5
1668,	13
1669,	14
1670,	13
1671,	9
1672,	8
1673,	9
1674,	11
1675,	9
1676,	4
1677,	13
1678,	7
1679,	10
1680,	9
1681,	11
1682,	14
1683,	11
1684,	7
1685,	6
1686,	13
1687,	12
1688,	10
1689,	5
1690,	9
1691,	1
1692,	9
1693,	14
1694,	7
1695,	10
1696,	11
1697,	8
1698,	6
1699,	11
1700,	5
1701,	10
1702,	7
1703,	7
1704,	6
1705,	13
1706,	10
1707,	9
1708,	8
1709,	7
1710,	11
1711,	11
1712,	12
1713,	9
1714,	13
1715,	8
1716,	10
1717,	12
1718,	6
1719,	13
1720,	9
1721,	0
1722,	13
1723,	14
1724,	7
1725,	6
1726,	5
1727,	8
1728,	6
1729,	1
1730,	11
1731,	9
1732,	10
1733,	12
1734,	4
1735,	11
1736,	0
1737,	13
1738,	7
1739,	6
1740,	4
1741,	10
1742,	10
1743,	11
1744,	2
1745,	8
1746,	10
1747,	9
1748,	14
1749,	9
1750,	0
1751,	3
1752,	4
1753,	7
1754,	8
1755,	10
1756,	9
1757,	13
1758,	4
1759,	8
1760,	10
1761,	11
1762,	10
1763,	9
1764,	11
1765,	13
1766,	2
1767,	10
1768,	9
1769,	13
1770,	3
1771,	3
1772,	12
1773,	7
1774,	6
1775,	10
1776,	5
1777,	11
1778,	13
1779,	9
1780,	11
1781,	1
1782,	13
1783,	3
1784,	9
1785,	8
1786,	13
1787,	12
1788,	2
1789,	9
1790,	2
1791,	6
1792,	9
1793,	12
1794,	8
1795,	6
1796,	10
1797,	8
1798,	9
1799,	9
1800,	2
1801,	13
1802,	6
1803,	13
1804,	10
1805,	13
1806,	13
1807,	12
1808,	7
1809,	6
1810,	11
1811,	14
1812,	11
1813,	8
1814,	7
1815,	11
1816,	10
1817,	11
1818,	14
1819,	8
1820,	1
1821,	12
1822,	10
1823,	11
1824,	10
1825,	13
1826,	0
1827,	11
1828,	14
1829,	10
1830,	9
1831,	10
1832,	9
1833,	10
1834,	12
1835,	9
1836,	13
1837,	3
1838,	13
1839,	8
1840,	8
1841,	8
1842,	13
1843,	11
1844,	10
1845,	12
1846,	4
1847,	8
1848,	9
1849,	14
1850,	8
1851,	12
1852,	7
1853,	9
1854,	1
1855,	4
1856,	10
1857,	11
1858,	13
1859,	14
1860,	14
1861,	9
1862,	14
1863,	8
1864,	12
1865,	7
1866,	9
1867,	2
1868,	8
1869,	5
1870,	10
1871,	9
1872,	8
1873,	10
1874,	11
1875,	7
1876,	6
1877,	8
1878,	11
1879,	9
1880,	9
1881,	11
1882,	12
1883,	5
1884,	14
1885,	8
1886,	9
1887,	9
1888,	6
1889,	11
1890,	3
1891,	14
1892,	9
1893,	6
1894,	2
1895,	8
1896,	10
1897,	6
1898,	8
1899,	10
1900,	14
1901,	12
1902,	13
1903,	8
1904,	11
1905,	11
1906,	7
1907,	3
1908,	14
1909,	14
1910,	13
1911,	12
1912,	3
1913,	9
1914,	4
1915,	11
1916,	12
1917,	12
1918,	4
1919,	12
1920,	7
1921,	8
1922,	12
1923,	11
1924,	14
1925,	11
1926,	6
1927,	11
1928,	11
1929,	10
1930,	14
1931,	6
1932,	10
1933,	13
1934,	9
1935,	3
1936,	7
1937,	8
1938,	4
1939,	12
1940,	14
1941,	8
1942,	11
1943,	12
1944,	10
1945,	14
1946,	14
1947,	12
1948,	11
1949,	10
1950,	10
1951,	6
1952,	10
1953,	14
1954,	10
1955,	14
1956,	14
1957,	12
1958,	12
1959,	3
1960,	11
1961,	10
1962,	13
1963,	9
1964,	3
1965,	9
1966,	10
1967,	12
1968,	13
1969,	7
1970,	9
1971,	11
1972,	11
1973,	10
1974,	2
1975,	9
1976,	12
1977,	10
1978,	14
1979,	5
1980,	14
1981,	6
1982,	12
1983,	14
1984,	13
1985,	8
1986,	11
1987,	9
1988,	12
1989,	7
1990,	12
1991,	12
1992,	12
1993,	7
1994,	14
1995,	7
1996,	6
1997,	13
1998,	14
1999,	14
