Instance: /home/gabriel/Documents/ufrgs/courses/oc/trab/instances/cmb01
Vertices: 500
Colors: 13
NumIterations: 500
Alpha: 0.750000
Is Factible?: false
Conflicts: 1
Solution Value: 141405.218750
Vertex,	Color
0,	0
1,	1
2,	0
3,	1
4,	1
5,	2
6,	0
7,	0
8,	1
9,	2
10,	6
11,	0
12,	5
13,	3
14,	3
15,	0
16,	2
17,	1
18,	3
19,	0
20,	0
21,	0
22,	5
23,	2
24,	1
25,	2
26,	1
27,	0
28,	0
29,	1
30,	0
31,	0
32,	0
33,	0
34,	7
35,	8
36,	5
37,	1
38,	2
39,	0
40,	0
41,	0
42,	4
43,	6
44,	3
45,	0
46,	0
47,	2
48,	2
49,	2
50,	0
51,	2
52,	1
53,	1
54,	7
55,	2
56,	0
57,	0
58,	6
59,	1
60,	2
61,	2
62,	1
63,	1
64,	1
65,	5
66,	1
67,	2
68,	1
69,	0
70,	3
71,	2
72,	6
73,	2
74,	0
75,	2
76,	3
77,	4
78,	0
79,	3
80,	3
81,	1
82,	8
83,	0
84,	0
85,	0
86,	3
87,	6
88,	0
89,	6
90,	3
91,	5
92,	2
93,	4
94,	3
95,	0
96,	1
97,	2
98,	0
99,	2
100,	5
101,	1
102,	3
103,	6
104,	0
105,	2
106,	3
107,	3
108,	0
109,	1
110,	1
111,	2
112,	1
113,	8
114,	5
115,	1
116,	0
117,	6
118,	0
119,	5
120,	3
121,	0
122,	1
123,	1
124,	1
125,	1
126,	3
127,	1
128,	2
129,	7
130,	0
131,	2
132,	10
133,	4
134,	4
135,	0
136,	5
137,	0
138,	7
139,	2
140,	0
141,	4
142,	5
143,	3
144,	6
145,	1
146,	5
147,	1
148,	4
149,	0
150,	4
151,	3
152,	0
153,	4
154,	4
155,	4
156,	3
157,	3
158,	6
159,	3
160,	2
161,	7
162,	5
163,	5
164,	6
165,	5
166,	0
167,	1
168,	2
169,	2
170,	6
171,	2
172,	2
173,	1
174,	0
175,	0
176,	2
177,	4
178,	4
179,	5
180,	4
181,	1
182,	4
183,	5
184,	2
185,	5
186,	2
187,	1
188,	0
189,	5
190,	5
191,	5
192,	3
193,	2
194,	4
195,	2
196,	2
197,	3
198,	1
199,	1
200,	1
201,	4
202,	2
203,	4
204,	4
205,	1
206,	2
207,	1
208,	3
209,	1
210,	4
211,	3
212,	10
213,	3
214,	4
215,	3
216,	3
217,	1
218,	6
219,	8
220,	3
221,	1
222,	3
223,	6
224,	2
225,	4
226,	6
227,	3
228,	0
229,	3
230,	1
231,	2
232,	7
233,	5
234,	2
235,	5
236,	0
237,	5
238,	2
239,	1
240,	3
241,	2
242,	7
243,	1
244,	9
245,	1
246,	4
247,	3
248,	6
249,	1
250,	3
251,	4
252,	3
253,	4
254,	4
255,	1
256,	1
257,	1
258,	4
259,	1
260,	6
261,	3
262,	4
263,	9
264,	4
265,	2
266,	3
267,	5
268,	5
269,	6
270,	6
271,	3
272,	6
273,	7
274,	7
275,	0
276,	8
277,	3
278,	4
279,	0
280,	2
281,	3
282,	6
283,	4
284,	4
285,	4
286,	5
287,	6
288,	5
289,	3
290,	5
291,	3
292,	6
293,	2
294,	7
295,	3
296,	7
297,	1
298,	4
299,	3
300,	3
301,	0
302,	4
303,	4
304,	0
305,	2
306,	2
307,	7
308,	3
309,	7
310,	8
311,	1
312,	2
313,	8
314,	6
315,	3
316,	6
317,	3
318,	2
319,	4
320,	3
321,	5
322,	8
323,	9
324,	6
325,	4
326,	0
327,	4
328,	9
329,	5
330,	1
331,	6
332,	3
333,	7
334,	9
335,	0
336,	5
337,	7
338,	4
339,	7
340,	7
341,	7
342,	7
343,	9
344,	2
345,	6
346,	4
347,	11
348,	7
349,	6
350,	4
351,	4
352,	9
353,	7
354,	4
355,	8
356,	9
357,	8
358,	7
359,	12
360,	8
361,	6
362,	4
363,	7
364,	7
365,	7
366,	5
367,	4
368,	8
369,	3
370,	5
371,	3
372,	5
373,	8
374,	4
375,	5
376,	6
377,	8
378,	5
379,	3
380,	9
381,	3
382,	2
383,	4
384,	5
385,	4
386,	7
387,	8
388,	4
389,	7
390,	7
391,	2
392,	3
393,	8
394,	11
395,	3
396,	10
397,	8
398,	6
399,	9
400,	7
401,	1
402,	0
403,	7
404,	5
405,	9
406,	9
407,	4
408,	11
409,	8
410,	8
411,	4
412,	2
413,	5
414,	5
415,	10
416,	9
417,	6
418,	10
419,	7
420,	9
421,	6
422,	5
423,	9
424,	8
425,	7
426,	10
427,	8
428,	1
429,	6
430,	10
431,	6
432,	11
433,	0
434,	5
435,	6
436,	8
437,	4
438,	5
439,	9
440,	12
441,	6
442,	12
443,	10
444,	3
445,	8
446,	10
447,	1
448,	3
449,	9
450,	8
451,	6
452,	7
453,	7
454,	3
455,	5
456,	9
457,	10
458,	6
459,	11
460,	10
461,	3
462,	8
463,	7
464,	6
465,	7
466,	9
467,	5
468,	7
469,	6
470,	3
471,	9
472,	7
473,	2
474,	8
475,	8
476,	9
477,	2
478,	5
479,	12
480,	9
481,	4
482,	9
483,	5
484,	8
485,	5
486,	8
487,	5
488,	7
489,	0
490,	6
491,	9
492,	11
493,	11
494,	10
495,	6
496,	10
497,	5
498,	6
499,	9
