Instance: /home/gabriel/Documents/ufrgs/courses/oc/trab/instances/cmb01
Vertices: 500
Colors: 12
NumIterations: 1
Alpha: 0.850000
Is Factible?: false
Conflicts: 7
Solution Value: 146733.046875
Vertex,	Color
0,	0
1,	1
2,	5
3,	1
4,	1
5,	0
6,	0
7,	0
8,	2
9,	4
10,	5
11,	0
12,	1
13,	6
14,	0
15,	0
16,	0
17,	1
18,	1
19,	0
20,	1
21,	1
22,	3
23,	5
24,	0
25,	2
26,	0
27,	3
28,	0
29,	1
30,	1
31,	0
32,	2
33,	0
34,	6
35,	1
36,	0
37,	0
38,	2
39,	6
40,	0
41,	2
42,	1
43,	0
44,	0
45,	1
46,	0
47,	0
48,	1
49,	1
50,	0
51,	4
52,	0
53,	2
54,	1
55,	0
56,	2
57,	2
58,	4
59,	0
60,	4
61,	2
62,	0
63,	2
64,	5
65,	5
66,	1
67,	2
68,	0
69,	1
70,	3
71,	1
72,	0
73,	1
74,	1
75,	1
76,	2
77,	4
78,	0
79,	2
80,	3
81,	1
82,	1
83,	1
84,	0
85,	0
86,	0
87,	0
88,	3
89,	2
90,	2
91,	3
92,	2
93,	1
94,	4
95,	1
96,	3
97,	3
98,	1
99,	5
100,	3
101,	0
102,	0
103,	7
104,	1
105,	1
106,	5
107,	4
108,	2
109,	2
110,	1
111,	8
112,	1
113,	3
114,	2
115,	0
116,	1
117,	2
118,	3
119,	2
120,	0
121,	0
122,	5
123,	3
124,	2
125,	1
126,	3
127,	5
128,	0
129,	4
130,	0
131,	2
132,	3
133,	0
134,	2
135,	2
136,	3
137,	3
138,	2
139,	2
140,	2
141,	0
142,	4
143,	2
144,	2
145,	5
146,	5
147,	3
148,	8
149,	2
150,	5
151,	6
152,	1
153,	1
154,	4
155,	2
156,	1
157,	3
158,	1
159,	4
160,	3
161,	6
162,	6
163,	4
164,	7
165,	4
166,	1
167,	0
168,	2
169,	4
170,	3
171,	3
172,	1
173,	3
174,	1
175,	3
176,	3
177,	8
178,	6
179,	9
180,	5
181,	1
182,	5
183,	7
184,	2
185,	4
186,	2
187,	0
188,	3
189,	6
190,	6
191,	3
192,	2
193,	3
194,	4
195,	3
196,	2
197,	5
198,	0
199,	1
200,	0
201,	3
202,	5
203,	5
204,	4
205,	1
206,	2
207,	6
208,	0
209,	5
210,	2
211,	1
212,	9
213,	4
214,	2
215,	2
216,	4
217,	4
218,	6
219,	5
220,	6
221,	1
222,	3
223,	2
224,	3
225,	0
226,	6
227,	4
228,	1
229,	3
230,	2
231,	5
232,	2
233,	6
234,	2
235,	4
236,	6
237,	3
238,	3
239,	3
240,	0
241,	2
242,	7
243,	4
244,	7
245,	1
246,	6
247,	4
248,	5
249,	3
250,	2
251,	2
252,	2
253,	7
254,	6
255,	5
256,	4
257,	1
258,	5
259,	0
260,	3
261,	4
262,	7
263,	0
264,	4
265,	2
266,	5
267,	4
268,	7
269,	7
270,	8
271,	5
272,	6
273,	4
274,	10
275,	1
276,	0
277,	3
278,	5
279,	1
280,	2
281,	4
282,	7
283,	7
284,	6
285,	4
286,	4
287,	4
288,	4
289,	5
290,	3
291,	4
292,	8
293,	3
294,	8
295,	4
296,	6
297,	4
298,	1
299,	4
300,	4
301,	1
302,	5
303,	4
304,	2
305,	6
306,	3
307,	8
308,	2
309,	6
310,	3
311,	3
312,	0
313,	7
314,	1
315,	6
316,	7
317,	3
318,	3
319,	3
320,	4
321,	5
322,	8
323,	6
324,	6
325,	5
326,	4
327,	5
328,	7
329,	7
330,	1
331,	7
332,	3
333,	8
334,	8
335,	0
336,	6
337,	8
338,	9
339,	7
340,	2
341,	7
342,	7
343,	9
344,	4
345,	7
346,	6
347,	5
348,	8
349,	6
350,	1
351,	0
352,	9
353,	8
354,	4
355,	2
356,	7
357,	9
358,	6
359,	11
360,	8
361,	3
362,	0
363,	8
364,	9
365,	8
366,	6
367,	4
368,	5
369,	6
370,	6
371,	5
372,	3
373,	4
374,	4
375,	6
376,	8
377,	7
378,	6
379,	6
380,	5
381,	0
382,	2
383,	3
384,	3
385,	5
386,	0
387,	9
388,	8
389,	9
390,	7
391,	3
392,	2
393,	8
394,	9
395,	1
396,	10
397,	9
398,	6
399,	9
400,	8
401,	0
402,	10
403,	7
404,	5
405,	10
406,	5
407,	4
408,	10
409,	9
410,	7
411,	5
412,	5
413,	6
414,	5
415,	5
416,	10
417,	5
418,	9
419,	5
420,	10
421,	6
422,	5
423,	10
424,	9
425,	7
426,	11
427,	6
428,	0
429,	7
430,	9
431,	6
432,	5
433,	7
434,	6
435,	11
436,	5
437,	7
438,	6
439,	7
440,	10
441,	8
442,	11
443,	2
444,	3
445,	10
446,	11
447,	2
448,	6
449,	8
450,	9
451,	3
452,	7
453,	7
454,	4
455,	6
456,	8
457,	11
458,	11
459,	10
460,	11
461,	3
462,	9
463,	7
464,	8
465,	7
466,	9
467,	4
468,	7
469,	6
470,	2
471,	10
472,	7
473,	2
474,	8
475,	11
476,	9
477,	2
478,	5
479,	11
480,	10
481,	4
482,	10
483,	5
484,	9
485,	9
486,	7
487,	10
488,	8
489,	1
490,	6
491,	2
492,	11
493,	8
494,	7
495,	9
496,	10
497,	4
498,	6
499,	4
