Instance: /home/gabriel/Documents/ufrgs/courses/oc/trab/instances/cmb01
Vertices: 500
Colors: 12
NumIterations: 1
Alpha: 0.850000
Is Factible?: false
Conflicts: 5
Solution Value: 150256.203125
Vertex,	Color
0,	0
1,	1
2,	2
3,	0
4,	3
5,	0
6,	0
7,	1
8,	1
9,	0
10,	4
11,	1
12,	0
13,	4
14,	1
15,	2
16,	1
17,	2
18,	4
19,	2
20,	0
21,	0
22,	1
23,	2
24,	1
25,	0
26,	3
27,	0
28,	1
29,	1
30,	1
31,	0
32,	2
33,	0
34,	3
35,	2
36,	0
37,	0
38,	2
39,	2
40,	1
41,	3
42,	0
43,	1
44,	1
45,	2
46,	0
47,	0
48,	11
49,	0
50,	0
51,	2
52,	1
53,	2
54,	0
55,	0
56,	1
57,	1
58,	0
59,	0
60,	2
61,	1
62,	1
63,	2
64,	0
65,	1
66,	1
67,	2
68,	4
69,	1
70,	0
71,	0
72,	0
73,	0
74,	1
75,	2
76,	1
77,	3
78,	1
79,	2
80,	0
81,	6
82,	0
83,	6
84,	1
85,	3
86,	2
87,	1
88,	2
89,	0
90,	3
91,	3
92,	0
93,	0
94,	5
95,	3
96,	2
97,	3
98,	3
99,	0
100,	6
101,	0
102,	1
103,	2
104,	2
105,	4
106,	3
107,	3
108,	2
109,	0
110,	0
111,	10
112,	0
113,	4
114,	2
115,	3
116,	1
117,	7
118,	1
119,	3
120,	2
121,	1
122,	4
123,	2
124,	2
125,	2
126,	4
127,	0
128,	0
129,	4
130,	0
131,	2
132,	0
133,	5
134,	0
135,	1
136,	4
137,	3
138,	6
139,	0
140,	1
141,	0
142,	3
143,	4
144,	4
145,	3
146,	5
147,	3
148,	8
149,	0
150,	5
151,	5
152,	1
153,	0
154,	4
155,	1
156,	2
157,	6
158,	3
159,	3
160,	3
161,	4
162,	9
163,	5
164,	7
165,	5
166,	0
167,	0
168,	2
169,	3
170,	5
171,	3
172,	2
173,	1
174,	1
175,	0
176,	4
177,	7
178,	5
179,	1
180,	6
181,	2
182,	5
183,	1
184,	2
185,	3
186,	5
187,	0
188,	2
189,	5
190,	4
191,	2
192,	3
193,	2
194,	4
195,	2
196,	2
197,	5
198,	1
199,	4
200,	1
201,	3
202,	5
203,	5
204,	5
205,	1
206,	4
207,	6
208,	1
209,	5
210,	3
211,	2
212,	8
213,	4
214,	3
215,	4
216,	3
217,	3
218,	6
219,	8
220,	2
221,	0
222,	4
223,	2
224,	3
225,	0
226,	3
227,	5
228,	1
229,	5
230,	2
231,	4
232,	4
233,	5
234,	1
235,	6
236,	8
237,	6
238,	2
239,	1
240,	1
241,	2
242,	6
243,	4
244,	7
245,	2
246,	3
247,	3
248,	6
249,	2
250,	3
251,	5
252,	2
253,	0
254,	5
255,	5
256,	5
257,	4
258,	4
259,	1
260,	6
261,	3
262,	8
263,	1
264,	3
265,	1
266,	5
267,	8
268,	6
269,	7
270,	7
271,	5
272,	4
273,	5
274,	8
275,	1
276,	9
277,	2
278,	5
279,	1
280,	0
281,	4
282,	7
283,	4
284,	7
285,	3
286,	5
287,	4
288,	4
289,	5
290,	0
291,	3
292,	6
293,	3
294,	9
295,	4
296,	6
297,	5
298,	2
299,	2
300,	3
301,	1
302,	7
303,	3
304,	1
305,	2
306,	2
307,	7
308,	3
309,	6
310,	7
311,	4
312,	2
313,	7
314,	6
315,	5
316,	6
317,	3
318,	3
319,	2
320,	4
321,	5
322,	7
323,	6
324,	7
325,	5
326,	2
327,	4
328,	8
329,	6
330,	0
331,	8
332,	6
333,	4
334,	8
335,	9
336,	5
337,	8
338,	4
339,	6
340,	7
341,	8
342,	6
343,	7
344,	2
345,	7
346,	7
347,	10
348,	7
349,	6
350,	2
351,	3
352,	9
353,	7
354,	4
355,	8
356,	9
357,	9
358,	5
359,	10
360,	8
361,	7
362,	1
363,	6
364,	6
365,	9
366,	5
367,	8
368,	6
369,	6
370,	7
371,	4
372,	4
373,	4
374,	4
375,	5
376,	7
377,	8
378,	6
379,	3
380,	10
381,	4
382,	3
383,	2
384,	2
385,	5
386,	10
387,	8
388,	2
389,	8
390,	7
391,	3
392,	5
393,	6
394,	9
395,	2
396,	8
397,	8
398,	3
399,	9
400,	6
401,	1
402,	9
403,	4
404,	5
405,	9
406,	0
407,	4
408,	11
409,	10
410,	7
411,	5
412,	8
413,	6
414,	11
415,	11
416,	9
417,	5
418,	9
419,	3
420,	9
421,	6
422,	8
423,	11
424,	7
425,	7
426,	10
427,	6
428,	5
429,	7
430,	9
431,	7
432,	1
433,	5
434,	5
435,	10
436,	5
437,	1
438,	5
439,	9
440,	0
441,	8
442,	10
443,	7
444,	3
445,	7
446,	10
447,	2
448,	6
449,	11
450,	11
451,	0
452,	7
453,	7
454,	4
455,	6
456,	9
457,	10
458,	10
459,	11
460,	10
461,	3
462,	0
463,	7
464,	4
465,	6
466,	8
467,	2
468,	6
469,	4
470,	8
471,	9
472,	7
473,	5
474,	6
475,	11
476,	1
477,	0
478,	6
479,	11
480,	9
481,	4
482,	9
483,	5
484,	8
485,	6
486,	8
487,	9
488,	3
489,	4
490,	4
491,	8
492,	11
493,	9
494,	6
495,	7
496,	10
497,	6
498,	6
499,	9
