Instance: /home/gabriel/Documents/ufrgs/courses/oc/trab/instances/cmb01
Vertices: 500
Colors: 12
NumIterations: 5
Alpha: 0.650000
Is Factible?: false
Conflicts: 3
Solution Value: 144592.656250
Vertex,	Color
0,	0
1,	4
2,	4
3,	0
4,	1
5,	3
6,	0
7,	3
8,	2
9,	4
10,	1
11,	3
12,	1
13,	4
14,	1
15,	0
16,	8
17,	6
18,	10
19,	1
20,	0
21,	1
22,	4
23,	4
24,	0
25,	2
26,	3
27,	1
28,	2
29,	1
30,	1
31,	1
32,	4
33,	1
34,	0
35,	0
36,	0
37,	1
38,	6
39,	9
40,	1
41,	0
42,	7
43,	1
44,	0
45,	2
46,	0
47,	1
48,	10
49,	3
50,	2
51,	1
52,	0
53,	5
54,	8
55,	2
56,	2
57,	4
58,	1
59,	0
60,	1
61,	1
62,	6
63,	3
64,	1
65,	5
66,	4
67,	2
68,	8
69,	6
70,	3
71,	0
72,	0
73,	4
74,	9
75,	1
76,	1
77,	6
78,	0
79,	5
80,	3
81,	0
82,	3
83,	0
84,	2
85,	3
86,	0
87,	1
88,	2
89,	1
90,	5
91,	0
92,	5
93,	6
94,	4
95,	8
96,	2
97,	1
98,	2
99,	11
100,	0
101,	2
102,	6
103,	1
104,	1
105,	4
106,	3
107,	6
108,	2
109,	2
110,	0
111,	8
112,	3
113,	5
114,	3
115,	0
116,	5
117,	1
118,	1
119,	2
120,	4
121,	8
122,	0
123,	6
124,	0
125,	2
126,	4
127,	10
128,	0
129,	3
130,	2
131,	2
132,	0
133,	2
134,	5
135,	2
136,	3
137,	2
138,	9
139,	2
140,	0
141,	3
142,	2
143,	5
144,	6
145,	3
146,	1
147,	3
148,	6
149,	0
150,	2
151,	4
152,	0
153,	0
154,	4
155,	2
156,	5
157,	6
158,	1
159,	1
160,	1
161,	3
162,	6
163,	5
164,	7
165,	3
166,	2
167,	0
168,	0
169,	0
170,	7
171,	5
172,	0
173,	3
174,	1
175,	1
176,	2
177,	0
178,	5
179,	5
180,	1
181,	0
182,	6
183,	5
184,	0
185,	3
186,	2
187,	1
188,	0
189,	1
190,	3
191,	0
192,	2
193,	2
194,	2
195,	5
196,	2
197,	1
198,	0
199,	3
200,	0
201,	6
202,	1
203,	0
204,	0
205,	3
206,	2
207,	5
208,	5
209,	2
210,	2
211,	2
212,	0
213,	1
214,	1
215,	0
216,	3
217,	0
218,	4
219,	3
220,	6
221,	0
222,	5
223,	3
224,	2
225,	0
226,	4
227,	5
228,	1
229,	1
230,	1
231,	5
232,	2
233,	4
234,	3
235,	6
236,	3
237,	4
238,	3
239,	1
240,	1
241,	0
242,	8
243,	4
244,	7
245,	2
246,	2
247,	5
248,	6
249,	3
250,	3
251,	2
252,	3
253,	8
254,	4
255,	3
256,	2
257,	1
258,	4
259,	5
260,	5
261,	4
262,	3
263,	5
264,	0
265,	4
266,	4
267,	2
268,	7
269,	8
270,	9
271,	4
272,	4
273,	4
274,	10
275,	2
276,	4
277,	1
278,	7
279,	1
280,	2
281,	6
282,	6
283,	7
284,	6
285,	0
286,	4
287,	3
288,	2
289,	4
290,	5
291,	2
292,	4
293,	5
294,	9
295,	4
296,	5
297,	2
298,	4
299,	3
300,	5
301,	0
302,	6
303,	1
304,	1
305,	4
306,	3
307,	7
308,	2
309,	6
310,	5
311,	4
312,	2
313,	4
314,	7
315,	4
316,	7
317,	1
318,	3
319,	3
320,	3
321,	4
322,	9
323,	5
324,	7
325,	5
326,	3
327,	5
328,	8
329,	2
330,	1
331,	9
332,	5
333,	3
334,	8
335,	1
336,	4
337,	7
338,	1
339,	5
340,	3
341,	7
342,	2
343,	5
344,	0
345,	6
346,	6
347,	3
348,	7
349,	0
350,	0
351,	0
352,	7
353,	8
354,	4
355,	5
356,	0
357,	8
358,	7
359,	7
360,	8
361,	7
362,	3
363,	7
364,	7
365,	9
366,	7
367,	3
368,	6
369,	4
370,	7
371,	7
372,	5
373,	5
374,	6
375,	6
376,	7
377,	2
378,	6
379,	4
380,	7
381,	4
382,	2
383,	3
384,	5
385,	6
386,	8
387,	10
388,	6
389,	7
390,	7
391,	5
392,	2
393,	9
394,	8
395,	3
396,	10
397,	5
398,	6
399,	9
400,	7
401,	6
402,	4
403,	5
404,	4
405,	6
406,	8
407,	4
408,	10
409,	8
410,	4
411,	0
412,	6
413,	6
414,	6
415,	11
416,	5
417,	5
418,	11
419,	6
420,	10
421,	8
422,	5
423,	0
424,	7
425,	7
426,	9
427,	5
428,	0
429,	4
430,	9
431,	8
432,	9
433,	7
434,	6
435,	6
436,	5
437,	3
438,	7
439,	11
440,	0
441,	9
442,	2
443,	7
444,	4
445,	8
446,	11
447,	2
448,	6
449,	10
450,	9
451,	0
452,	7
453,	10
454,	4
455,	6
456,	9
457,	11
458,	6
459,	10
460,	11
461,	3
462,	6
463,	7
464,	7
465,	8
466,	9
467,	4
468,	8
469,	5
470,	8
471,	10
472,	7
473,	2
474,	8
475,	9
476,	9
477,	2
478,	5
479,	11
480,	8
481,	3
482,	10
483,	6
484,	8
485,	9
486,	8
487,	8
488,	5
489,	1
490,	5
491,	9
492,	11
493,	9
494,	10
495,	5
496,	9
497,	9
498,	7
499,	3
