Instance: /home/gabriel/Documents/ufrgs/courses/oc/trab/instances/cmb01
Vertices: 500
Colors: 12
NumIterations: 1
Alpha: 0.850000
Is Factible?: false
Conflicts: 4
Solution Value: 148433.750000
Vertex,	Color
0,	0
1,	1
2,	2
3,	0
4,	3
5,	0
6,	0
7,	3
8,	3
9,	0
10,	1
11,	1
12,	1
13,	0
14,	1
15,	2
16,	3
17,	4
18,	3
19,	0
20,	0
21,	0
22,	1
23,	2
24,	0
25,	1
26,	2
27,	1
28,	1
29,	1
30,	0
31,	0
32,	2
33,	5
34,	2
35,	1
36,	0
37,	5
38,	1
39,	1
40,	0
41,	0
42,	0
43,	3
44,	1
45,	0
46,	0
47,	0
48,	4
49,	1
50,	4
51,	1
52,	1
53,	1
54,	0
55,	0
56,	4
57,	3
58,	0
59,	1
60,	1
61,	1
62,	0
63,	0
64,	0
65,	3
66,	1
67,	3
68,	2
69,	4
70,	2
71,	2
72,	5
73,	1
74,	3
75,	1
76,	0
77,	8
78,	1
79,	3
80,	2
81,	0
82,	1
83,	0
84,	0
85,	0
86,	2
87,	1
88,	4
89,	0
90,	7
91,	2
92,	2
93,	0
94,	8
95,	2
96,	3
97,	1
98,	1
99,	0
100,	2
101,	0
102,	3
103,	3
104,	0
105,	1
106,	2
107,	4
108,	0
109,	0
110,	2
111,	4
112,	0
113,	5
114,	3
115,	2
116,	0
117,	6
118,	1
119,	3
120,	3
121,	6
122,	2
123,	1
124,	1
125,	0
126,	4
127,	2
128,	0
129,	6
130,	2
131,	2
132,	0
133,	0
134,	4
135,	1
136,	2
137,	7
138,	6
139,	1
140,	3
141,	4
142,	2
143,	4
144,	3
145,	0
146,	5
147,	3
148,	7
149,	1
150,	6
151,	4
152,	3
153,	3
154,	2
155,	4
156,	0
157,	1
158,	4
159,	2
160,	2
161,	6
162,	5
163,	5
164,	6
165,	5
166,	1
167,	2
168,	2
169,	2
170,	5
171,	4
172,	1
173,	5
174,	4
175,	0
176,	2
177,	4
178,	5
179,	10
180,	3
181,	0
182,	4
183,	2
184,	3
185,	3
186,	3
187,	0
188,	2
189,	4
190,	6
191,	2
192,	2
193,	2
194,	4
195,	2
196,	2
197,	1
198,	9
199,	5
200,	1
201,	4
202,	5
203,	5
204,	5
205,	3
206,	3
207,	6
208,	3
209,	4
210,	4
211,	2
212,	9
213,	4
214,	6
215,	4
216,	4
217,	2
218,	5
219,	7
220,	6
221,	1
222,	5
223,	1
224,	3
225,	2
226,	6
227,	4
228,	0
229,	5
230,	1
231,	4
232,	5
233,	5
234,	3
235,	4
236,	1
237,	2
238,	1
239,	1
240,	1
241,	0
242,	8
243,	3
244,	7
245,	1
246,	4
247,	5
248,	5
249,	3
250,	1
251,	5
252,	5
253,	4
254,	5
255,	5
256,	4
257,	1
258,	3
259,	3
260,	6
261,	3
262,	6
263,	2
264,	3
265,	3
266,	5
267,	7
268,	7
269,	6
270,	7
271,	5
272,	5
273,	6
274,	8
275,	0
276,	9
277,	6
278,	5
279,	2
280,	2
281,	4
282,	7
283,	3
284,	6
285,	3
286,	5
287,	7
288,	3
289,	2
290,	0
291,	4
292,	6
293,	3
294,	8
295,	2
296,	7
297,	5
298,	3
299,	2
300,	4
301,	1
302,	4
303,	4
304,	4
305,	3
306,	3
307,	7
308,	1
309,	6
310,	7
311,	2
312,	1
313,	8
314,	8
315,	5
316,	7
317,	1
318,	3
319,	4
320,	4
321,	6
322,	7
323,	6
324,	7
325,	5
326,	2
327,	1
328,	9
329,	6
330,	0
331,	6
332,	2
333,	4
334,	9
335,	3
336,	5
337,	9
338,	5
339,	6
340,	5
341,	7
342,	7
343,	10
344,	3
345,	8
346,	5
347,	5
348,	7
349,	6
350,	6
351,	3
352,	9
353,	8
354,	4
355,	3
356,	0
357,	8
358,	5
359,	10
360,	7
361,	1
362,	4
363,	7
364,	8
365,	6
366,	7
367,	6
368,	7
369,	6
370,	5
371,	7
372,	6
373,	4
374,	3
375,	6
376,	8
377,	6
378,	6
379,	6
380,	10
381,	4
382,	2
383,	3
384,	4
385,	4
386,	8
387,	9
388,	6
389,	8
390,	7
391,	3
392,	2
393,	8
394,	9
395,	5
396,	10
397,	8
398,	3
399,	8
400,	7
401,	0
402,	1
403,	6
404,	4
405,	10
406,	7
407,	5
408,	11
409,	8
410,	8
411,	5
412,	9
413,	6
414,	10
415,	0
416,	6
417,	7
418,	9
419,	4
420,	9
421,	6
422,	5
423,	10
424,	8
425,	7
426,	10
427,	6
428,	1
429,	2
430,	10
431,	7
432,	3
433,	5
434,	5
435,	10
436,	6
437,	4
438,	5
439,	9
440,	11
441,	9
442,	11
443,	6
444,	2
445,	7
446,	11
447,	3
448,	4
449,	9
450,	8
451,	7
452,	7
453,	10
454,	4
455,	6
456,	10
457,	9
458,	6
459,	11
460,	9
461,	2
462,	0
463,	8
464,	7
465,	6
466,	5
467,	5
468,	6
469,	6
470,	2
471,	8
472,	7
473,	3
474,	8
475,	11
476,	1
477,	2
478,	7
479,	11
480,	10
481,	4
482,	10
483,	5
484,	8
485,	9
486,	8
487,	7
488,	7
489,	0
490,	4
491,	9
492,	11
493,	10
494,	11
495,	9
496,	10
497,	6
498,	2
499,	9
