Instance: /home/gabriel/Documents/ufrgs/courses/oc/trab/instances/cmb01
Vertices: 500
Colors: 12
NumIterations: 100
Alpha: 0.750000
Is Factible?: false
Conflicts: 1
Solution Value: 148478.265625
Vertex,	Color
0,	2
1,	1
2,	2
3,	4
4,	4
5,	6
6,	0
7,	0
8,	1
9,	2
10,	3
11,	6
12,	0
13,	0
14,	4
15,	0
16,	11
17,	0
18,	11
19,	6
20,	0
21,	0
22,	5
23,	9
24,	2
25,	0
26,	0
27,	1
28,	0
29,	0
30,	1
31,	0
32,	1
33,	0
34,	3
35,	6
36,	0
37,	0
38,	6
39,	5
40,	1
41,	1
42,	0
43,	2
44,	1
45,	6
46,	2
47,	4
48,	0
49,	0
50,	0
51,	7
52,	1
53,	0
54,	1
55,	2
56,	0
57,	0
58,	2
59,	2
60,	0
61,	2
62,	1
63,	6
64,	1
65,	2
66,	0
67,	1
68,	5
69,	0
70,	1
71,	1
72,	10
73,	1
74,	7
75,	4
76,	2
77,	8
78,	0
79,	6
80,	3
81,	6
82,	8
83,	2
84,	2
85,	3
86,	1
87,	1
88,	4
89,	7
90,	2
91,	2
92,	1
93,	2
94,	1
95,	2
96,	7
97,	1
98,	0
99,	2
100,	4
101,	1
102,	3
103,	6
104,	0
105,	1
106,	2
107,	3
108,	1
109,	1
110,	2
111,	0
112,	2
113,	1
114,	1
115,	0
116,	1
117,	7
118,	3
119,	4
120,	3
121,	2
122,	0
123,	1
124,	1
125,	3
126,	2
127,	5
128,	1
129,	3
130,	1
131,	2
132,	4
133,	2
134,	3
135,	1
136,	1
137,	0
138,	11
139,	2
140,	0
141,	2
142,	5
143,	7
144,	1
145,	1
146,	6
147,	5
148,	8
149,	0
150,	5
151,	0
152,	0
153,	1
154,	2
155,	5
156,	5
157,	0
158,	1
159,	4
160,	1
161,	3
162,	9
163,	5
164,	7
165,	1
166,	0
167,	1
168,	4
169,	2
170,	3
171,	0
172,	1
173,	1
174,	5
175,	2
176,	2
177,	4
178,	4
179,	9
180,	4
181,	0
182,	5
183,	3
184,	3
185,	3
186,	0
187,	0
188,	5
189,	4
190,	4
191,	6
192,	2
193,	3
194,	0
195,	6
196,	2
197,	4
198,	4
199,	0
200,	1
201,	5
202,	4
203,	5
204,	5
205,	0
206,	3
207,	5
208,	2
209,	7
210,	3
211,	0
212,	7
213,	3
214,	6
215,	3
216,	1
217,	6
218,	4
219,	7
220,	6
221,	0
222,	8
223,	4
224,	3
225,	0
226,	5
227,	3
228,	0
229,	3
230,	3
231,	5
232,	2
233,	4
234,	2
235,	9
236,	3
237,	4
238,	5
239,	1
240,	3
241,	5
242,	6
243,	2
244,	7
245,	1
246,	3
247,	4
248,	5
249,	5
250,	2
251,	4
252,	3
253,	10
254,	1
255,	2
256,	2
257,	0
258,	4
259,	8
260,	3
261,	4
262,	3
263,	2
264,	3
265,	2
266,	0
267,	1
268,	5
269,	5
270,	10
271,	4
272,	6
273,	5
274,	8
275,	1
276,	6
277,	4
278,	3
279,	4
280,	2
281,	2
282,	5
283,	4
284,	8
285,	3
286,	2
287,	4
288,	2
289,	4
290,	1
291,	3
292,	5
293,	3
294,	10
295,	2
296,	7
297,	2
298,	3
299,	2
300,	3
301,	1
302,	5
303,	3
304,	0
305,	6
306,	2
307,	7
308,	3
309,	6
310,	7
311,	4
312,	1
313,	8
314,	6
315,	4
316,	3
317,	3
318,	4
319,	3
320,	4
321,	2
322,	4
323,	6
324,	6
325,	5
326,	6
327,	4
328,	7
329,	6
330,	2
331,	5
332,	4
333,	6
334,	9
335,	2
336,	7
337,	7
338,	4
339,	6
340,	4
341,	3
342,	2
343,	5
344,	2
345,	2
346,	8
347,	10
348,	7
349,	7
350,	1
351,	0
352,	9
353,	6
354,	5
355,	3
356,	9
357,	8
358,	6
359,	3
360,	8
361,	1
362,	6
363,	6
364,	7
365,	8
366,	6
367,	4
368,	8
369,	2
370,	8
371,	8
372,	3
373,	3
374,	4
375,	6
376,	7
377,	0
378,	5
379,	6
380,	6
381,	1
382,	2
383,	3
384,	3
385,	6
386,	8
387,	8
388,	8
389,	6
390,	8
391,	0
392,	3
393,	8
394,	10
395,	5
396,	9
397,	7
398,	0
399,	9
400,	7
401,	2
402,	6
403,	6
404,	5
405,	9
406,	3
407,	3
408,	11
409,	9
410,	8
411,	5
412,	5
413,	6
414,	5
415,	9
416,	7
417,	4
418,	9
419,	3
420,	9
421,	6
422,	8
423,	4
424,	8
425,	7
426,	1
427,	6
428,	1
429,	4
430,	10
431,	6
432,	1
433,	6
434,	6
435,	5
436,	6
437,	3
438,	7
439,	7
440,	10
441,	7
442,	0
443,	3
444,	3
445,	8
446,	10
447,	5
448,	2
449,	9
450,	1
451,	4
452,	8
453,	9
454,	4
455,	6
456,	8
457,	9
458,	1
459,	10
460,	10
461,	4
462,	8
463,	7
464,	8
465,	5
466,	9
467,	1
468,	9
469,	3
470,	8
471,	9
472,	7
473,	6
474,	7
475,	10
476,	1
477,	2
478,	8
479,	11
480,	9
481,	4
482,	10
483,	5
484,	9
485,	9
486,	4
487,	7
488,	6
489,	0
490,	6
491,	9
492,	11
493,	9
494,	7
495,	7
496,	9
497,	9
498,	6
499,	10
