Instance: /home/gabriel/Documents/ufrgs/courses/oc/trab/instances/cmb01
Vertices: 500
Colors: 12
NumIterations: 1
Alpha: 0.850000
Is Factible?: false
Conflicts: 5
Solution Value: 153567.187500
Vertex,	Color
0,	0
1,	1
2,	0
3,	2
4,	1
5,	0
6,	0
7,	1
8,	3
9,	2
10,	4
11,	3
12,	0
13,	2
14,	3
15,	0
16,	0
17,	2
18,	3
19,	6
20,	0
21,	0
22,	1
23,	2
24,	2
25,	1
26,	3
27,	1
28,	0
29,	1
30,	1
31,	0
32,	1
33,	0
34,	4
35,	1
36,	0
37,	0
38,	5
39,	1
40,	1
41,	4
42,	0
43,	1
44,	2
45,	1
46,	0
47,	0
48,	0
49,	0
50,	0
51,	3
52,	1
53,	2
54,	0
55,	0
56,	0
57,	3
58,	0
59,	1
60,	1
61,	3
62,	1
63,	3
64,	1
65,	2
66,	1
67,	2
68,	3
69,	0
70,	0
71,	1
72,	2
73,	1
74,	0
75,	0
76,	4
77,	2
78,	1
79,	4
80,	6
81,	6
82,	2
83,	1
84,	0
85,	1
86,	1
87,	2
88,	2
89,	8
90,	2
91,	2
92,	0
93,	1
94,	6
95,	2
96,	3
97,	4
98,	2
99,	1
100,	6
101,	2
102,	3
103,	4
104,	1
105,	1
106,	6
107,	4
108,	2
109,	1
110,	0
111,	4
112,	2
113,	7
114,	3
115,	0
116,	1
117,	8
118,	2
119,	4
120,	1
121,	2
122,	5
123,	3
124,	3
125,	2
126,	2
127,	0
128,	1
129,	4
130,	0
131,	1
132,	5
133,	0
134,	3
135,	1
136,	3
137,	0
138,	9
139,	0
140,	1
141,	4
142,	1
143,	2
144,	4
145,	2
146,	5
147,	3
148,	7
149,	3
150,	4
151,	5
152,	4
153,	1
154,	4
155,	3
156,	1
157,	5
158,	2
159,	4
160,	0
161,	4
162,	7
163,	5
164,	6
165,	4
166,	0
167,	0
168,	5
169,	2
170,	5
171,	2
172,	1
173,	1
174,	1
175,	0
176,	2
177,	5
178,	5
179,	3
180,	3
181,	1
182,	5
183,	3
184,	4
185,	3
186,	5
187,	1
188,	2
189,	6
190,	4
191,	2
192,	1
193,	3
194,	0
195,	8
196,	2
197,	3
198,	3
199,	3
200,	1
201,	6
202,	5
203,	5
204,	5
205,	2
206,	2
207,	8
208,	1
209,	1
210,	3
211,	1
212,	8
213,	3
214,	5
215,	3
216,	4
217,	4
218,	6
219,	1
220,	7
221,	0
222,	5
223,	3
224,	3
225,	4
226,	4
227,	6
228,	1
229,	2
230,	3
231,	5
232,	5
233,	5
234,	3
235,	5
236,	7
237,	6
238,	2
239,	3
240,	3
241,	2
242,	6
243,	5
244,	8
245,	1
246,	0
247,	3
248,	5
249,	2
250,	2
251,	2
252,	3
253,	2
254,	6
255,	3
256,	4
257,	4
258,	4
259,	2
260,	6
261,	3
262,	2
263,	10
264,	4
265,	3
266,	0
267,	7
268,	6
269,	7
270,	8
271,	5
272,	3
273,	4
274,	9
275,	0
276,	9
277,	6
278,	5
279,	0
280,	0
281,	1
282,	8
283,	3
284,	9
285,	4
286,	5
287,	4
288,	4
289,	5
290,	7
291,	2
292,	6
293,	3
294,	9
295,	1
296,	6
297,	5
298,	3
299,	1
300,	1
301,	0
302,	6
303,	3
304,	0
305,	4
306,	2
307,	8
308,	3
309,	6
310,	7
311,	4
312,	3
313,	7
314,	6
315,	6
316,	6
317,	2
318,	2
319,	2
320,	4
321,	4
322,	4
323,	6
324,	6
325,	5
326,	2
327,	4
328,	8
329,	6
330,	0
331,	6
332,	5
333,	2
334,	8
335,	7
336,	5
337,	9
338,	5
339,	7
340,	5
341,	7
342,	7
343,	1
344,	2
345,	5
346,	0
347,	11
348,	7
349,	6
350,	1
351,	2
352,	10
353,	7
354,	4
355,	8
356,	7
357,	7
358,	5
359,	8
360,	7
361,	6
362,	3
363,	7
364,	8
365,	7
366,	6
367,	4
368,	7
369,	3
370,	8
371,	6
372,	5
373,	6
374,	4
375,	5
376,	8
377,	7
378,	7
379,	3
380,	10
381,	2
382,	2
383,	3
384,	5
385,	4
386,	9
387,	8
388,	9
389,	8
390,	8
391,	0
392,	3
393,	7
394,	9
395,	1
396,	10
397,	8
398,	4
399,	8
400,	6
401,	2
402,	4
403,	4
404,	5
405,	9
406,	5
407,	4
408,	11
409,	10
410,	6
411,	5
412,	8
413,	5
414,	11
415,	0
416,	9
417,	5
418,	10
419,	6
420,	9
421,	6
422,	5
423,	11
424,	9
425,	7
426,	10
427,	7
428,	6
429,	8
430,	9
431,	6
432,	10
433,	0
434,	5
435,	8
436,	5
437,	3
438,	5
439,	7
440,	2
441,	8
442,	11
443,	8
444,	4
445,	9
446,	10
447,	1
448,	1
449,	10
450,	10
451,	6
452,	7
453,	9
454,	4
455,	6
456,	9
457,	11
458,	11
459,	11
460,	10
461,	3
462,	8
463,	7
464,	9
465,	3
466,	9
467,	5
468,	7
469,	6
470,	8
471,	9
472,	7
473,	2
474,	6
475,	7
476,	7
477,	0
478,	6
479,	11
480,	10
481,	2
482,	10
483,	5
484,	8
485,	9
486,	5
487,	9
488,	8
489,	4
490,	5
491,	9
492,	11
493,	9
494,	6
495,	6
496,	8
497,	9
498,	4
499,	4
