Instance: /home/gabriel/Documents/ufrgs/courses/oc/trab/instances/cmb01
Vertices: 500
Colors: 12
NumIterations: 1
Alpha: 0.650000
Is Factible?: false
Conflicts: 5
Solution Value: 148468.031250
Vertex,	Color
0,	3
1,	0
2,	7
3,	5
4,	4
5,	0
6,	2
7,	5
8,	0
9,	3
10,	1
11,	1
12,	1
13,	4
14,	1
15,	1
16,	0
17,	1
18,	6
19,	3
20,	3
21,	2
22,	8
23,	9
24,	2
25,	3
26,	7
27,	3
28,	1
29,	2
30,	2
31,	2
32,	3
33,	1
34,	3
35,	6
36,	5
37,	0
38,	2
39,	7
40,	2
41,	4
42,	0
43,	1
44,	4
45,	5
46,	0
47,	1
48,	4
49,	2
50,	6
51,	1
52,	1
53,	5
54,	2
55,	3
56,	1
57,	4
58,	2
59,	2
60,	5
61,	2
62,	1
63,	2
64,	2
65,	6
66,	2
67,	1
68,	7
69,	6
70,	2
71,	0
72,	5
73,	2
74,	6
75,	3
76,	0
77,	8
78,	0
79,	5
80,	2
81,	7
82,	9
83,	7
84,	3
85,	4
86,	0
87,	2
88,	3
89,	5
90,	3
91,	0
92,	2
93,	5
94,	2
95,	1
96,	1
97,	0
98,	9
99,	4
100,	5
101,	0
102,	1
103,	1
104,	1
105,	1
106,	2
107,	2
108,	1
109,	0
110,	0
111,	4
112,	2
113,	5
114,	0
115,	1
116,	3
117,	11
118,	6
119,	4
120,	3
121,	0
122,	1
123,	5
124,	1
125,	1
126,	1
127,	0
128,	2
129,	5
130,	0
131,	3
132,	0
133,	0
134,	10
135,	4
136,	2
137,	8
138,	5
139,	4
140,	1
141,	0
142,	7
143,	4
144,	4
145,	0
146,	5
147,	2
148,	3
149,	0
150,	3
151,	8
152,	0
153,	0
154,	4
155,	1
156,	4
157,	0
158,	0
159,	3
160,	5
161,	2
162,	0
163,	5
164,	6
165,	2
166,	4
167,	2
168,	1
169,	0
170,	7
171,	6
172,	3
173,	0
174,	0
175,	8
176,	1
177,	3
178,	4
179,	5
180,	2
181,	1
182,	3
183,	3
184,	4
185,	6
186,	1
187,	5
188,	3
189,	4
190,	4
191,	5
192,	2
193,	2
194,	5
195,	2
196,	3
197,	2
198,	7
199,	5
200,	0
201,	4
202,	2
203,	4
204,	2
205,	5
206,	1
207,	3
208,	2
209,	0
210,	1
211,	1
212,	6
213,	4
214,	1
215,	3
216,	4
217,	2
218,	1
219,	8
220,	7
221,	5
222,	5
223,	2
224,	0
225,	0
226,	3
227,	0
228,	0
229,	3
230,	3
231,	4
232,	4
233,	3
234,	3
235,	3
236,	3
237,	2
238,	1
239,	1
240,	4
241,	4
242,	3
243,	7
244,	6
245,	2
246,	2
247,	4
248,	6
249,	3
250,	1
251,	2
252,	1
253,	5
254,	2
255,	2
256,	8
257,	0
258,	5
259,	1
260,	3
261,	1
262,	9
263,	1
264,	4
265,	3
266,	5
267,	5
268,	5
269,	0
270,	6
271,	1
272,	7
273,	6
274,	9
275,	4
276,	2
277,	0
278,	7
279,	2
280,	2
281,	2
282,	4
283,	5
284,	8
285,	4
286,	2
287,	3
288,	2
289,	0
290,	0
291,	1
292,	4
293,	6
294,	2
295,	2
296,	7
297,	10
298,	1
299,	2
300,	1
301,	1
302,	4
303,	4
304,	1
305,	3
306,	1
307,	6
308,	4
309,	6
310,	6
311,	4
312,	0
313,	7
314,	5
315,	3
316,	1
317,	2
318,	1
319,	3
320,	4
321,	4
322,	4
323,	5
324,	7
325,	5
326,	3
327,	4
328,	6
329,	5
330,	2
331,	7
332,	3
333,	4
334,	8
335,	1
336,	8
337,	7
338,	5
339,	7
340,	1
341,	3
342,	5
343,	7
344,	5
345,	8
346,	4
347,	9
348,	7
349,	2
350,	0
351,	1
352,	10
353,	9
354,	3
355,	4
356,	3
357,	8
358,	5
359,	10
360,	7
361,	3
362,	1
363,	6
364,	8
365,	8
366,	2
367,	4
368,	6
369,	6
370,	5
371,	4
372,	4
373,	4
374,	3
375,	2
376,	7
377,	6
378,	5
379,	5
380,	6
381,	3
382,	2
383,	3
384,	4
385,	5
386,	3
387,	8
388,	4
389,	7
390,	7
391,	1
392,	4
393,	7
394,	8
395,	4
396,	9
397,	6
398,	1
399,	8
400,	3
401,	6
402,	9
403,	5
404,	4
405,	5
406,	0
407,	3
408,	11
409,	5
410,	8
411,	2
412,	6
413,	6
414,	11
415,	0
416,	3
417,	4
418,	10
419,	6
420,	9
421,	5
422,	0
423,	4
424,	8
425,	6
426,	10
427,	7
428,	1
429,	5
430,	9
431,	6
432,	0
433,	5
434,	8
435,	8
436,	6
437,	6
438,	6
439,	10
440,	1
441,	7
442,	1
443,	6
444,	3
445,	0
446,	10
447,	5
448,	5
449,	10
450,	6
451,	5
452,	7
453,	9
454,	4
455,	5
456,	8
457,	11
458,	10
459,	11
460,	10
461,	4
462,	9
463,	6
464,	6
465,	7
466,	8
467,	3
468,	9
469,	6
470,	0
471,	8
472,	7
473,	1
474,	9
475,	8
476,	3
477,	2
478,	6
479,	11
480,	9
481,	4
482,	10
483,	4
484,	9
485,	7
486,	5
487,	8
488,	7
489,	6
490,	5
491,	3
492,	11
493,	9
494,	7
495,	8
496,	9
497,	5
498,	5
499,	10
