Instance: /home/gabriel/Documents/ufrgs/courses/oc/trab/instances/cmb03
Vertices: 1000
Colors: 18
NumIterations: 10000000
Alpha: 0.850000
Is Factible?: false
Conflicts: 1
Solution Value: 212813.578125
Vertex,	Color
0,	0
1,	0
2,	0
3,	1
4,	1
5,	5
6,	5
7,	0
8,	3
9,	7
10,	1
11,	0
12,	0
13,	0
14,	0
15,	1
16,	5
17,	4
18,	5
19,	0
20,	4
21,	2
22,	2
23,	4
24,	0
25,	2
26,	3
27,	0
28,	2
29,	1
30,	2
31,	2
32,	1
33,	1
34,	4
35,	3
36,	1
37,	6
38,	3
39,	0
40,	1
41,	0
42,	0
43,	1
44,	1
45,	2
46,	1
47,	11
48,	5
49,	4
50,	4
51,	2
52,	5
53,	0
54,	1
55,	4
56,	6
57,	1
58,	3
59,	2
60,	0
61,	2
62,	1
63,	1
64,	2
65,	0
66,	0
67,	0
68,	2
69,	4
70,	0
71,	2
72,	2
73,	1
74,	1
75,	0
76,	2
77,	3
78,	1
79,	0
80,	8
81,	1
82,	1
83,	3
84,	1
85,	2
86,	1
87,	5
88,	4
89,	1
90,	0
91,	5
92,	0
93,	5
94,	0
95,	1
96,	2
97,	2
98,	4
99,	0
100,	3
101,	2
102,	2
103,	4
104,	1
105,	1
106,	1
107,	1
108,	1
109,	5
110,	7
111,	1
112,	1
113,	3
114,	9
115,	0
116,	1
117,	1
118,	0
119,	1
120,	1
121,	11
122,	6
123,	3
124,	8
125,	0
126,	2
127,	3
128,	0
129,	0
130,	2
131,	0
132,	5
133,	3
134,	0
135,	6
136,	0
137,	2
138,	3
139,	3
140,	0
141,	0
142,	1
143,	3
144,	6
145,	3
146,	0
147,	2
148,	2
149,	4
150,	3
151,	7
152,	1
153,	0
154,	2
155,	1
156,	5
157,	1
158,	4
159,	2
160,	2
161,	0
162,	9
163,	1
164,	6
165,	2
166,	3
167,	5
168,	0
169,	1
170,	3
171,	3
172,	1
173,	3
174,	4
175,	2
176,	0
177,	5
178,	0
179,	3
180,	6
181,	2
182,	0
183,	1
184,	3
185,	3
186,	0
187,	4
188,	0
189,	4
190,	6
191,	3
192,	7
193,	2
194,	0
195,	2
196,	2
197,	2
198,	4
199,	0
200,	4
201,	0
202,	0
203,	2
204,	0
205,	3
206,	0
207,	1
208,	8
209,	1
210,	3
211,	4
212,	4
213,	8
214,	4
215,	1
216,	6
217,	0
218,	2
219,	13
220,	0
221,	1
222,	4
223,	5
224,	1
225,	2
226,	2
227,	3
228,	5
229,	5
230,	0
231,	6
232,	1
233,	0
234,	2
235,	2
236,	0
237,	4
238,	1
239,	3
240,	2
241,	3
242,	3
243,	3
244,	3
245,	8
246,	0
247,	5
248,	4
249,	0
250,	7
251,	0
252,	4
253,	2
254,	1
255,	2
256,	2
257,	3
258,	2
259,	2
260,	5
261,	4
262,	0
263,	2
264,	4
265,	6
266,	1
267,	10
268,	7
269,	5
270,	6
271,	4
272,	2
273,	1
274,	7
275,	5
276,	2
277,	1
278,	3
279,	9
280,	4
281,	4
282,	3
283,	8
284,	0
285,	1
286,	3
287,	5
288,	8
289,	4
290,	5
291,	7
292,	1
293,	4
294,	9
295,	3
296,	5
297,	6
298,	1
299,	4
300,	1
301,	2
302,	2
303,	1
304,	8
305,	8
306,	4
307,	8
308,	1
309,	4
310,	6
311,	3
312,	6
313,	3
314,	6
315,	4
316,	8
317,	3
318,	6
319,	1
320,	4
321,	0
322,	4
323,	5
324,	5
325,	3
326,	0
327,	2
328,	14
329,	3
330,	9
331,	2
332,	6
333,	4
334,	6
335,	7
336,	4
337,	7
338,	9
339,	12
340,	3
341,	7
342,	0
343,	4
344,	0
345,	4
346,	0
347,	4
348,	3
349,	2
350,	7
351,	4
352,	9
353,	4
354,	5
355,	3
356,	2
357,	8
358,	7
359,	2
360,	3
361,	3
362,	0
363,	6
364,	2
365,	4
366,	2
367,	5
368,	4
369,	4
370,	1
371,	2
372,	4
373,	1
374,	6
375,	5
376,	4
377,	9
378,	4
379,	5
380,	3
381,	5
382,	5
383,	3
384,	0
385,	1
386,	5
387,	3
388,	5
389,	0
390,	6
391,	5
392,	3
393,	3
394,	5
395,	1
396,	11
397,	5
398,	0
399,	3
400,	10
401,	4
402,	3
403,	3
404,	6
405,	0
406,	1
407,	2
408,	3
409,	4
410,	6
411,	4
412,	3
413,	3
414,	6
415,	6
416,	9
417,	7
418,	5
419,	2
420,	3
421,	5
422,	6
423,	3
424,	3
425,	2
426,	6
427,	6
428,	3
429,	8
430,	7
431,	8
432,	1
433,	6
434,	5
435,	7
436,	2
437,	8
438,	6
439,	5
440,	5
441,	7
442,	5
443,	6
444,	10
445,	7
446,	4
447,	5
448,	1
449,	4
450,	0
451,	1
452,	7
453,	7
454,	3
455,	10
456,	4
457,	6
458,	6
459,	2
460,	7
461,	8
462,	6
463,	9
464,	2
465,	1
466,	4
467,	2
468,	10
469,	4
470,	1
471,	8
472,	5
473,	1
474,	11
475,	8
476,	6
477,	3
478,	1
479,	2
480,	3
481,	7
482,	6
483,	10
484,	5
485,	9
486,	6
487,	8
488,	5
489,	6
490,	6
491,	12
492,	6
493,	1
494,	7
495,	10
496,	7
497,	8
498,	4
499,	8
500,	2
501,	5
502,	5
503,	5
504,	13
505,	4
506,	5
507,	4
508,	4
509,	6
510,	4
511,	8
512,	8
513,	9
514,	10
515,	10
516,	6
517,	5
518,	7
519,	10
520,	9
521,	2
522,	2
523,	11
524,	6
525,	9
526,	7
527,	7
528,	5
529,	9
530,	12
531,	4
532,	7
533,	3
534,	1
535,	8
536,	3
537,	2
538,	3
539,	3
540,	10
541,	9
542,	8
543,	8
544,	5
545,	3
546,	11
547,	9
548,	10
549,	4
550,	6
551,	4
552,	9
553,	6
554,	0
555,	7
556,	8
557,	5
558,	4
559,	7
560,	9
561,	11
562,	8
563,	4
564,	10
565,	8
566,	6
567,	9
568,	11
569,	2
570,	5
571,	7
572,	5
573,	4
574,	7
575,	5
576,	12
577,	5
578,	9
579,	4
580,	4
581,	8
582,	8
583,	6
584,	10
585,	4
586,	10
587,	9
588,	11
589,	10
590,	10
591,	6
592,	9
593,	4
594,	11
595,	5
596,	9
597,	9
598,	11
599,	12
600,	6
601,	2
602,	6
603,	5
604,	10
605,	5
606,	4
607,	7
608,	11
609,	4
610,	3
611,	9
612,	6
613,	6
614,	4
615,	8
616,	5
617,	7
618,	6
619,	7
620,	15
621,	7
622,	7
623,	7
624,	9
625,	12
626,	8
627,	8
628,	2
629,	6
630,	9
631,	7
632,	7
633,	7
634,	7
635,	10
636,	7
637,	6
638,	5
639,	7
640,	6
641,	8
642,	6
643,	6
644,	13
645,	10
646,	4
647,	8
648,	8
649,	11
650,	8
651,	7
652,	12
653,	5
654,	11
655,	7
656,	11
657,	8
658,	10
659,	10
660,	10
661,	9
662,	10
663,	9
664,	10
665,	0
666,	3
667,	9
668,	13
669,	2
670,	10
671,	4
672,	12
673,	12
674,	7
675,	8
676,	12
677,	7
678,	9
679,	11
680,	7
681,	11
682,	13
683,	11
684,	8
685,	13
686,	9
687,	9
688,	8
689,	9
690,	8
691,	8
692,	9
693,	1
694,	7
695,	7
696,	13
697,	6
698,	7
699,	6
700,	6
701,	9
702,	7
703,	11
704,	14
705,	5
706,	6
707,	7
708,	3
709,	8
710,	14
711,	8
712,	15
713,	8
714,	1
715,	3
716,	9
717,	7
718,	7
719,	4
720,	1
721,	2
722,	14
723,	7
724,	1
725,	12
726,	7
727,	6
728,	13
729,	2
730,	13
731,	11
732,	7
733,	12
734,	10
735,	6
736,	8
737,	8
738,	9
739,	8
740,	3
741,	9
742,	12
743,	9
744,	14
745,	7
746,	12
747,	12
748,	15
749,	11
750,	8
751,	1
752,	9
753,	9
754,	11
755,	1
756,	4
757,	3
758,	5
759,	10
760,	10
761,	14
762,	8
763,	9
764,	10
765,	14
766,	11
767,	10
768,	5
769,	10
770,	1
771,	9
772,	9
773,	12
774,	9
775,	0
776,	11
777,	7
778,	9
779,	12
780,	8
781,	13
782,	12
783,	5
784,	7
785,	10
786,	16
787,	10
788,	14
789,	14
790,	10
791,	11
792,	9
793,	14
794,	2
795,	10
796,	10
797,	13
798,	12
799,	8
800,	11
801,	9
802,	13
803,	13
804,	13
805,	7
806,	5
807,	11
808,	11
809,	12
810,	11
811,	7
812,	7
813,	6
814,	12
815,	16
816,	7
817,	6
818,	16
819,	15
820,	6
821,	9
822,	12
823,	5
824,	8
825,	11
826,	9
827,	12
828,	1
829,	13
830,	12
831,	15
832,	10
833,	13
834,	10
835,	14
836,	15
837,	14
838,	9
839,	7
840,	5
841,	7
842,	9
843,	8
844,	6
845,	6
846,	11
847,	7
848,	12
849,	2
850,	12
851,	12
852,	11
853,	0
854,	13
855,	5
856,	3
857,	12
858,	13
859,	10
860,	6
861,	10
862,	8
863,	10
864,	10
865,	12
866,	12
867,	11
868,	8
869,	7
870,	5
871,	10
872,	11
873,	11
874,	8
875,	7
876,	11
877,	8
878,	12
879,	11
880,	12
881,	15
882,	9
883,	15
884,	3
885,	13
886,	13
887,	8
888,	11
889,	16
890,	6
891,	14
892,	16
893,	8
894,	7
895,	9
896,	4
897,	15
898,	14
899,	12
900,	12
901,	14
902,	9
903,	10
904,	10
905,	14
906,	14
907,	16
908,	8
909,	10
910,	12
911,	5
912,	4
913,	7
914,	13
915,	16
916,	6
917,	10
918,	6
919,	3
920,	0
921,	11
922,	4
923,	14
924,	12
925,	13
926,	8
927,	11
928,	8
929,	8
930,	13
931,	5
932,	0
933,	6
934,	13
935,	10
936,	1
937,	7
938,	13
939,	10
940,	16
941,	13
942,	10
943,	13
944,	16
945,	13
946,	11
947,	11
948,	15
949,	12
950,	16
951,	11
952,	12
953,	9
954,	15
955,	13
956,	7
957,	15
958,	13
959,	13
960,	17
961,	16
962,	17
963,	11
964,	14
965,	9
966,	8
967,	17
968,	12
969,	8
970,	12
971,	17
972,	14
973,	10
974,	13
975,	8
976,	12
977,	10
978,	16
979,	14
980,	10
981,	12
982,	5
983,	17
984,	9
985,	13
986,	14
987,	12
988,	15
989,	14
990,	13
991,	17
992,	17
993,	9
994,	6
995,	16
996,	13
997,	10
998,	17
999,	5
