Instance: /home/gabriel/Documents/ufrgs/courses/oc/trab/instances/cmb01
Vertices: 500
Colors: 12
NumIterations: 1
Alpha: 0.850000
Is Factible?: false
Conflicts: 7
Solution Value: 143751.296875
Vertex,	Color
0,	0
1,	3
2,	0
3,	2
4,	2
5,	0
6,	0
7,	1
8,	1
9,	3
10,	0
11,	1
12,	0
13,	0
14,	2
15,	0
16,	2
17,	3
18,	2
19,	0
20,	0
21,	0
22,	1
23,	4
24,	1
25,	2
26,	2
27,	0
28,	4
29,	0
30,	1
31,	0
32,	2
33,	0
34,	4
35,	1
36,	1
37,	0
38,	3
39,	1
40,	0
41,	0
42,	0
43,	0
44,	1
45,	0
46,	1
47,	0
48,	3
49,	2
50,	0
51,	0
52,	1
53,	2
54,	0
55,	0
56,	0
57,	3
58,	0
59,	0
60,	2
61,	1
62,	1
63,	0
64,	2
65,	5
66,	0
67,	2
68,	0
69,	2
70,	0
71,	1
72,	9
73,	1
74,	1
75,	1
76,	3
77,	0
78,	1
79,	1
80,	6
81,	1
82,	8
83,	1
84,	0
85,	0
86,	4
87,	1
88,	4
89,	5
90,	2
91,	4
92,	0
93,	2
94,	1
95,	0
96,	3
97,	3
98,	3
99,	2
100,	6
101,	0
102,	1
103,	5
104,	2
105,	5
106,	2
107,	4
108,	1
109,	3
110,	4
111,	3
112,	2
113,	2
114,	1
115,	5
116,	1
117,	4
118,	0
119,	3
120,	1
121,	4
122,	6
123,	3
124,	5
125,	2
126,	3
127,	6
128,	1
129,	5
130,	0
131,	2
132,	2
133,	2
134,	3
135,	1
136,	3
137,	3
138,	4
139,	6
140,	0
141,	6
142,	2
143,	4
144,	3
145,	3
146,	5
147,	1
148,	7
149,	0
150,	5
151,	5
152,	1
153,	1
154,	2
155,	5
156,	6
157,	1
158,	3
159,	3
160,	3
161,	3
162,	7
163,	5
164,	6
165,	5
166,	1
167,	0
168,	3
169,	2
170,	5
171,	5
172,	1
173,	2
174,	1
175,	0
176,	2
177,	6
178,	5
179,	6
180,	2
181,	2
182,	5
183,	5
184,	4
185,	2
186,	2
187,	0
188,	0
189,	4
190,	7
191,	3
192,	4
193,	3
194,	5
195,	2
196,	2
197,	3
198,	4
199,	1
200,	1
201,	3
202,	4
203,	6
204,	4
205,	1
206,	2
207,	4
208,	1
209,	3
210,	3
211,	1
212,	9
213,	6
214,	5
215,	5
216,	4
217,	3
218,	7
219,	8
220,	7
221,	1
222,	5
223,	6
224,	3
225,	0
226,	4
227,	5
228,	1
229,	5
230,	2
231,	7
232,	6
233,	6
234,	1
235,	6
236,	1
237,	4
238,	2
239,	1
240,	2
241,	2
242,	6
243,	2
244,	7
245,	1
246,	4
247,	5
248,	6
249,	3
250,	2
251,	4
252,	4
253,	4
254,	7
255,	0
256,	3
257,	1
258,	5
259,	3
260,	3
261,	3
262,	4
263,	10
264,	4
265,	1
266,	5
267,	7
268,	6
269,	10
270,	7
271,	5
272,	7
273,	4
274,	6
275,	1
276,	7
277,	8
278,	5
279,	1
280,	0
281,	4
282,	7
283,	3
284,	3
285,	4
286,	1
287,	4
288,	3
289,	5
290,	6
291,	3
292,	6
293,	4
294,	1
295,	2
296,	8
297,	9
298,	6
299,	1
300,	3
301,	1
302,	5
303,	3
304,	0
305,	5
306,	2
307,	8
308,	3
309,	7
310,	5
311,	2
312,	1
313,	7
314,	6
315,	6
316,	5
317,	3
318,	3
319,	2
320,	4
321,	4
322,	8
323,	8
324,	6
325,	5
326,	2
327,	5
328,	8
329,	6
330,	2
331,	7
332,	4
333,	6
334,	8
335,	0
336,	6
337,	9
338,	5
339,	7
340,	5
341,	8
342,	4
343,	2
344,	2
345,	7
346,	6
347,	8
348,	7
349,	6
350,	4
351,	0
352,	8
353,	7
354,	4
355,	5
356,	9
357,	10
358,	8
359,	5
360,	8
361,	6
362,	3
363,	8
364,	10
365,	7
366,	6
367,	4
368,	6
369,	6
370,	4
371,	5
372,	2
373,	6
374,	4
375,	3
376,	7
377,	8
378,	4
379,	5
380,	0
381,	2
382,	2
383,	3
384,	3
385,	3
386,	9
387,	8
388,	7
389,	7
390,	7
391,	0
392,	5
393,	9
394,	8
395,	4
396,	10
397,	8
398,	3
399,	9
400,	7
401,	1
402,	1
403,	5
404,	5
405,	9
406,	5
407,	3
408,	11
409,	4
410,	8
411,	5
412,	5
413,	7
414,	10
415,	0
416,	9
417,	5
418,	10
419,	7
420,	9
421,	8
422,	7
423,	8
424,	8
425,	6
426,	10
427,	6
428,	7
429,	5
430,	9
431,	7
432,	11
433,	0
434,	6
435,	7
436,	5
437,	7
438,	6
439,	9
440,	4
441,	9
442,	3
443,	9
444,	3
445,	10
446,	10
447,	2
448,	4
449,	9
450,	11
451,	4
452,	7
453,	11
454,	4
455,	6
456,	8
457,	10
458,	11
459,	11
460,	11
461,	4
462,	9
463,	7
464,	4
465,	7
466,	9
467,	5
468,	10
469,	6
470,	4
471,	10
472,	7
473,	2
474,	8
475,	11
476,	1
477,	0
478,	5
479,	11
480,	10
481,	4
482,	11
483,	4
484,	8
485,	7
486,	8
487,	8
488,	8
489,	6
490,	5
491,	9
492,	11
493,	9
494,	6
495,	6
496,	11
497,	9
498,	7
499,	10
