Instance: /home/gabriel/Documents/ufrgs/courses/oc/trab/instances/cmb01
Vertices: 500
Colors: 12
NumIterations: 6
Alpha: 0.650000
Is Factible?: false
Conflicts: 3
Solution Value: 153130.546875
Vertex,	Color
0,	0
1,	3
2,	0
3,	3
4,	5
5,	6
6,	0
7,	8
8,	2
9,	1
10,	0
11,	4
12,	1
13,	0
14,	1
15,	0
16,	4
17,	0
18,	0
19,	0
20,	2
21,	0
22,	4
23,	7
24,	5
25,	3
26,	2
27,	3
28,	4
29,	2
30,	0
31,	0
32,	0
33,	0
34,	2
35,	8
36,	2
37,	3
38,	3
39,	10
40,	1
41,	2
42,	0
43,	2
44,	1
45,	0
46,	3
47,	0
48,	7
49,	0
50,	1
51,	1
52,	5
53,	2
54,	2
55,	3
56,	0
57,	2
58,	6
59,	1
60,	8
61,	2
62,	1
63,	2
64,	0
65,	1
66,	1
67,	0
68,	4
69,	3
70,	0
71,	0
72,	1
73,	2
74,	4
75,	3
76,	3
77,	11
78,	1
79,	1
80,	0
81,	2
82,	0
83,	2
84,	1
85,	1
86,	4
87,	0
88,	4
89,	7
90,	1
91,	0
92,	2
93,	3
94,	6
95,	1
96,	4
97,	2
98,	7
99,	8
100,	1
101,	3
102,	1
103,	1
104,	0
105,	0
106,	1
107,	0
108,	0
109,	3
110,	8
111,	5
112,	1
113,	9
114,	2
115,	1
116,	1
117,	2
118,	4
119,	5
120,	6
121,	4
122,	0
123,	3
124,	3
125,	0
126,	0
127,	7
128,	1
129,	3
130,	1
131,	3
132,	3
133,	8
134,	2
135,	4
136,	1
137,	7
138,	2
139,	2
140,	0
141,	2
142,	1
143,	7
144,	4
145,	3
146,	3
147,	5
148,	5
149,	3
150,	4
151,	0
152,	2
153,	1
154,	3
155,	2
156,	0
157,	4
158,	4
159,	3
160,	2
161,	3
162,	3
163,	1
164,	5
165,	3
166,	0
167,	1
168,	4
169,	6
170,	4
171,	6
172,	2
173,	0
174,	0
175,	7
176,	0
177,	9
178,	2
179,	0
180,	3
181,	0
182,	3
183,	1
184,	3
185,	5
186,	1
187,	0
188,	3
189,	5
190,	5
191,	2
192,	1
193,	4
194,	2
195,	6
196,	1
197,	4
198,	5
199,	2
200,	1
201,	4
202,	5
203,	1
204,	2
205,	1
206,	1
207,	5
208,	1
209,	4
210,	3
211,	1
212,	5
213,	1
214,	7
215,	1
216,	0
217,	1
218,	5
219,	5
220,	5
221,	0
222,	7
223,	2
224,	2
225,	0
226,	8
227,	5
228,	0
229,	5
230,	1
231,	0
232,	10
233,	5
234,	2
235,	2
236,	6
237,	2
238,	1
239,	2
240,	1
241,	5
242,	7
243,	1
244,	6
245,	2
246,	0
247,	5
248,	2
249,	4
250,	2
251,	4
252,	5
253,	2
254,	6
255,	0
256,	3
257,	3
258,	3
259,	5
260,	6
261,	2
262,	3
263,	10
264,	4
265,	2
266,	3
267,	3
268,	7
269,	4
270,	6
271,	6
272,	1
273,	4
274,	7
275,	3
276,	8
277,	4
278,	6
279,	1
280,	2
281,	4
282,	6
283,	4
284,	5
285,	4
286,	2
287,	6
288,	1
289,	4
290,	0
291,	3
292,	5
293,	1
294,	3
295,	1
296,	6
297,	9
298,	1
299,	1
300,	1
301,	1
302,	4
303,	2
304,	0
305,	5
306,	2
307,	7
308,	3
309,	5
310,	6
311,	1
312,	2
313,	6
314,	7
315,	5
316,	6
317,	3
318,	2
319,	3
320,	4
321,	5
322,	9
323,	9
324,	9
325,	3
326,	0
327,	2
328,	3
329,	7
330,	1
331,	6
332,	4
333,	4
334,	7
335,	0
336,	5
337,	7
338,	4
339,	7
340,	6
341,	6
342,	7
343,	4
344,	0
345,	7
346,	8
347,	9
348,	6
349,	6
350,	5
351,	2
352,	8
353,	8
354,	4
355,	0
356,	6
357,	8
358,	4
359,	0
360,	7
361,	3
362,	4
363,	8
364,	7
365,	6
366,	9
367,	4
368,	6
369,	5
370,	9
371,	0
372,	6
373,	3
374,	3
375,	4
376,	7
377,	6
378,	6
379,	6
380,	8
381,	3
382,	2
383,	3
384,	4
385,	6
386,	10
387,	7
388,	5
389,	7
390,	8
391,	6
392,	3
393,	7
394,	4
395,	0
396,	9
397,	8
398,	1
399,	8
400,	8
401,	5
402,	2
403,	4
404,	5
405,	9
406,	0
407,	3
408,	11
409,	8
410,	7
411,	2
412,	0
413,	5
414,	5
415,	0
416,	9
417,	6
418,	5
419,	6
420,	10
421,	6
422,	5
423,	4
424,	8
425,	7
426,	9
427,	9
428,	1
429,	7
430,	8
431,	6
432,	10
433,	2
434,	7
435,	5
436,	6
437,	7
438,	5
439,	6
440,	1
441,	6
442,	3
443,	4
444,	3
445,	8
446,	10
447,	3
448,	4
449,	9
450,	8
451,	3
452,	7
453,	5
454,	4
455,	7
456,	8
457,	11
458,	8
459,	11
460,	10
461,	4
462,	7
463,	8
464,	9
465,	4
466,	5
467,	5
468,	7
469,	7
470,	8
471,	9
472,	9
473,	1
474,	9
475,	11
476,	10
477,	2
478,	7
479,	11
480,	9
481,	4
482,	9
483,	5
484,	8
485,	10
486,	5
487,	10
488,	8
489,	0
490,	6
491,	5
492,	11
493,	8
494,	7
495,	7
496,	10
497,	5
498,	6
499,	10
