Instance: /home/gabriel/Documents/ufrgs/courses/oc/trab/instances/cmb01
Vertices: 500
Colors: 12
NumIterations: 10
Alpha: 0.650000
Is Factible?: false
Conflicts: 3
Solution Value: 167164.500000
Vertex,	Color
0,	1
1,	0
2,	1
3,	2
4,	7
5,	0
6,	1
7,	0
8,	0
9,	1
10,	2
11,	1
12,	2
13,	1
14,	2
15,	3
16,	3
17,	2
18,	5
19,	6
20,	3
21,	1
22,	3
23,	5
24,	3
25,	2
26,	4
27,	2
28,	1
29,	1
30,	0
31,	1
32,	0
33,	0
34,	4
35,	1
36,	3
37,	0
38,	4
39,	2
40,	1
41,	2
42,	3
43,	4
44,	0
45,	0
46,	0
47,	0
48,	5
49,	4
50,	5
51,	6
52,	0
53,	0
54,	4
55,	1
56,	0
57,	2
58,	0
59,	0
60,	6
61,	3
62,	2
63,	4
64,	0
65,	3
66,	1
67,	4
68,	8
69,	0
70,	2
71,	0
72,	0
73,	1
74,	5
75,	0
76,	0
77,	4
78,	1
79,	2
80,	1
81,	1
82,	3
83,	8
84,	0
85,	2
86,	3
87,	0
88,	6
89,	7
90,	2
91,	3
92,	7
93,	6
94,	0
95,	1
96,	4
97,	4
98,	3
99,	6
100,	8
101,	0
102,	0
103,	7
104,	3
105,	3
106,	3
107,	1
108,	2
109,	3
110,	1
111,	6
112,	2
113,	2
114,	0
115,	4
116,	4
117,	7
118,	1
119,	3
120,	1
121,	10
122,	4
123,	2
124,	2
125,	0
126,	5
127,	1
128,	1
129,	5
130,	1
131,	2
132,	6
133,	7
134,	1
135,	3
136,	2
137,	11
138,	9
139,	0
140,	0
141,	4
142,	0
143,	11
144,	3
145,	1
146,	2
147,	4
148,	4
149,	2
150,	2
151,	0
152,	1
153,	0
154,	2
155,	0
156,	6
157,	2
158,	3
159,	3
160,	3
161,	4
162,	1
163,	1
164,	6
165,	3
166,	0
167,	0
168,	0
169,	1
170,	7
171,	4
172,	0
173,	0
174,	5
175,	1
176,	1
177,	5
178,	5
179,	8
180,	8
181,	0
182,	0
183,	10
184,	2
185,	2
186,	0
187,	1
188,	1
189,	0
190,	7
191,	5
192,	5
193,	1
194,	3
195,	6
196,	2
197,	4
198,	8
199,	6
200,	0
201,	3
202,	3
203,	7
204,	8
205,	3
206,	0
207,	5
208,	1
209,	4
210,	4
211,	2
212,	10
213,	1
214,	1
215,	2
216,	0
217,	5
218,	5
219,	4
220,	6
221,	0
222,	5
223,	2
224,	1
225,	2
226,	1
227,	9
228,	3
229,	3
230,	1
231,	2
232,	0
233,	4
234,	3
235,	0
236,	3
237,	8
238,	2
239,	3
240,	0
241,	1
242,	5
243,	4
244,	7
245,	3
246,	4
247,	2
248,	6
249,	3
250,	2
251,	4
252,	6
253,	1
254,	5
255,	5
256,	4
257,	3
258,	0
259,	5
260,	6
261,	3
262,	5
263,	2
264,	3
265,	3
266,	6
267,	6
268,	7
269,	7
270,	4
271,	4
272,	7
273,	7
274,	5
275,	0
276,	9
277,	5
278,	3
279,	3
280,	1
281,	3
282,	7
283,	5
284,	4
285,	3
286,	6
287,	6
288,	2
289,	3
290,	6
291,	4
292,	5
293,	1
294,	9
295,	3
296,	5
297,	1
298,	4
299,	1
300,	2
301,	0
302,	5
303,	3
304,	0
305,	2
306,	2
307,	8
308,	4
309,	6
310,	6
311,	2
312,	7
313,	8
314,	5
315,	3
316,	6
317,	2
318,	4
319,	2
320,	4
321,	3
322,	8
323,	5
324,	6
325,	5
326,	3
327,	5
328,	4
329,	6
330,	1
331,	7
332,	6
333,	4
334,	9
335,	5
336,	4
337,	9
338,	7
339,	7
340,	5
341,	0
342,	5
343,	3
344,	1
345,	6
346,	8
347,	3
348,	7
349,	6
350,	0
351,	2
352,	9
353,	7
354,	3
355,	3
356,	0
357,	8
358,	6
359,	1
360,	7
361,	7
362,	1
363,	5
364,	4
365,	8
366,	6
367,	5
368,	5
369,	4
370,	7
371,	2
372,	2
373,	5
374,	5
375,	2
376,	7
377,	6
378,	4
379,	4
380,	6
381,	2
382,	3
383,	2
384,	6
385,	5
386,	7
387,	8
388,	9
389,	9
390,	7
391,	1
392,	6
393,	6
394,	3
395,	4
396,	8
397,	9
398,	4
399,	9
400,	7
401,	3
402,	6
403,	4
404,	4
405,	9
406,	8
407,	1
408,	4
409,	10
410,	7
411,	2
412,	6
413,	7
414,	6
415,	11
416,	9
417,	5
418,	9
419,	8
420,	8
421,	1
422,	5
423,	8
424,	7
425,	7
426,	10
427,	5
428,	0
429,	0
430,	10
431,	9
432,	2
433,	1
434,	8
435,	7
436,	6
437,	5
438,	4
439,	9
440,	0
441,	9
442,	10
443,	10
444,	3
445,	8
446,	10
447,	2
448,	3
449,	9
450,	2
451,	0
452,	7
453,	3
454,	4
455,	6
456,	9
457,	11
458,	10
459,	11
460,	9
461,	2
462,	6
463,	8
464,	6
465,	7
466,	6
467,	4
468,	4
469,	3
470,	8
471,	9
472,	7
473,	5
474,	8
475,	10
476,	3
477,	2
478,	5
479,	9
480,	8
481,	2
482,	8
483,	5
484,	8
485,	9
486,	3
487,	10
488,	6
489,	7
490,	4
491,	9
492,	11
493,	3
494,	10
495,	5
496,	10
497,	6
498,	5
499,	9
