Instance: /home/gabriel/Documents/ufrgs/courses/oc/trab/instances/cmb01
Vertices: 500
Colors: 12
NumIterations: 10
Alpha: 0.850000
Is Factible?: false
Conflicts: 5
Solution Value: 149705.171875
Vertex,	Color
0,	4
1,	0
2,	1
3,	0
4,	1
5,	0
6,	1
7,	1
8,	3
9,	0
10,	1
11,	2
12,	1
13,	5
14,	3
15,	3
16,	2
17,	2
18,	4
19,	0
20,	0
21,	0
22,	3
23,	0
24,	0
25,	2
26,	1
27,	0
28,	2
29,	0
30,	0
31,	1
32,	2
33,	0
34,	4
35,	0
36,	1
37,	0
38,	5
39,	0
40,	0
41,	0
42,	0
43,	0
44,	1
45,	1
46,	1
47,	1
48,	8
49,	1
50,	1
51,	1
52,	5
53,	2
54,	0
55,	0
56,	4
57,	3
58,	0
59,	0
60,	5
61,	0
62,	0
63,	0
64,	1
65,	2
66,	0
67,	2
68,	1
69,	4
70,	1
71,	1
72,	1
73,	2
74,	4
75,	1
76,	0
77,	3
78,	1
79,	2
80,	4
81,	4
82,	3
83,	0
84,	0
85,	0
86,	3
87,	5
88,	3
89,	1
90,	1
91,	3
92,	0
93,	0
94,	5
95,	0
96,	2
97,	2
98,	3
99,	4
100,	5
101,	1
102,	5
103,	2
104,	3
105,	4
106,	2
107,	3
108,	1
109,	0
110,	1
111,	11
112,	0
113,	5
114,	3
115,	1
116,	1
117,	7
118,	2
119,	2
120,	1
121,	0
122,	4
123,	2
124,	2
125,	2
126,	2
127,	4
128,	0
129,	3
130,	1
131,	3
132,	4
133,	1
134,	3
135,	1
136,	3
137,	3
138,	0
139,	1
140,	1
141,	0
142,	1
143,	4
144,	5
145,	2
146,	4
147,	2
148,	3
149,	4
150,	6
151,	3
152,	0
153,	1
154,	2
155,	3
156,	4
157,	2
158,	3
159,	0
160,	3
161,	5
162,	10
163,	5
164,	6
165,	5
166,	1
167,	1
168,	4
169,	2
170,	6
171,	2
172,	0
173,	2
174,	1
175,	0
176,	2
177,	7
178,	5
179,	5
180,	3
181,	2
182,	3
183,	1
184,	3
185,	1
186,	2
187,	0
188,	4
189,	4
190,	6
191,	2
192,	3
193,	2
194,	5
195,	4
196,	1
197,	4
198,	1
199,	5
200,	1
201,	3
202,	3
203,	5
204,	4
205,	2
206,	2
207,	7
208,	0
209,	1
210,	3
211,	3
212,	6
213,	4
214,	9
215,	3
216,	5
217,	4
218,	7
219,	6
220,	7
221,	1
222,	5
223,	3
224,	3
225,	1
226,	4
227,	5
228,	0
229,	5
230,	2
231,	6
232,	6
233,	4
234,	0
235,	5
236,	7
237,	3
238,	2
239,	0
240,	3
241,	1
242,	7
243,	3
244,	8
245,	4
246,	3
247,	4
248,	6
249,	2
250,	3
251,	2
252,	4
253,	6
254,	7
255,	3
256,	10
257,	1
258,	3
259,	2
260,	6
261,	2
262,	7
263,	9
264,	4
265,	0
266,	5
267,	5
268,	6
269,	9
270,	6
271,	5
272,	6
273,	5
274,	8
275,	0
276,	9
277,	8
278,	6
279,	1
280,	2
281,	5
282,	7
283,	3
284,	7
285,	4
286,	6
287,	5
288,	2
289,	4
290,	4
291,	3
292,	6
293,	3
294,	10
295,	3
296,	7
297,	6
298,	3
299,	3
300,	2
301,	1
302,	6
303,	3
304,	1
305,	3
306,	2
307,	8
308,	3
309,	6
310,	8
311,	2
312,	2
313,	7
314,	7
315,	5
316,	6
317,	3
318,	3
319,	3
320,	4
321,	0
322,	7
323,	6
324,	6
325,	5
326,	4
327,	5
328,	8
329,	6
330,	0
331,	6
332,	4
333,	4
334,	5
335,	8
336,	1
337,	9
338,	5
339,	2
340,	4
341,	10
342,	4
343,	8
344,	2
345,	5
346,	7
347,	6
348,	7
349,	6
350,	5
351,	1
352,	9
353,	7
354,	4
355,	4
356,	9
357,	8
358,	4
359,	8
360,	7
361,	6
362,	2
363,	7
364,	8
365,	7
366,	6
367,	7
368,	7
369,	6
370,	6
371,	1
372,	6
373,	6
374,	4
375,	5
376,	8
377,	5
378,	5
379,	7
380,	6
381,	3
382,	2
383,	4
384,	5
385,	5
386,	8
387,	8
388,	9
389,	8
390,	6
391,	1
392,	5
393,	7
394,	9
395,	4
396,	10
397,	8
398,	2
399,	8
400,	8
401,	0
402,	0
403,	7
404,	5
405,	9
406,	4
407,	5
408,	11
409,	10
410,	8
411,	5
412,	8
413,	6
414,	10
415,	2
416,	9
417,	4
418,	9
419,	6
420,	9
421,	6
422,	8
423,	10
424,	7
425,	7
426,	10
427,	7
428,	1
429,	3
430,	8
431,	6
432,	0
433,	1
434,	6
435,	10
436,	6
437,	3
438,	7
439,	6
440,	1
441,	9
442,	11
443,	0
444,	3
445,	5
446,	10
447,	2
448,	4
449,	9
450,	8
451,	5
452,	7
453,	7
454,	3
455,	6
456,	9
457,	11
458,	11
459,	11
460,	10
461,	4
462,	8
463,	7
464,	5
465,	7
466,	9
467,	3
468,	8
469,	6
470,	3
471,	9
472,	7
473,	2
474,	7
475,	11
476,	8
477,	0
478,	7
479,	11
480,	3
481,	4
482,	10
483,	4
484,	8
485,	9
486,	6
487,	9
488,	7
489,	0
490,	4
491,	8
492,	11
493,	7
494,	11
495,	8
496,	10
497,	9
498,	6
499,	9
