Instance: /home/gabriel/Documents/ufrgs/courses/oc/trab/instances/cmb01
Vertices: 500
Colors: 12
NumIterations: 10
Alpha: 0.650000
Is Factible?: false
Conflicts: 3
Solution Value: 150926.000000
Vertex,	Color
0,	1
1,	0
2,	6
3,	3
4,	2
5,	4
6,	1
7,	4
8,	9
9,	6
10,	0
11,	2
12,	1
13,	6
14,	0
15,	4
16,	2
17,	0
18,	2
19,	4
20,	1
21,	1
22,	1
23,	5
24,	2
25,	1
26,	0
27,	1
28,	0
29,	1
30,	2
31,	1
32,	0
33,	0
34,	3
35,	11
36,	2
37,	0
38,	0
39,	3
40,	1
41,	8
42,	1
43,	6
44,	0
45,	2
46,	2
47,	1
48,	2
49,	8
50,	1
51,	2
52,	0
53,	1
54,	2
55,	0
56,	2
57,	0
58,	3
59,	2
60,	2
61,	0
62,	0
63,	2
64,	1
65,	3
66,	0
67,	3
68,	6
69,	1
70,	6
71,	1
72,	8
73,	2
74,	4
75,	3
76,	1
77,	7
78,	2
79,	7
80,	5
81,	5
82,	0
83,	10
84,	3
85,	1
86,	3
87,	0
88,	6
89,	8
90,	5
91,	1
92,	1
93,	2
94,	1
95,	8
96,	0
97,	0
98,	2
99,	10
100,	11
101,	1
102,	2
103,	7
104,	2
105,	8
106,	2
107,	2
108,	1
109,	1
110,	2
111,	5
112,	0
113,	6
114,	1
115,	0
116,	3
117,	8
118,	6
119,	0
120,	1
121,	3
122,	7
123,	0
124,	0
125,	0
126,	2
127,	3
128,	2
129,	4
130,	1
131,	2
132,	4
133,	3
134,	1
135,	1
136,	3
137,	3
138,	8
139,	1
140,	2
141,	5
142,	2
143,	7
144,	1
145,	2
146,	5
147,	5
148,	5
149,	2
150,	3
151,	9
152,	5
153,	1
154,	4
155,	0
156,	3
157,	4
158,	0
159,	2
160,	4
161,	3
162,	2
163,	5
164,	7
165,	0
166,	0
167,	0
168,	4
169,	4
170,	4
171,	5
172,	0
173,	1
174,	2
175,	3
176,	2
177,	9
178,	7
179,	0
180,	6
181,	5
182,	1
183,	6
184,	3
185,	5
186,	0
187,	1
188,	2
189,	7
190,	4
191,	2
192,	2
193,	2
194,	4
195,	4
196,	2
197,	0
198,	2
199,	0
200,	0
201,	4
202,	3
203,	7
204,	3
205,	0
206,	0
207,	3
208,	1
209,	6
210,	4
211,	1
212,	5
213,	5
214,	6
215,	1
216,	0
217,	3
218,	6
219,	3
220,	5
221,	0
222,	2
223,	1
224,	3
225,	1
226,	9
227,	3
228,	1
229,	5
230,	0
231,	4
232,	1
233,	5
234,	4
235,	8
236,	9
237,	1
238,	0
239,	0
240,	0
241,	4
242,	7
243,	2
244,	5
245,	2
246,	6
247,	6
248,	3
249,	3
250,	4
251,	1
252,	2
253,	5
254,	4
255,	4
256,	4
257,	2
258,	5
259,	0
260,	1
261,	3
262,	5
263,	0
264,	4
265,	3
266,	0
267,	6
268,	8
269,	6
270,	4
271,	5
272,	4
273,	7
274,	7
275,	4
276,	1
277,	4
278,	4
279,	2
280,	3
281,	2
282,	8
283,	5
284,	3
285,	4
286,	4
287,	3
288,	1
289,	2
290,	1
291,	5
292,	5
293,	2
294,	9
295,	1
296,	6
297,	4
298,	4
299,	1
300,	0
301,	0
302,	5
303,	4
304,	2
305,	4
306,	2
307,	7
308,	4
309,	6
310,	5
311,	2
312,	1
313,	6
314,	7
315,	5
316,	1
317,	0
318,	3
319,	2
320,	4
321,	6
322,	8
323,	4
324,	7
325,	5
326,	2
327,	4
328,	8
329,	4
330,	0
331,	6
332,	5
333,	7
334,	8
335,	0
336,	6
337,	10
338,	3
339,	7
340,	3
341,	9
342,	3
343,	3
344,	4
345,	7
346,	5
347,	9
348,	8
349,	7
350,	3
351,	3
352,	8
353,	7
354,	5
355,	5
356,	1
357,	9
358,	6
359,	1
360,	8
361,	3
362,	7
363,	2
364,	7
365,	6
366,	7
367,	2
368,	7
369,	6
370,	4
371,	0
372,	4
373,	5
374,	3
375,	8
376,	8
377,	6
378,	4
379,	4
380,	7
381,	4
382,	2
383,	4
384,	2
385,	4
386,	7
387,	8
388,	7
389,	7
390,	7
391,	2
392,	4
393,	4
394,	10
395,	6
396,	7
397,	8
398,	1
399,	9
400,	6
401,	6
402,	1
403,	4
404,	5
405,	9
406,	2
407,	7
408,	11
409,	5
410,	8
411,	5
412,	6
413,	5
414,	10
415,	10
416,	9
417,	6
418,	8
419,	5
420,	9
421,	8
422,	7
423,	10
424,	8
425,	6
426,	10
427,	7
428,	0
429,	2
430,	9
431,	10
432,	0
433,	3
434,	7
435,	9
436,	5
437,	5
438,	6
439,	10
440,	6
441,	7
442,	5
443,	6
444,	5
445,	8
446,	10
447,	4
448,	6
449,	10
450,	0
451,	8
452,	8
453,	5
454,	5
455,	8
456,	8
457,	10
458,	6
459,	11
460,	9
461,	6
462,	7
463,	9
464,	4
465,	6
466,	9
467,	3
468,	9
469,	5
470,	9
471,	9
472,	7
473,	4
474,	9
475,	9
476,	0
477,	1
478,	7
479,	11
480,	9
481,	4
482,	10
483,	5
484,	8
485,	10
486,	8
487,	8
488,	6
489,	1
490,	4
491,	10
492,	11
493,	10
494,	11
495,	9
496,	11
497,	5
498,	6
499,	9
