Instance: /home/gabriel/Documents/ufrgs/courses/oc/trab/instances/cmb01
Vertices: 500
Colors: 12
NumIterations: 100
Alpha: 0.750000
Is Factible?: false
Conflicts: 3
Solution Value: 142704.484375
Vertex,	Color
0,	6
1,	0
2,	1
3,	2
4,	0
5,	0
6,	0
7,	2
8,	1
9,	2
10,	4
11,	0
12,	1
13,	5
14,	2
15,	1
16,	1
17,	4
18,	2
19,	5
20,	0
21,	1
22,	3
23,	2
24,	0
25,	3
26,	2
27,	2
28,	2
29,	0
30,	3
31,	0
32,	2
33,	0
34,	3
35,	4
36,	2
37,	1
38,	0
39,	5
40,	0
41,	1
42,	2
43,	5
44,	0
45,	4
46,	2
47,	3
48,	9
49,	2
50,	2
51,	4
52,	0
53,	2
54,	5
55,	0
56,	1
57,	2
58,	0
59,	0
60,	6
61,	1
62,	4
63,	0
64,	4
65,	1
66,	0
67,	1
68,	2
69,	1
70,	4
71,	1
72,	1
73,	2
74,	2
75,	5
76,	4
77,	8
78,	0
79,	6
80,	3
81,	3
82,	3
83,	0
84,	4
85,	2
86,	0
87,	1
88,	1
89,	0
90,	1
91,	1
92,	2
93,	1
94,	7
95,	1
96,	3
97,	3
98,	3
99,	5
100,	7
101,	1
102,	4
103,	6
104,	3
105,	3
106,	0
107,	4
108,	2
109,	0
110,	9
111,	4
112,	2
113,	5
114,	4
115,	0
116,	0
117,	0
118,	2
119,	1
120,	0
121,	0
122,	0
123,	0
124,	0
125,	1
126,	4
127,	3
128,	2
129,	6
130,	0
131,	2
132,	4
133,	1
134,	1
135,	2
136,	4
137,	11
138,	1
139,	1
140,	0
141,	1
142,	4
143,	2
144,	7
145,	1
146,	4
147,	3
148,	3
149,	2
150,	6
151,	2
152,	1
153,	1
154,	2
155,	1
156,	3
157,	3
158,	2
159,	4
160,	5
161,	8
162,	4
163,	1
164,	5
165,	7
166,	3
167,	0
168,	3
169,	1
170,	5
171,	3
172,	3
173,	4
174,	1
175,	5
176,	4
177,	8
178,	5
179,	2
180,	6
181,	2
182,	2
183,	2
184,	3
185,	3
186,	2
187,	4
188,	0
189,	4
190,	6
191,	0
192,	2
193,	3
194,	2
195,	0
196,	3
197,	0
198,	2
199,	0
200,	0
201,	5
202,	9
203,	6
204,	5
205,	0
206,	1
207,	7
208,	7
209,	4
210,	2
211,	0
212,	9
213,	3
214,	0
215,	2
216,	2
217,	0
218,	7
219,	5
220,	7
221,	4
222,	7
223,	2
224,	3
225,	2
226,	3
227,	5
228,	2
229,	5
230,	0
231,	3
232,	1
233,	6
234,	1
235,	1
236,	2
237,	6
238,	2
239,	0
240,	2
241,	3
242,	8
243,	0
244,	7
245,	1
246,	4
247,	4
248,	5
249,	3
250,	4
251,	4
252,	3
253,	1
254,	4
255,	3
256,	4
257,	0
258,	4
259,	0
260,	3
261,	4
262,	6
263,	0
264,	3
265,	1
266,	5
267,	6
268,	5
269,	7
270,	7
271,	5
272,	7
273,	7
274,	8
275,	1
276,	1
277,	5
278,	4
279,	2
280,	1
281,	5
282,	6
283,	7
284,	8
285,	3
286,	1
287,	3
288,	1
289,	5
290,	4
291,	2
292,	5
293,	3
294,	8
295,	2
296,	7
297,	3
298,	1
299,	0
300,	4
301,	0
302,	6
303,	4
304,	4
305,	6
306,	1
307,	8
308,	3
309,	6
310,	7
311,	4
312,	1
313,	7
314,	8
315,	5
316,	6
317,	3
318,	3
319,	2
320,	4
321,	6
322,	5
323,	5
324,	5
325,	5
326,	2
327,	5
328,	7
329,	6
330,	2
331,	5
332,	3
333,	5
334,	8
335,	3
336,	0
337,	8
338,	10
339,	4
340,	6
341,	6
342,	6
343,	5
344,	4
345,	5
346,	6
347,	10
348,	7
349,	0
350,	5
351,	2
352,	9
353,	7
354,	2
355,	6
356,	3
357,	9
358,	6
359,	9
360,	7
361,	6
362,	4
363,	9
364,	8
365,	8
366,	5
367,	4
368,	7
369,	6
370,	5
371,	6
372,	3
373,	3
374,	1
375,	5
376,	6
377,	6
378,	7
379,	4
380,	5
381,	2
382,	2
383,	3
384,	3
385,	5
386,	8
387,	8
388,	8
389,	6
390,	7
391,	1
392,	6
393,	8
394,	10
395,	3
396,	9
397,	9
398,	0
399,	8
400,	8
401,	6
402,	4
403,	6
404,	5
405,	10
406,	3
407,	5
408,	10
409,	9
410,	8
411,	3
412,	7
413,	6
414,	6
415,	11
416,	3
417,	7
418,	9
419,	4
420,	0
421,	6
422,	5
423,	10
424,	8
425,	7
426,	11
427,	6
428,	0
429,	7
430,	9
431,	3
432,	9
433,	5
434,	4
435,	7
436,	4
437,	2
438,	7
439,	9
440,	6
441,	7
442,	10
443,	7
444,	3
445,	8
446,	11
447,	4
448,	6
449,	9
450,	5
451,	7
452,	7
453,	8
454,	1
455,	6
456,	9
457,	11
458,	3
459,	10
460,	9
461,	6
462,	8
463,	8
464,	5
465,	7
466,	4
467,	3
468,	9
469,	4
470,	0
471,	7
472,	7
473,	1
474,	6
475,	11
476,	8
477,	2
478,	8
479,	11
480,	9
481,	4
482,	10
483,	5
484,	8
485,	9
486,	4
487,	8
488,	4
489,	6
490,	5
491,	8
492,	10
493,	10
494,	11
495,	8
496,	10
497,	6
498,	6
499,	3
