Instance: /home/gabriel/Documents/ufrgs/courses/oc/trab/instances/cmb01
Vertices: 500
Colors: 12
NumIterations: 500
Alpha: 0.850000
Is Factible?: false
Conflicts: 3
Solution Value: 145270.218750
Vertex,	Color
0,	1
1,	2
2,	2
3,	2
4,	0
5,	0
6,	0
7,	1
8,	3
9,	2
10,	1
11,	0
12,	0
13,	0
14,	1
15,	1
16,	2
17,	2
18,	7
19,	0
20,	1
21,	0
22,	3
23,	2
24,	1
25,	0
26,	2
27,	0
28,	0
29,	2
30,	3
31,	0
32,	2
33,	0
34,	4
35,	1
36,	3
37,	0
38,	2
39,	5
40,	2
41,	1
42,	4
43,	0
44,	2
45,	0
46,	0
47,	0
48,	2
49,	1
50,	1
51,	1
52,	3
53,	1
54,	0
55,	0
56,	1
57,	5
58,	1
59,	2
60,	6
61,	1
62,	0
63,	1
64,	4
65,	2
66,	2
67,	1
68,	1
69,	3
70,	1
71,	2
72,	0
73,	6
74,	4
75,	0
76,	0
77,	6
78,	2
79,	0
80,	4
81,	2
82,	2
83,	0
84,	4
85,	0
86,	0
87,	0
88,	3
89,	1
90,	1
91,	3
92,	0
93,	2
94,	3
95,	1
96,	3
97,	0
98,	2
99,	4
100,	1
101,	3
102,	1
103,	0
104,	1
105,	4
106,	2
107,	4
108,	1
109,	0
110,	2
111,	11
112,	2
113,	6
114,	5
115,	4
116,	1
117,	0
118,	0
119,	3
120,	4
121,	0
122,	2
123,	3
124,	3
125,	1
126,	2
127,	2
128,	2
129,	7
130,	0
131,	1
132,	4
133,	2
134,	1
135,	1
136,	2
137,	5
138,	8
139,	1
140,	0
141,	1
142,	2
143,	6
144,	3
145,	1
146,	5
147,	4
148,	6
149,	0
150,	5
151,	4
152,	1
153,	2
154,	4
155,	4
156,	2
157,	3
158,	3
159,	1
160,	3
161,	5
162,	6
163,	5
164,	6
165,	5
166,	2
167,	2
168,	3
169,	3
170,	4
171,	4
172,	1
173,	0
174,	5
175,	1
176,	2
177,	7
178,	5
179,	7
180,	3
181,	2
182,	5
183,	1
184,	2
185,	5
186,	1
187,	0
188,	2
189,	6
190,	8
191,	2
192,	2
193,	2
194,	3
195,	4
196,	1
197,	4
198,	3
199,	1
200,	3
201,	3
202,	5
203,	7
204,	5
205,	1
206,	1
207,	6
208,	2
209,	3
210,	3
211,	2
212,	9
213,	4
214,	1
215,	3
216,	4
217,	1
218,	6
219,	5
220,	6
221,	0
222,	5
223,	3
224,	3
225,	0
226,	7
227,	4
228,	0
229,	4
230,	2
231,	3
232,	5
233,	5
234,	1
235,	6
236,	4
237,	8
238,	2
239,	0
240,	1
241,	2
242,	6
243,	3
244,	6
245,	4
246,	4
247,	4
248,	5
249,	4
250,	1
251,	6
252,	2
253,	6
254,	7
255,	3
256,	3
257,	3
258,	4
259,	2
260,	6
261,	4
262,	5
263,	10
264,	4
265,	1
266,	6
267,	7
268,	7
269,	10
270,	8
271,	3
272,	9
273,	8
274,	7
275,	3
276,	8
277,	0
278,	8
279,	2
280,	1
281,	4
282,	7
283,	3
284,	5
285,	4
286,	6
287,	4
288,	4
289,	3
290,	0
291,	2
292,	5
293,	2
294,	8
295,	3
296,	7
297,	3
298,	2
299,	4
300,	4
301,	2
302,	6
303,	3
304,	1
305,	2
306,	1
307,	7
308,	3
309,	6
310,	7
311,	4
312,	3
313,	8
314,	3
315,	6
316,	7
317,	3
318,	1
319,	2
320,	4
321,	5
322,	8
323,	8
324,	7
325,	5
326,	2
327,	3
328,	9
329,	6
330,	1
331,	6
332,	6
333,	4
334,	9
335,	0
336,	5
337,	10
338,	6
339,	7
340,	5
341,	4
342,	5
343,	9
344,	1
345,	8
346,	6
347,	9
348,	7
349,	6
350,	5
351,	1
352,	9
353,	8
354,	4
355,	5
356,	10
357,	9
358,	6
359,	9
360,	7
361,	5
362,	5
363,	7
364,	7
365,	8
366,	5
367,	10
368,	7
369,	6
370,	7
371,	3
372,	4
373,	5
374,	4
375,	6
376,	8
377,	6
378,	4
379,	6
380,	1
381,	4
382,	1
383,	3
384,	3
385,	5
386,	7
387,	9
388,	6
389,	6
390,	7
391,	6
392,	3
393,	8
394,	9
395,	5
396,	10
397,	9
398,	3
399,	8
400,	7
401,	1
402,	8
403,	7
404,	3
405,	10
406,	8
407,	5
408,	11
409,	9
410,	5
411,	5
412,	8
413,	7
414,	5
415,	2
416,	6
417,	7
418,	10
419,	6
420,	10
421,	5
422,	6
423,	9
424,	7
425,	7
426,	11
427,	7
428,	5
429,	3
430,	10
431,	7
432,	5
433,	5
434,	5
435,	5
436,	5
437,	1
438,	5
439,	9
440,	10
441,	10
442,	0
443,	1
444,	4
445,	7
446,	11
447,	3
448,	4
449,	11
450,	9
451,	10
452,	7
453,	11
454,	4
455,	6
456,	9
457,	11
458,	0
459,	11
460,	11
461,	4
462,	8
463,	8
464,	3
465,	6
466,	9
467,	3
468,	8
469,	6
470,	8
471,	9
472,	7
473,	1
474,	8
475,	8
476,	9
477,	0
478,	7
479,	11
480,	9
481,	2
482,	9
483,	5
484,	8
485,	9
486,	5
487,	8
488,	6
489,	0
490,	4
491,	9
492,	11
493,	10
494,	11
495,	7
496,	11
497,	6
498,	5
499,	9
