Instance: /home/gabriel/Documents/ufrgs/courses/oc/trab/instances/cmb01
Vertices: 500
Colors: 12
NumIterations: 100
Alpha: 0.850000
Is Factible?: false
Conflicts: 4
Solution Value: 147805.750000
Vertex,	Color
0,	2
1,	1
2,	0
3,	0
4,	3
5,	1
6,	0
7,	0
8,	1
9,	3
10,	0
11,	0
12,	0
13,	3
14,	3
15,	0
16,	1
17,	2
18,	1
19,	2
20,	1
21,	0
22,	0
23,	5
24,	2
25,	1
26,	10
27,	1
28,	0
29,	1
30,	0
31,	0
32,	3
33,	1
34,	3
35,	3
36,	3
37,	1
38,	1
39,	0
40,	0
41,	2
42,	2
43,	10
44,	1
45,	0
46,	0
47,	0
48,	6
49,	0
50,	0
51,	6
52,	1
53,	1
54,	1
55,	0
56,	1
57,	4
58,	0
59,	3
60,	0
61,	2
62,	1
63,	2
64,	2
65,	3
66,	1
67,	3
68,	2
69,	1
70,	1
71,	1
72,	0
73,	1
74,	5
75,	0
76,	5
77,	2
78,	2
79,	3
80,	1
81,	4
82,	5
83,	2
84,	0
85,	2
86,	4
87,	0
88,	2
89,	9
90,	4
91,	2
92,	0
93,	2
94,	4
95,	0
96,	3
97,	2
98,	5
99,	0
100,	3
101,	1
102,	2
103,	8
104,	2
105,	4
106,	2
107,	2
108,	2
109,	1
110,	1
111,	4
112,	0
113,	0
114,	1
115,	3
116,	0
117,	8
118,	0
119,	3
120,	3
121,	8
122,	4
123,	2
124,	2
125,	1
126,	2
127,	4
128,	3
129,	5
130,	0
131,	3
132,	1
133,	0
134,	2
135,	0
136,	2
137,	0
138,	3
139,	0
140,	2
141,	1
142,	0
143,	4
144,	5
145,	2
146,	5
147,	2
148,	7
149,	0
150,	6
151,	1
152,	1
153,	3
154,	3
155,	0
156,	1
157,	1
158,	3
159,	2
160,	4
161,	4
162,	1
163,	5
164,	6
165,	6
166,	0
167,	3
168,	4
169,	3
170,	5
171,	4
172,	1
173,	2
174,	4
175,	0
176,	2
177,	7
178,	5
179,	4
180,	4
181,	3
182,	5
183,	5
184,	3
185,	3
186,	3
187,	1
188,	2
189,	6
190,	5
191,	2
192,	3
193,	3
194,	1
195,	4
196,	3
197,	4
198,	9
199,	5
200,	1
201,	4
202,	4
203,	6
204,	6
205,	3
206,	3
207,	6
208,	2
209,	4
210,	2
211,	3
212,	9
213,	4
214,	2
215,	3
216,	3
217,	3
218,	5
219,	0
220,	6
221,	2
222,	5
223,	3
224,	1
225,	0
226,	3
227,	6
228,	0
229,	5
230,	3
231,	4
232,	5
233,	5
234,	1
235,	4
236,	6
237,	5
238,	3
239,	2
240,	3
241,	0
242,	7
243,	3
244,	8
245,	0
246,	2
247,	6
248,	7
249,	2
250,	1
251,	2
252,	2
253,	5
254,	1
255,	2
256,	3
257,	1
258,	4
259,	3
260,	6
261,	2
262,	7
263,	10
264,	5
265,	1
266,	6
267,	8
268,	7
269,	2
270,	9
271,	3
272,	4
273,	8
274,	7
275,	1
276,	7
277,	7
278,	7
279,	0
280,	2
281,	2
282,	8
283,	5
284,	6
285,	5
286,	2
287,	3
288,	3
289,	4
290,	4
291,	2
292,	6
293,	2
294,	7
295,	4
296,	5
297,	3
298,	4
299,	3
300,	3
301,	0
302,	5
303,	4
304,	6
305,	1
306,	1
307,	7
308,	2
309,	6
310,	8
311,	3
312,	1
313,	8
314,	7
315,	5
316,	7
317,	2
318,	4
319,	3
320,	4
321,	4
322,	6
323,	7
324,	7
325,	5
326,	2
327,	5
328,	8
329,	7
330,	0
331,	6
332,	5
333,	5
334,	9
335,	7
336,	6
337,	10
338,	6
339,	2
340,	5
341,	5
342,	6
343,	8
344,	3
345,	7
346,	6
347,	9
348,	8
349,	6
350,	5
351,	0
352,	10
353,	8
354,	5
355,	5
356,	9
357,	9
358,	4
359,	6
360,	4
361,	6
362,	6
363,	7
364,	7
365,	4
366,	7
367,	5
368,	7
369,	6
370,	8
371,	6
372,	4
373,	5
374,	2
375,	5
376,	8
377,	9
378,	5
379,	5
380,	6
381,	3
382,	2
383,	4
384,	4
385,	4
386,	8
387,	9
388,	4
389,	7
390,	7
391,	0
392,	3
393,	7
394,	9
395,	1
396,	10
397,	8
398,	1
399,	7
400,	8
401,	2
402,	0
403,	4
404,	4
405,	10
406,	1
407,	3
408,	11
409,	5
410,	4
411,	5
412,	7
413,	1
414,	6
415,	10
416,	6
417,	5
418,	10
419,	6
420,	9
421,	6
422,	8
423,	5
424,	8
425,	7
426,	10
427,	7
428,	1
429,	4
430,	10
431,	8
432,	6
433,	0
434,	6
435,	5
436,	6
437,	2
438,	6
439,	9
440,	5
441,	10
442,	11
443,	2
444,	3
445,	8
446,	11
447,	2
448,	2
449,	10
450,	8
451,	9
452,	7
453,	8
454,	3
455,	7
456,	9
457,	10
458,	4
459,	11
460,	10
461,	2
462,	8
463,	8
464,	4
465,	7
466,	9
467,	5
468,	7
469,	6
470,	4
471,	9
472,	7
473,	3
474,	6
475,	9
476,	8
477,	0
478,	6
479,	11
480,	9
481,	4
482,	9
483,	6
484,	7
485,	9
486,	5
487,	8
488,	7
489,	0
490,	4
491,	8
492,	11
493,	11
494,	7
495,	7
496,	8
497,	6
498,	5
499,	9
