Instance: /home/gabriel/Documents/ufrgs/courses/oc/trab/instances/cmb01
Vertices: 500
Colors: 12
NumIterations: 1000
Alpha: 0.850000
Is Factible?: false
Conflicts: 2
Solution Value: 150916.375000
Vertex,	Color
0,	1
1,	0
2,	0
3,	0
4,	4
5,	0
6,	1
7,	0
8,	0
9,	1
10,	2
11,	0
12,	1
13,	2
14,	5
15,	2
16,	0
17,	2
18,	0
19,	1
20,	0
21,	1
22,	0
23,	2
24,	0
25,	1
26,	2
27,	3
28,	2
29,	2
30,	0
31,	0
32,	2
33,	0
34,	3
35,	1
36,	1
37,	5
38,	3
39,	1
40,	1
41,	1
42,	1
43,	0
44,	0
45,	1
46,	0
47,	0
48,	2
49,	1
50,	0
51,	2
52,	0
53,	2
54,	1
55,	0
56,	2
57,	3
58,	0
59,	0
60,	5
61,	0
62,	3
63,	0
64,	2
65,	1
66,	2
67,	1
68,	4
69,	4
70,	2
71,	1
72,	1
73,	0
74,	1
75,	2
76,	1
77,	3
78,	2
79,	1
80,	0
81,	0
82,	0
83,	1
84,	1
85,	3
86,	0
87,	1
88,	3
89,	2
90,	2
91,	2
92,	0
93,	1
94,	5
95,	0
96,	5
97,	1
98,	2
99,	8
100,	5
101,	0
102,	3
103,	3
104,	1
105,	4
106,	2
107,	4
108,	1
109,	1
110,	2
111,	4
112,	1
113,	5
114,	0
115,	2
116,	0
117,	8
118,	3
119,	3
120,	3
121,	1
122,	2
123,	3
124,	3
125,	1
126,	2
127,	4
128,	0
129,	3
130,	1
131,	2
132,	0
133,	0
134,	5
135,	1
136,	3
137,	2
138,	1
139,	1
140,	0
141,	4
142,	0
143,	2
144,	3
145,	1
146,	4
147,	3
148,	6
149,	0
150,	4
151,	9
152,	1
153,	1
154,	4
155,	0
156,	3
157,	3
158,	2
159,	3
160,	2
161,	5
162,	6
163,	5
164,	6
165,	0
166,	2
167,	1
168,	2
169,	6
170,	5
171,	2
172,	2
173,	2
174,	1
175,	0
176,	1
177,	7
178,	5
179,	4
180,	4
181,	3
182,	4
183,	6
184,	1
185,	4
186,	3
187,	1
188,	2
189,	4
190,	5
191,	0
192,	5
193,	3
194,	3
195,	3
196,	2
197,	4
198,	4
199,	5
200,	0
201,	5
202,	5
203,	5
204,	4
205,	1
206,	3
207,	6
208,	3
209,	3
210,	3
211,	2
212,	9
213,	5
214,	2
215,	4
216,	3
217,	6
218,	6
219,	8
220,	7
221,	0
222,	5
223,	3
224,	3
225,	0
226,	6
227,	7
228,	0
229,	3
230,	3
231,	4
232,	5
233,	4
234,	2
235,	5
236,	6
237,	5
238,	2
239,	1
240,	3
241,	2
242,	6
243,	4
244,	2
245,	1
246,	0
247,	4
248,	6
249,	1
250,	2
251,	3
252,	2
253,	6
254,	6
255,	7
256,	4
257,	4
258,	4
259,	3
260,	6
261,	3
262,	7
263,	3
264,	4
265,	0
266,	2
267,	4
268,	6
269,	3
270,	6
271,	5
272,	6
273,	5
274,	7
275,	1
276,	7
277,	8
278,	2
279,	0
280,	1
281,	4
282,	7
283,	0
284,	3
285,	4
286,	0
287,	6
288,	5
289,	1
290,	2
291,	3
292,	6
293,	5
294,	7
295,	4
296,	6
297,	9
298,	2
299,	3
300,	3
301,	0
302,	5
303,	3
304,	4
305,	6
306,	2
307,	7
308,	4
309,	6
310,	7
311,	1
312,	2
313,	7
314,	6
315,	5
316,	6
317,	4
318,	2
319,	2
320,	4
321,	5
322,	8
323,	6
324,	6
325,	5
326,	2
327,	5
328,	7
329,	6
330,	1
331,	5
332,	6
333,	7
334,	8
335,	2
336,	4
337,	9
338,	4
339,	7
340,	2
341,	6
342,	6
343,	8
344,	2
345,	7
346,	7
347,	9
348,	7
349,	0
350,	5
351,	0
352,	10
353,	7
354,	3
355,	8
356,	4
357,	8
358,	4
359,	11
360,	7
361,	6
362,	0
363,	6
364,	7
365,	8
366,	5
367,	2
368,	7
369,	3
370,	7
371,	4
372,	4
373,	5
374,	4
375,	5
376,	8
377,	5
378,	5
379,	3
380,	9
381,	3
382,	2
383,	3
384,	5
385,	5
386,	8
387,	8
388,	3
389,	7
390,	7
391,	0
392,	4
393,	8
394,	9
395,	2
396,	10
397,	7
398,	2
399,	8
400,	6
401,	7
402,	1
403,	5
404,	5
405,	9
406,	8
407,	5
408,	10
409,	10
410,	8
411,	5
412,	7
413,	5
414,	11
415,	11
416,	9
417,	7
418,	11
419,	6
420,	9
421,	6
422,	5
423,	10
424,	8
425,	7
426,	10
427,	7
428,	6
429,	8
430,	9
431,	6
432,	10
433,	6
434,	4
435,	6
436,	5
437,	3
438,	4
439,	9
440,	5
441,	7
442,	4
443,	1
444,	3
445,	5
446,	10
447,	1
448,	4
449,	9
450,	8
451,	5
452,	6
453,	9
454,	4
455,	6
456,	8
457,	11
458,	6
459,	10
460,	9
461,	4
462,	7
463,	8
464,	6
465,	7
466,	9
467,	1
468,	9
469,	3
470,	8
471,	8
472,	7
473,	5
474,	9
475,	9
476,	8
477,	2
478,	7
479,	11
480,	9
481,	5
482,	10
483,	4
484,	8
485,	6
486,	8
487,	9
488,	7
489,	7
490,	5
491,	10
492,	11
493,	10
494,	7
495,	6
496,	10
497,	6
498,	6
499,	9
