Instance: /home/gabriel/Documents/ufrgs/courses/oc/trab/instances/cmb01
Vertices: 500
Colors: 12
NumIterations: 10000000
Alpha: 0.850000
Is Factible?: false
Conflicts: 1
Solution Value: 147099.062500
Vertex,	Color
0,	1
1,	2
2,	0
3,	1
4,	5
5,	0
6,	1
7,	1
8,	0
9,	1
10,	2
11,	0
12,	1
13,	0
14,	2
15,	1
16,	1
17,	2
18,	1
19,	0
20,	0
21,	0
22,	1
23,	2
24,	0
25,	1
26,	0
27,	2
28,	1
29,	1
30,	0
31,	0
32,	2
33,	0
34,	4
35,	2
36,	0
37,	0
38,	3
39,	0
40,	0
41,	0
42,	2
43,	3
44,	1
45,	1
46,	2
47,	1
48,	1
49,	1
50,	1
51,	8
52,	1
53,	4
54,	0
55,	0
56,	2
57,	4
58,	2
59,	2
60,	5
61,	3
62,	0
63,	2
64,	2
65,	1
66,	1
67,	0
68,	3
69,	4
70,	0
71,	0
72,	2
73,	0
74,	2
75,	3
76,	2
77,	6
78,	0
79,	10
80,	2
81,	6
82,	1
83,	1
84,	1
85,	1
86,	0
87,	1
88,	4
89,	2
90,	3
91,	2
92,	2
93,	0
94,	6
95,	1
96,	1
97,	4
98,	1
99,	2
100,	4
101,	3
102,	2
103,	4
104,	0
105,	5
106,	0
107,	3
108,	0
109,	1
110,	2
111,	5
112,	1
113,	2
114,	4
115,	1
116,	1
117,	9
118,	2
119,	3
120,	0
121,	1
122,	5
123,	4
124,	4
125,	1
126,	2
127,	0
128,	0
129,	4
130,	0
131,	2
132,	2
133,	0
134,	3
135,	1
136,	2
137,	9
138,	0
139,	1
140,	0
141,	1
142,	3
143,	0
144,	3
145,	5
146,	4
147,	3
148,	8
149,	2
150,	5
151,	5
152,	2
153,	0
154,	2
155,	3
156,	0
157,	0
158,	3
159,	2
160,	3
161,	4
162,	7
163,	5
164,	6
165,	4
166,	0
167,	0
168,	4
169,	3
170,	7
171,	4
172,	3
173,	2
174,	1
175,	1
176,	2
177,	5
178,	5
179,	5
180,	3
181,	1
182,	4
183,	4
184,	3
185,	3
186,	3
187,	0
188,	2
189,	5
190,	6
191,	2
192,	0
193,	0
194,	4
195,	2
196,	3
197,	5
198,	3
199,	5
200,	2
201,	3
202,	5
203,	1
204,	5
205,	1
206,	3
207,	5
208,	0
209,	3
210,	2
211,	0
212,	8
213,	4
214,	6
215,	1
216,	4
217,	7
218,	6
219,	8
220,	6
221,	1
222,	5
223,	4
224,	3
225,	0
226,	6
227,	5
228,	1
229,	5
230,	3
231,	3
232,	4
233,	5
234,	2
235,	6
236,	7
237,	4
238,	5
239,	2
240,	2
241,	3
242,	7
243,	4
244,	7
245,	2
246,	0
247,	5
248,	6
249,	1
250,	2
251,	6
252,	6
253,	2
254,	5
255,	5
256,	3
257,	0
258,	4
259,	1
260,	6
261,	4
262,	4
263,	10
264,	3
265,	2
266,	5
267,	3
268,	7
269,	4
270,	7
271,	5
272,	6
273,	4
274,	9
275,	2
276,	8
277,	6
278,	6
279,	2
280,	0
281,	1
282,	7
283,	3
284,	6
285,	3
286,	5
287,	6
288,	1
289,	4
290,	0
291,	4
292,	6
293,	4
294,	7
295,	2
296,	7
297,	3
298,	3
299,	0
300,	3
301,	2
302,	4
303,	3
304,	4
305,	3
306,	2
307,	7
308,	4
309,	6
310,	8
311,	1
312,	2
313,	7
314,	3
315,	5
316,	7
317,	3
318,	4
319,	1
320,	4
321,	4
322,	3
323,	6
324,	6
325,	5
326,	2
327,	5
328,	7
329,	6
330,	1
331,	8
332,	5
333,	8
334,	8
335,	3
336,	7
337,	8
338,	8
339,	5
340,	5
341,	7
342,	4
343,	0
344,	2
345,	8
346,	7
347,	7
348,	7
349,	6
350,	6
351,	4
352,	10
353,	8
354,	3
355,	2
356,	7
357,	9
358,	5
359,	11
360,	7
361,	7
362,	1
363,	6
364,	8
365,	9
366,	4
367,	4
368,	7
369,	5
370,	6
371,	6
372,	6
373,	9
374,	3
375,	5
376,	6
377,	5
378,	6
379,	5
380,	8
381,	2
382,	3
383,	1
384,	4
385,	4
386,	9
387,	9
388,	6
389,	8
390,	8
391,	6
392,	5
393,	9
394,	8
395,	6
396,	10
397,	7
398,	6
399,	8
400,	7
401,	0
402,	8
403,	7
404,	7
405,	10
406,	4
407,	5
408,	0
409,	2
410,	7
411,	5
412,	7
413,	6
414,	8
415,	10
416,	10
417,	7
418,	10
419,	7
420,	8
421,	5
422,	7
423,	8
424,	9
425,	6
426,	9
427,	8
428,	2
429,	4
430,	9
431,	5
432,	9
433,	5
434,	6
435,	4
436,	5
437,	5
438,	7
439,	7
440,	11
441,	8
442,	11
443,	11
444,	3
445,	9
446,	11
447,	3
448,	1
449,	10
450,	9
451,	11
452,	7
453,	5
454,	4
455,	6
456,	4
457,	10
458,	6
459,	9
460,	10
461,	5
462,	9
463,	8
464,	3
465,	7
466,	8
467,	6
468,	10
469,	3
470,	8
471,	10
472,	7
473,	0
474,	7
475,	11
476,	9
477,	2
478,	8
479,	11
480,	10
481,	4
482,	11
483,	6
484,	8
485,	10
486,	8
487,	9
488,	8
489,	3
490,	5
491,	9
492,	10
493,	7
494,	11
495,	9
496,	10
497,	3
498,	5
499,	10
