Instance: /home/gabriel/Documents/ufrgs/courses/oc/trab/instances/cmb01
Vertices: 500
Colors: 12
NumIterations: 150
Alpha: 0.750000
Is Factible?: false
Conflicts: 2
Solution Value: 152097.687500
Vertex,	Color
0,	5
1,	1
2,	4
3,	1
4,	0
5,	6
6,	0
7,	2
8,	3
9,	3
10,	1
11,	0
12,	3
13,	4
14,	6
15,	0
16,	5
17,	3
18,	5
19,	0
20,	0
21,	0
22,	3
23,	2
24,	5
25,	1
26,	1
27,	0
28,	0
29,	2
30,	0
31,	0
32,	0
33,	0
34,	5
35,	1
36,	0
37,	0
38,	1
39,	4
40,	1
41,	3
42,	6
43,	2
44,	1
45,	3
46,	0
47,	0
48,	7
49,	0
50,	1
51,	8
52,	1
53,	1
54,	1
55,	3
56,	2
57,	3
58,	0
59,	2
60,	0
61,	1
62,	3
63,	2
64,	2
65,	1
66,	2
67,	1
68,	3
69,	2
70,	3
71,	1
72,	0
73,	1
74,	0
75,	0
76,	2
77,	11
78,	1
79,	9
80,	5
81,	5
82,	4
83,	1
84,	2
85,	0
86,	4
87,	5
88,	3
89,	0
90,	4
91,	0
92,	0
93,	1
94,	1
95,	3
96,	2
97,	3
98,	7
99,	0
100,	3
101,	0
102,	0
103,	2
104,	2
105,	4
106,	2
107,	4
108,	1
109,	5
110,	5
111,	1
112,	1
113,	3
114,	2
115,	4
116,	3
117,	2
118,	0
119,	6
120,	0
121,	7
122,	0
123,	8
124,	1
125,	5
126,	1
127,	0
128,	0
129,	7
130,	0
131,	2
132,	0
133,	1
134,	1
135,	2
136,	2
137,	7
138,	5
139,	1
140,	2
141,	5
142,	3
143,	7
144,	2
145,	3
146,	6
147,	0
148,	6
149,	1
150,	5
151,	2
152,	1
153,	4
154,	1
155,	4
156,	5
157,	3
158,	5
159,	1
160,	3
161,	1
162,	8
163,	4
164,	7
165,	6
166,	0
167,	1
168,	3
169,	2
170,	5
171,	1
172,	6
173,	2
174,	0
175,	0
176,	1
177,	6
178,	6
179,	3
180,	0
181,	2
182,	2
183,	3
184,	5
185,	4
186,	2
187,	1
188,	2
189,	5
190,	2
191,	1
192,	3
193,	2
194,	1
195,	1
196,	2
197,	4
198,	1
199,	2
200,	1
201,	3
202,	2
203,	5
204,	3
205,	2
206,	4
207,	7
208,	0
209,	4
210,	4
211,	2
212,	10
213,	3
214,	4
215,	6
216,	0
217,	4
218,	4
219,	4
220,	3
221,	0
222,	4
223,	2
224,	1
225,	2
226,	5
227,	4
228,	0
229,	3
230,	3
231,	5
232,	6
233,	4
234,	1
235,	5
236,	8
237,	3
238,	2
239,	0
240,	2
241,	1
242,	7
243,	2
244,	9
245,	5
246,	4
247,	6
248,	3
249,	4
250,	4
251,	2
252,	3
253,	4
254,	6
255,	2
256,	1
257,	1
258,	6
259,	1
260,	6
261,	3
262,	5
263,	9
264,	4
265,	1
266,	5
267,	6
268,	6
269,	3
270,	4
271,	5
272,	4
273,	5
274,	1
275,	0
276,	9
277,	3
278,	5
279,	0
280,	3
281,	1
282,	5
283,	6
284,	4
285,	4
286,	4
287,	4
288,	2
289,	3
290,	0
291,	3
292,	5
293,	2
294,	8
295,	2
296,	6
297,	6
298,	2
299,	0
300,	1
301,	0
302,	6
303,	4
304,	2
305,	1
306,	2
307,	6
308,	3
309,	6
310,	6
311,	2
312,	0
313,	8
314,	7
315,	3
316,	6
317,	3
318,	4
319,	2
320,	2
321,	4
322,	9
323,	6
324,	7
325,	4
326,	0
327,	5
328,	8
329,	5
330,	1
331,	7
332,	3
333,	4
334,	9
335,	2
336,	2
337,	7
338,	6
339,	5
340,	7
341,	8
342,	6
343,	7
344,	2
345,	7
346,	8
347,	8
348,	7
349,	6
350,	4
351,	4
352,	9
353,	7
354,	5
355,	4
356,	6
357,	8
358,	7
359,	2
360,	8
361,	5
362,	5
363,	6
364,	8
365,	4
366,	7
367,	6
368,	7
369,	7
370,	0
371,	3
372,	8
373,	5
374,	3
375,	4
376,	8
377,	6
378,	4
379,	4
380,	9
381,	4
382,	3
383,	2
384,	2
385,	7
386,	7
387,	9
388,	4
389,	7
390,	7
391,	1
392,	3
393,	7
394,	10
395,	3
396,	8
397,	8
398,	2
399,	9
400,	7
401,	5
402,	9
403,	4
404,	5
405,	8
406,	7
407,	3
408,	11
409,	8
410,	9
411,	3
412,	7
413,	6
414,	8
415,	10
416,	10
417,	6
418,	9
419,	5
420,	9
421,	6
422,	7
423,	6
424,	9
425,	8
426,	10
427,	4
428,	1
429,	6
430,	10
431,	5
432,	2
433,	3
434,	6
435,	8
436,	5
437,	6
438,	7
439,	10
440,	0
441,	7
442,	1
443,	10
444,	3
445,	9
446,	10
447,	1
448,	6
449,	11
450,	10
451,	0
452,	7
453,	9
454,	4
455,	7
456,	9
457,	11
458,	3
459,	11
460,	10
461,	3
462,	8
463,	8
464,	7
465,	8
466,	9
467,	1
468,	6
469,	4
470,	8
471,	9
472,	8
473,	5
474,	8
475,	8
476,	9
477,	0
478,	5
479,	9
480,	10
481,	4
482,	8
483,	5
484,	8
485,	9
486,	7
487,	8
488,	7
489,	0
490,	4
491,	9
492,	11
493,	9
494,	5
495,	8
496,	9
497,	10
498,	2
499,	4
