Instance: /home/gabriel/Documents/ufrgs/courses/oc/trab/instances/cmb01
Vertices: 500
Colors: 12
NumIterations: 1
Alpha: 0.850000
Is Factible?: false
Conflicts: 5
Solution Value: 164105.359375
Vertex,	Color
0,	0
1,	6
2,	0
3,	1
4,	2
5,	0
6,	0
7,	1
8,	4
9,	1
10,	0
11,	0
12,	1
13,	7
14,	1
15,	1
16,	8
17,	2
18,	2
19,	2
20,	0
21,	1
22,	1
23,	1
24,	0
25,	1
26,	1
27,	1
28,	1
29,	1
30,	1
31,	2
32,	2
33,	0
34,	3
35,	0
36,	1
37,	0
38,	2
39,	3
40,	1
41,	0
42,	3
43,	1
44,	0
45,	0
46,	0
47,	1
48,	2
49,	1
50,	3
51,	1
52,	0
53,	1
54,	2
55,	0
56,	0
57,	4
58,	3
59,	2
60,	8
61,	1
62,	0
63,	0
64,	2
65,	0
66,	1
67,	2
68,	7
69,	4
70,	3
71,	2
72,	3
73,	0
74,	3
75,	1
76,	2
77,	1
78,	0
79,	0
80,	3
81,	0
82,	2
83,	0
84,	4
85,	1
86,	3
87,	2
88,	4
89,	0
90,	2
91,	0
92,	2
93,	2
94,	5
95,	3
96,	1
97,	2
98,	2
99,	3
100,	10
101,	1
102,	2
103,	0
104,	1
105,	5
106,	2
107,	4
108,	0
109,	4
110,	0
111,	4
112,	1
113,	2
114,	0
115,	3
116,	1
117,	7
118,	1
119,	5
120,	3
121,	6
122,	1
123,	0
124,	0
125,	1
126,	2
127,	3
128,	2
129,	4
130,	0
131,	2
132,	4
133,	0
134,	0
135,	1
136,	2
137,	2
138,	1
139,	1
140,	0
141,	4
142,	1
143,	5
144,	2
145,	2
146,	3
147,	2
148,	6
149,	4
150,	4
151,	8
152,	3
153,	2
154,	3
155,	4
156,	0
157,	3
158,	4
159,	1
160,	2
161,	5
162,	4
163,	4
164,	6
165,	5
166,	0
167,	1
168,	3
169,	2
170,	7
171,	5
172,	3
173,	0
174,	5
175,	2
176,	2
177,	9
178,	5
179,	9
180,	5
181,	2
182,	4
183,	6
184,	4
185,	3
186,	3
187,	1
188,	3
189,	5
190,	6
191,	2
192,	2
193,	1
194,	1
195,	3
196,	2
197,	2
198,	1
199,	2
200,	0
201,	5
202,	2
203,	7
204,	3
205,	2
206,	3
207,	5
208,	0
209,	4
210,	1
211,	0
212,	8
213,	3
214,	1
215,	4
216,	2
217,	3
218,	5
219,	8
220,	1
221,	0
222,	4
223,	3
224,	3
225,	0
226,	3
227,	6
228,	0
229,	5
230,	3
231,	4
232,	4
233,	3
234,	1
235,	4
236,	6
237,	7
238,	2
239,	1
240,	2
241,	3
242,	7
243,	4
244,	8
245,	2
246,	4
247,	6
248,	6
249,	1
250,	2
251,	0
252,	1
253,	0
254,	5
255,	2
256,	4
257,	2
258,	4
259,	2
260,	5
261,	3
262,	4
263,	10
264,	4
265,	1
266,	6
267,	6
268,	6
269,	7
270,	7
271,	3
272,	7
273,	6
274,	9
275,	2
276,	8
277,	2
278,	7
279,	1
280,	1
281,	4
282,	7
283,	4
284,	4
285,	4
286,	6
287,	6
288,	2
289,	5
290,	0
291,	4
292,	5
293,	5
294,	9
295,	4
296,	5
297,	5
298,	3
299,	3
300,	2
301,	0
302,	5
303,	4
304,	0
305,	4
306,	2
307,	6
308,	3
309,	6
310,	5
311,	0
312,	2
313,	7
314,	7
315,	5
316,	6
317,	3
318,	1
319,	2
320,	4
321,	6
322,	5
323,	6
324,	7
325,	5
326,	2
327,	4
328,	8
329,	6
330,	1
331,	5
332,	3
333,	4
334,	8
335,	9
336,	3
337,	8
338,	5
339,	7
340,	7
341,	6
342,	8
343,	9
344,	0
345,	2
346,	7
347,	11
348,	7
349,	0
350,	5
351,	5
352,	10
353,	9
354,	4
355,	6
356,	10
357,	9
358,	6
359,	6
360,	5
361,	1
362,	3
363,	6
364,	9
365,	9
366,	7
367,	4
368,	4
369,	4
370,	6
371,	5
372,	3
373,	5
374,	3
375,	6
376,	7
377,	5
378,	6
379,	5
380,	8
381,	2
382,	2
383,	3
384,	4
385,	4
386,	6
387,	8
388,	1
389,	6
390,	5
391,	0
392,	3
393,	7
394,	10
395,	5
396,	9
397,	6
398,	5
399,	7
400,	7
401,	6
402,	3
403,	4
404,	4
405,	10
406,	8
407,	5
408,	11
409,	6
410,	8
411,	3
412,	6
413,	7
414,	5
415,	0
416,	5
417,	4
418,	10
419,	4
420,	8
421,	5
422,	6
423,	9
424,	7
425,	7
426,	9
427,	6
428,	6
429,	7
430,	9
431,	8
432,	2
433,	7
434,	5
435,	4
436,	6
437,	4
438,	8
439,	7
440,	5
441,	10
442,	11
443,	7
444,	3
445,	8
446,	11
447,	3
448,	4
449,	9
450,	7
451,	10
452,	7
453,	8
454,	4
455,	6
456,	8
457,	11
458,	3
459,	11
460,	11
461,	5
462,	7
463,	7
464,	8
465,	7
466,	8
467,	2
468,	6
469,	3
470,	8
471,	8
472,	7
473,	4
474,	8
475,	8
476,	9
477,	2
478,	8
479,	11
480,	9
481,	4
482,	8
483,	6
484,	9
485,	10
486,	8
487,	8
488,	7
489,	7
490,	6
491,	9
492,	10
493,	10
494,	11
495,	7
496,	10
497,	6
498,	6
499,	10
