Instance: /home/gabriel/Documents/ufrgs/courses/oc/trab/instances/cmb01
Vertices: 500
Colors: 12
NumIterations: 1
Alpha: 0.850000
Is Factible?: false
Conflicts: 5
Solution Value: 152491.406250
Vertex,	Color
0,	1
1,	1
2,	0
3,	0
4,	0
5,	0
6,	1
7,	0
8,	0
9,	1
10,	0
11,	1
12,	2
13,	2
14,	2
15,	0
16,	3
17,	4
18,	0
19,	0
20,	0
21,	0
22,	2
23,	3
24,	0
25,	1
26,	0
27,	0
28,	0
29,	1
30,	1
31,	0
32,	1
33,	0
34,	6
35,	0
36,	0
37,	0
38,	1
39,	2
40,	0
41,	0
42,	0
43,	1
44,	1
45,	5
46,	0
47,	3
48,	8
49,	3
50,	1
51,	6
52,	1
53,	2
54,	1
55,	0
56,	4
57,	2
58,	1
59,	1
60,	1
61,	0
62,	0
63,	1
64,	3
65,	2
66,	1
67,	3
68,	7
69,	2
70,	6
71,	2
72,	1
73,	2
74,	1
75,	1
76,	1
77,	6
78,	3
79,	2
80,	2
81,	0
82,	1
83,	0
84,	1
85,	0
86,	5
87,	1
88,	3
89,	5
90,	3
91,	2
92,	1
93,	2
94,	4
95,	2
96,	2
97,	1
98,	0
99,	5
100,	1
101,	1
102,	2
103,	2
104,	0
105,	4
106,	4
107,	5
108,	2
109,	1
110,	1
111,	3
112,	0
113,	2
114,	3
115,	0
116,	1
117,	5
118,	1
119,	3
120,	2
121,	4
122,	0
123,	0
124,	0
125,	0
126,	2
127,	1
128,	1
129,	5
130,	1
131,	2
132,	1
133,	1
134,	2
135,	1
136,	3
137,	0
138,	3
139,	2
140,	2
141,	3
142,	5
143,	2
144,	3
145,	2
146,	5
147,	3
148,	6
149,	1
150,	5
151,	5
152,	1
153,	2
154,	3
155,	2
156,	9
157,	4
158,	3
159,	4
160,	3
161,	5
162,	6
163,	5
164,	7
165,	5
166,	0
167,	1
168,	3
169,	3
170,	5
171,	4
172,	1
173,	3
174,	1
175,	1
176,	2
177,	8
178,	4
179,	3
180,	3
181,	2
182,	5
183,	0
184,	0
185,	4
186,	3
187,	1
188,	1
189,	4
190,	6
191,	2
192,	4
193,	2
194,	4
195,	4
196,	2
197,	1
198,	3
199,	4
200,	1
201,	2
202,	4
203,	5
204,	5
205,	2
206,	3
207,	6
208,	6
209,	4
210,	3
211,	2
212,	3
213,	4
214,	4
215,	3
216,	3
217,	4
218,	6
219,	5
220,	6
221,	1
222,	5
223,	3
224,	3
225,	0
226,	6
227,	4
228,	0
229,	6
230,	3
231,	5
232,	5
233,	5
234,	3
235,	4
236,	2
237,	6
238,	3
239,	2
240,	2
241,	1
242,	7
243,	3
244,	7
245,	1
246,	5
247,	4
248,	6
249,	3
250,	5
251,	2
252,	2
253,	6
254,	6
255,	4
256,	3
257,	4
258,	4
259,	3
260,	6
261,	4
262,	4
263,	10
264,	4
265,	3
266,	5
267,	7
268,	7
269,	7
270,	7
271,	5
272,	7
273,	7
274,	8
275,	1
276,	9
277,	8
278,	5
279,	4
280,	2
281,	4
282,	9
283,	5
284,	6
285,	4
286,	0
287,	4
288,	3
289,	2
290,	5
291,	4
292,	6
293,	2
294,	8
295,	4
296,	3
297,	4
298,	2
299,	2
300,	2
301,	0
302,	5
303,	4
304,	2
305,	5
306,	2
307,	7
308,	3
309,	6
310,	8
311,	2
312,	1
313,	7
314,	3
315,	6
316,	7
317,	0
318,	2
319,	3
320,	4
321,	4
322,	9
323,	6
324,	6
325,	5
326,	1
327,	6
328,	7
329,	6
330,	0
331,	6
332,	6
333,	2
334,	8
335,	6
336,	7
337,	7
338,	5
339,	6
340,	5
341,	7
342,	7
343,	8
344,	1
345,	6
346,	8
347,	11
348,	7
349,	6
350,	1
351,	0
352,	9
353,	9
354,	4
355,	5
356,	0
357,	8
358,	5
359,	9
360,	8
361,	6
362,	7
363,	8
364,	8
365,	8
366,	6
367,	4
368,	7
369,	6
370,	1
371,	5
372,	5
373,	4
374,	3
375,	5
376,	8
377,	6
378,	5
379,	5
380,	9
381,	2
382,	3
383,	2
384,	4
385,	5
386,	8
387,	8
388,	10
389,	7
390,	7
391,	6
392,	3
393,	8
394,	9
395,	0
396,	10
397,	7
398,	3
399,	9
400,	6
401,	0
402,	9
403,	5
404,	4
405,	10
406,	2
407,	4
408,	11
409,	10
410,	8
411,	5
412,	9
413,	6
414,	6
415,	10
416,	6
417,	7
418,	10
419,	6
420,	9
421,	6
422,	8
423,	9
424,	8
425,	7
426,	10
427,	5
428,	1
429,	4
430,	9
431,	6
432,	0
433,	7
434,	7
435,	7
436,	5
437,	4
438,	7
439,	6
440,	1
441,	9
442,	11
443,	7
444,	3
445,	4
446,	11
447,	1
448,	6
449,	8
450,	0
451,	5
452,	7
453,	7
454,	4
455,	8
456,	4
457,	11
458,	0
459,	11
460,	10
461,	2
462,	9
463,	9
464,	3
465,	8
466,	9
467,	4
468,	7
469,	6
470,	5
471,	10
472,	7
473,	3
474,	6
475,	11
476,	8
477,	2
478,	8
479,	11
480,	10
481,	4
482,	10
483,	6
484,	8
485,	10
486,	9
487,	8
488,	7
489,	0
490,	5
491,	8
492,	11
493,	4
494,	10
495,	8
496,	9
497,	6
498,	6
499,	4
