Instance: /home/gabriel/Documents/ufrgs/courses/oc/trab/instances/cmb01
Vertices: 500
Colors: 12
NumIterations: 2
Alpha: 0.650000
Is Factible?: false
Conflicts: 5
Solution Value: 154958.750000
Vertex,	Color
0,	9
1,	1
2,	7
3,	3
4,	2
5,	7
6,	4
7,	0
8,	1
9,	2
10,	4
11,	2
12,	2
13,	8
14,	5
15,	0
16,	3
17,	4
18,	8
19,	6
20,	0
21,	1
22,	5
23,	0
24,	1
25,	0
26,	0
27,	5
28,	3
29,	1
30,	3
31,	2
32,	0
33,	0
34,	5
35,	4
36,	7
37,	3
38,	1
39,	4
40,	1
41,	1
42,	5
43,	3
44,	3
45,	3
46,	0
47,	1
48,	5
49,	6
50,	4
51,	3
52,	4
53,	1
54,	7
55,	2
56,	1
57,	2
58,	2
59,	1
60,	7
61,	6
62,	4
63,	5
64,	0
65,	0
66,	1
67,	3
68,	2
69,	1
70,	4
71,	0
72,	3
73,	2
74,	3
75,	7
76,	4
77,	2
78,	1
79,	3
80,	6
81,	2
82,	7
83,	8
84,	3
85,	0
86,	0
87,	3
88,	3
89,	5
90,	0
91,	2
92,	0
93,	0
94,	3
95,	4
96,	2
97,	0
98,	7
99,	2
100,	7
101,	1
102,	2
103,	4
104,	1
105,	1
106,	5
107,	1
108,	2
109,	1
110,	4
111,	9
112,	6
113,	4
114,	7
115,	1
116,	0
117,	11
118,	3
119,	9
120,	2
121,	1
122,	0
123,	0
124,	0
125,	2
126,	2
127,	2
128,	2
129,	3
130,	1
131,	2
132,	1
133,	0
134,	8
135,	0
136,	3
137,	6
138,	0
139,	3
140,	1
141,	5
142,	2
143,	5
144,	4
145,	1
146,	5
147,	3
148,	8
149,	0
150,	3
151,	0
152,	3
153,	1
154,	1
155,	1
156,	0
157,	4
158,	1
159,	3
160,	3
161,	3
162,	11
163,	3
164,	6
165,	1
166,	0
167,	1
168,	3
169,	1
170,	7
171,	0
172,	1
173,	0
174,	0
175,	2
176,	2
177,	1
178,	5
179,	0
180,	1
181,	2
182,	0
183,	8
184,	1
185,	5
186,	1
187,	1
188,	0
189,	4
190,	4
191,	8
192,	2
193,	1
194,	3
195,	2
196,	2
197,	2
198,	5
199,	2
200,	0
201,	3
202,	1
203,	6
204,	3
205,	2
206,	3
207,	6
208,	1
209,	4
210,	3
211,	3
212,	5
213,	5
214,	4
215,	4
216,	3
217,	5
218,	4
219,	6
220,	5
221,	3
222,	8
223,	1
224,	3
225,	0
226,	2
227,	5
228,	0
229,	1
230,	3
231,	2
232,	3
233,	4
234,	3
235,	11
236,	6
237,	2
238,	2
239,	2
240,	2
241,	7
242,	6
243,	2
244,	10
245,	2
246,	1
247,	2
248,	6
249,	3
250,	2
251,	3
252,	2
253,	7
254,	1
255,	1
256,	9
257,	2
258,	3
259,	3
260,	4
261,	3
262,	1
263,	9
264,	4
265,	4
266,	5
267,	0
268,	6
269,	4
270,	5
271,	6
272,	2
273,	8
274,	6
275,	2
276,	3
277,	4
278,	4
279,	1
280,	1
281,	5
282,	6
283,	1
284,	8
285,	4
286,	6
287,	4
288,	1
289,	4
290,	2
291,	0
292,	4
293,	7
294,	0
295,	4
296,	4
297,	1
298,	2
299,	2
300,	2
301,	0
302,	7
303,	5
304,	1
305,	1
306,	2
307,	6
308,	3
309,	5
310,	5
311,	4
312,	0
313,	7
314,	6
315,	6
316,	4
317,	0
318,	1
319,	2
320,	4
321,	3
322,	9
323,	8
324,	5
325,	5
326,	0
327,	4
328,	6
329,	6
330,	2
331,	8
332,	4
333,	5
334,	8
335,	7
336,	6
337,	9
338,	8
339,	5
340,	2
341,	2
342,	4
343,	0
344,	5
345,	2
346,	5
347,	6
348,	7
349,	1
350,	1
351,	0
352,	10
353,	6
354,	4
355,	6
356,	5
357,	7
358,	5
359,	8
360,	8
361,	5
362,	3
363,	5
364,	8
365,	7
366,	3
367,	3
368,	8
369,	6
370,	1
371,	4
372,	7
373,	5
374,	3
375,	6
376,	9
377,	5
378,	2
379,	5
380,	7
381,	1
382,	2
383,	3
384,	4
385,	6
386,	7
387,	7
388,	4
389,	6
390,	5
391,	5
392,	0
393,	7
394,	11
395,	5
396,	9
397,	8
398,	0
399,	9
400,	7
401,	7
402,	3
403,	5
404,	4
405,	9
406,	0
407,	4
408,	10
409,	10
410,	7
411,	3
412,	2
413,	3
414,	8
415,	0
416,	9
417,	2
418,	9
419,	4
420,	0
421,	5
422,	7
423,	8
424,	8
425,	6
426,	10
427,	6
428,	7
429,	3
430,	9
431,	5
432,	1
433,	6
434,	5
435,	8
436,	6
437,	3
438,	8
439,	7
440,	10
441,	10
442,	9
443,	3
444,	3
445,	9
446,	10
447,	2
448,	4
449,	6
450,	0
451,	10
452,	6
453,	9
454,	4
455,	5
456,	8
457,	11
458,	4
459,	10
460,	10
461,	5
462,	7
463,	7
464,	4
465,	8
466,	6
467,	2
468,	9
469,	4
470,	0
471,	9
472,	7
473,	6
474,	7
475,	10
476,	8
477,	2
478,	6
479,	10
480,	9
481,	4
482,	11
483,	4
484,	9
485,	9
486,	6
487,	8
488,	6
489,	6
490,	5
491,	8
492,	11
493,	4
494,	9
495,	8
496,	10
497,	6
498,	6
499,	8
