Instance: /home/gabriel/Documents/ufrgs/courses/oc/trab/instances/cmb01
Vertices: 500
Colors: 12
NumIterations: 10
Alpha: 0.650000
Is Factible?: false
Conflicts: 2
Solution Value: 148660.500000
Vertex,	Color
0,	0
1,	1
2,	2
3,	0
4,	8
5,	3
6,	0
7,	1
8,	2
9,	5
10,	0
11,	4
12,	1
13,	1
14,	1
15,	0
16,	3
17,	0
18,	0
19,	6
20,	3
21,	2
22,	0
23,	4
24,	0
25,	1
26,	3
27,	0
28,	0
29,	0
30,	0
31,	4
32,	2
33,	0
34,	6
35,	0
36,	0
37,	1
38,	5
39,	5
40,	1
41,	2
42,	3
43,	6
44,	1
45,	5
46,	2
47,	1
48,	3
49,	9
50,	1
51,	4
52,	1
53,	2
54,	6
55,	0
56,	6
57,	2
58,	2
59,	0
60,	8
61,	1
62,	4
63,	6
64,	1
65,	5
66,	0
67,	1
68,	2
69,	2
70,	2
71,	1
72,	1
73,	2
74,	5
75,	3
76,	5
77,	0
78,	5
79,	7
80,	0
81,	0
82,	0
83,	5
84,	0
85,	0
86,	1
87,	0
88,	0
89,	1
90,	0
91,	4
92,	1
93,	2
94,	6
95,	4
96,	2
97,	2
98,	0
99,	8
100,	2
101,	4
102,	3
103,	7
104,	0
105,	4
106,	3
107,	2
108,	1
109,	0
110,	4
111,	7
112,	0
113,	11
114,	3
115,	1
116,	3
117,	1
118,	0
119,	9
120,	1
121,	1
122,	3
123,	8
124,	7
125,	0
126,	0
127,	0
128,	1
129,	4
130,	0
131,	0
132,	9
133,	1
134,	2
135,	4
136,	5
137,	3
138,	4
139,	3
140,	4
141,	2
142,	3
143,	9
144,	3
145,	1
146,	3
147,	3
148,	8
149,	5
150,	2
151,	2
152,	2
153,	1
154,	1
155,	5
156,	6
157,	3
158,	0
159,	5
160,	3
161,	1
162,	9
163,	1
164,	5
165,	1
166,	0
167,	0
168,	4
169,	2
170,	7
171,	4
172,	1
173,	1
174,	1
175,	0
176,	0
177,	5
178,	6
179,	2
180,	2
181,	2
182,	6
183,	2
184,	2
185,	4
186,	2
187,	0
188,	7
189,	7
190,	6
191,	3
192,	3
193,	2
194,	0
195,	7
196,	0
197,	3
198,	1
199,	3
200,	0
201,	2
202,	0
203,	1
204,	5
205,	3
206,	1
207,	5
208,	1
209,	4
210,	10
211,	3
212,	1
213,	3
214,	5
215,	3
216,	3
217,	1
218,	7
219,	1
220,	5
221,	0
222,	7
223,	2
224,	3
225,	2
226,	1
227,	5
228,	1
229,	4
230,	0
231,	5
232,	0
233,	3
234,	1
235,	4
236,	8
237,	2
238,	1
239,	0
240,	1
241,	1
242,	8
243,	6
244,	7
245,	1
246,	6
247,	3
248,	5
249,	5
250,	3
251,	5
252,	5
253,	4
254,	6
255,	4
256,	4
257,	1
258,	3
259,	1
260,	4
261,	3
262,	8
263,	2
264,	4
265,	1
266,	6
267,	8
268,	7
269,	2
270,	7
271,	3
272,	4
273,	2
274,	3
275,	3
276,	6
277,	5
278,	0
279,	0
280,	2
281,	4
282,	8
283,	0
284,	6
285,	4
286,	2
287,	8
288,	3
289,	2
290,	3
291,	0
292,	8
293,	2
294,	5
295,	4
296,	6
297,	4
298,	2
299,	3
300,	1
301,	3
302,	2
303,	4
304,	2
305,	2
306,	3
307,	8
308,	4
309,	6
310,	7
311,	2
312,	1
313,	6
314,	8
315,	7
316,	7
317,	4
318,	1
319,	1
320,	4
321,	4
322,	11
323,	6
324,	7
325,	5
326,	2
327,	4
328,	5
329,	4
330,	0
331,	6
332,	3
333,	4
334,	8
335,	0
336,	6
337,	7
338,	3
339,	4
340,	8
341,	8
342,	3
343,	3
344,	4
345,	7
346,	5
347,	10
348,	7
349,	6
350,	3
351,	1
352,	10
353,	6
354,	2
355,	7
356,	7
357,	9
358,	6
359,	10
360,	7
361,	5
362,	5
363,	5
364,	5
365,	6
366,	7
367,	3
368,	7
369,	6
370,	10
371,	4
372,	2
373,	6
374,	4
375,	7
376,	5
377,	7
378,	6
379,	3
380,	8
381,	2
382,	1
383,	2
384,	5
385,	5
386,	6
387,	10
388,	6
389,	9
390,	9
391,	3
392,	4
393,	6
394,	8
395,	4
396,	10
397,	2
398,	3
399,	8
400,	6
401,	0
402,	5
403,	4
404,	5
405,	9
406,	0
407,	5
408,	11
409,	4
410,	6
411,	5
412,	4
413,	5
414,	5
415,	9
416,	5
417,	6
418,	9
419,	5
420,	8
421,	7
422,	5
423,	4
424,	8
425,	6
426,	9
427,	6
428,	0
429,	2
430,	9
431,	5
432,	10
433,	8
434,	7
435,	9
436,	8
437,	4
438,	6
439,	7
440,	11
441,	10
442,	7
443,	9
444,	2
445,	0
446,	11
447,	5
448,	5
449,	10
450,	0
451,	11
452,	7
453,	7
454,	4
455,	7
456,	9
457,	9
458,	2
459,	3
460,	10
461,	3
462,	8
463,	8
464,	8
465,	5
466,	8
467,	4
468,	6
469,	6
470,	8
471,	7
472,	7
473,	1
474,	8
475,	7
476,	0
477,	2
478,	5
479,	11
480,	9
481,	3
482,	9
483,	5
484,	7
485,	9
486,	8
487,	7
488,	7
489,	4
490,	6
491,	10
492,	10
493,	8
494,	8
495,	9
496,	8
497,	9
498,	2
499,	9
