Instance: /home/gabriel/Documents/ufrgs/courses/oc/trab/instances/cmb01
Vertices: 500
Colors: 12
NumIterations: 1
Alpha: 0.850000
Is Factible?: false
Conflicts: 6
Solution Value: 159816.593750
Vertex,	Color
0,	0
1,	0
2,	2
3,	1
4,	2
5,	0
6,	0
7,	0
8,	3
9,	0
10,	1
11,	0
12,	0
13,	1
14,	0
15,	2
16,	7
17,	2
18,	4
19,	1
20,	2
21,	1
22,	4
23,	1
24,	1
25,	0
26,	2
27,	0
28,	2
29,	0
30,	0
31,	0
32,	2
33,	0
34,	3
35,	1
36,	3
37,	4
38,	1
39,	3
40,	1
41,	2
42,	1
43,	0
44,	0
45,	2
46,	1
47,	0
48,	0
49,	0
50,	1
51,	3
52,	0
53,	1
54,	1
55,	3
56,	4
57,	2
58,	0
59,	0
60,	3
61,	0
62,	1
63,	3
64,	1
65,	2
66,	0
67,	2
68,	2
69,	4
70,	1
71,	0
72,	3
73,	1
74,	0
75,	3
76,	0
77,	6
78,	2
79,	1
80,	1
81,	2
82,	5
83,	2
84,	0
85,	1
86,	3
87,	0
88,	3
89,	2
90,	2
91,	2
92,	1
93,	0
94,	4
95,	2
96,	0
97,	3
98,	3
99,	0
100,	5
101,	4
102,	3
103,	1
104,	2
105,	4
106,	7
107,	4
108,	1
109,	4
110,	0
111,	11
112,	1
113,	6
114,	1
115,	2
116,	0
117,	2
118,	3
119,	0
120,	0
121,	5
122,	2
123,	2
124,	6
125,	0
126,	2
127,	1
128,	0
129,	4
130,	1
131,	2
132,	5
133,	2
134,	4
135,	1
136,	2
137,	0
138,	9
139,	0
140,	0
141,	4
142,	3
143,	4
144,	4
145,	1
146,	6
147,	2
148,	6
149,	1
150,	5
151,	4
152,	1
153,	0
154,	1
155,	4
156,	6
157,	3
158,	1
159,	1
160,	2
161,	5
162,	6
163,	5
164,	6
165,	5
166,	3
167,	1
168,	1
169,	2
170,	3
171,	1
172,	1
173,	0
174,	0
175,	0
176,	2
177,	7
178,	5
179,	10
180,	4
181,	3
182,	4
183,	1
184,	4
185,	4
186,	3
187,	1
188,	4
189,	3
190,	6
191,	2
192,	3
193,	3
194,	3
195,	2
196,	2
197,	1
198,	2
199,	3
200,	0
201,	5
202,	5
203,	6
204,	5
205,	3
206,	2
207,	6
208,	3
209,	4
210,	4
211,	1
212,	8
213,	4
214,	2
215,	4
216,	3
217,	6
218,	6
219,	8
220,	6
221,	0
222,	5
223,	1
224,	4
225,	1
226,	6
227,	3
228,	0
229,	7
230,	3
231,	5
232,	5
233,	7
234,	2
235,	9
236,	8
237,	5
238,	2
239,	0
240,	0
241,	1
242,	7
243,	4
244,	7
245,	3
246,	4
247,	6
248,	5
249,	2
250,	2
251,	1
252,	3
253,	7
254,	4
255,	0
256,	1
257,	2
258,	4
259,	0
260,	2
261,	3
262,	5
263,	1
264,	5
265,	2
266,	3
267,	5
268,	5
269,	6
270,	8
271,	4
272,	6
273,	5
274,	7
275,	0
276,	7
277,	8
278,	7
279,	0
280,	1
281,	4
282,	6
283,	2
284,	6
285,	5
286,	3
287,	4
288,	3
289,	2
290,	5
291,	3
292,	5
293,	3
294,	7
295,	4
296,	6
297,	9
298,	2
299,	0
300,	2
301,	0
302,	5
303,	3
304,	4
305,	5
306,	2
307,	7
308,	4
309,	6
310,	8
311,	5
312,	2
313,	6
314,	7
315,	4
316,	8
317,	0
318,	2
319,	2
320,	3
321,	1
322,	9
323,	5
324,	7
325,	5
326,	3
327,	5
328,	6
329,	6
330,	1
331,	6
332,	5
333,	4
334,	8
335,	0
336,	6
337,	7
338,	5
339,	3
340,	7
341,	8
342,	6
343,	10
344,	0
345,	7
346,	6
347,	8
348,	7
349,	1
350,	1
351,	1
352,	9
353,	7
354,	3
355,	5
356,	8
357,	8
358,	6
359,	10
360,	7
361,	5
362,	1
363,	8
364,	7
365,	8
366,	7
367,	5
368,	9
369,	3
370,	6
371,	4
372,	5
373,	4
374,	4
375,	5
376,	8
377,	5
378,	6
379,	3
380,	8
381,	3
382,	3
383,	2
384,	5
385,	3
386,	7
387,	9
388,	6
389,	6
390,	7
391,	1
392,	4
393,	8
394,	10
395,	3
396,	9
397,	6
398,	4
399,	8
400,	6
401,	6
402,	1
403,	4
404,	5
405,	10
406,	8
407,	0
408,	3
409,	9
410,	8
411,	5
412,	7
413,	4
414,	10
415,	0
416,	6
417,	5
418,	10
419,	4
420,	2
421,	6
422,	5
423,	9
424,	8
425,	7
426,	10
427,	5
428,	6
429,	7
430,	7
431,	6
432,	0
433,	4
434,	6
435,	10
436,	5
437,	4
438,	6
439,	8
440,	1
441,	7
442,	2
443,	11
444,	3
445,	7
446,	11
447,	3
448,	4
449,	9
450,	11
451,	5
452,	7
453,	9
454,	4
455,	6
456,	9
457,	11
458,	6
459,	11
460,	10
461,	4
462,	5
463,	7
464,	2
465,	7
466,	10
467,	5
468,	9
469,	6
470,	3
471,	9
472,	7
473,	2
474,	8
475,	8
476,	0
477,	1
478,	4
479,	4
480,	9
481,	4
482,	10
483,	5
484,	7
485,	9
486,	7
487,	8
488,	7
489,	4
490,	4
491,	9
492,	11
493,	9
494,	11
495,	10
496,	9
497,	6
498,	6
499,	4
