Instance: /home/gabriel/Documents/ufrgs/courses/oc/trab/instances/cmb03
Vertices: 1000
Colors: 18
NumIterations: 1000
Alpha: 0.750000
Is Factible?: false
Conflicts: 1
Solution Value: 222768.281250
Vertex,	Color
0,	5
1,	1
2,	6
3,	2
4,	4
5,	2
6,	0
7,	1
8,	2
9,	6
10,	1
11,	3
12,	1
13,	6
14,	0
15,	9
16,	11
17,	0
18,	0
19,	11
20,	2
21,	6
22,	0
23,	10
24,	0
25,	4
26,	0
27,	9
28,	1
29,	0
30,	1
31,	1
32,	3
33,	2
34,	0
35,	2
36,	5
37,	8
38,	1
39,	1
40,	4
41,	2
42,	0
43,	9
44,	0
45,	0
46,	4
47,	10
48,	11
49,	0
50,	0
51,	3
52,	2
53,	2
54,	0
55,	0
56,	3
57,	4
58,	10
59,	1
60,	0
61,	0
62,	2
63,	3
64,	0
65,	4
66,	0
67,	6
68,	1
69,	2
70,	2
71,	4
72,	5
73,	2
74,	1
75,	1
76,	1
77,	2
78,	5
79,	0
80,	5
81,	5
82,	4
83,	4
84,	1
85,	3
86,	1
87,	1
88,	4
89,	5
90,	4
91,	3
92,	1
93,	2
94,	0
95,	0
96,	0
97,	5
98,	1
99,	0
100,	2
101,	2
102,	3
103,	1
104,	9
105,	1
106,	2
107,	4
108,	0
109,	0
110,	1
111,	5
112,	10
113,	1
114,	1
115,	0
116,	2
117,	2
118,	0
119,	2
120,	2
121,	2
122,	2
123,	0
124,	8
125,	9
126,	1
127,	4
128,	5
129,	0
130,	2
131,	0
132,	3
133,	6
134,	6
135,	8
136,	7
137,	1
138,	3
139,	3
140,	0
141,	2
142,	6
143,	0
144,	8
145,	3
146,	1
147,	4
148,	0
149,	2
150,	5
151,	3
152,	1
153,	4
154,	0
155,	1
156,	8
157,	0
158,	0
159,	1
160,	7
161,	0
162,	2
163,	4
164,	8
165,	3
166,	6
167,	1
168,	2
169,	1
170,	6
171,	1
172,	1
173,	2
174,	2
175,	0
176,	1
177,	1
178,	2
179,	3
180,	9
181,	0
182,	3
183,	4
184,	1
185,	0
186,	0
187,	0
188,	1
189,	0
190,	9
191,	1
192,	3
193,	2
194,	3
195,	0
196,	7
197,	0
198,	5
199,	1
200,	5
201,	0
202,	3
203,	5
204,	0
205,	3
206,	1
207,	0
208,	10
209,	4
210,	0
211,	3
212,	1
213,	8
214,	3
215,	3
216,	7
217,	2
218,	6
219,	1
220,	5
221,	1
222,	0
223,	1
224,	1
225,	3
226,	2
227,	4
228,	7
229,	2
230,	0
231,	4
232,	2
233,	1
234,	0
235,	3
236,	1
237,	3
238,	1
239,	10
240,	1
241,	6
242,	9
243,	5
244,	10
245,	5
246,	0
247,	4
248,	4
249,	6
250,	3
251,	2
252,	2
253,	3
254,	2
255,	1
256,	2
257,	0
258,	1
259,	3
260,	5
261,	7
262,	7
263,	0
264,	5
265,	5
266,	3
267,	1
268,	3
269,	7
270,	4
271,	2
272,	3
273,	0
274,	7
275,	1
276,	6
277,	2
278,	1
279,	7
280,	6
281,	7
282,	7
283,	2
284,	0
285,	7
286,	6
287,	3
288,	12
289,	0
290,	2
291,	6
292,	0
293,	5
294,	5
295,	1
296,	10
297,	9
298,	2
299,	4
300,	4
301,	0
302,	6
303,	0
304,	4
305,	2
306,	4
307,	7
308,	2
309,	3
310,	5
311,	2
312,	6
313,	2
314,	8
315,	2
316,	4
317,	5
318,	2
319,	2
320,	2
321,	1
322,	7
323,	3
324,	13
325,	4
326,	3
327,	1
328,	2
329,	2
330,	6
331,	4
332,	6
333,	4
334,	4
335,	8
336,	3
337,	3
338,	7
339,	11
340,	4
341,	5
342,	1
343,	5
344,	5
345,	5
346,	3
347,	1
348,	9
349,	8
350,	0
351,	6
352,	4
353,	4
354,	1
355,	6
356,	3
357,	2
358,	15
359,	1
360,	6
361,	6
362,	1
363,	8
364,	5
365,	2
366,	8
367,	4
368,	9
369,	8
370,	2
371,	3
372,	5
373,	7
374,	2
375,	4
376,	5
377,	9
378,	4
379,	4
380,	2
381,	3
382,	7
383,	4
384,	1
385,	8
386,	0
387,	0
388,	7
389,	1
390,	3
391,	7
392,	5
393,	3
394,	3
395,	2
396,	4
397,	7
398,	1
399,	6
400,	3
401,	2
402,	6
403,	0
404,	6
405,	0
406,	0
407,	5
408,	4
409,	4
410,	1
411,	1
412,	5
413,	0
414,	2
415,	5
416,	1
417,	8
418,	12
419,	2
420,	6
421,	8
422,	3
423,	2
424,	5
425,	11
426,	7
427,	6
428,	1
429,	6
430,	3
431,	4
432,	2
433,	8
434,	7
435,	8
436,	3
437,	3
438,	5
439,	2
440,	7
441,	4
442,	5
443,	6
444,	10
445,	5
446,	3
447,	3
448,	4
449,	6
450,	1
451,	8
452,	5
453,	4
454,	6
455,	5
456,	2
457,	7
458,	6
459,	3
460,	5
461,	4
462,	4
463,	8
464,	8
465,	2
466,	5
467,	1
468,	5
469,	3
470,	0
471,	10
472,	2
473,	0
474,	9
475,	10
476,	6
477,	4
478,	3
479,	9
480,	4
481,	0
482,	3
483,	14
484,	7
485,	10
486,	4
487,	6
488,	5
489,	7
490,	10
491,	12
492,	9
493,	4
494,	3
495,	5
496,	6
497,	9
498,	1
499,	6
500,	7
501,	4
502,	10
503,	4
504,	11
505,	6
506,	3
507,	8
508,	6
509,	5
510,	5
511,	6
512,	7
513,	1
514,	5
515,	6
516,	10
517,	6
518,	6
519,	9
520,	7
521,	4
522,	2
523,	0
524,	5
525,	9
526,	3
527,	10
528,	14
529,	3
530,	8
531,	4
532,	4
533,	7
534,	2
535,	9
536,	1
537,	2
538,	8
539,	5
540,	10
541,	7
542,	10
543,	8
544,	6
545,	3
546,	11
547,	7
548,	0
549,	4
550,	0
551,	9
552,	7
553,	8
554,	5
555,	2
556,	3
557,	10
558,	2
559,	9
560,	8
561,	13
562,	5
563,	6
564,	7
565,	6
566,	2
567,	8
568,	8
569,	1
570,	7
571,	6
572,	10
573,	5
574,	7
575,	6
576,	13
577,	4
578,	10
579,	6
580,	4
581,	7
582,	7
583,	5
584,	6
585,	5
586,	7
587,	3
588,	12
589,	6
590,	5
591,	11
592,	7
593,	5
594,	12
595,	5
596,	9
597,	9
598,	10
599,	11
600,	7
601,	6
602,	5
603,	4
604,	9
605,	6
606,	0
607,	8
608,	12
609,	4
610,	2
611,	4
612,	2
613,	4
614,	11
615,	15
616,	4
617,	8
618,	3
619,	6
620,	8
621,	11
622,	5
623,	5
624,	9
625,	12
626,	9
627,	6
628,	11
629,	10
630,	11
631,	7
632,	8
633,	6
634,	9
635,	10
636,	6
637,	9
638,	1
639,	9
640,	5
641,	8
642,	8
643,	7
644,	14
645,	9
646,	6
647,	10
648,	5
649,	10
650,	4
651,	0
652,	11
653,	4
654,	10
655,	12
656,	10
657,	5
658,	12
659,	11
660,	11
661,	8
662,	5
663,	8
664,	9
665,	0
666,	7
667,	7
668,	10
669,	5
670,	11
671,	4
672,	13
673,	12
674,	8
675,	7
676,	12
677,	5
678,	7
679,	13
680,	6
681,	9
682,	11
683,	12
684,	7
685,	14
686,	11
687,	9
688,	9
689,	7
690,	7
691,	5
692,	8
693,	1
694,	7
695,	9
696,	14
697,	11
698,	9
699,	4
700,	3
701,	7
702,	4
703,	12
704,	12
705,	3
706,	8
707,	6
708,	8
709,	8
710,	8
711,	7
712,	13
713,	9
714,	1
715,	5
716,	11
717,	7
718,	0
719,	6
720,	1
721,	9
722,	9
723,	7
724,	1
725,	8
726,	12
727,	2
728,	13
729,	1
730,	12
731,	12
732,	7
733,	14
734,	7
735,	12
736,	11
737,	9
738,	6
739,	1
740,	7
741,	9
742,	11
743,	10
744,	13
745,	9
746,	11
747,	10
748,	14
749,	7
750,	8
751,	2
752,	7
753,	10
754,	12
755,	4
756,	0
757,	5
758,	10
759,	9
760,	12
761,	14
762,	9
763,	9
764,	10
765,	14
766,	14
767,	13
768,	7
769,	10
770,	5
771,	8
772,	8
773,	11
774,	3
775,	2
776,	13
777,	9
778,	7
779,	12
780,	11
781,	13
782,	12
783,	8
784,	6
785,	11
786,	16
787,	8
788,	10
789,	15
790,	12
791,	13
792,	8
793,	15
794,	8
795,	11
796,	8
797,	13
798,	13
799,	14
800,	8
801,	12
802,	13
803,	14
804,	12
805,	7
806,	3
807,	4
808,	10
809,	11
810,	13
811,	9
812,	9
813,	4
814,	8
815,	16
816,	8
817,	4
818,	15
819,	7
820,	8
821,	8
822,	10
823,	4
824,	10
825,	11
826,	8
827,	9
828,	1
829,	13
830,	12
831,	15
832,	10
833,	12
834,	7
835,	13
836,	13
837,	5
838,	11
839,	8
840,	8
841,	3
842,	9
843,	3
844,	5
845,	6
846,	10
847,	8
848,	12
849,	10
850,	12
851,	16
852,	11
853,	3
854,	13
855,	11
856,	3
857,	11
858,	13
859,	13
860,	11
861,	9
862,	10
863,	13
864,	9
865,	11
866,	10
867,	13
868,	11
869,	9
870,	5
871,	14
872,	13
873,	12
874,	7
875,	1
876,	11
877,	8
878,	12
879,	10
880,	12
881,	1
882,	5
883,	14
884,	3
885,	13
886,	11
887,	9
888,	7
889,	16
890,	6
891,	12
892,	16
893,	6
894,	7
895,	8
896,	0
897,	9
898,	17
899,	13
900,	10
901,	15
902,	10
903,	10
904,	11
905,	12
906,	10
907,	16
908,	6
909,	11
910,	14
911,	9
912,	14
913,	7
914,	13
915,	16
916,	15
917,	10
918,	8
919,	9
920,	6
921,	4
922,	5
923,	12
924,	8
925,	13
926,	9
927,	9
928,	7
929,	5
930,	13
931,	1
932,	3
933,	4
934,	13
935,	5
936,	12
937,	12
938,	12
939,	11
940,	16
941,	13
942,	9
943,	14
944,	15
945,	14
946,	12
947,	7
948,	15
949,	12
950,	15
951,	11
952,	6
953,	9
954,	16
955,	14
956,	10
957,	14
958,	11
959,	0
960,	17
961,	16
962,	17
963,	5
964,	11
965,	7
966,	8
967,	13
968,	9
969,	3
970,	11
971,	17
972,	14
973,	7
974,	11
975,	10
976,	14
977,	12
978,	16
979,	14
980,	9
981,	14
982,	15
983,	16
984,	11
985,	12
986,	0
987,	15
988,	16
989,	10
990,	17
991,	17
992,	17
993,	8
994,	6
995,	17
996,	10
997,	9
998,	17
999,	4
