Instance: /home/gabriel/Documents/ufrgs/courses/oc/trab/instances/cmb01
Vertices: 500
Colors: 12
NumIterations: 2
Alpha: 0.850000
Is Factible?: false
Conflicts: 7
Solution Value: 151690.546875
Vertex,	Color
0,	6
1,	0
2,	1
3,	2
4,	4
5,	0
6,	1
7,	1
8,	0
9,	2
10,	1
11,	1
12,	0
13,	4
14,	5
15,	1
16,	0
17,	2
18,	2
19,	2
20,	2
21,	0
22,	1
23,	2
24,	1
25,	0
26,	1
27,	1
28,	1
29,	1
30,	0
31,	2
32,	2
33,	0
34,	1
35,	1
36,	3
37,	0
38,	2
39,	9
40,	1
41,	1
42,	0
43,	1
44,	1
45,	0
46,	0
47,	0
48,	2
49,	2
50,	0
51,	1
52,	1
53,	2
54,	0
55,	0
56,	0
57,	3
58,	0
59,	1
60,	8
61,	1
62,	0
63,	2
64,	0
65,	0
66,	1
67,	2
68,	0
69,	0
70,	1
71,	0
72,	5
73,	2
74,	1
75,	2
76,	0
77,	7
78,	1
79,	3
80,	0
81,	2
82,	2
83,	3
84,	0
85,	1
86,	3
87,	0
88,	5
89,	4
90,	2
91,	3
92,	2
93,	2
94,	3
95,	1
96,	3
97,	3
98,	2
99,	1
100,	8
101,	0
102,	2
103,	7
104,	0
105,	4
106,	2
107,	3
108,	2
109,	0
110,	0
111,	1
112,	2
113,	0
114,	0
115,	1
116,	1
117,	4
118,	3
119,	4
120,	1
121,	6
122,	1
123,	5
124,	5
125,	0
126,	6
127,	2
128,	2
129,	4
130,	2
131,	2
132,	1
133,	0
134,	3
135,	3
136,	4
137,	4
138,	6
139,	1
140,	0
141,	2
142,	0
143,	3
144,	4
145,	2
146,	4
147,	4
148,	10
149,	2
150,	4
151,	5
152,	1
153,	0
154,	1
155,	3
156,	4
157,	1
158,	4
159,	3
160,	3
161,	5
162,	8
163,	5
164,	7
165,	5
166,	0
167,	1
168,	2
169,	2
170,	6
171,	6
172,	1
173,	0
174,	1
175,	2
176,	4
177,	5
178,	5
179,	8
180,	4
181,	0
182,	5
183,	8
184,	3
185,	3
186,	4
187,	1
188,	4
189,	5
190,	5
191,	1
192,	2
193,	3
194,	2
195,	3
196,	2
197,	4
198,	0
199,	5
200,	1
201,	3
202,	3
203,	6
204,	3
205,	4
206,	3
207,	5
208,	1
209,	4
210,	3
211,	1
212,	10
213,	5
214,	3
215,	4
216,	2
217,	4
218,	6
219,	10
220,	7
221,	0
222,	5
223,	2
224,	3
225,	0
226,	7
227,	6
228,	0
229,	3
230,	2
231,	5
232,	5
233,	4
234,	1
235,	5
236,	2
237,	6
238,	2
239,	1
240,	2
241,	3
242,	7
243,	4
244,	9
245,	2
246,	4
247,	6
248,	6
249,	3
250,	4
251,	6
252,	5
253,	3
254,	6
255,	2
256,	1
257,	0
258,	6
259,	3
260,	6
261,	4
262,	6
263,	9
264,	3
265,	1
266,	5
267,	4
268,	6
269,	7
270,	7
271,	5
272,	9
273,	6
274,	10
275,	1
276,	10
277,	6
278,	6
279,	0
280,	2
281,	4
282,	4
283,	3
284,	5
285,	3
286,	7
287,	6
288,	5
289,	2
290,	0
291,	3
292,	6
293,	3
294,	8
295,	4
296,	7
297,	3
298,	4
299,	1
300,	3
301,	0
302,	4
303,	3
304,	0
305,	7
306,	2
307,	8
308,	3
309,	7
310,	6
311,	0
312,	1
313,	7
314,	7
315,	6
316,	6
317,	3
318,	3
319,	3
320,	4
321,	5
322,	7
323,	7
324,	8
325,	5
326,	2
327,	5
328,	9
329,	6
330,	2
331,	5
332,	4
333,	7
334,	8
335,	5
336,	5
337,	8
338,	7
339,	7
340,	5
341,	6
342,	4
343,	9
344,	2
345,	2
346,	7
347,	11
348,	7
349,	1
350,	5
351,	6
352,	9
353,	7
354,	5
355,	4
356,	11
357,	9
358,	4
359,	11
360,	8
361,	1
362,	5
363,	6
364,	10
365,	10
366,	5
367,	4
368,	8
369,	5
370,	2
371,	7
372,	5
373,	5
374,	2
375,	3
376,	7
377,	6
378,	6
379,	4
380,	9
381,	5
382,	2
383,	3
384,	3
385,	5
386,	8
387,	8
388,	7
389,	8
390,	7
391,	1
392,	4
393,	8
394,	11
395,	4
396,	10
397,	7
398,	3
399,	9
400,	1
401,	6
402,	1
403,	7
404,	5
405,	9
406,	0
407,	5
408,	11
409,	7
410,	8
411,	3
412,	7
413,	6
414,	6
415,	0
416,	9
417,	7
418,	9
419,	6
420,	9
421,	6
422,	8
423,	4
424,	9
425,	7
426,	10
427,	7
428,	1
429,	2
430,	9
431,	6
432,	0
433,	8
434,	7
435,	5
436,	5
437,	4
438,	5
439,	8
440,	3
441,	8
442,	11
443,	3
444,	3
445,	7
446,	10
447,	1
448,	4
449,	7
450,	10
451,	4
452,	7
453,	10
454,	4
455,	6
456,	9
457,	11
458,	4
459,	4
460,	11
461,	4
462,	7
463,	8
464,	6
465,	8
466,	9
467,	2
468,	10
469,	3
470,	8
471,	9
472,	7
473,	5
474,	8
475,	10
476,	9
477,	2
478,	6
479,	11
480,	10
481,	4
482,	11
483,	5
484,	8
485,	9
486,	8
487,	9
488,	7
489,	0
490,	5
491,	9
492,	11
493,	7
494,	10
495,	9
496,	10
497,	4
498,	7
499,	9
