Instance: /home/gabriel/Documents/ufrgs/courses/oc/trab/instances/cmb01
Vertices: 500
Colors: 12
NumIterations: 6
Alpha: 0.650000
Is Factible?: false
Conflicts: 3
Solution Value: 147881.421875
Vertex,	Color
0,	0
1,	1
2,	2
3,	0
4,	2
5,	1
6,	2
7,	5
8,	10
9,	3
10,	2
11,	2
12,	6
13,	8
14,	8
15,	0
16,	3
17,	2
18,	1
19,	2
20,	0
21,	4
22,	4
23,	8
24,	1
25,	0
26,	3
27,	0
28,	3
29,	0
30,	4
31,	2
32,	0
33,	0
34,	3
35,	0
36,	0
37,	0
38,	2
39,	4
40,	0
41,	1
42,	1
43,	5
44,	0
45,	1
46,	1
47,	2
48,	8
49,	0
50,	0
51,	4
52,	0
53,	1
54,	0
55,	4
56,	2
57,	4
58,	5
59,	4
60,	4
61,	10
62,	2
63,	0
64,	4
65,	1
66,	0
67,	2
68,	6
69,	5
70,	3
71,	1
72,	5
73,	5
74,	1
75,	0
76,	1
77,	11
78,	6
79,	0
80,	3
81,	1
82,	4
83,	1
84,	0
85,	3
86,	1
87,	7
88,	4
89,	7
90,	3
91,	4
92,	0
93,	1
94,	11
95,	5
96,	2
97,	3
98,	3
99,	4
100,	5
101,	1
102,	6
103,	0
104,	4
105,	6
106,	3
107,	2
108,	2
109,	5
110,	0
111,	10
112,	3
113,	9
114,	5
115,	0
116,	4
117,	7
118,	2
119,	2
120,	1
121,	6
122,	2
123,	4
124,	5
125,	3
126,	2
127,	3
128,	0
129,	5
130,	5
131,	2
132,	1
133,	1
134,	3
135,	4
136,	2
137,	3
138,	9
139,	4
140,	0
141,	2
142,	3
143,	9
144,	0
145,	4
146,	5
147,	0
148,	2
149,	0
150,	3
151,	8
152,	5
153,	2
154,	2
155,	1
156,	1
157,	6
158,	5
159,	1
160,	2
161,	7
162,	2
163,	5
164,	6
165,	1
166,	1
167,	2
168,	4
169,	6
170,	6
171,	4
172,	0
173,	1
174,	0
175,	4
176,	2
177,	1
178,	6
179,	5
180,	0
181,	2
182,	0
183,	3
184,	0
185,	3
186,	1
187,	0
188,	1
189,	4
190,	3
191,	1
192,	0
193,	2
194,	3
195,	0
196,	2
197,	2
198,	6
199,	5
200,	0
201,	1
202,	0
203,	0
204,	1
205,	5
206,	1
207,	1
208,	6
209,	3
210,	8
211,	0
212,	7
213,	7
214,	6
215,	3
216,	2
217,	0
218,	6
219,	4
220,	5
221,	2
222,	5
223,	1
224,	3
225,	4
226,	3
227,	6
228,	0
229,	6
230,	2
231,	4
232,	7
233,	5
234,	1
235,	1
236,	3
237,	0
238,	0
239,	2
240,	0
241,	1
242,	7
243,	2
244,	5
245,	4
246,	7
247,	3
248,	6
249,	3
250,	4
251,	2
252,	1
253,	5
254,	2
255,	2
256,	9
257,	2
258,	4
259,	6
260,	4
261,	3
262,	6
263,	5
264,	3
265,	1
266,	5
267,	7
268,	4
269,	5
270,	5
271,	5
272,	8
273,	6
274,	7
275,	1
276,	0
277,	4
278,	3
279,	0
280,	1
281,	3
282,	6
283,	5
284,	4
285,	3
286,	2
287,	4
288,	3
289,	2
290,	1
291,	3
292,	3
293,	1
294,	8
295,	2
296,	6
297,	9
298,	3
299,	1
300,	6
301,	1
302,	7
303,	3
304,	2
305,	3
306,	1
307,	4
308,	4
309,	6
310,	4
311,	4
312,	1
313,	7
314,	7
315,	6
316,	6
317,	3
318,	0
319,	2
320,	2
321,	3
322,	5
323,	7
324,	4
325,	5
326,	0
327,	4
328,	1
329,	4
330,	2
331,	6
332,	4
333,	8
334,	9
335,	5
336,	5
337,	9
338,	5
339,	6
340,	6
341,	3
342,	5
343,	4
344,	0
345,	4
346,	7
347,	10
348,	7
349,	4
350,	0
351,	4
352,	10
353,	7
354,	3
355,	7
356,	0
357,	8
358,	5
359,	10
360,	7
361,	4
362,	3
363,	8
364,	7
365,	7
366,	4
367,	6
368,	8
369,	2
370,	5
371,	4
372,	4
373,	6
374,	1
375,	3
376,	6
377,	4
378,	5
379,	4
380,	4
381,	2
382,	2
383,	3
384,	3
385,	5
386,	7
387,	9
388,	8
389,	6
390,	7
391,	3
392,	4
393,	4
394,	8
395,	5
396,	9
397,	3
398,	4
399,	8
400,	7
401,	1
402,	0
403,	1
404,	3
405,	10
406,	10
407,	6
408,	9
409,	8
410,	6
411,	4
412,	8
413,	6
414,	0
415,	2
416,	10
417,	5
418,	10
419,	6
420,	9
421,	5
422,	6
423,	0
424,	7
425,	7
426,	10
427,	7
428,	5
429,	4
430,	8
431,	7
432,	4
433,	7
434,	5
435,	11
436,	7
437,	6
438,	5
439,	9
440,	6
441,	3
442,	10
443,	7
444,	4
445,	7
446,	11
447,	3
448,	3
449,	8
450,	1
451,	8
452,	7
453,	6
454,	4
455,	8
456,	9
457,	11
458,	3
459,	8
460,	10
461,	3
462,	4
463,	7
464,	4
465,	6
466,	9
467,	2
468,	8
469,	4
470,	1
471,	7
472,	6
473,	5
474,	8
475,	9
476,	2
477,	2
478,	6
479,	11
480,	9
481,	3
482,	9
483,	5
484,	8
485,	2
486,	8
487,	8
488,	7
489,	6
490,	4
491,	9
492,	11
493,	9
494,	11
495,	7
496,	10
497,	4
498,	5
499,	9
