Instance: /home/gabriel/Documents/ufrgs/courses/oc/trab/instances/cmb01
Vertices: 500
Colors: 12
NumIterations: 2
Alpha: 0.850000
Is Factible?: false
Conflicts: 5
Solution Value: 155671.734375
Vertex,	Color
0,	3
1,	0
2,	5
3,	2
4,	1
5,	0
6,	1
7,	3
8,	5
9,	2
10,	1
11,	0
12,	0
13,	2
14,	1
15,	2
16,	0
17,	1
18,	0
19,	0
20,	0
21,	1
22,	1
23,	0
24,	1
25,	0
26,	3
27,	1
28,	1
29,	3
30,	0
31,	1
32,	4
33,	0
34,	3
35,	2
36,	2
37,	0
38,	1
39,	1
40,	0
41,	0
42,	1
43,	0
44,	0
45,	0
46,	1
47,	0
48,	2
49,	1
50,	3
51,	0
52,	0
53,	4
54,	0
55,	0
56,	1
57,	1
58,	0
59,	1
60,	2
61,	1
62,	0
63,	0
64,	1
65,	0
66,	2
67,	0
68,	3
69,	3
70,	4
71,	2
72,	3
73,	3
74,	0
75,	2
76,	0
77,	4
78,	1
79,	2
80,	1
81,	1
82,	0
83,	2
84,	0
85,	1
86,	0
87,	1
88,	2
89,	3
90,	2
91,	2
92,	0
93,	3
94,	5
95,	0
96,	3
97,	4
98,	1
99,	9
100,	2
101,	0
102,	1
103,	4
104,	1
105,	1
106,	6
107,	4
108,	0
109,	0
110,	5
111,	6
112,	2
113,	4
114,	0
115,	1
116,	2
117,	7
118,	6
119,	3
120,	0
121,	5
122,	4
123,	1
124,	1
125,	2
126,	1
127,	8
128,	0
129,	5
130,	0
131,	2
132,	0
133,	0
134,	2
135,	2
136,	2
137,	1
138,	6
139,	3
140,	0
141,	4
142,	3
143,	4
144,	4
145,	1
146,	5
147,	4
148,	8
149,	1
150,	4
151,	6
152,	2
153,	2
154,	2
155,	2
156,	0
157,	6
158,	2
159,	0
160,	6
161,	4
162,	8
163,	5
164,	6
165,	5
166,	3
167,	0
168,	3
169,	2
170,	5
171,	2
172,	2
173,	3
174,	1
175,	0
176,	1
177,	7
178,	5
179,	3
180,	4
181,	3
182,	6
183,	3
184,	4
185,	1
186,	3
187,	1
188,	2
189,	6
190,	4
191,	3
192,	4
193,	3
194,	2
195,	2
196,	2
197,	1
198,	3
199,	2
200,	0
201,	4
202,	5
203,	4
204,	3
205,	2
206,	2
207,	4
208,	0
209,	3
210,	3
211,	1
212,	10
213,	5
214,	2
215,	5
216,	3
217,	2
218,	6
219,	9
220,	6
221,	1
222,	7
223,	4
224,	2
225,	0
226,	5
227,	7
228,	1
229,	5
230,	4
231,	4
232,	6
233,	3
234,	2
235,	6
236,	8
237,	4
238,	3
239,	1
240,	1
241,	3
242,	6
243,	3
244,	8
245,	1
246,	4
247,	6
248,	4
249,	2
250,	2
251,	3
252,	6
253,	2
254,	5
255,	5
256,	5
257,	4
258,	4
259,	3
260,	6
261,	4
262,	5
263,	3
264,	3
265,	4
266,	5
267,	3
268,	7
269,	4
270,	7
271,	5
272,	7
273,	4
274,	8
275,	1
276,	9
277,	7
278,	5
279,	0
280,	2
281,	3
282,	6
283,	4
284,	1
285,	3
286,	3
287,	3
288,	4
289,	5
290,	5
291,	0
292,	5
293,	4
294,	7
295,	4
296,	6
297,	5
298,	2
299,	0
300,	4
301,	0
302,	4
303,	4
304,	3
305,	4
306,	2
307,	8
308,	3
309,	6
310,	7
311,	4
312,	1
313,	7
314,	6
315,	5
316,	6
317,	1
318,	2
319,	3
320,	3
321,	0
322,	9
323,	5
324,	7
325,	5
326,	1
327,	5
328,	8
329,	6
330,	2
331,	7
332,	3
333,	7
334,	8
335,	7
336,	5
337,	8
338,	6
339,	7
340,	5
341,	8
342,	7
343,	7
344,	0
345,	7
346,	8
347,	10
348,	7
349,	6
350,	3
351,	0
352,	10
353,	7
354,	4
355,	8
356,	1
357,	7
358,	6
359,	2
360,	7
361,	1
362,	1
363,	6
364,	8
365,	4
366,	5
367,	2
368,	8
369,	6
370,	7
371,	5
372,	3
373,	5
374,	4
375,	5
376,	7
377,	5
378,	6
379,	5
380,	9
381,	3
382,	2
383,	3
384,	3
385,	4
386,	9
387,	8
388,	6
389,	6
390,	7
391,	2
392,	3
393,	9
394,	0
395,	6
396,	10
397,	8
398,	2
399,	8
400,	6
401,	1
402,	9
403,	5
404,	5
405,	9
406,	9
407,	5
408,	11
409,	9
410,	6
411,	5
412,	4
413,	6
414,	5
415,	11
416,	9
417,	7
418,	10
419,	5
420,	10
421,	6
422,	5
423,	11
424,	8
425,	7
426,	9
427,	7
428,	0
429,	2
430,	9
431,	7
432,	1
433,	5
434,	3
435,	7
436,	5
437,	2
438,	5
439,	10
440,	10
441,	9
442,	10
443,	2
444,	3
445,	8
446,	10
447,	1
448,	3
449,	11
450,	7
451,	10
452,	7
453,	8
454,	4
455,	6
456,	8
457,	11
458,	11
459,	11
460,	10
461,	5
462,	8
463,	8
464,	6
465,	7
466,	9
467,	6
468,	7
469,	7
470,	8
471,	9
472,	8
473,	0
474,	8
475,	11
476,	1
477,	2
478,	5
479,	2
480,	10
481,	4
482,	10
483,	6
484,	8
485,	10
486,	6
487,	8
488,	7
489,	1
490,	6
491,	9
492,	11
493,	4
494,	8
495,	7
496,	9
497,	9
498,	6
499,	3
