Instance: /home/gabriel/Documents/ufrgs/courses/oc/trab/instances/cmb01
Vertices: 500
Colors: 12
NumIterations: 4
Alpha: 0.650000
Is Factible?: false
Conflicts: 5
Solution Value: 147791.875000
Vertex,	Color
0,	1
1,	1
2,	7
3,	1
4,	2
5,	4
6,	5
7,	7
8,	8
9,	1
10,	5
11,	1
12,	1
13,	0
14,	5
15,	0
16,	1
17,	2
18,	1
19,	4
20,	0
21,	2
22,	3
23,	7
24,	4
25,	3
26,	2
27,	3
28,	2
29,	2
30,	0
31,	2
32,	0
33,	0
34,	0
35,	10
36,	3
37,	1
38,	2
39,	3
40,	0
41,	3
42,	0
43,	5
44,	0
45,	4
46,	3
47,	5
48,	1
49,	9
50,	3
51,	4
52,	1
53,	3
54,	0
55,	1
56,	4
57,	1
58,	0
59,	1
60,	2
61,	1
62,	4
63,	1
64,	3
65,	6
66,	1
67,	0
68,	2
69,	3
70,	5
71,	3
72,	3
73,	1
74,	6
75,	0
76,	3
77,	5
78,	0
79,	5
80,	1
81,	7
82,	0
83,	7
84,	0
85,	1
86,	0
87,	3
88,	5
89,	6
90,	6
91,	3
92,	4
93,	6
94,	4
95,	0
96,	1
97,	3
98,	6
99,	0
100,	2
101,	0
102,	2
103,	5
104,	1
105,	4
106,	2
107,	5
108,	0
109,	0
110,	8
111,	7
112,	1
113,	8
114,	3
115,	2
116,	0
117,	6
118,	0
119,	3
120,	0
121,	0
122,	4
123,	7
124,	1
125,	2
126,	7
127,	0
128,	0
129,	5
130,	0
131,	1
132,	8
133,	0
134,	1
135,	6
136,	5
137,	6
138,	10
139,	0
140,	2
141,	3
142,	2
143,	4
144,	2
145,	1
146,	6
147,	6
148,	9
149,	1
150,	5
151,	2
152,	1
153,	0
154,	2
155,	0
156,	5
157,	5
158,	0
159,	1
160,	5
161,	6
162,	8
163,	3
164,	5
165,	3
166,	0
167,	0
168,	2
169,	0
170,	6
171,	3
172,	0
173,	1
174,	0
175,	0
176,	3
177,	3
178,	2
179,	7
180,	1
181,	2
182,	9
183,	2
184,	4
185,	2
186,	1
187,	0
188,	1
189,	2
190,	4
191,	0
192,	0
193,	4
194,	2
195,	2
196,	6
197,	5
198,	1
199,	1
200,	0
201,	5
202,	4
203,	6
204,	1
205,	1
206,	1
207,	0
208,	0
209,	4
210,	1
211,	2
212,	1
213,	4
214,	4
215,	3
216,	6
217,	1
218,	6
219,	0
220,	7
221,	1
222,	3
223,	4
224,	5
225,	0
226,	5
227,	3
228,	1
229,	5
230,	1
231,	4
232,	2
233,	6
234,	4
235,	3
236,	0
237,	8
238,	2
239,	1
240,	2
241,	4
242,	6
243,	4
244,	8
245,	1
246,	0
247,	2
248,	3
249,	1
250,	2
251,	5
252,	1
253,	8
254,	4
255,	0
256,	2
257,	2
258,	2
259,	6
260,	5
261,	3
262,	6
263,	7
264,	2
265,	1
266,	6
267,	7
268,	6
269,	7
270,	5
271,	4
272,	4
273,	9
274,	6
275,	2
276,	4
277,	5
278,	2
279,	2
280,	2
281,	3
282,	6
283,	2
284,	0
285,	2
286,	1
287,	3
288,	3
289,	2
290,	5
291,	1
292,	4
293,	1
294,	8
295,	2
296,	6
297,	9
298,	0
299,	0
300,	0
301,	1
302,	6
303,	2
304,	3
305,	2
306,	2
307,	9
308,	3
309,	6
310,	5
311,	3
312,	0
313,	7
314,	6
315,	5
316,	5
317,	5
318,	5
319,	1
320,	2
321,	3
322,	3
323,	7
324,	4
325,	3
326,	7
327,	5
328,	9
329,	4
330,	1
331,	8
332,	5
333,	3
334,	8
335,	5
336,	4
337,	8
338,	6
339,	2
340,	5
341,	8
342,	3
343,	10
344,	4
345,	7
346,	7
347,	11
348,	7
349,	6
350,	0
351,	0
352,	1
353,	8
354,	4
355,	5
356,	7
357,	9
358,	5
359,	9
360,	8
361,	5
362,	6
363,	7
364,	8
365,	10
366,	3
367,	3
368,	7
369,	7
370,	0
371,	4
372,	6
373,	4
374,	3
375,	6
376,	5
377,	5
378,	4
379,	4
380,	9
381,	5
382,	3
383,	2
384,	5
385,	4
386,	9
387,	9
388,	4
389,	8
390,	7
391,	3
392,	3
393,	10
394,	6
395,	4
396,	7
397,	9
398,	2
399,	9
400,	7
401,	4
402,	3
403,	4
404,	5
405,	7
406,	1
407,	5
408,	10
409,	7
410,	4
411,	1
412,	4
413,	5
414,	4
415,	11
416,	6
417,	2
418,	10
419,	5
420,	10
421,	8
422,	7
423,	3
424,	7
425,	6
426,	0
427,	6
428,	0
429,	2
430,	9
431,	11
432,	0
433,	7
434,	2
435,	4
436,	4
437,	6
438,	4
439,	8
440,	2
441,	8
442,	7
443,	2
444,	3
445,	9
446,	10
447,	6
448,	3
449,	9
450,	10
451,	6
452,	8
453,	10
454,	4
455,	4
456,	8
457,	11
458,	5
459,	11
460,	10
461,	7
462,	3
463,	7
464,	7
465,	6
466,	9
467,	5
468,	9
469,	6
470,	8
471,	10
472,	9
473,	0
474,	8
475,	8
476,	9
477,	2
478,	6
479,	11
480,	9
481,	5
482,	10
483,	5
484,	8
485,	8
486,	6
487,	7
488,	7
489,	6
490,	6
491,	9
492,	11
493,	2
494,	7
495,	7
496,	10
497,	6
498,	4
499,	9
