Instance: /home/gabriel/Documents/ufrgs/courses/oc/trab/instances/cmb01
Vertices: 500
Colors: 12
NumIterations: 1
Alpha: 0.850000
Is Factible?: false
Conflicts: 7
Solution Value: 144011.062500
Vertex,	Color
0,	5
1,	1
2,	2
3,	1
4,	0
5,	0
6,	1
7,	0
8,	0
9,	3
10,	0
11,	1
12,	0
13,	1
14,	5
15,	0
16,	8
17,	2
18,	2
19,	3
20,	0
21,	0
22,	1
23,	3
24,	2
25,	0
26,	1
27,	4
28,	2
29,	0
30,	1
31,	0
32,	1
33,	0
34,	4
35,	2
36,	0
37,	0
38,	1
39,	7
40,	1
41,	0
42,	0
43,	2
44,	1
45,	0
46,	1
47,	1
48,	1
49,	6
50,	1
51,	4
52,	1
53,	1
54,	2
55,	0
56,	0
57,	3
58,	0
59,	0
60,	6
61,	2
62,	0
63,	0
64,	3
65,	1
66,	0
67,	2
68,	3
69,	2
70,	3
71,	1
72,	0
73,	1
74,	5
75,	2
76,	3
77,	2
78,	0
79,	10
80,	1
81,	0
82,	0
83,	0
84,	3
85,	1
86,	4
87,	2
88,	2
89,	5
90,	2
91,	3
92,	2
93,	4
94,	4
95,	2
96,	1
97,	4
98,	1
99,	7
100,	0
101,	0
102,	1
103,	5
104,	0
105,	4
106,	5
107,	2
108,	1
109,	0
110,	0
111,	1
112,	1
113,	3
114,	1
115,	0
116,	1
117,	9
118,	2
119,	7
120,	2
121,	5
122,	0
123,	0
124,	6
125,	1
126,	2
127,	1
128,	1
129,	3
130,	0
131,	2
132,	0
133,	1
134,	2
135,	1
136,	3
137,	1
138,	2
139,	1
140,	0
141,	3
142,	2
143,	4
144,	3
145,	1
146,	3
147,	1
148,	8
149,	0
150,	4
151,	6
152,	3
153,	1
154,	1
155,	2
156,	2
157,	1
158,	3
159,	2
160,	3
161,	4
162,	6
163,	5
164,	6
165,	4
166,	0
167,	0
168,	0
169,	3
170,	6
171,	4
172,	3
173,	3
174,	2
175,	0
176,	2
177,	8
178,	5
179,	4
180,	3
181,	3
182,	2
183,	5
184,	0
185,	4
186,	5
187,	2
188,	3
189,	4
190,	8
191,	2
192,	4
193,	4
194,	4
195,	3
196,	2
197,	1
198,	3
199,	3
200,	1
201,	4
202,	4
203,	5
204,	6
205,	3
206,	4
207,	4
208,	2
209,	3
210,	2
211,	1
212,	9
213,	2
214,	3
215,	4
216,	1
217,	3
218,	5
219,	7
220,	5
221,	0
222,	5
223,	3
224,	3
225,	0
226,	4
227,	5
228,	1
229,	6
230,	1
231,	5
232,	1
233,	5
234,	2
235,	4
236,	7
237,	6
238,	3
239,	0
240,	1
241,	1
242,	7
243,	3
244,	7
245,	2
246,	5
247,	6
248,	5
249,	3
250,	2
251,	3
252,	4
253,	2
254,	6
255,	1
256,	1
257,	0
258,	6
259,	4
260,	0
261,	4
262,	8
263,	10
264,	4
265,	2
266,	5
267,	0
268,	7
269,	5
270,	9
271,	5
272,	8
273,	5
274,	1
275,	2
276,	10
277,	6
278,	6
279,	2
280,	0
281,	4
282,	5
283,	2
284,	7
285,	4
286,	2
287,	5
288,	4
289,	2
290,	3
291,	4
292,	6
293,	4
294,	8
295,	3
296,	5
297,	3
298,	3
299,	2
300,	2
301,	0
302,	4
303,	4
304,	0
305,	4
306,	2
307,	7
308,	3
309,	6
310,	5
311,	1
312,	2
313,	6
314,	3
315,	6
316,	6
317,	1
318,	3
319,	2
320,	4
321,	4
322,	7
323,	7
324,	6
325,	5
326,	4
327,	5
328,	8
329,	6
330,	1
331,	6
332,	3
333,	5
334,	7
335,	8
336,	6
337,	8
338,	7
339,	7
340,	6
341,	6
342,	4
343,	8
344,	5
345,	6
346,	6
347,	6
348,	7
349,	2
350,	3
351,	0
352,	10
353,	7
354,	4
355,	7
356,	0
357,	6
358,	5
359,	2
360,	7
361,	6
362,	4
363,	7
364,	9
365,	9
366,	4
367,	4
368,	7
369,	6
370,	6
371,	7
372,	5
373,	8
374,	3
375,	5
376,	8
377,	5
378,	5
379,	4
380,	0
381,	3
382,	1
383,	3
384,	5
385,	5
386,	5
387,	8
388,	3
389,	8
390,	8
391,	2
392,	5
393,	9
394,	8
395,	2
396,	10
397,	7
398,	4
399,	8
400,	7
401,	6
402,	9
403,	3
404,	5
405,	9
406,	1
407,	3
408,	11
409,	7
410,	7
411,	5
412,	7
413,	6
414,	7
415,	4
416,	9
417,	5
418,	10
419,	5
420,	9
421,	6
422,	8
423,	11
424,	8
425,	7
426,	10
427,	6
428,	6
429,	3
430,	8
431,	5
432,	4
433,	4
434,	6
435,	4
436,	6
437,	3
438,	6
439,	6
440,	0
441,	9
442,	1
443,	9
444,	3
445,	7
446,	10
447,	5
448,	5
449,	10
450,	11
451,	0
452,	7
453,	8
454,	4
455,	6
456,	9
457,	10
458,	11
459,	11
460,	10
461,	3
462,	8
463,	7
464,	3
465,	8
466,	9
467,	2
468,	10
469,	4
470,	4
471,	9
472,	7
473,	5
474,	7
475,	9
476,	9
477,	2
478,	7
479,	11
480,	10
481,	4
482,	11
483,	5
484,	8
485,	9
486,	10
487,	7
488,	7
489,	3
490,	5
491,	9
492,	11
493,	7
494,	8
495,	8
496,	9
497,	8
498,	6
499,	5
