Instance: /home/gabriel/Documents/ufrgs/courses/oc/trab/instances/cmb01
Vertices: 500
Colors: 12
NumIterations: 10
Alpha: 0.850000
Is Factible?: false
Conflicts: 5
Solution Value: 147959.484375
Vertex,	Color
0,	0
1,	1
2,	1
3,	0
4,	3
5,	0
6,	0
7,	1
8,	1
9,	4
10,	0
11,	0
12,	1
13,	2
14,	0
15,	0
16,	0
17,	2
18,	6
19,	3
20,	1
21,	0
22,	1
23,	6
24,	0
25,	2
26,	0
27,	0
28,	0
29,	0
30,	0
31,	0
32,	2
33,	0
34,	3
35,	1
36,	0
37,	4
38,	2
39,	4
40,	2
41,	2
42,	2
43,	0
44,	1
45,	2
46,	1
47,	0
48,	5
49,	4
50,	0
51,	0
52,	1
53,	2
54,	0
55,	0
56,	3
57,	2
58,	1
59,	0
60,	4
61,	0
62,	0
63,	1
64,	2
65,	1
66,	0
67,	3
68,	4
69,	3
70,	0
71,	2
72,	1
73,	4
74,	3
75,	0
76,	2
77,	3
78,	2
79,	9
80,	1
81,	1
82,	3
83,	4
84,	0
85,	2
86,	2
87,	0
88,	5
89,	1
90,	3
91,	3
92,	0
93,	3
94,	6
95,	1
96,	1
97,	2
98,	3
99,	1
100,	2
101,	0
102,	0
103,	2
104,	2
105,	3
106,	3
107,	4
108,	1
109,	2
110,	0
111,	5
112,	0
113,	2
114,	2
115,	1
116,	0
117,	7
118,	0
119,	6
120,	1
121,	5
122,	1
123,	4
124,	4
125,	1
126,	2
127,	1
128,	1
129,	4
130,	1
131,	2
132,	1
133,	2
134,	2
135,	1
136,	3
137,	5
138,	0
139,	1
140,	1
141,	0
142,	1
143,	3
144,	6
145,	3
146,	6
147,	1
148,	8
149,	0
150,	4
151,	3
152,	2
153,	2
154,	5
155,	1
156,	6
157,	4
158,	3
159,	6
160,	2
161,	2
162,	10
163,	5
164,	6
165,	5
166,	1
167,	0
168,	3
169,	2
170,	5
171,	3
172,	3
173,	3
174,	1
175,	1
176,	1
177,	7
178,	5
179,	10
180,	4
181,	2
182,	3
183,	2
184,	5
185,	3
186,	4
187,	0
188,	3
189,	5
190,	5
191,	5
192,	1
193,	0
194,	4
195,	2
196,	3
197,	2
198,	0
199,	5
200,	1
201,	5
202,	5
203,	7
204,	4
205,	1
206,	2
207,	4
208,	3
209,	2
210,	2
211,	3
212,	8
213,	5
214,	2
215,	4
216,	4
217,	4
218,	6
219,	8
220,	6
221,	0
222,	5
223,	3
224,	3
225,	1
226,	3
227,	2
228,	2
229,	6
230,	2
231,	5
232,	1
233,	6
234,	3
235,	7
236,	4
237,	3
238,	3
239,	1
240,	0
241,	2
242,	7
243,	3
244,	6
245,	1
246,	6
247,	5
248,	6
249,	2
250,	1
251,	2
252,	6
253,	6
254,	6
255,	5
256,	5
257,	3
258,	3
259,	5
260,	6
261,	4
262,	5
263,	9
264,	5
265,	0
266,	2
267,	6
268,	4
269,	4
270,	7
271,	4
272,	7
273,	6
274,	8
275,	0
276,	9
277,	8
278,	5
279,	1
280,	0
281,	4
282,	7
283,	5
284,	4
285,	5
286,	4
287,	4
288,	3
289,	1
290,	0
291,	2
292,	7
293,	3
294,	10
295,	4
296,	6
297,	6
298,	1
299,	1
300,	2
301,	1
302,	5
303,	2
304,	3
305,	4
306,	1
307,	7
308,	3
309,	6
310,	6
311,	1
312,	2
313,	7
314,	7
315,	6
316,	6
317,	4
318,	3
319,	2
320,	4
321,	6
322,	9
323,	6
324,	7
325,	5
326,	2
327,	5
328,	8
329,	6
330,	0
331,	8
332,	5
333,	3
334,	8
335,	5
336,	6
337,	9
338,	5
339,	7
340,	8
341,	8
342,	4
343,	10
344,	0
345,	7
346,	7
347,	11
348,	7
349,	0
350,	5
351,	1
352,	9
353,	7
354,	4
355,	5
356,	3
357,	8
358,	4
359,	2
360,	7
361,	7
362,	5
363,	0
364,	8
365,	9
366,	7
367,	5
368,	7
369,	3
370,	5
371,	5
372,	5
373,	5
374,	3
375,	4
376,	8
377,	6
378,	6
379,	5
380,	8
381,	4
382,	2
383,	3
384,	4
385,	4
386,	8
387,	8
388,	9
389,	8
390,	7
391,	1
392,	5
393,	9
394,	8
395,	5
396,	7
397,	8
398,	3
399,	8
400,	7
401,	6
402,	7
403,	7
404,	4
405,	9
406,	1
407,	4
408,	11
409,	6
410,	7
411,	3
412,	7
413,	4
414,	6
415,	0
416,	9
417,	5
418,	9
419,	4
420,	9
421,	5
422,	7
423,	6
424,	8
425,	6
426,	10
427,	6
428,	1
429,	7
430,	9
431,	8
432,	0
433,	8
434,	6
435,	6
436,	5
437,	4
438,	3
439,	7
440,	1
441,	7
442,	2
443,	4
444,	4
445,	5
446,	10
447,	3
448,	4
449,	9
450,	10
451,	8
452,	7
453,	9
454,	4
455,	6
456,	9
457,	11
458,	10
459,	11
460,	10
461,	5
462,	7
463,	7
464,	4
465,	7
466,	9
467,	3
468,	9
469,	2
470,	8
471,	9
472,	6
473,	4
474,	8
475,	10
476,	9
477,	0
478,	8
479,	11
480,	9
481,	5
482,	10
483,	6
484,	8
485,	9
486,	8
487,	9
488,	5
489,	3
490,	3
491,	9
492,	11
493,	4
494,	10
495,	7
496,	10
497,	4
498,	5
499,	9
