Instance: /home/gabriel/Documents/ufrgs/courses/oc/trab/instances/cmb01
Vertices: 500
Colors: 12
NumIterations: 1
Alpha: 0.850000
Is Factible?: false
Conflicts: 6
Solution Value: 148387.046875
Vertex,	Color
0,	2
1,	0
2,	4
3,	0
4,	4
5,	0
6,	3
7,	0
8,	1
9,	2
10,	1
11,	1
12,	0
13,	4
14,	1
15,	2
16,	0
17,	3
18,	6
19,	1
20,	0
21,	0
22,	0
23,	0
24,	1
25,	0
26,	0
27,	0
28,	1
29,	0
30,	1
31,	0
32,	2
33,	0
34,	4
35,	4
36,	2
37,	0
38,	3
39,	2
40,	1
41,	0
42,	0
43,	0
44,	2
45,	0
46,	2
47,	3
48,	3
49,	2
50,	0
51,	5
52,	1
53,	1
54,	1
55,	0
56,	3
57,	0
58,	2
59,	0
60,	5
61,	1
62,	0
63,	0
64,	3
65,	1
66,	0
67,	1
68,	9
69,	3
70,	0
71,	2
72,	5
73,	0
74,	0
75,	1
76,	1
77,	1
78,	0
79,	4
80,	7
81,	1
82,	1
83,	2
84,	1
85,	0
86,	0
87,	4
88,	3
89,	3
90,	3
91,	5
92,	1
93,	0
94,	4
95,	0
96,	2
97,	1
98,	1
99,	6
100,	4
101,	1
102,	3
103,	0
104,	0
105,	5
106,	2
107,	2
108,	1
109,	0
110,	4
111,	10
112,	1
113,	0
114,	2
115,	4
116,	1
117,	9
118,	1
119,	3
120,	2
121,	4
122,	2
123,	1
124,	1
125,	2
126,	3
127,	4
128,	0
129,	6
130,	0
131,	1
132,	7
133,	1
134,	5
135,	1
136,	2
137,	2
138,	5
139,	1
140,	0
141,	2
142,	3
143,	2
144,	3
145,	1
146,	3
147,	4
148,	8
149,	0
150,	6
151,	6
152,	0
153,	2
154,	1
155,	5
156,	3
157,	6
158,	1
159,	0
160,	3
161,	3
162,	8
163,	5
164,	6
165,	3
166,	2
167,	0
168,	3
169,	1
170,	5
171,	2
172,	4
173,	1
174,	3
175,	1
176,	3
177,	3
178,	5
179,	6
180,	2
181,	2
182,	6
183,	6
184,	2
185,	4
186,	2
187,	1
188,	3
189,	4
190,	8
191,	3
192,	2
193,	2
194,	4
195,	4
196,	2
197,	3
198,	3
199,	5
200,	1
201,	7
202,	5
203,	7
204,	5
205,	4
206,	2
207,	1
208,	1
209,	3
210,	2
211,	0
212,	7
213,	4
214,	11
215,	3
216,	4
217,	4
218,	7
219,	2
220,	7
221,	0
222,	5
223,	2
224,	4
225,	0
226,	4
227,	5
228,	1
229,	3
230,	2
231,	5
232,	1
233,	5
234,	1
235,	5
236,	2
237,	4
238,	2
239,	2
240,	1
241,	1
242,	7
243,	5
244,	6
245,	2
246,	4
247,	5
248,	5
249,	4
250,	3
251,	3
252,	2
253,	7
254,	8
255,	1
256,	1
257,	1
258,	4
259,	2
260,	6
261,	4
262,	7
263,	11
264,	4
265,	1
266,	5
267,	7
268,	5
269,	9
270,	8
271,	5
272,	8
273,	6
274,	7
275,	1
276,	8
277,	6
278,	5
279,	0
280,	0
281,	4
282,	7
283,	6
284,	6
285,	4
286,	5
287,	4
288,	4
289,	3
290,	1
291,	2
292,	6
293,	2
294,	10
295,	3
296,	1
297,	7
298,	2
299,	2
300,	4
301,	0
302,	5
303,	3
304,	3
305,	5
306,	2
307,	8
308,	3
309,	6
310,	6
311,	3
312,	2
313,	7
314,	7
315,	3
316,	7
317,	3
318,	3
319,	2
320,	3
321,	0
322,	3
323,	6
324,	7
325,	5
326,	2
327,	5
328,	8
329,	6
330,	1
331,	6
332,	4
333,	4
334,	8
335,	0
336,	6
337,	5
338,	5
339,	7
340,	6
341,	5
342,	6
343,	9
344,	2
345,	7
346,	8
347,	10
348,	7
349,	6
350,	4
351,	0
352,	10
353,	9
354,	4
355,	4
356,	9
357,	8
358,	5
359,	11
360,	7
361,	6
362,	4
363,	8
364,	10
365,	9
366,	3
367,	4
368,	8
369,	5
370,	0
371,	5
372,	4
373,	4
374,	4
375,	5
376,	6
377,	9
378,	5
379,	3
380,	6
381,	3
382,	2
383,	3
384,	2
385,	3
386,	9
387,	8
388,	10
389,	7
390,	6
391,	4
392,	5
393,	7
394,	8
395,	3
396,	9
397,	8
398,	2
399,	8
400,	6
401,	1
402,	8
403,	3
404,	5
405,	10
406,	7
407,	5
408,	10
409,	8
410,	6
411,	5
412,	5
413,	6
414,	5
415,	0
416,	10
417,	7
418,	10
419,	6
420,	9
421,	6
422,	8
423,	11
424,	7
425,	7
426,	10
427,	8
428,	5
429,	7
430,	9
431,	8
432,	0
433,	7
434,	6
435,	6
436,	8
437,	7
438,	6
439,	8
440,	4
441,	9
442,	3
443,	4
444,	3
445,	10
446,	11
447,	1
448,	4
449,	9
450,	11
451,	3
452,	7
453,	10
454,	4
455,	6
456,	9
457,	11
458,	10
459,	10
460,	11
461,	4
462,	7
463,	8
464,	8
465,	7
466,	9
467,	1
468,	6
469,	5
470,	8
471,	9
472,	6
473,	3
474,	8
475,	8
476,	7
477,	1
478,	7
479,	11
480,	8
481,	4
482,	8
483,	5
484,	9
485,	7
486,	9
487,	9
488,	8
489,	6
490,	6
491,	9
492,	11
493,	3
494,	7
495,	6
496,	9
497,	9
498,	6
499,	4
