Instance: /home/gabriel/Documents/ufrgs/courses/oc/trab/instances/cmb01
Vertices: 500
Colors: 12
NumIterations: 10
Alpha: 0.650000
Is Factible?: false
Conflicts: 3
Solution Value: 150335.000000
Vertex,	Color
0,	2
1,	1
2,	5
3,	2
4,	0
5,	1
6,	1
7,	1
8,	4
9,	4
10,	0
11,	0
12,	0
13,	3
14,	0
15,	0
16,	6
17,	6
18,	2
19,	0
20,	0
21,	0
22,	3
23,	3
24,	2
25,	0
26,	0
27,	3
28,	0
29,	1
30,	1
31,	0
32,	1
33,	3
34,	2
35,	1
36,	4
37,	1
38,	5
39,	10
40,	1
41,	2
42,	2
43,	5
44,	1
45,	3
46,	0
47,	2
48,	11
49,	5
50,	1
51,	0
52,	3
53,	1
54,	6
55,	0
56,	0
57,	0
58,	1
59,	1
60,	9
61,	0
62,	3
63,	2
64,	2
65,	1
66,	1
67,	2
68,	4
69,	6
70,	0
71,	1
72,	0
73,	2
74,	9
75,	0
76,	1
77,	5
78,	0
79,	5
80,	1
81,	5
82,	2
83,	9
84,	3
85,	1
86,	7
87,	2
88,	3
89,	0
90,	1
91,	4
92,	1
93,	5
94,	1
95,	0
96,	3
97,	1
98,	2
99,	0
100,	7
101,	2
102,	1
103,	9
104,	0
105,	4
106,	3
107,	2
108,	2
109,	2
110,	4
111,	1
112,	1
113,	1
114,	3
115,	0
116,	2
117,	0
118,	6
119,	8
120,	3
121,	2
122,	0
123,	1
124,	2
125,	2
126,	0
127,	5
128,	3
129,	4
130,	1
131,	2
132,	6
133,	1
134,	2
135,	5
136,	2
137,	8
138,	5
139,	0
140,	2
141,	0
142,	5
143,	3
144,	2
145,	2
146,	4
147,	1
148,	8
149,	0
150,	3
151,	6
152,	0
153,	5
154,	1
155,	5
156,	5
157,	4
158,	4
159,	2
160,	5
161,	1
162,	3
163,	4
164,	3
165,	1
166,	0
167,	0
168,	0
169,	0
170,	5
171,	4
172,	3
173,	2
174,	6
175,	2
176,	0
177,	10
178,	2
179,	7
180,	7
181,	2
182,	4
183,	2
184,	1
185,	4
186,	2
187,	0
188,	2
189,	6
190,	6
191,	0
192,	5
193,	0
194,	3
195,	4
196,	1
197,	5
198,	4
199,	5
200,	1
201,	5
202,	6
203,	5
204,	3
205,	5
206,	7
207,	7
208,	1
209,	4
210,	7
211,	0
212,	6
213,	6
214,	3
215,	1
216,	1
217,	2
218,	7
219,	0
220,	5
221,	0
222,	4
223,	5
224,	4
225,	2
226,	2
227,	6
228,	1
229,	4
230,	0
231,	1
232,	1
233,	4
234,	3
235,	1
236,	6
237,	4
238,	0
239,	2
240,	0
241,	6
242,	7
243,	5
244,	4
245,	0
246,	2
247,	5
248,	5
249,	1
250,	3
251,	3
252,	3
253,	6
254,	3
255,	2
256,	1
257,	0
258,	6
259,	3
260,	1
261,	3
262,	4
263,	7
264,	3
265,	3
266,	4
267,	6
268,	6
269,	7
270,	3
271,	4
272,	7
273,	6
274,	10
275,	1
276,	4
277,	5
278,	3
279,	5
280,	0
281,	4
282,	6
283,	4
284,	4
285,	3
286,	1
287,	3
288,	0
289,	1
290,	2
291,	2
292,	4
293,	3
294,	10
295,	1
296,	2
297,	9
298,	3
299,	3
300,	0
301,	1
302,	6
303,	4
304,	3
305,	1
306,	2
307,	8
308,	3
309,	7
310,	8
311,	1
312,	0
313,	7
314,	7
315,	4
316,	7
317,	0
318,	3
319,	2
320,	3
321,	3
322,	6
323,	7
324,	5
325,	5
326,	1
327,	2
328,	6
329,	5
330,	1
331,	6
332,	3
333,	4
334,	8
335,	9
336,	4
337,	8
338,	8
339,	2
340,	7
341,	8
342,	9
343,	10
344,	2
345,	5
346,	3
347,	3
348,	8
349,	2
350,	4
351,	3
352,	7
353,	4
354,	5
355,	5
356,	8
357,	9
358,	5
359,	9
360,	6
361,	4
362,	3
363,	7
364,	5
365,	9
366,	7
367,	4
368,	8
369,	6
370,	3
371,	0
372,	3
373,	6
374,	2
375,	4
376,	9
377,	8
378,	5
379,	4
380,	6
381,	1
382,	3
383,	2
384,	5
385,	6
386,	10
387,	10
388,	5
389,	9
390,	7
391,	4
392,	4
393,	7
394,	8
395,	3
396,	9
397,	8
398,	2
399,	8
400,	6
401,	6
402,	1
403,	4
404,	5
405,	8
406,	6
407,	4
408,	11
409,	7
410,	8
411,	5
412,	1
413,	7
414,	8
415,	11
416,	2
417,	2
418,	8
419,	7
420,	7
421,	4
422,	7
423,	7
424,	7
425,	6
426,	10
427,	4
428,	3
429,	9
430,	9
431,	6
432,	2
433,	5
434,	5
435,	4
436,	8
437,	2
438,	4
439,	8
440,	3
441,	8
442,	1
443,	5
444,	3
445,	6
446,	11
447,	2
448,	5
449,	9
450,	10
451,	7
452,	7
453,	4
454,	4
455,	5
456,	9
457,	11
458,	10
459,	8
460,	11
461,	3
462,	8
463,	6
464,	7
465,	4
466,	7
467,	4
468,	9
469,	5
470,	7
471,	9
472,	8
473,	2
474,	8
475,	11
476,	2
477,	2
478,	6
479,	11
480,	10
481,	5
482,	10
483,	5
484,	8
485,	7
486,	8
487,	8
488,	7
489,	6
490,	5
491,	10
492,	11
493,	9
494,	9
495,	7
496,	10
497,	9
498,	6
499,	9
