Instance: /home/gabriel/Documents/ufrgs/courses/oc/trab/instances/cmb01
Vertices: 500
Colors: 12
NumIterations: 10
Alpha: 0.650000
Is Factible?: false
Conflicts: 2
Solution Value: 148728.468750
Vertex,	Color
0,	1
1,	3
2,	3
3,	0
4,	8
5,	0
6,	1
7,	0
8,	3
9,	4
10,	1
11,	2
12,	0
13,	1
14,	1
15,	1
16,	5
17,	2
18,	10
19,	2
20,	2
21,	0
22,	4
23,	4
24,	2
25,	0
26,	1
27,	2
28,	5
29,	1
30,	0
31,	1
32,	1
33,	0
34,	3
35,	0
36,	0
37,	0
38,	1
39,	7
40,	1
41,	1
42,	3
43,	1
44,	2
45,	0
46,	0
47,	1
48,	4
49,	10
50,	2
51,	0
52,	6
53,	2
54,	1
55,	1
56,	3
57,	2
58,	7
59,	0
60,	6
61,	3
62,	7
63,	0
64,	3
65,	3
66,	1
67,	2
68,	7
69,	5
70,	0
71,	1
72,	2
73,	7
74,	6
75,	0
76,	3
77,	9
78,	0
79,	6
80,	5
81,	5
82,	3
83,	3
84,	1
85,	0
86,	2
87,	0
88,	5
89,	2
90,	4
91,	3
92,	3
93,	1
94,	8
95,	4
96,	1
97,	6
98,	4
99,	9
100,	0
101,	1
102,	6
103,	6
104,	0
105,	8
106,	6
107,	0
108,	2
109,	4
110,	1
111,	4
112,	0
113,	1
114,	0
115,	2
116,	1
117,	2
118,	5
119,	4
120,	1
121,	3
122,	2
123,	5
124,	3
125,	1
126,	2
127,	2
128,	0
129,	2
130,	6
131,	1
132,	3
133,	3
134,	5
135,	1
136,	5
137,	4
138,	11
139,	1
140,	1
141,	2
142,	4
143,	2
144,	4
145,	2
146,	2
147,	0
148,	9
149,	2
150,	4
151,	9
152,	3
153,	1
154,	5
155,	5
156,	1
157,	2
158,	1
159,	0
160,	3
161,	3
162,	0
163,	5
164,	6
165,	3
166,	0
167,	0
168,	1
169,	0
170,	4
171,	5
172,	0
173,	3
174,	0
175,	2
176,	2
177,	0
178,	3
179,	5
180,	4
181,	1
182,	2
183,	0
184,	1
185,	0
186,	5
187,	0
188,	2
189,	6
190,	7
191,	3
192,	0
193,	0
194,	0
195,	6
196,	1
197,	2
198,	1
199,	6
200,	1
201,	7
202,	11
203,	2
204,	2
205,	4
206,	3
207,	7
208,	0
209,	3
210,	2
211,	0
212,	5
213,	2
214,	0
215,	3
216,	1
217,	2
218,	5
219,	5
220,	4
221,	0
222,	5
223,	4
224,	5
225,	0
226,	8
227,	0
228,	1
229,	4
230,	4
231,	3
232,	1
233,	4
234,	2
235,	8
236,	3
237,	6
238,	2
239,	4
240,	0
241,	3
242,	0
243,	2
244,	2
245,	6
246,	0
247,	10
248,	5
249,	2
250,	3
251,	4
252,	1
253,	0
254,	11
255,	1
256,	11
257,	2
258,	5
259,	3
260,	5
261,	3
262,	5
263,	1
264,	3
265,	2
266,	6
267,	5
268,	6
269,	7
270,	10
271,	4
272,	9
273,	7
274,	7
275,	2
276,	6
277,	4
278,	4
279,	0
280,	0
281,	3
282,	6
283,	3
284,	7
285,	3
286,	3
287,	5
288,	2
289,	1
290,	2
291,	3
292,	7
293,	1
294,	0
295,	5
296,	6
297,	8
298,	3
299,	2
300,	0
301,	3
302,	4
303,	4
304,	1
305,	1
306,	2
307,	6
308,	3
309,	6
310,	5
311,	5
312,	2
313,	7
314,	1
315,	4
316,	8
317,	3
318,	1
319,	2
320,	3
321,	4
322,	4
323,	4
324,	7
325,	4
326,	2
327,	5
328,	6
329,	6
330,	0
331,	5
332,	3
333,	2
334,	8
335,	1
336,	6
337,	8
338,	8
339,	7
340,	7
341,	3
342,	7
343,	7
344,	1
345,	5
346,	9
347,	10
348,	7
349,	6
350,	0
351,	1
352,	8
353,	7
354,	4
355,	3
356,	5
357,	9
358,	4
359,	2
360,	7
361,	4
362,	3
363,	8
364,	7
365,	0
366,	3
367,	4
368,	7
369,	4
370,	6
371,	3
372,	2
373,	8
374,	2
375,	3
376,	6
377,	4
378,	6
379,	3
380,	5
381,	1
382,	1
383,	2
384,	4
385,	5
386,	6
387,	9
388,	4
389,	8
390,	7
391,	5
392,	3
393,	5
394,	6
395,	1
396,	9
397,	6
398,	4
399,	8
400,	6
401,	2
402,	6
403,	4
404,	4
405,	0
406,	2
407,	3
408,	10
409,	9
410,	6
411,	6
412,	3
413,	5
414,	0
415,	1
416,	10
417,	4
418,	8
419,	0
420,	8
421,	5
422,	7
423,	7
424,	6
425,	6
426,	9
427,	5
428,	5
429,	6
430,	9
431,	6
432,	5
433,	4
434,	7
435,	9
436,	7
437,	5
438,	6
439,	6
440,	0
441,	10
442,	11
443,	7
444,	3
445,	10
446,	10
447,	4
448,	5
449,	9
450,	10
451,	2
452,	7
453,	6
454,	5
455,	6
456,	8
457,	9
458,	7
459,	10
460,	8
461,	6
462,	7
463,	7
464,	5
465,	4
466,	8
467,	2
468,	7
469,	3
470,	8
471,	9
472,	7
473,	4
474,	8
475,	9
476,	4
477,	1
478,	7
479,	11
480,	8
481,	4
482,	8
483,	5
484,	8
485,	8
486,	4
487,	9
488,	7
489,	6
490,	5
491,	9
492,	11
493,	10
494,	11
495,	7
496,	10
497,	9
498,	0
499,	9
