Instance: /home/gabriel/Documents/ufrgs/courses/oc/trab/instances/cmb01
Vertices: 500
Colors: 12
NumIterations: 10
Alpha: 0.650000
Is Factible?: false
Conflicts: 3
Solution Value: 154174.359375
Vertex,	Color
0,	0
1,	0
2,	1
3,	3
4,	1
5,	3
6,	0
7,	6
8,	1
9,	7
10,	4
11,	1
12,	2
13,	6
14,	2
15,	1
16,	3
17,	0
18,	8
19,	1
20,	0
21,	0
22,	5
23,	5
24,	1
25,	2
26,	1
27,	2
28,	6
29,	1
30,	3
31,	0
32,	0
33,	0
34,	1
35,	1
36,	1
37,	1
38,	0
39,	6
40,	0
41,	3
42,	0
43,	3
44,	1
45,	1
46,	3
47,	3
48,	1
49,	2
50,	0
51,	8
52,	2
53,	0
54,	1
55,	5
56,	1
57,	4
58,	3
59,	0
60,	5
61,	4
62,	9
63,	1
64,	0
65,	3
66,	0
67,	2
68,	0
69,	0
70,	2
71,	0
72,	3
73,	3
74,	0
75,	1
76,	2
77,	4
78,	0
79,	8
80,	2
81,	0
82,	1
83,	0
84,	5
85,	0
86,	5
87,	2
88,	0
89,	9
90,	5
91,	2
92,	3
93,	5
94,	8
95,	2
96,	1
97,	2
98,	1
99,	6
100,	1
101,	0
102,	5
103,	3
104,	0
105,	4
106,	2
107,	4
108,	1
109,	3
110,	7
111,	7
112,	2
113,	10
114,	0
115,	1
116,	3
117,	5
118,	3
119,	1
120,	0
121,	4
122,	1
123,	2
124,	2
125,	2
126,	0
127,	9
128,	1
129,	4
130,	0
131,	3
132,	2
133,	3
134,	0
135,	2
136,	3
137,	0
138,	4
139,	2
140,	0
141,	1
142,	3
143,	8
144,	3
145,	1
146,	5
147,	2
148,	10
149,	1
150,	5
151,	5
152,	0
153,	0
154,	3
155,	4
156,	1
157,	3
158,	0
159,	3
160,	3
161,	2
162,	2
163,	6
164,	4
165,	2
166,	0
167,	5
168,	0
169,	3
170,	6
171,	0
172,	1
173,	6
174,	1
175,	0
176,	0
177,	11
178,	3
179,	7
180,	5
181,	1
182,	9
183,	0
184,	3
185,	4
186,	3
187,	1
188,	0
189,	2
190,	6
191,	0
192,	5
193,	1
194,	8
195,	5
196,	1
197,	0
198,	5
199,	1
200,	1
201,	4
202,	5
203,	6
204,	4
205,	1
206,	0
207,	7
208,	0
209,	4
210,	7
211,	4
212,	5
213,	4
214,	2
215,	2
216,	3
217,	1
218,	3
219,	6
220,	7
221,	2
222,	6
223,	4
224,	3
225,	1
226,	1
227,	4
228,	0
229,	3
230,	0
231,	2
232,	6
233,	5
234,	4
235,	2
236,	0
237,	5
238,	2
239,	5
240,	2
241,	7
242,	7
243,	5
244,	8
245,	1
246,	4
247,	4
248,	3
249,	2
250,	2
251,	5
252,	1
253,	0
254,	11
255,	2
256,	7
257,	1
258,	7
259,	8
260,	4
261,	2
262,	6
263,	9
264,	2
265,	2
266,	6
267,	5
268,	5
269,	3
270,	3
271,	4
272,	0
273,	8
274,	6
275,	2
276,	3
277,	7
278,	1
279,	0
280,	3
281,	4
282,	6
283,	6
284,	4
285,	2
286,	4
287,	6
288,	4
289,	3
290,	1
291,	2
292,	5
293,	1
294,	4
295,	2
296,	3
297,	2
298,	4
299,	0
300,	1
301,	0
302,	4
303,	4
304,	0
305,	3
306,	1
307,	7
308,	2
309,	7
310,	8
311,	3
312,	1
313,	6
314,	7
315,	4
316,	7
317,	3
318,	3
319,	4
320,	4
321,	5
322,	1
323,	5
324,	7
325,	5
326,	0
327,	3
328,	6
329,	6
330,	2
331,	4
332,	5
333,	4
334,	7
335,	3
336,	5
337,	8
338,	4
339,	7
340,	6
341,	0
342,	5
343,	1
344,	2
345,	2
346,	7
347,	11
348,	8
349,	6
350,	1
351,	3
352,	7
353,	8
354,	4
355,	1
356,	9
357,	7
358,	6
359,	7
360,	8
361,	5
362,	4
363,	1
364,	7
365,	8
366,	7
367,	6
368,	9
369,	1
370,	4
371,	4
372,	8
373,	8
374,	3
375,	2
376,	6
377,	6
378,	6
379,	5
380,	6
381,	0
382,	2
383,	3
384,	1
385,	6
386,	2
387,	9
388,	4
389,	6
390,	4
391,	5
392,	5
393,	7
394,	11
395,	1
396,	3
397,	6
398,	3
399,	9
400,	5
401,	1
402,	5
403,	5
404,	4
405,	10
406,	9
407,	3
408,	10
409,	4
410,	6
411,	6
412,	2
413,	5
414,	8
415,	10
416,	10
417,	4
418,	7
419,	8
420,	10
421,	6
422,	8
423,	8
424,	7
425,	7
426,	8
427,	6
428,	2
429,	9
430,	8
431,	8
432,	6
433,	7
434,	4
435,	8
436,	5
437,	2
438,	5
439,	5
440,	11
441,	6
442,	7
443,	8
444,	3
445,	2
446,	11
447,	2
448,	4
449,	10
450,	6
451,	5
452,	7
453,	8
454,	4
455,	6
456,	3
457,	10
458,	9
459,	10
460,	10
461,	4
462,	7
463,	7
464,	6
465,	5
466,	8
467,	2
468,	8
469,	5
470,	5
471,	9
472,	8
473,	0
474,	6
475,	10
476,	8
477,	2
478,	7
479,	10
480,	9
481,	4
482,	9
483,	6
484,	8
485,	9
486,	6
487,	10
488,	8
489,	0
490,	4
491,	10
492,	11
493,	11
494,	9
495,	7
496,	9
497,	7
498,	5
499,	9
