Instance: /home/gabriel/Documents/ufrgs/courses/oc/trab/instances/cmb04
Vertices: 1000
Colors: 32
NumIterations: 100
Alpha: 0.650000
Is Factible?: false
Conflicts: 81
Solution Value: 90212.078125
Vertex,	Color
0,	4
1,	2
2,	6
3,	16
4,	2
5,	14
6,	4
7,	30
8,	18
9,	12
10,	6
11,	28
12,	2
13,	1
14,	4
15,	20
16,	9
17,	23
18,	4
19,	17
20,	5
21,	12
22,	17
23,	29
24,	1
25,	29
26,	6
27,	26
28,	6
29,	10
30,	5
31,	0
32,	5
33,	13
34,	1
35,	6
36,	28
37,	1
38,	6
39,	13
40,	1
41,	5
42,	9
43,	4
44,	2
45,	13
46,	5
47,	7
48,	0
49,	19
50,	7
51,	12
52,	28
53,	1
54,	24
55,	5
56,	7
57,	14
58,	28
59,	2
60,	13
61,	12
62,	14
63,	12
64,	0
65,	31
66,	10
67,	11
68,	13
69,	4
70,	6
71,	1
72,	5
73,	15
74,	5
75,	7
76,	5
77,	21
78,	4
79,	6
80,	18
81,	4
82,	3
83,	2
84,	13
85,	29
86,	14
87,	4
88,	13
89,	4
90,	9
91,	6
92,	6
93,	19
94,	7
95,	20
96,	7
97,	3
98,	1
99,	12
100,	16
101,	18
102,	9
103,	1
104,	2
105,	5
106,	0
107,	4
108,	9
109,	6
110,	20
111,	28
112,	3
113,	10
114,	1
115,	15
116,	29
117,	22
118,	13
119,	2
120,	6
121,	23
122,	17
123,	4
124,	29
125,	28
126,	12
127,	1
128,	20
129,	28
130,	5
131,	7
132,	1
133,	4
134,	3
135,	2
136,	1
137,	2
138,	16
139,	8
140,	28
141,	28
142,	2
143,	10
144,	30
145,	29
146,	18
147,	7
148,	5
149,	16
150,	16
151,	14
152,	8
153,	31
154,	20
155,	6
156,	11
157,	2
158,	1
159,	5
160,	4
161,	28
162,	14
163,	4
164,	9
165,	5
166,	13
167,	6
168,	2
169,	6
170,	16
171,	21
172,	21
173,	23
174,	6
175,	0
176,	10
177,	0
178,	9
179,	2
180,	20
181,	25
182,	10
183,	9
184,	0
185,	2
186,	11
187,	13
188,	7
189,	12
190,	1
191,	15
192,	13
193,	19
194,	11
195,	9
196,	26
197,	11
198,	7
199,	9
200,	0
201,	4
202,	9
203,	17
204,	14
205,	3
206,	10
207,	4
208,	13
209,	1
210,	7
211,	6
212,	4
213,	1
214,	26
215,	8
216,	10
217,	11
218,	22
219,	4
220,	1
221,	5
222,	6
223,	1
224,	7
225,	1
226,	4
227,	6
228,	28
229,	7
230,	1
231,	11
232,	24
233,	10
234,	13
235,	2
236,	27
237,	20
238,	22
239,	4
240,	18
241,	25
242,	13
243,	1
244,	0
245,	28
246,	14
247,	1
248,	0
249,	4
250,	10
251,	24
252,	8
253,	14
254,	1
255,	7
256,	21
257,	1
258,	6
259,	2
260,	10
261,	26
262,	2
263,	13
264,	5
265,	2
266,	1
267,	29
268,	10
269,	2
270,	4
271,	1
272,	1
273,	2
274,	8
275,	13
276,	9
277,	11
278,	1
279,	6
280,	14
281,	4
282,	5
283,	28
284,	22
285,	7
286,	8
287,	14
288,	9
289,	13
290,	7
291,	20
292,	8
293,	7
294,	7
295,	8
296,	6
297,	0
298,	10
299,	5
300,	11
301,	15
302,	23
303,	7
304,	13
305,	14
306,	17
307,	12
308,	10
309,	7
310,	28
311,	12
312,	7
313,	14
314,	9
315,	18
316,	12
317,	21
318,	24
319,	6
320,	1
321,	10
322,	20
323,	2
324,	0
325,	2
326,	1
327,	6
328,	6
329,	27
330,	8
331,	30
332,	3
333,	25
334,	1
335,	14
336,	8
337,	12
338,	16
339,	7
340,	11
341,	13
342,	1
343,	25
344,	13
345,	0
346,	22
347,	2
348,	4
349,	11
350,	9
351,	4
352,	7
353,	2
354,	3
355,	19
356,	10
357,	6
358,	2
359,	19
360,	3
361,	28
362,	2
363,	11
364,	0
365,	10
366,	0
367,	9
368,	1
369,	1
370,	0
371,	2
372,	24
373,	21
374,	7
375,	12
376,	15
377,	10
378,	5
379,	25
380,	3
381,	7
382,	4
383,	13
384,	10
385,	22
386,	14
387,	9
388,	22
389,	29
390,	17
391,	9
392,	24
393,	0
394,	11
395,	16
396,	18
397,	30
398,	10
399,	12
400,	12
401,	10
402,	13
403,	21
404,	6
405,	5
406,	4
407,	16
408,	10
409,	18
410,	2
411,	15
412,	14
413,	17
414,	18
415,	11
416,	5
417,	15
418,	13
419,	3
420,	8
421,	4
422,	15
423,	20
424,	18
425,	11
426,	6
427,	18
428,	20
429,	13
430,	2
431,	22
432,	14
433,	1
434,	17
435,	20
436,	12
437,	1
438,	11
439,	11
440,	8
441,	13
442,	15
443,	8
444,	7
445,	6
446,	16
447,	8
448,	19
449,	18
450,	17
451,	14
452,	5
453,	9
454,	8
455,	17
456,	12
457,	6
458,	17
459,	18
460,	4
461,	2
462,	17
463,	14
464,	7
465,	18
466,	17
467,	18
468,	28
469,	9
470,	10
471,	6
472,	27
473,	10
474,	16
475,	1
476,	17
477,	8
478,	16
479,	30
480,	20
481,	22
482,	1
483,	18
484,	26
485,	10
486,	14
487,	0
488,	0
489,	4
490,	12
491,	20
492,	23
493,	2
494,	6
495,	15
496,	24
497,	2
498,	15
499,	13
500,	17
501,	22
502,	13
503,	0
504,	1
505,	15
506,	0
507,	6
508,	2
509,	21
510,	16
511,	10
512,	13
513,	24
514,	14
515,	23
516,	4
517,	19
518,	4
519,	9
520,	22
521,	17
522,	9
523,	23
524,	5
525,	6
526,	2
527,	17
528,	8
529,	19
530,	18
531,	21
532,	5
533,	9
534,	9
535,	20
536,	10
537,	9
538,	28
539,	15
540,	4
541,	12
542,	8
543,	16
544,	18
545,	18
546,	3
547,	13
548,	14
549,	17
550,	23
551,	25
552,	21
553,	9
554,	8
555,	3
556,	30
557,	12
558,	16
559,	14
560,	2
561,	16
562,	27
563,	9
564,	7
565,	4
566,	13
567,	26
568,	10
569,	15
570,	13
571,	1
572,	11
573,	23
574,	8
575,	28
576,	27
577,	21
578,	14
579,	10
580,	11
581,	22
582,	14
583,	19
584,	23
585,	16
586,	11
587,	19
588,	23
589,	17
590,	17
591,	1
592,	7
593,	25
594,	20
595,	12
596,	21
597,	18
598,	11
599,	14
600,	8
601,	8
602,	19
603,	17
604,	16
605,	6
606,	0
607,	19
608,	25
609,	15
610,	24
611,	15
612,	18
613,	6
614,	7
615,	6
616,	5
617,	6
618,	6
619,	12
620,	4
621,	20
622,	21
623,	5
624,	10
625,	16
626,	25
627,	0
628,	13
629,	26
630,	0
631,	1
632,	18
633,	23
634,	11
635,	17
636,	17
637,	14
638,	11
639,	19
640,	19
641,	9
642,	25
643,	18
644,	4
645,	8
646,	30
647,	17
648,	16
649,	21
650,	22
651,	26
652,	15
653,	20
654,	23
655,	28
656,	19
657,	18
658,	23
659,	12
660,	26
661,	24
662,	23
663,	23
664,	28
665,	6
666,	5
667,	8
668,	24
669,	20
670,	25
671,	18
672,	23
673,	6
674,	27
675,	20
676,	9
677,	29
678,	24
679,	5
680,	22
681,	12
682,	26
683,	6
684,	9
685,	17
686,	14
687,	14
688,	19
689,	15
690,	21
691,	28
692,	24
693,	21
694,	28
695,	19
696,	19
697,	17
698,	18
699,	8
700,	19
701,	27
702,	20
703,	29
704,	12
705,	22
706,	27
707,	12
708,	26
709,	17
710,	15
711,	23
712,	20
713,	22
714,	9
715,	16
716,	1
717,	19
718,	19
719,	4
720,	29
721,	20
722,	23
723,	29
724,	19
725,	25
726,	5
727,	5
728,	20
729,	13
730,	13
731,	14
732,	7
733,	27
734,	21
735,	0
736,	31
737,	12
738,	11
739,	2
740,	26
741,	0
742,	21
743,	8
744,	29
745,	3
746,	14
747,	29
748,	9
749,	23
750,	23
751,	12
752,	5
753,	18
754,	30
755,	5
756,	2
757,	28
758,	28
759,	25
760,	17
761,	25
762,	13
763,	20
764,	17
765,	31
766,	14
767,	11
768,	26
769,	21
770,	12
771,	20
772,	29
773,	5
774,	27
775,	22
776,	23
777,	19
778,	13
779,	20
780,	27
781,	30
782,	3
783,	30
784,	21
785,	18
786,	0
787,	24
788,	3
789,	29
790,	22
791,	24
792,	21
793,	24
794,	19
795,	27
796,	26
797,	7
798,	10
799,	10
800,	30
801,	8
802,	25
803,	19
804,	19
805,	29
806,	2
807,	27
808,	29
809,	5
810,	21
811,	18
812,	25
813,	12
814,	17
815,	27
816,	1
817,	26
818,	16
819,	19
820,	25
821,	31
822,	14
823,	30
824,	26
825,	31
826,	15
827,	29
828,	18
829,	2
830,	28
831,	20
832,	28
833,	25
834,	29
835,	21
836,	30
837,	30
838,	24
839,	29
840,	19
841,	19
842,	31
843,	0
844,	20
845,	29
846,	24
847,	28
848,	24
849,	22
850,	3
851,	29
852,	20
853,	16
854,	24
855,	20
856,	0
857,	12
858,	4
859,	31
860,	28
861,	22
862,	26
863,	31
864,	23
865,	6
866,	0
867,	3
868,	31
869,	21
870,	25
871,	22
872,	23
873,	31
874,	18
875,	3
876,	3
877,	30
878,	29
879,	29
880,	28
881,	30
882,	31
883,	30
884,	30
885,	26
886,	28
887,	2
888,	0
889,	30
890,	26
891,	3
892,	9
893,	31
894,	30
895,	4
896,	27
897,	25
898,	22
899,	13
900,	27
901,	31
902,	23
903,	29
904,	3
905,	14
906,	31
907,	31
908,	31
909,	3
910,	31
911,	26
912,	25
913,	2
914,	27
915,	26
916,	28
917,	30
918,	21
919,	8
920,	18
921,	8
922,	15
923,	16
924,	29
925,	25
926,	30
927,	27
928,	22
929,	9
930,	9
931,	26
932,	28
933,	16
934,	7
935,	24
936,	29
937,	24
938,	31
939,	27
940,	28
941,	15
942,	1
943,	30
944,	24
945,	7
946,	22
947,	25
948,	3
949,	29
950,	28
951,	15
952,	20
953,	26
954,	8
955,	11
956,	25
957,	28
958,	23
959,	31
960,	31
961,	16
962,	21
963,	27
964,	28
965,	12
966,	27
967,	24
968,	25
969,	29
970,	27
971,	23
972,	29
973,	30
974,	31
975,	3
976,	30
977,	23
978,	22
979,	29
980,	27
981,	19
982,	16
983,	31
984,	13
985,	24
986,	15
987,	11
988,	25
989,	22
990,	19
991,	8
992,	22
993,	7
994,	0
995,	23
996,	11
997,	3
998,	8
999,	11
