Instance: /home/gabriel/Documents/ufrgs/courses/oc/trab/instances/cmb01
Vertices: 500
Colors: 12
NumIterations: 1
Alpha: 0.850000
Is Factible?: false
Conflicts: 5
Solution Value: 148743.453125
Vertex,	Color
0,	2
1,	1
2,	0
3,	0
4,	0
5,	0
6,	2
7,	2
8,	0
9,	1
10,	2
11,	1
12,	1
13,	1
14,	2
15,	0
16,	0
17,	5
18,	7
19,	0
20,	0
21,	0
22,	2
23,	1
24,	0
25,	1
26,	8
27,	0
28,	5
29,	0
30,	0
31,	2
32,	2
33,	0
34,	4
35,	1
36,	0
37,	2
38,	3
39,	2
40,	0
41,	2
42,	0
43,	1
44,	1
45,	1
46,	1
47,	0
48,	0
49,	1
50,	1
51,	2
52,	1
53,	2
54,	1
55,	0
56,	3
57,	2
58,	0
59,	0
60,	5
61,	0
62,	0
63,	0
64,	2
65,	1
66,	0
67,	3
68,	4
69,	3
70,	2
71,	1
72,	3
73,	4
74,	0
75,	0
76,	2
77,	1
78,	0
79,	3
80,	1
81,	0
82,	2
83,	0
84,	6
85,	0
86,	0
87,	1
88,	1
89,	3
90,	2
91,	0
92,	1
93,	1
94,	3
95,	1
96,	3
97,	1
98,	2
99,	0
100,	4
101,	3
102,	2
103,	7
104,	0
105,	4
106,	4
107,	3
108,	1
109,	1
110,	1
111,	0
112,	1
113,	1
114,	0
115,	3
116,	0
117,	9
118,	2
119,	3
120,	2
121,	6
122,	0
123,	4
124,	4
125,	2
126,	3
127,	5
128,	0
129,	4
130,	1
131,	2
132,	5
133,	1
134,	2
135,	1
136,	4
137,	1
138,	8
139,	1
140,	0
141,	5
142,	2
143,	3
144,	3
145,	2
146,	4
147,	4
148,	6
149,	0
150,	5
151,	8
152,	1
153,	1
154,	4
155,	3
156,	0
157,	5
158,	3
159,	3
160,	3
161,	4
162,	6
163,	6
164,	7
165,	3
166,	0
167,	0
168,	2
169,	3
170,	5
171,	4
172,	0
173,	2
174,	1
175,	0
176,	1
177,	5
178,	5
179,	10
180,	2
181,	2
182,	4
183,	4
184,	0
185,	3
186,	3
187,	1
188,	2
189,	6
190,	6
191,	4
192,	5
193,	4
194,	3
195,	3
196,	2
197,	4
198,	4
199,	5
200,	1
201,	3
202,	3
203,	5
204,	5
205,	4
206,	3
207,	7
208,	1
209,	3
210,	3
211,	2
212,	9
213,	4
214,	1
215,	4
216,	3
217,	3
218,	6
219,	1
220,	2
221,	1
222,	6
223,	4
224,	3
225,	0
226,	3
227,	6
228,	2
229,	2
230,	3
231,	6
232,	5
233,	4
234,	0
235,	6
236,	2
237,	6
238,	1
239,	2
240,	2
241,	1
242,	7
243,	3
244,	8
245,	2
246,	4
247,	5
248,	5
249,	1
250,	1
251,	2
252,	2
253,	1
254,	5
255,	5
256,	4
257,	4
258,	4
259,	3
260,	6
261,	3
262,	4
263,	10
264,	5
265,	0
266,	2
267,	6
268,	7
269,	7
270,	7
271,	3
272,	7
273,	7
274,	9
275,	1
276,	8
277,	5
278,	9
279,	0
280,	0
281,	2
282,	7
283,	5
284,	7
285,	5
286,	0
287,	6
288,	3
289,	2
290,	4
291,	3
292,	6
293,	5
294,	8
295,	1
296,	6
297,	5
298,	4
299,	2
300,	3
301,	0
302,	4
303,	4
304,	2
305,	3
306,	3
307,	7
308,	1
309,	7
310,	8
311,	1
312,	3
313,	8
314,	3
315,	4
316,	6
317,	4
318,	4
319,	2
320,	4
321,	4
322,	8
323,	6
324,	6
325,	5
326,	2
327,	5
328,	8
329,	6
330,	1
331,	5
332,	2
333,	8
334,	7
335,	0
336,	5
337,	8
338,	5
339,	7
340,	6
341,	6
342,	5
343,	9
344,	1
345,	7
346,	6
347,	11
348,	7
349,	0
350,	5
351,	0
352,	10
353,	7
354,	2
355,	3
356,	0
357,	9
358,	4
359,	11
360,	8
361,	6
362,	4
363,	6
364,	9
365,	4
366,	6
367,	3
368,	7
369,	5
370,	5
371,	4
372,	2
373,	5
374,	3
375,	5
376,	6
377,	6
378,	5
379,	6
380,	9
381,	4
382,	3
383,	2
384,	4
385,	4
386,	6
387,	9
388,	8
389,	7
390,	7
391,	0
392,	5
393,	7
394,	10
395,	0
396,	9
397,	7
398,	2
399,	9
400,	6
401,	6
402,	2
403,	4
404,	5
405,	8
406,	8
407,	5
408,	11
409,	9
410,	10
411,	5
412,	6
413,	3
414,	5
415,	10
416,	11
417,	7
418,	9
419,	7
420,	8
421,	7
422,	8
423,	3
424,	8
425,	6
426,	9
427,	4
428,	1
429,	6
430,	9
431,	6
432,	11
433,	5
434,	7
435,	7
436,	7
437,	4
438,	5
439,	10
440,	11
441,	7
442,	11
443,	9
444,	2
445,	5
446,	10
447,	2
448,	5
449,	8
450,	9
451,	3
452,	7
453,	10
454,	4
455,	6
456,	9
457,	10
458,	0
459,	11
460,	10
461,	5
462,	7
463,	8
464,	6
465,	4
466,	8
467,	2
468,	9
469,	6
470,	8
471,	8
472,	7
473,	3
474,	8
475,	8
476,	9
477,	2
478,	6
479,	11
480,	9
481,	4
482,	10
483,	5
484,	8
485,	8
486,	5
487,	8
488,	7
489,	7
490,	6
491,	9
492,	10
493,	11
494,	9
495,	7
496,	10
497,	4
498,	6
499,	9
