Instance: /home/gabriel/Documents/ufrgs/courses/oc/trab/instances/cmb01
Vertices: 500
Colors: 12
NumIterations: 1
Alpha: 0.850000
Is Factible?: false
Conflicts: 6
Solution Value: 158197.375000
Vertex,	Color
0,	2
1,	0
2,	4
3,	0
4,	0
5,	0
6,	0
7,	2
8,	1
9,	0
10,	3
11,	1
12,	0
13,	0
14,	1
15,	2
16,	0
17,	2
18,	2
19,	4
20,	1
21,	0
22,	0
23,	4
24,	1
25,	0
26,	2
27,	4
28,	1
29,	1
30,	0
31,	3
32,	3
33,	0
34,	3
35,	1
36,	2
37,	0
38,	0
39,	1
40,	1
41,	0
42,	0
43,	5
44,	1
45,	4
46,	0
47,	0
48,	0
49,	0
50,	0
51,	1
52,	1
53,	2
54,	1
55,	0
56,	1
57,	5
58,	1
59,	0
60,	6
61,	1
62,	1
63,	0
64,	2
65,	1
66,	1
67,	2
68,	4
69,	1
70,	0
71,	2
72,	4
73,	4
74,	4
75,	3
76,	0
77,	7
78,	2
79,	5
80,	2
81,	7
82,	0
83,	5
84,	3
85,	0
86,	2
87,	0
88,	3
89,	4
90,	2
91,	3
92,	0
93,	6
94,	5
95,	1
96,	1
97,	3
98,	0
99,	1
100,	4
101,	2
102,	1
103,	7
104,	2
105,	4
106,	6
107,	2
108,	2
109,	0
110,	1
111,	3
112,	0
113,	2
114,	0
115,	2
116,	1
117,	5
118,	3
119,	3
120,	2
121,	5
122,	2
123,	5
124,	6
125,	4
126,	2
127,	0
128,	2
129,	3
130,	0
131,	2
132,	3
133,	0
134,	5
135,	1
136,	4
137,	6
138,	2
139,	0
140,	2
141,	3
142,	1
143,	2
144,	3
145,	1
146,	6
147,	4
148,	8
149,	0
150,	4
151,	4
152,	4
153,	2
154,	4
155,	3
156,	2
157,	1
158,	2
159,	3
160,	1
161,	5
162,	3
163,	6
164,	4
165,	9
166,	0
167,	0
168,	5
169,	3
170,	3
171,	2
172,	0
173,	3
174,	1
175,	0
176,	2
177,	8
178,	5
179,	4
180,	5
181,	2
182,	4
183,	4
184,	4
185,	1
186,	2
187,	0
188,	2
189,	5
190,	3
191,	2
192,	2
193,	3
194,	0
195,	4
196,	2
197,	5
198,	10
199,	3
200,	1
201,	3
202,	2
203,	5
204,	5
205,	1
206,	2
207,	2
208,	2
209,	3
210,	2
211,	1
212,	9
213,	1
214,	1
215,	2
216,	3
217,	2
218,	5
219,	1
220,	5
221,	0
222,	7
223,	4
224,	2
225,	1
226,	6
227,	3
228,	2
229,	3
230,	0
231,	4
232,	4
233,	5
234,	1
235,	2
236,	5
237,	7
238,	2
239,	1
240,	1
241,	2
242,	7
243,	4
244,	7
245,	5
246,	0
247,	3
248,	6
249,	0
250,	1
251,	3
252,	2
253,	6
254,	3
255,	3
256,	3
257,	1
258,	5
259,	1
260,	5
261,	3
262,	7
263,	10
264,	3
265,	1
266,	5
267,	7
268,	7
269,	7
270,	6
271,	5
272,	7
273,	6
274,	8
275,	2
276,	9
277,	0
278,	3
279,	1
280,	0
281,	4
282,	7
283,	5
284,	5
285,	3
286,	5
287,	5
288,	3
289,	5
290,	3
291,	2
292,	6
293,	2
294,	8
295,	2
296,	5
297,	2
298,	2
299,	4
300,	3
301,	1
302,	3
303,	3
304,	3
305,	4
306,	3
307,	7
308,	5
309,	7
310,	6
311,	4
312,	1
313,	8
314,	7
315,	5
316,	6
317,	3
318,	3
319,	2
320,	4
321,	4
322,	9
323,	6
324,	6
325,	5
326,	3
327,	5
328,	7
329,	6
330,	0
331,	6
332,	5
333,	9
334,	7
335,	0
336,	6
337,	8
338,	5
339,	4
340,	6
341,	8
342,	6
343,	10
344,	2
345,	6
346,	7
347,	6
348,	7
349,	6
350,	0
351,	1
352,	9
353,	7
354,	4
355,	5
356,	4
357,	9
358,	5
359,	4
360,	8
361,	6
362,	1
363,	7
364,	8
365,	8
366,	6
367,	5
368,	7
369,	7
370,	0
371,	7
372,	7
373,	8
374,	4
375,	4
376,	8
377,	5
378,	4
379,	3
380,	9
381,	2
382,	2
383,	3
384,	5
385,	4
386,	8
387,	8
388,	9
389,	7
390,	8
391,	2
392,	2
393,	8
394,	10
395,	2
396,	9
397,	7
398,	3
399,	9
400,	6
401,	1
402,	1
403,	4
404,	5
405,	9
406,	9
407,	5
408,	11
409,	10
410,	6
411,	5
412,	4
413,	6
414,	10
415,	0
416,	10
417,	7
418,	10
419,	6
420,	9
421,	6
422,	8
423,	9
424,	9
425,	7
426,	10
427,	7
428,	1
429,	5
430,	9
431,	6
432,	10
433,	5
434,	6
435,	10
436,	6
437,	1
438,	6
439,	6
440,	6
441,	8
442,	11
443,	5
444,	3
445,	8
446,	10
447,	4
448,	4
449,	9
450,	7
451,	6
452,	7
453,	10
454,	5
455,	6
456,	8
457,	11
458,	11
459,	11
460,	10
461,	3
462,	8
463,	8
464,	7
465,	8
466,	9
467,	5
468,	10
469,	6
470,	8
471,	9
472,	7
473,	2
474,	6
475,	11
476,	9
477,	0
478,	7
479,	11
480,	10
481,	4
482,	11
483,	5
484,	8
485,	3
486,	8
487,	8
488,	7
489,	4
490,	4
491,	9
492,	11
493,	6
494,	7
495,	7
496,	7
497,	4
498,	6
499,	5
