Instance: /home/gabriel/Documents/ufrgs/courses/oc/trab/instances/cmb01
Vertices: 500
Colors: 12
NumIterations: 3
Alpha: 0.650000
Is Factible?: false
Conflicts: 4
Solution Value: 154874.484375
Vertex,	Color
0,	6
1,	0
2,	4
3,	3
4,	0
5,	1
6,	0
7,	1
8,	1
9,	4
10,	0
11,	2
12,	0
13,	7
14,	0
15,	5
16,	0
17,	2
18,	0
19,	3
20,	0
21,	1
22,	2
23,	3
24,	2
25,	1
26,	3
27,	5
28,	6
29,	0
30,	0
31,	2
32,	1
33,	5
34,	3
35,	1
36,	3
37,	0
38,	0
39,	7
40,	2
41,	1
42,	5
43,	4
44,	0
45,	2
46,	2
47,	2
48,	8
49,	0
50,	6
51,	5
52,	3
53,	3
54,	7
55,	0
56,	0
57,	0
58,	4
59,	0
60,	0
61,	4
62,	8
63,	1
64,	1
65,	4
66,	0
67,	1
68,	5
69,	2
70,	3
71,	0
72,	1
73,	4
74,	4
75,	0
76,	2
77,	11
78,	3
79,	1
80,	3
81,	2
82,	10
83,	2
84,	1
85,	0
86,	1
87,	2
88,	5
89,	6
90,	4
91,	3
92,	0
93,	0
94,	0
95,	2
96,	1
97,	2
98,	6
99,	3
100,	1
101,	2
102,	0
103,	1
104,	1
105,	0
106,	7
107,	1
108,	1
109,	8
110,	4
111,	4
112,	3
113,	7
114,	4
115,	1
116,	1
117,	10
118,	6
119,	4
120,	1
121,	1
122,	0
123,	3
124,	3
125,	1
126,	2
127,	3
128,	1
129,	2
130,	0
131,	2
132,	3
133,	0
134,	2
135,	5
136,	2
137,	6
138,	4
139,	5
140,	0
141,	0
142,	5
143,	6
144,	6
145,	0
146,	4
147,	3
148,	6
149,	3
150,	4
151,	8
152,	0
153,	0
154,	1
155,	2
156,	4
157,	4
158,	2
159,	2
160,	2
161,	1
162,	8
163,	4
164,	6
165,	7
166,	1
167,	0
168,	6
169,	0
170,	3
171,	7
172,	0
173,	1
174,	1
175,	6
176,	2
177,	2
178,	5
179,	0
180,	0
181,	1
182,	8
183,	6
184,	0
185,	3
186,	0
187,	0
188,	2
189,	6
190,	5
191,	2
192,	4
193,	0
194,	3
195,	3
196,	0
197,	4
198,	0
199,	2
200,	0
201,	2
202,	2
203,	1
204,	3
205,	2
206,	1
207,	4
208,	0
209,	3
210,	7
211,	1
212,	9
213,	2
214,	5
215,	2
216,	5
217,	5
218,	5
219,	9
220,	4
221,	0
222,	4
223,	3
224,	6
225,	0
226,	3
227,	1
228,	3
229,	2
230,	2
231,	3
232,	5
233,	4
234,	3
235,	8
236,	7
237,	2
238,	3
239,	5
240,	1
241,	3
242,	1
243,	5
244,	7
245,	8
246,	1
247,	6
248,	8
249,	3
250,	1
251,	1
252,	4
253,	5
254,	2
255,	2
256,	3
257,	1
258,	2
259,	7
260,	1
261,	3
262,	1
263,	0
264,	4
265,	4
266,	5
267,	5
268,	6
269,	5
270,	0
271,	5
272,	2
273,	5
274,	6
275,	1
276,	2
277,	6
278,	1
279,	2
280,	1
281,	6
282,	8
283,	4
284,	4
285,	4
286,	4
287,	7
288,	1
289,	0
290,	4
291,	4
292,	3
293,	8
294,	4
295,	2
296,	6
297,	5
298,	3
299,	1
300,	4
301,	1
302,	4
303,	3
304,	0
305,	0
306,	4
307,	6
308,	1
309,	6
310,	7
311,	1
312,	2
313,	7
314,	6
315,	2
316,	1
317,	2
318,	3
319,	2
320,	4
321,	9
322,	10
323,	10
324,	8
325,	3
326,	1
327,	2
328,	7
329,	6
330,	1
331,	5
332,	4
333,	6
334,	9
335,	1
336,	5
337,	9
338,	5
339,	6
340,	5
341,	9
342,	4
343,	8
344,	3
345,	7
346,	7
347,	9
348,	7
349,	2
350,	0
351,	3
352,	9
353,	6
354,	5
355,	9
356,	5
357,	7
358,	5
359,	7
360,	7
361,	4
362,	3
363,	6
364,	6
365,	9
366,	8
367,	3
368,	8
369,	5
370,	9
371,	1
372,	3
373,	8
374,	2
375,	1
376,	10
377,	4
378,	6
379,	5
380,	7
381,	1
382,	3
383,	2
384,	4
385,	3
386,	10
387,	8
388,	4
389,	8
390,	8
391,	0
392,	1
393,	6
394,	9
395,	3
396,	10
397,	10
398,	0
399,	8
400,	9
401,	5
402,	7
403,	4
404,	4
405,	9
406,	5
407,	5
408,	11
409,	5
410,	7
411,	2
412,	5
413,	6
414,	5
415,	0
416,	9
417,	4
418,	1
419,	4
420,	9
421,	7
422,	8
423,	5
424,	7
425,	6
426,	7
427,	7
428,	0
429,	2
430,	10
431,	7
432,	10
433,	4
434,	5
435,	8
436,	4
437,	2
438,	5
439,	9
440,	1
441,	8
442,	3
443,	5
444,	4
445,	10
446,	10
447,	3
448,	6
449,	10
450,	8
451,	3
452,	7
453,	9
454,	4
455,	6
456,	6
457,	11
458,	11
459,	11
460,	9
461,	4
462,	7
463,	7
464,	7
465,	4
466,	9
467,	5
468,	9
469,	6
470,	8
471,	8
472,	7
473,	1
474,	7
475,	11
476,	9
477,	2
478,	6
479,	2
480,	9
481,	3
482,	10
483,	6
484,	8
485,	8
486,	6
487,	9
488,	7
489,	7
490,	6
491,	9
492,	11
493,	10
494,	11
495,	7
496,	11
497,	9
498,	0
499,	9
