Instance: /home/gabriel/Documents/ufrgs/courses/oc/trab/instances/cmb01
Vertices: 500
Colors: 12
NumIterations: 100
Alpha: 0.850000
Is Factible?: false
Conflicts: 3
Solution Value: 147886.000000
Vertex,	Color
0,	5
1,	0
2,	0
3,	0
4,	1
5,	0
6,	0
7,	1
8,	1
9,	0
10,	3
11,	1
12,	1
13,	0
14,	7
15,	1
16,	5
17,	1
18,	4
19,	0
20,	0
21,	0
22,	1
23,	2
24,	0
25,	1
26,	2
27,	3
28,	0
29,	0
30,	1
31,	1
32,	2
33,	0
34,	3
35,	8
36,	2
37,	0
38,	3
39,	2
40,	1
41,	1
42,	0
43,	0
44,	1
45,	0
46,	1
47,	0
48,	1
49,	2
50,	1
51,	2
52,	1
53,	1
54,	0
55,	0
56,	3
57,	1
58,	0
59,	0
60,	3
61,	4
62,	0
63,	1
64,	0
65,	0
66,	0
67,	3
68,	6
69,	4
70,	2
71,	2
72,	0
73,	2
74,	1
75,	2
76,	4
77,	6
78,	0
79,	1
80,	0
81,	6
82,	4
83,	1
84,	4
85,	0
86,	1
87,	1
88,	1
89,	0
90,	2
91,	2
92,	2
93,	3
94,	8
95,	1
96,	3
97,	2
98,	1
99,	2
100,	1
101,	4
102,	3
103,	3
104,	0
105,	3
106,	2
107,	4
108,	1
109,	1
110,	2
111,	8
112,	0
113,	5
114,	1
115,	0
116,	2
117,	0
118,	2
119,	4
120,	1
121,	1
122,	0
123,	3
124,	3
125,	1
126,	1
127,	3
128,	0
129,	5
130,	1
131,	2
132,	4
133,	1
134,	3
135,	2
136,	3
137,	1
138,	0
139,	2
140,	2
141,	4
142,	2
143,	4
144,	4
145,	4
146,	5
147,	2
148,	5
149,	0
150,	5
151,	0
152,	1
153,	2
154,	6
155,	3
156,	2
157,	0
158,	2
159,	3
160,	3
161,	4
162,	9
163,	5
164,	6
165,	6
166,	1
167,	1
168,	5
169,	3
170,	3
171,	2
172,	2
173,	0
174,	2
175,	4
176,	1
177,	7
178,	5
179,	9
180,	4
181,	2
182,	7
183,	7
184,	2
185,	3
186,	3
187,	0
188,	3
189,	1
190,	4
191,	1
192,	2
193,	3
194,	3
195,	3
196,	2
197,	4
198,	6
199,	2
200,	1
201,	3
202,	6
203,	6
204,	5
205,	0
206,	3
207,	7
208,	2
209,	3
210,	4
211,	1
212,	10
213,	4
214,	1
215,	2
216,	2
217,	4
218,	6
219,	2
220,	2
221,	0
222,	5
223,	3
224,	3
225,	0
226,	3
227,	6
228,	0
229,	6
230,	3
231,	5
232,	5
233,	4
234,	0
235,	7
236,	7
237,	5
238,	2
239,	0
240,	3
241,	1
242,	6
243,	3
244,	7
245,	3
246,	6
247,	5
248,	4
249,	1
250,	2
251,	5
252,	2
253,	2
254,	8
255,	3
256,	3
257,	1
258,	4
259,	4
260,	5
261,	4
262,	6
263,	3
264,	4
265,	0
266,	5
267,	5
268,	5
269,	0
270,	8
271,	5
272,	5
273,	6
274,	9
275,	4
276,	5
277,	1
278,	6
279,	1
280,	2
281,	2
282,	7
283,	4
284,	6
285,	4
286,	5
287,	4
288,	3
289,	5
290,	0
291,	3
292,	7
293,	4
294,	9
295,	3
296,	6
297,	3
298,	4
299,	1
300,	4
301,	1
302,	5
303,	4
304,	3
305,	3
306,	2
307,	7
308,	4
309,	6
310,	7
311,	5
312,	1
313,	6
314,	6
315,	6
316,	7
317,	4
318,	1
319,	3
320,	4
321,	5
322,	8
323,	5
324,	9
325,	5
326,	6
327,	4
328,	7
329,	6
330,	0
331,	5
332,	2
333,	4
334,	7
335,	1
336,	6
337,	8
338,	6
339,	2
340,	7
341,	7
342,	7
343,	9
344,	4
345,	7
346,	5
347,	10
348,	7
349,	0
350,	2
351,	1
352,	10
353,	8
354,	3
355,	3
356,	10
357,	9
358,	6
359,	5
360,	7
361,	7
362,	0
363,	7
364,	9
365,	8
366,	9
367,	3
368,	7
369,	6
370,	5
371,	5
372,	4
373,	6
374,	4
375,	5
376,	6
377,	6
378,	6
379,	5
380,	4
381,	2
382,	2
383,	3
384,	3
385,	6
386,	7
387,	9
388,	6
389,	9
390,	6
391,	0
392,	4
393,	8
394,	9
395,	2
396,	10
397,	7
398,	1
399,	8
400,	8
401,	7
402,	2
403,	5
404,	5
405,	10
406,	8
407,	4
408,	11
409,	5
410,	8
411,	5
412,	5
413,	6
414,	11
415,	11
416,	5
417,	5
418,	9
419,	4
420,	9
421,	6
422,	5
423,	10
424,	9
425,	7
426,	8
427,	7
428,	1
429,	6
430,	8
431,	7
432,	4
433,	6
434,	5
435,	7
436,	5
437,	2
438,	6
439,	10
440,	10
441,	8
442,	8
443,	0
444,	3
445,	3
446,	11
447,	2
448,	2
449,	11
450,	9
451,	0
452,	8
453,	7
454,	4
455,	6
456,	8
457,	11
458,	0
459,	11
460,	11
461,	2
462,	8
463,	7
464,	4
465,	6
466,	8
467,	4
468,	7
469,	5
470,	8
471,	6
472,	7
473,	3
474,	7
475,	11
476,	8
477,	2
478,	8
479,	3
480,	10
481,	4
482,	10
483,	6
484,	7
485,	8
486,	7
487,	8
488,	4
489,	0
490,	5
491,	8
492,	10
493,	10
494,	6
495,	5
496,	10
497,	9
498,	6
499,	9
