Instance: /home/gabriel/Documents/ufrgs/courses/oc/trab/instances/cmb01
Vertices: 500
Colors: 12
NumIterations: 10
Alpha: 0.650000
Is Factible?: false
Conflicts: 3
Solution Value: 150353.171875
Vertex,	Color
0,	4
1,	2
2,	0
3,	0
4,	2
5,	2
6,	1
7,	3
8,	3
9,	2
10,	3
11,	2
12,	4
13,	6
14,	1
15,	0
16,	2
17,	5
18,	7
19,	2
20,	4
21,	0
22,	1
23,	7
24,	0
25,	1
26,	3
27,	3
28,	1
29,	1
30,	1
31,	1
32,	3
33,	1
34,	4
35,	3
36,	0
37,	0
38,	6
39,	10
40,	1
41,	0
42,	6
43,	1
44,	1
45,	0
46,	2
47,	2
48,	6
49,	6
50,	0
51,	7
52,	2
53,	5
54,	2
55,	0
56,	1
57,	0
58,	4
59,	1
60,	8
61,	1
62,	2
63,	4
64,	1
65,	0
66,	1
67,	0
68,	3
69,	0
70,	7
71,	0
72,	8
73,	2
74,	1
75,	3
76,	4
77,	0
78,	1
79,	6
80,	4
81,	6
82,	0
83,	6
84,	3
85,	8
86,	4
87,	2
88,	1
89,	5
90,	1
91,	5
92,	2
93,	4
94,	4
95,	5
96,	0
97,	2
98,	6
99,	5
100,	6
101,	2
102,	3
103,	3
104,	0
105,	2
106,	1
107,	2
108,	2
109,	2
110,	4
111,	3
112,	2
113,	0
114,	6
115,	0
116,	4
117,	9
118,	1
119,	10
120,	3
121,	1
122,	6
123,	0
124,	0
125,	0
126,	1
127,	8
128,	4
129,	4
130,	0
131,	3
132,	1
133,	0
134,	4
135,	6
136,	2
137,	11
138,	10
139,	1
140,	0
141,	8
142,	4
143,	1
144,	2
145,	5
146,	3
147,	6
148,	0
149,	1
150,	4
151,	5
152,	3
153,	0
154,	7
155,	3
156,	1
157,	1
158,	2
159,	2
160,	7
161,	0
162,	8
163,	3
164,	7
165,	0
166,	2
167,	0
168,	1
169,	3
170,	5
171,	4
172,	3
173,	2
174,	1
175,	5
176,	1
177,	2
178,	1
179,	4
180,	0
181,	2
182,	3
183,	7
184,	3
185,	8
186,	6
187,	1
188,	0
189,	5
190,	7
191,	4
192,	1
193,	0
194,	4
195,	0
196,	1
197,	1
198,	1
199,	4
200,	1
201,	6
202,	2
203,	0
204,	5
205,	4
206,	0
207,	6
208,	2
209,	0
210,	2
211,	0
212,	1
213,	1
214,	5
215,	3
216,	2
217,	0
218,	7
219,	5
220,	5
221,	0
222,	8
223,	2
224,	1
225,	2
226,	3
227,	8
228,	1
229,	3
230,	0
231,	2
232,	1
233,	5
234,	3
235,	4
236,	4
237,	11
238,	0
239,	2
240,	1
241,	0
242,	6
243,	2
244,	5
245,	0
246,	2
247,	3
248,	3
249,	2
250,	2
251,	3
252,	1
253,	4
254,	2
255,	7
256,	3
257,	1
258,	4
259,	1
260,	5
261,	2
262,	3
263,	7
264,	3
265,	4
266,	0
267,	4
268,	6
269,	7
270,	2
271,	4
272,	2
273,	4
274,	4
275,	1
276,	11
277,	1
278,	5
279,	1
280,	0
281,	4
282,	7
283,	5
284,	0
285,	3
286,	5
287,	4
288,	3
289,	7
290,	1
291,	0
292,	6
293,	1
294,	8
295,	4
296,	7
297,	5
298,	3
299,	3
300,	2
301,	0
302,	5
303,	3
304,	0
305,	4
306,	2
307,	8
308,	3
309,	6
310,	4
311,	4
312,	4
313,	8
314,	6
315,	5
316,	5
317,	1
318,	3
319,	3
320,	2
321,	4
322,	5
323,	5
324,	6
325,	5
326,	3
327,	5
328,	8
329,	5
330,	1
331,	7
332,	4
333,	8
334,	7
335,	6
336,	3
337,	10
338,	5
339,	0
340,	3
341,	8
342,	3
343,	9
344,	2
345,	5
346,	2
347,	5
348,	7
349,	0
350,	2
351,	2
352,	9
353,	3
354,	4
355,	6
356,	3
357,	9
358,	5
359,	9
360,	5
361,	5
362,	1
363,	8
364,	6
365,	9
366,	6
367,	3
368,	8
369,	5
370,	5
371,	3
372,	6
373,	6
374,	5
375,	5
376,	7
377,	7
378,	6
379,	4
380,	5
381,	4
382,	2
383,	4
384,	3
385,	5
386,	4
387,	7
388,	0
389,	8
390,	6
391,	0
392,	6
393,	7
394,	9
395,	1
396,	10
397,	5
398,	2
399,	8
400,	6
401,	7
402,	4
403,	4
404,	4
405,	9
406,	8
407,	1
408,	10
409,	5
410,	7
411,	4
412,	8
413,	5
414,	7
415,	1
416,	9
417,	3
418,	9
419,	6
420,	10
421,	6
422,	5
423,	7
424,	7
425,	7
426,	9
427,	5
428,	2
429,	4
430,	9
431,	8
432,	2
433,	5
434,	7
435,	10
436,	6
437,	2
438,	6
439,	7
440,	1
441,	10
442,	3
443,	6
444,	3
445,	9
446,	10
447,	4
448,	4
449,	9
450,	11
451,	8
452,	6
453,	7
454,	3
455,	7
456,	9
457,	10
458,	0
459,	11
460,	11
461,	4
462,	0
463,	8
464,	4
465,	8
466,	9
467,	3
468,	8
469,	6
470,	8
471,	9
472,	7
473,	5
474,	7
475,	10
476,	2
477,	2
478,	6
479,	11
480,	9
481,	2
482,	9
483,	5
484,	8
485,	8
486,	7
487,	9
488,	4
489,	6
490,	5
491,	8
492,	11
493,	9
494,	6
495,	10
496,	11
497,	6
498,	5
499,	6
