Instance: /home/gabriel/Documents/ufrgs/courses/oc/trab/instances/cmb01
Vertices: 500
Colors: 12
NumIterations: 1
Alpha: 0.650000
Is Factible?: false
Conflicts: 8
Solution Value: 157495.921875
Vertex,	Color
0,	0
1,	1
2,	2
3,	4
4,	10
5,	2
6,	5
7,	1
8,	1
9,	7
10,	0
11,	1
12,	2
13,	4
14,	1
15,	0
16,	0
17,	0
18,	4
19,	3
20,	0
21,	0
22,	4
23,	4
24,	0
25,	4
26,	2
27,	4
28,	4
29,	2
30,	1
31,	2
32,	1
33,	2
34,	3
35,	3
36,	2
37,	3
38,	0
39,	10
40,	4
41,	0
42,	0
43,	6
44,	2
45,	2
46,	0
47,	0
48,	4
49,	5
50,	2
51,	4
52,	1
53,	0
54,	0
55,	6
56,	0
57,	1
58,	0
59,	0
60,	10
61,	3
62,	4
63,	1
64,	2
65,	0
66,	5
67,	3
68,	0
69,	4
70,	4
71,	0
72,	6
73,	8
74,	2
75,	1
76,	3
77,	5
78,	0
79,	3
80,	7
81,	3
82,	2
83,	3
84,	2
85,	1
86,	3
87,	3
88,	1
89,	6
90,	2
91,	4
92,	6
93,	1
94,	5
95,	4
96,	3
97,	1
98,	1
99,	8
100,	8
101,	2
102,	5
103,	3
104,	0
105,	4
106,	5
107,	5
108,	1
109,	8
110,	0
111,	9
112,	1
113,	0
114,	5
115,	0
116,	2
117,	1
118,	4
119,	5
120,	3
121,	6
122,	4
123,	1
124,	3
125,	3
126,	0
127,	6
128,	1
129,	5
130,	0
131,	1
132,	2
133,	1
134,	7
135,	1
136,	2
137,	1
138,	6
139,	1
140,	0
141,	6
142,	0
143,	5
144,	5
145,	1
146,	2
147,	1
148,	7
149,	6
150,	3
151,	1
152,	2
153,	0
154,	6
155,	2
156,	1
157,	3
158,	0
159,	2
160,	2
161,	1
162,	9
163,	4
164,	6
165,	1
166,	5
167,	0
168,	3
169,	5
170,	6
171,	0
172,	1
173,	1
174,	3
175,	1
176,	0
177,	4
178,	2
179,	0
180,	5
181,	1
182,	1
183,	8
184,	0
185,	7
186,	2
187,	1
188,	0
189,	1
190,	1
191,	0
192,	3
193,	3
194,	3
195,	3
196,	2
197,	5
198,	6
199,	2
200,	1
201,	1
202,	5
203,	6
204,	3
205,	0
206,	1
207,	8
208,	0
209,	1
210,	5
211,	2
212,	7
213,	6
214,	3
215,	8
216,	1
217,	0
218,	2
219,	7
220,	4
221,	0
222,	7
223,	5
224,	4
225,	4
226,	6
227,	2
228,	4
229,	2
230,	3
231,	3
232,	1
233,	4
234,	3
235,	4
236,	0
237,	5
238,	0
239,	0
240,	1
241,	1
242,	4
243,	3
244,	7
245,	0
246,	5
247,	5
248,	4
249,	7
250,	1
251,	3
252,	4
253,	0
254,	5
255,	1
256,	2
257,	3
258,	6
259,	2
260,	1
261,	5
262,	7
263,	10
264,	1
265,	3
266,	6
267,	7
268,	7
269,	0
270,	2
271,	4
272,	3
273,	0
274,	7
275,	0
276,	7
277,	3
278,	5
279,	0
280,	0
281,	1
282,	6
283,	3
284,	4
285,	1
286,	3
287,	7
288,	4
289,	0
290,	5
291,	0
292,	6
293,	5
294,	9
295,	3
296,	5
297,	3
298,	3
299,	2
300,	2
301,	0
302,	8
303,	2
304,	0
305,	0
306,	1
307,	8
308,	2
309,	7
310,	6
311,	4
312,	2
313,	7
314,	7
315,	2
316,	3
317,	2
318,	2
319,	2
320,	5
321,	4
322,	8
323,	5
324,	6
325,	3
326,	0
327,	2
328,	8
329,	5
330,	1
331,	7
332,	4
333,	4
334,	9
335,	4
336,	4
337,	9
338,	3
339,	5
340,	2
341,	2
342,	5
343,	1
344,	0
345,	4
346,	9
347,	9
348,	6
349,	6
350,	1
351,	2
352,	8
353,	8
354,	3
355,	3
356,	1
357,	10
358,	7
359,	11
360,	8
361,	6
362,	4
363,	6
364,	11
365,	9
366,	5
367,	4
368,	7
369,	4
370,	6
371,	2
372,	3
373,	6
374,	2
375,	3
376,	6
377,	5
378,	7
379,	3
380,	7
381,	0
382,	3
383,	2
384,	5
385,	6
386,	9
387,	7
388,	9
389,	7
390,	7
391,	2
392,	6
393,	9
394,	3
395,	4
396,	8
397,	7
398,	1
399,	9
400,	4
401,	0
402,	7
403,	3
404,	5
405,	9
406,	8
407,	6
408,	11
409,	5
410,	6
411,	3
412,	6
413,	4
414,	5
415,	11
416,	9
417,	4
418,	8
419,	5
420,	8
421,	7
422,	5
423,	5
424,	7
425,	6
426,	9
427,	7
428,	1
429,	6
430,	8
431,	6
432,	10
433,	7
434,	5
435,	9
436,	7
437,	3
438,	4
439,	10
440,	11
441,	6
442,	11
443,	11
444,	3
445,	8
446,	10
447,	2
448,	5
449,	9
450,	10
451,	2
452,	7
453,	7
454,	4
455,	5
456,	8
457,	11
458,	6
459,	11
460,	9
461,	4
462,	2
463,	7
464,	7
465,	6
466,	8
467,	3
468,	8
469,	1
470,	3
471,	9
472,	7
473,	5
474,	8
475,	10
476,	0
477,	1
478,	5
479,	7
480,	8
481,	5
482,	9
483,	4
484,	1
485,	10
486,	7
487,	8
488,	5
489,	6
490,	6
491,	9
492,	11
493,	10
494,	7
495,	6
496,	11
497,	8
498,	4
499,	9
