Instance: /home/gabriel/Documents/ufrgs/courses/oc/trab/instances/cmb01
Vertices: 500
Colors: 12
NumIterations: 10
Alpha: 0.650000
Is Factible?: false
Conflicts: 3
Solution Value: 150107.593750
Vertex,	Color
0,	1
1,	4
2,	3
3,	3
4,	3
5,	1
6,	3
7,	4
8,	4
9,	5
10,	2
11,	1
12,	1
13,	4
14,	6
15,	3
16,	0
17,	3
18,	9
19,	0
20,	0
21,	0
22,	4
23,	6
24,	0
25,	4
26,	0
27,	3
28,	2
29,	0
30,	2
31,	1
32,	2
33,	4
34,	2
35,	3
36,	3
37,	1
38,	0
39,	4
40,	0
41,	1
42,	4
43,	4
44,	2
45,	2
46,	1
47,	2
48,	6
49,	1
50,	2
51,	5
52,	5
53,	0
54,	0
55,	1
56,	0
57,	4
58,	1
59,	3
60,	3
61,	1
62,	5
63,	4
64,	4
65,	2
66,	0
67,	3
68,	7
69,	0
70,	9
71,	0
72,	2
73,	2
74,	6
75,	0
76,	1
77,	5
78,	1
79,	4
80,	2
81,	1
82,	0
83,	1
84,	4
85,	0
86,	3
87,	2
88,	3
89,	7
90,	0
91,	3
92,	0
93,	5
94,	8
95,	1
96,	5
97,	1
98,	0
99,	10
100,	3
101,	0
102,	2
103,	5
104,	3
105,	2
106,	1
107,	1
108,	1
109,	0
110,	1
111,	6
112,	1
113,	2
114,	0
115,	4
116,	0
117,	8
118,	2
119,	10
120,	2
121,	4
122,	6
123,	1
124,	5
125,	4
126,	3
127,	0
128,	1
129,	2
130,	3
131,	3
132,	3
133,	0
134,	1
135,	0
136,	3
137,	0
138,	1
139,	1
140,	2
141,	0
142,	3
143,	7
144,	4
145,	1
146,	2
147,	1
148,	2
149,	0
150,	2
151,	8
152,	0
153,	0
154,	1
155,	2
156,	0
157,	0
158,	0
159,	1
160,	3
161,	5
162,	6
163,	5
164,	4
165,	2
166,	0
167,	1
168,	6
169,	1
170,	8
171,	5
172,	3
173,	4
174,	4
175,	6
176,	3
177,	2
178,	4
179,	7
180,	6
181,	2
182,	0
183,	7
184,	3
185,	0
186,	7
187,	0
188,	0
189,	3
190,	6
191,	3
192,	3
193,	3
194,	0
195,	3
196,	6
197,	2
198,	3
199,	4
200,	2
201,	3
202,	2
203,	4
204,	1
205,	2
206,	3
207,	6
208,	1
209,	7
210,	0
211,	0
212,	3
213,	1
214,	5
215,	2
216,	5
217,	6
218,	5
219,	4
220,	5
221,	1
222,	8
223,	6
224,	3
225,	0
226,	7
227,	2
228,	2
229,	8
230,	1
231,	1
232,	4
233,	2
234,	0
235,	1
236,	1
237,	3
238,	0
239,	5
240,	2
241,	0
242,	8
243,	3
244,	10
245,	1
246,	1
247,	2
248,	1
249,	5
250,	0
251,	5
252,	4
253,	1
254,	2
255,	2
256,	10
257,	3
258,	6
259,	4
260,	1
261,	1
262,	7
263,	9
264,	2
265,	0
266,	5
267,	5
268,	6
269,	5
270,	3
271,	5
272,	7
273,	5
274,	6
275,	2
276,	11
277,	3
278,	7
279,	2
280,	1
281,	3
282,	9
283,	3
284,	4
285,	2
286,	1
287,	5
288,	1
289,	2
290,	2
291,	4
292,	5
293,	3
294,	8
295,	3
296,	7
297,	2
298,	2
299,	2
300,	7
301,	1
302,	6
303,	2
304,	2
305,	0
306,	5
307,	6
308,	4
309,	7
310,	9
311,	2
312,	0
313,	8
314,	7
315,	3
316,	5
317,	1
318,	4
319,	3
320,	5
321,	2
322,	5
323,	5
324,	8
325,	4
326,	0
327,	4
328,	9
329,	6
330,	1
331,	5
332,	4
333,	4
334,	6
335,	0
336,	2
337,	8
338,	5
339,	4
340,	4
341,	1
342,	5
343,	4
344,	1
345,	6
346,	6
347,	10
348,	7
349,	6
350,	3
351,	0
352,	11
353,	7
354,	3
355,	4
356,	8
357,	7
358,	6
359,	6
360,	8
361,	5
362,	2
363,	6
364,	6
365,	7
366,	4
367,	4
368,	6
369,	6
370,	7
371,	7
372,	6
373,	7
374,	4
375,	3
376,	8
377,	5
378,	6
379,	0
380,	6
381,	5
382,	3
383,	2
384,	3
385,	5
386,	6
387,	8
388,	5
389,	7
390,	8
391,	3
392,	2
393,	6
394,	9
395,	4
396,	8
397,	10
398,	3
399,	9
400,	8
401,	0
402,	6
403,	4
404,	5
405,	9
406,	8
407,	4
408,	11
409,	5
410,	8
411,	1
412,	8
413,	7
414,	5
415,	0
416,	6
417,	5
418,	9
419,	2
420,	3
421,	6
422,	7
423,	4
424,	7
425,	8
426,	9
427,	7
428,	5
429,	6
430,	7
431,	9
432,	8
433,	3
434,	6
435,	10
436,	6
437,	3
438,	8
439,	7
440,	3
441,	8
442,	10
443,	4
444,	3
445,	4
446,	10
447,	3
448,	5
449,	9
450,	8
451,	3
452,	7
453,	9
454,	4
455,	6
456,	5
457,	11
458,	0
459,	11
460,	11
461,	2
462,	7
463,	7
464,	8
465,	5
466,	5
467,	4
468,	4
469,	6
470,	3
471,	8
472,	7
473,	3
474,	7
475,	10
476,	9
477,	0
478,	5
479,	10
480,	9
481,	4
482,	9
483,	5
484,	7
485,	8
486,	9
487,	8
488,	7
489,	4
490,	6
491,	9
492,	11
493,	9
494,	7
495,	4
496,	9
497,	6
498,	6
499,	5
