Instance: /home/gabriel/Documents/ufrgs/courses/oc/trab/instances/cmb01
Vertices: 500
Colors: 13
NumIterations: 150
Alpha: 0.750000
Is Factible?: false
Conflicts: 1
Solution Value: 142605.796875
Vertex,	Color
0,	5
1,	2
2,	1
3,	0
4,	6
5,	1
6,	2
7,	1
8,	0
9,	0
10,	1
11,	3
12,	2
13,	4
14,	3
15,	0
16,	1
17,	5
18,	3
19,	1
20,	0
21,	2
22,	5
23,	1
24,	0
25,	2
26,	4
27,	0
28,	2
29,	0
30,	0
31,	0
32,	1
33,	2
34,	4
35,	2
36,	4
37,	2
38,	2
39,	2
40,	1
41,	1
42,	0
43,	2
44,	0
45,	5
46,	2
47,	1
48,	1
49,	2
50,	3
51,	3
52,	1
53,	1
54,	4
55,	0
56,	1
57,	3
58,	3
59,	0
60,	0
61,	0
62,	0
63,	1
64,	1
65,	1
66,	0
67,	1
68,	4
69,	5
70,	3
71,	0
72,	4
73,	4
74,	1
75,	0
76,	3
77,	8
78,	0
79,	0
80,	2
81,	2
82,	7
83,	0
84,	0
85,	2
86,	6
87,	1
88,	0
89,	5
90,	2
91,	0
92,	1
93,	1
94,	2
95,	0
96,	3
97,	2
98,	1
99,	5
100,	7
101,	0
102,	3
103,	3
104,	2
105,	2
106,	6
107,	4
108,	1
109,	0
110,	0
111,	1
112,	2
113,	8
114,	3
115,	2
116,	0
117,	5
118,	0
119,	7
120,	4
121,	1
122,	2
123,	0
124,	5
125,	2
126,	3
127,	1
128,	0
129,	6
130,	5
131,	1
132,	6
133,	1
134,	4
135,	0
136,	3
137,	1
138,	0
139,	4
140,	0
141,	3
142,	2
143,	6
144,	4
145,	0
146,	5
147,	2
148,	7
149,	0
150,	5
151,	4
152,	3
153,	0
154,	4
155,	3
156,	1
157,	2
158,	0
159,	4
160,	3
161,	4
162,	10
163,	8
164,	6
165,	3
166,	1
167,	1
168,	3
169,	0
170,	5
171,	2
172,	4
173,	1
174,	2
175,	1
176,	3
177,	6
178,	3
179,	10
180,	2
181,	2
182,	5
183,	3
184,	2
185,	1
186,	2
187,	1
188,	1
189,	4
190,	4
191,	1
192,	2
193,	3
194,	4
195,	3
196,	3
197,	3
198,	4
199,	2
200,	0
201,	3
202,	6
203,	5
204,	5
205,	2
206,	2
207,	4
208,	1
209,	2
210,	6
211,	0
212,	9
213,	3
214,	5
215,	4
216,	3
217,	5
218,	6
219,	5
220,	7
221,	0
222,	7
223,	1
224,	3
225,	0
226,	3
227,	7
228,	0
229,	6
230,	3
231,	4
232,	4
233,	5
234,	1
235,	2
236,	0
237,	7
238,	1
239,	2
240,	3
241,	1
242,	6
243,	3
244,	8
245,	0
246,	6
247,	3
248,	5
249,	4
250,	2
251,	5
252,	7
253,	7
254,	6
255,	9
256,	2
257,	6
258,	5
259,	4
260,	0
261,	4
262,	2
263,	8
264,	4
265,	1
266,	5
267,	0
268,	6
269,	3
270,	6
271,	5
272,	6
273,	7
274,	9
275,	1
276,	4
277,	5
278,	6
279,	1
280,	4
281,	2
282,	6
283,	5
284,	4
285,	4
286,	6
287,	4
288,	0
289,	3
290,	5
291,	3
292,	5
293,	3
294,	10
295,	3
296,	6
297,	9
298,	1
299,	3
300,	3
301,	0
302,	6
303,	3
304,	4
305,	2
306,	2
307,	7
308,	3
309,	6
310,	7
311,	2
312,	1
313,	7
314,	6
315,	7
316,	5
317,	0
318,	5
319,	1
320,	4
321,	8
322,	8
323,	8
324,	7
325,	5
326,	1
327,	3
328,	9
329,	7
330,	2
331,	6
332,	4
333,	7
334,	8
335,	1
336,	5
337,	7
338,	4
339,	7
340,	5
341,	0
342,	5
343,	6
344,	1
345,	7
346,	8
347,	9
348,	8
349,	6
350,	4
351,	0
352,	10
353,	7
354,	4
355,	5
356,	7
357,	9
358,	7
359,	11
360,	7
361,	7
362,	2
363,	7
364,	9
365,	8
366,	0
367,	3
368,	8
369,	6
370,	8
371,	4
372,	3
373,	6
374,	4
375,	8
376,	6
377,	7
378,	5
379,	2
380,	7
381,	2
382,	2
383,	3
384,	3
385,	6
386,	9
387,	8
388,	8
389,	9
390,	6
391,	2
392,	3
393,	6
394,	5
395,	4
396,	9
397,	9
398,	3
399,	9
400,	8
401,	0
402,	2
403,	6
404,	5
405,	9
406,	8
407,	3
408,	12
409,	9
410,	8
411,	5
412,	6
413,	6
414,	7
415,	12
416,	1
417,	0
418,	10
419,	5
420,	10
421,	7
422,	8
423,	7
424,	8
425,	6
426,	11
427,	6
428,	5
429,	7
430,	9
431,	7
432,	10
433,	5
434,	5
435,	5
436,	7
437,	4
438,	5
439,	10
440,	3
441,	6
442,	11
443,	11
444,	3
445,	8
446,	10
447,	2
448,	6
449,	8
450,	10
451,	7
452,	7
453,	7
454,	4
455,	5
456,	8
457,	12
458,	10
459,	12
460,	11
461,	3
462,	8
463,	7
464,	8
465,	6
466,	9
467,	1
468,	9
469,	4
470,	6
471,	9
472,	7
473,	5
474,	9
475,	11
476,	10
477,	1
478,	6
479,	11
480,	9
481,	4
482,	10
483,	5
484,	9
485,	9
486,	6
487,	8
488,	6
489,	6
490,	4
491,	10
492,	12
493,	10
494,	11
495,	4
496,	10
497,	9
498,	4
499,	10
