Instance: /home/gabriel/Documents/ufrgs/courses/oc/trab/instances/cmb04
Vertices: 1000
Colors: 32
NumIterations: 10000000
Alpha: 0.850000
Is Factible?: false
Conflicts: 70
Solution Value: 92351.039062
Vertex,	Color
0,	0
1,	2
2,	3
3,	3
4,	0
5,	8
6,	5
7,	4
8,	21
9,	2
10,	7
11,	26
12,	0
13,	6
14,	14
15,	17
16,	22
17,	12
18,	5
19,	6
20,	0
21,	2
22,	1
23,	7
24,	2
25,	28
26,	7
27,	0
28,	7
29,	4
30,	16
31,	14
32,	4
33,	8
34,	19
35,	4
36,	13
37,	2
38,	4
39,	0
40,	13
41,	9
42,	2
43,	17
44,	17
45,	5
46,	12
47,	5
48,	0
49,	15
50,	1
51,	8
52,	0
53,	28
54,	3
55,	0
56,	4
57,	3
58,	5
59,	22
60,	28
61,	12
62,	1
63,	30
64,	0
65,	13
66,	16
67,	2
68,	0
69,	11
70,	14
71,	31
72,	6
73,	1
74,	30
75,	30
76,	29
77,	7
78,	30
79,	8
80,	5
81,	2
82,	24
83,	20
84,	8
85,	4
86,	6
87,	0
88,	11
89,	6
90,	2
91,	8
92,	0
93,	2
94,	5
95,	14
96,	6
97,	2
98,	3
99,	10
100,	3
101,	0
102,	10
103,	6
104,	8
105,	16
106,	30
107,	15
108,	23
109,	5
110,	25
111,	5
112,	15
113,	16
114,	3
115,	4
116,	28
117,	0
118,	0
119,	7
120,	1
121,	3
122,	5
123,	17
124,	0
125,	24
126,	11
127,	7
128,	7
129,	5
130,	5
131,	25
132,	0
133,	21
134,	6
135,	4
136,	7
137,	7
138,	7
139,	11
140,	18
141,	7
142,	20
143,	13
144,	22
145,	22
146,	18
147,	8
148,	9
149,	11
150,	12
151,	12
152,	5
153,	4
154,	24
155,	20
156,	7
157,	7
158,	6
159,	5
160,	24
161,	8
162,	10
163,	0
164,	11
165,	4
166,	14
167,	3
168,	31
169,	4
170,	17
171,	3
172,	2
173,	23
174,	2
175,	13
176,	16
177,	5
178,	0
179,	4
180,	5
181,	6
182,	26
183,	0
184,	4
185,	6
186,	0
187,	4
188,	6
189,	16
190,	8
191,	24
192,	21
193,	24
194,	14
195,	10
196,	3
197,	8
198,	9
199,	4
200,	14
201,	6
202,	22
203,	11
204,	0
205,	9
206,	11
207,	12
208,	0
209,	3
210,	5
211,	9
212,	9
213,	1
214,	3
215,	1
216,	28
217,	15
218,	8
219,	20
220,	6
221,	5
222,	14
223,	9
224,	5
225,	7
226,	14
227,	6
228,	15
229,	1
230,	14
231,	1
232,	4
233,	4
234,	11
235,	14
236,	27
237,	9
238,	8
239,	4
240,	17
241,	14
242,	12
243,	10
244,	6
245,	11
246,	2
247,	6
248,	4
249,	12
250,	8
251,	28
252,	9
253,	3
254,	9
255,	14
256,	8
257,	3
258,	4
259,	9
260,	3
261,	13
262,	6
263,	14
264,	6
265,	4
266,	7
267,	14
268,	7
269,	8
270,	7
271,	13
272,	11
273,	17
274,	5
275,	9
276,	9
277,	11
278,	7
279,	9
280,	14
281,	28
282,	11
283,	29
284,	16
285,	28
286,	7
287,	0
288,	10
289,	8
290,	6
291,	6
292,	5
293,	5
294,	4
295,	12
296,	10
297,	22
298,	8
299,	25
300,	16
301,	18
302,	25
303,	4
304,	6
305,	10
306,	6
307,	19
308,	0
309,	8
310,	9
311,	17
312,	12
313,	9
314,	7
315,	5
316,	8
317,	14
318,	3
319,	4
320,	6
321,	8
322,	9
323,	0
324,	25
325,	7
326,	5
327,	0
328,	7
329,	16
330,	7
331,	9
332,	5
333,	12
334,	1
335,	27
336,	11
337,	9
338,	4
339,	22
340,	6
341,	14
342,	8
343,	11
344,	3
345,	16
346,	9
347,	7
348,	0
349,	15
350,	0
351,	8
352,	19
353,	19
354,	5
355,	11
356,	18
357,	15
358,	7
359,	12
360,	10
361,	4
362,	8
363,	18
364,	24
365,	2
366,	7
367,	31
368,	8
369,	11
370,	18
371,	13
372,	0
373,	11
374,	7
375,	4
376,	25
377,	10
378,	5
379,	9
380,	14
381,	16
382,	10
383,	8
384,	4
385,	15
386,	3
387,	9
388,	8
389,	15
390,	19
391,	21
392,	20
393,	10
394,	15
395,	0
396,	11
397,	0
398,	13
399,	15
400,	6
401,	20
402,	18
403,	10
404,	10
405,	6
406,	7
407,	27
408,	16
409,	7
410,	9
411,	14
412,	2
413,	23
414,	22
415,	9
416,	3
417,	13
418,	20
419,	13
420,	19
421,	10
422,	1
423,	18
424,	3
425,	16
426,	11
427,	16
428,	12
429,	17
430,	7
431,	7
432,	16
433,	15
434,	8
435,	1
436,	8
437,	17
438,	1
439,	12
440,	12
441,	12
442,	18
443,	17
444,	14
445,	22
446,	24
447,	21
448,	6
449,	18
450,	13
451,	21
452,	20
453,	10
454,	12
455,	13
456,	13
457,	14
458,	19
459,	24
460,	8
461,	9
462,	13
463,	16
464,	15
465,	19
466,	4
467,	12
468,	18
469,	10
470,	4
471,	11
472,	23
473,	8
474,	21
475,	21
476,	14
477,	20
478,	9
479,	13
480,	12
481,	13
482,	6
483,	16
484,	10
485,	17
486,	14
487,	10
488,	12
489,	4
490,	21
491,	20
492,	10
493,	7
494,	3
495,	11
496,	22
497,	7
498,	21
499,	7
500,	22
501,	19
502,	15
503,	5
504,	16
505,	24
506,	14
507,	14
508,	3
509,	25
510,	29
511,	5
512,	12
513,	17
514,	16
515,	18
516,	5
517,	19
518,	17
519,	6
520,	15
521,	9
522,	18
523,	14
524,	22
525,	9
526,	7
527,	13
528,	14
529,	20
530,	12
531,	23
532,	6
533,	8
534,	13
535,	20
536,	11
537,	15
538,	21
539,	20
540,	0
541,	17
542,	5
543,	20
544,	25
545,	21
546,	22
547,	23
548,	15
549,	13
550,	22
551,	24
552,	19
553,	18
554,	19
555,	26
556,	13
557,	12
558,	20
559,	11
560,	14
561,	23
562,	29
563,	10
564,	15
565,	6
566,	6
567,	3
568,	31
569,	19
570,	14
571,	22
572,	24
573,	19
574,	15
575,	21
576,	18
577,	26
578,	17
579,	22
580,	11
581,	17
582,	14
583,	16
584,	19
585,	13
586,	20
587,	28
588,	23
589,	15
590,	11
591,	16
592,	15
593,	21
594,	28
595,	15
596,	12
597,	20
598,	15
599,	20
600,	22
601,	23
602,	21
603,	2
604,	18
605,	9
606,	26
607,	1
608,	16
609,	23
610,	28
611,	19
612,	18
613,	22
614,	16
615,	19
616,	29
617,	30
618,	3
619,	16
620,	12
621,	18
622,	22
623,	4
624,	14
625,	26
626,	12
627,	0
628,	16
629,	7
630,	20
631,	9
632,	9
633,	23
634,	13
635,	11
636,	26
637,	5
638,	27
639,	20
640,	24
641,	25
642,	30
643,	18
644,	0
645,	26
646,	21
647,	22
648,	19
649,	18
650,	28
651,	3
652,	23
653,	18
654,	22
655,	1
656,	25
657,	16
658,	7
659,	22
660,	27
661,	17
662,	7
663,	22
664,	0
665,	25
666,	11
667,	26
668,	21
669,	25
670,	27
671,	19
672,	24
673,	10
674,	2
675,	21
676,	2
677,	28
678,	24
679,	24
680,	25
681,	19
682,	26
683,	24
684,	18
685,	20
686,	28
687,	21
688,	17
689,	24
690,	17
691,	26
692,	24
693,	19
694,	25
695,	26
696,	14
697,	18
698,	4
699,	27
700,	22
701,	27
702,	18
703,	30
704,	6
705,	2
706,	27
707,	15
708,	0
709,	27
710,	12
711,	22
712,	20
713,	25
714,	21
715,	11
716,	1
717,	28
718,	11
719,	0
720,	30
721,	24
722,	20
723,	13
724,	17
725,	23
726,	24
727,	14
728,	18
729,	22
730,	25
731,	14
732,	18
733,	24
734,	24
735,	1
736,	29
737,	18
738,	27
739,	1
740,	20
741,	10
742,	7
743,	4
744,	24
745,	25
746,	1
747,	26
748,	10
749,	1
750,	23
751,	11
752,	23
753,	23
754,	31
755,	29
756,	28
757,	25
758,	28
759,	28
760,	20
761,	2
762,	22
763,	27
764,	9
765,	30
766,	26
767,	9
768,	10
769,	28
770,	22
771,	21
772,	23
773,	9
774,	27
775,	28
776,	20
777,	1
778,	23
779,	30
780,	28
781,	26
782,	1
783,	11
784,	20
785,	1
786,	10
787,	30
788,	28
789,	31
790,	0
791,	18
792,	14
793,	17
794,	22
795,	29
796,	11
797,	13
798,	16
799,	19
800,	25
801,	1
802,	25
803,	21
804,	29
805,	29
806,	18
807,	30
808,	30
809,	29
810,	19
811,	24
812,	3
813,	4
814,	26
815,	25
816,	3
817,	16
818,	16
819,	0
820,	25
821,	30
822,	19
823,	29
824,	5
825,	25
826,	28
827,	27
828,	20
829,	27
830,	28
831,	22
832,	30
833,	24
834,	28
835,	17
836,	31
837,	31
838,	17
839,	30
840,	9
841,	29
842,	27
843,	1
844,	15
845,	19
846,	29
847,	23
848,	26
849,	27
850,	24
851,	22
852,	18
853,	16
854,	25
855,	24
856,	24
857,	13
858,	25
859,	31
860,	29
861,	13
862,	25
863,	26
864,	27
865,	30
866,	31
867,	8
868,	23
869,	20
870,	24
871,	4
872,	19
873,	31
874,	24
875,	2
876,	21
877,	0
878,	27
879,	4
880,	29
881,	31
882,	11
883,	26
884,	31
885,	30
886,	22
887,	25
888,	29
889,	26
890,	28
891,	23
892,	2
893,	29
894,	23
895,	27
896,	9
897,	24
898,	19
899,	23
900,	28
901,	27
902,	26
903,	28
904,	26
905,	8
906,	27
907,	29
908,	31
909,	12
910,	23
911,	27
912,	1
913,	30
914,	20
915,	30
916,	12
917,	26
918,	17
919,	31
920,	23
921,	6
922,	7
923,	30
924,	19
925,	25
926,	5
927,	28
928,	21
929,	2
930,	5
931,	29
932,	28
933,	27
934,	18
935,	29
936,	10
937,	31
938,	31
939,	29
940,	31
941,	13
942,	6
943,	19
944,	27
945,	1
946,	31
947,	20
948,	14
949,	25
950,	21
951,	17
952,	25
953,	27
954,	29
955,	21
956,	26
957,	30
958,	23
959,	29
960,	3
961,	20
962,	24
963,	3
964,	30
965,	30
966,	28
967,	23
968,	31
969,	12
970,	23
971,	17
972,	29
973,	30
974,	25
975,	15
976,	22
977,	2
978,	24
979,	10
980,	26
981,	16
982,	28
983,	28
984,	24
985,	17
986,	1
987,	2
988,	31
989,	20
990,	14
991,	21
992,	17
993,	5
994,	7
995,	30
996,	12
997,	2
998,	1
999,	26
