Instance: /home/gabriel/Documents/ufrgs/courses/oc/trab/instances/cmb01
Vertices: 500
Colors: 12
NumIterations: 1
Alpha: 0.850000
Is Factible?: false
Conflicts: 7
Solution Value: 146058.406250
Vertex,	Color
0,	0
1,	1
2,	3
3,	0
4,	3
5,	0
6,	0
7,	0
8,	1
9,	2
10,	4
11,	1
12,	0
13,	1
14,	1
15,	2
16,	1
17,	2
18,	6
19,	0
20,	0
21,	0
22,	4
23,	4
24,	1
25,	0
26,	1
27,	3
28,	0
29,	1
30,	1
31,	0
32,	2
33,	0
34,	4
35,	7
36,	2
37,	0
38,	1
39,	5
40,	1
41,	0
42,	0
43,	0
44,	1
45,	3
46,	0
47,	0
48,	4
49,	0
50,	1
51,	6
52,	1
53,	1
54,	1
55,	0
56,	4
57,	4
58,	4
59,	2
60,	1
61,	2
62,	1
63,	1
64,	3
65,	5
66,	1
67,	2
68,	8
69,	0
70,	3
71,	2
72,	2
73,	1
74,	0
75,	1
76,	3
77,	0
78,	0
79,	3
80,	7
81,	2
82,	5
83,	3
84,	0
85,	0
86,	1
87,	1
88,	0
89,	3
90,	2
91,	2
92,	1
93,	3
94,	3
95,	0
96,	3
97,	2
98,	5
99,	4
100,	2
101,	1
102,	1
103,	0
104,	0
105,	2
106,	2
107,	4
108,	0
109,	0
110,	1
111,	4
112,	2
113,	1
114,	1
115,	2
116,	1
117,	3
118,	0
119,	5
120,	1
121,	0
122,	2
123,	2
124,	2
125,	2
126,	2
127,	0
128,	1
129,	4
130,	0
131,	2
132,	2
133,	0
134,	5
135,	1
136,	3
137,	2
138,	1
139,	0
140,	0
141,	4
142,	5
143,	3
144,	2
145,	2
146,	6
147,	3
148,	9
149,	0
150,	5
151,	4
152,	1
153,	2
154,	3
155,	2
156,	0
157,	1
158,	2
159,	3
160,	3
161,	6
162,	9
163,	5
164,	6
165,	6
166,	1
167,	0
168,	1
169,	3
170,	8
171,	4
172,	2
173,	4
174,	2
175,	0
176,	2
177,	6
178,	5
179,	6
180,	3
181,	1
182,	4
183,	6
184,	5
185,	4
186,	3
187,	1
188,	2
189,	5
190,	8
191,	2
192,	3
193,	3
194,	2
195,	4
196,	2
197,	1
198,	1
199,	2
200,	2
201,	5
202,	3
203,	5
204,	5
205,	2
206,	2
207,	3
208,	1
209,	5
210,	4
211,	3
212,	7
213,	3
214,	3
215,	5
216,	3
217,	2
218,	4
219,	7
220,	7
221,	0
222,	5
223,	3
224,	3
225,	1
226,	4
227,	6
228,	4
229,	5
230,	3
231,	4
232,	5
233,	4
234,	2
235,	9
236,	8
237,	5
238,	2
239,	2
240,	1
241,	1
242,	6
243,	3
244,	8
245,	1
246,	0
247,	7
248,	6
249,	2
250,	1
251,	5
252,	2
253,	5
254,	6
255,	0
256,	4
257,	1
258,	4
259,	2
260,	6
261,	3
262,	9
263,	0
264,	4
265,	2
266,	5
267,	5
268,	6
269,	8
270,	8
271,	5
272,	6
273,	3
274,	7
275,	0
276,	9
277,	8
278,	6
279,	0
280,	0
281,	2
282,	7
283,	5
284,	4
285,	4
286,	5
287,	4
288,	5
289,	4
290,	7
291,	4
292,	6
293,	2
294,	11
295,	3
296,	6
297,	7
298,	2
299,	3
300,	3
301,	0
302,	5
303,	4
304,	0
305,	6
306,	2
307,	8
308,	5
309,	6
310,	7
311,	3
312,	1
313,	7
314,	2
315,	5
316,	6
317,	4
318,	4
319,	1
320,	4
321,	4
322,	8
323,	6
324,	7
325,	5
326,	2
327,	5
328,	6
329,	6
330,	2
331,	6
332,	3
333,	4
334,	8
335,	0
336,	6
337,	9
338,	5
339,	7
340,	4
341,	8
342,	6
343,	10
344,	4
345,	7
346,	8
347,	11
348,	7
349,	1
350,	1
351,	1
352,	10
353,	7
354,	3
355,	4
356,	9
357,	8
358,	7
359,	10
360,	7
361,	7
362,	4
363,	7
364,	10
365,	8
366,	7
367,	3
368,	9
369,	3
370,	0
371,	7
372,	4
373,	9
374,	2
375,	5
376,	8
377,	5
378,	6
379,	5
380,	5
381,	1
382,	2
383,	4
384,	3
385,	5
386,	7
387,	8
388,	9
389,	7
390,	6
391,	3
392,	5
393,	7
394,	10
395,	6
396,	9
397,	9
398,	4
399,	8
400,	6
401,	6
402,	5
403,	4
404,	5
405,	9
406,	8
407,	4
408,	10
409,	4
410,	7
411,	5
412,	8
413,	6
414,	5
415,	0
416,	9
417,	5
418,	11
419,	4
420,	10
421,	6
422,	8
423,	10
424,	7
425,	7
426,	11
427,	7
428,	6
429,	8
430,	9
431,	6
432,	1
433,	5
434,	6
435,	6
436,	5
437,	2
438,	6
439,	9
440,	2
441,	9
442,	11
443,	7
444,	3
445,	8
446,	10
447,	2
448,	6
449,	9
450,	10
451,	2
452,	7
453,	10
454,	3
455,	6
456,	9
457,	11
458,	11
459,	11
460,	11
461,	3
462,	3
463,	7
464,	8
465,	7
466,	4
467,	4
468,	6
469,	6
470,	8
471,	9
472,	8
473,	2
474,	7
475,	8
476,	8
477,	2
478,	5
479,	10
480,	10
481,	4
482,	8
483,	6
484,	9
485,	9
486,	6
487,	5
488,	3
489,	4
490,	6
491,	9
492,	11
493,	9
494,	9
495,	7
496,	10
497,	9
498,	6
499,	4
