Instance: /home/gabriel/Documents/ufrgs/courses/oc/trab/instances/cmb01
Vertices: 500
Colors: 12
NumIterations: 1
Alpha: 0.850000
Is Factible?: false
Conflicts: 5
Solution Value: 150631.250000
Vertex,	Color
0,	0
1,	0
2,	1
3,	0
4,	2
5,	0
6,	0
7,	2
8,	3
9,	3
10,	1
11,	2
12,	1
13,	4
14,	0
15,	3
16,	0
17,	2
18,	6
19,	0
20,	0
21,	0
22,	1
23,	1
24,	0
25,	2
26,	0
27,	0
28,	3
29,	1
30,	0
31,	0
32,	2
33,	0
34,	3
35,	1
36,	3
37,	4
38,	1
39,	2
40,	1
41,	2
42,	0
43,	0
44,	3
45,	1
46,	0
47,	0
48,	0
49,	0
50,	0
51,	2
52,	1
53,	2
54,	0
55,	1
56,	1
57,	4
58,	2
59,	3
60,	7
61,	0
62,	2
63,	0
64,	1
65,	1
66,	1
67,	3
68,	7
69,	0
70,	0
71,	1
72,	5
73,	2
74,	0
75,	1
76,	1
77,	3
78,	2
79,	1
80,	0
81,	5
82,	4
83,	6
84,	0
85,	0
86,	4
87,	1
88,	3
89,	5
90,	3
91,	3
92,	0
93,	7
94,	2
95,	0
96,	1
97,	3
98,	4
99,	3
100,	1
101,	3
102,	0
103,	1
104,	4
105,	4
106,	2
107,	3
108,	0
109,	2
110,	2
111,	4
112,	0
113,	1
114,	1
115,	5
116,	1
117,	9
118,	0
119,	4
120,	2
121,	6
122,	5
123,	1
124,	1
125,	1
126,	2
127,	5
128,	2
129,	4
130,	2
131,	1
132,	5
133,	1
134,	4
135,	1
136,	3
137,	0
138,	6
139,	0
140,	1
141,	3
142,	2
143,	10
144,	4
145,	2
146,	5
147,	2
148,	8
149,	0
150,	5
151,	3
152,	7
153,	1
154,	2
155,	4
156,	3
157,	3
158,	3
159,	2
160,	3
161,	5
162,	8
163,	4
164,	5
165,	6
166,	1
167,	0
168,	2
169,	1
170,	5
171,	3
172,	2
173,	6
174,	0
175,	3
176,	2
177,	5
178,	5
179,	4
180,	7
181,	1
182,	3
183,	1
184,	3
185,	4
186,	4
187,	1
188,	1
189,	6
190,	4
191,	3
192,	2
193,	4
194,	5
195,	7
196,	2
197,	1
198,	2
199,	4
200,	1
201,	3
202,	6
203,	5
204,	5
205,	4
206,	3
207,	6
208,	2
209,	4
210,	3
211,	0
212,	9
213,	4
214,	1
215,	3
216,	4
217,	2
218,	6
219,	3
220,	6
221,	0
222,	4
223,	3
224,	3
225,	0
226,	5
227,	6
228,	1
229,	5
230,	1
231,	4
232,	4
233,	4
234,	3
235,	6
236,	2
237,	7
238,	1
239,	2
240,	0
241,	1
242,	6
243,	4
244,	8
245,	2
246,	3
247,	6
248,	5
249,	3
250,	2
251,	1
252,	3
253,	7
254,	5
255,	3
256,	4
257,	2
258,	4
259,	4
260,	5
261,	3
262,	7
263,	1
264,	5
265,	0
266,	4
267,	8
268,	7
269,	7
270,	9
271,	4
272,	5
273,	6
274,	8
275,	2
276,	7
277,	1
278,	5
279,	0
280,	0
281,	5
282,	7
283,	3
284,	6
285,	5
286,	6
287,	4
288,	4
289,	2
290,	4
291,	4
292,	5
293,	3
294,	8
295,	3
296,	6
297,	5
298,	1
299,	4
300,	2
301,	0
302,	6
303,	4
304,	1
305,	5
306,	2
307,	8
308,	3
309,	6
310,	7
311,	1
312,	2
313,	7
314,	6
315,	6
316,	5
317,	5
318,	3
319,	2
320,	4
321,	4
322,	2
323,	6
324,	7
325,	5
326,	4
327,	5
328,	6
329,	6
330,	0
331,	7
332,	5
333,	3
334,	8
335,	0
336,	5
337,	8
338,	5
339,	7
340,	5
341,	8
342,	3
343,	9
344,	1
345,	7
346,	8
347,	11
348,	7
349,	6
350,	2
351,	0
352,	10
353,	7
354,	4
355,	1
356,	9
357,	9
358,	6
359,	11
360,	7
361,	5
362,	0
363,	8
364,	8
365,	8
366,	7
367,	4
368,	8
369,	6
370,	5
371,	3
372,	4
373,	4
374,	5
375,	5
376,	9
377,	6
378,	6
379,	3
380,	9
381,	3
382,	2
383,	3
384,	4
385,	4
386,	8
387,	8
388,	10
389,	6
390,	6
391,	1
392,	5
393,	7
394,	9
395,	7
396,	10
397,	9
398,	2
399,	8
400,	8
401,	0
402,	2
403,	4
404,	3
405,	9
406,	7
407,	3
408,	10
409,	9
410,	4
411,	3
412,	5
413,	6
414,	6
415,	11
416,	9
417,	5
418,	10
419,	3
420,	3
421,	6
422,	8
423,	4
424,	8
425,	7
426,	10
427,	5
428,	6
429,	6
430,	9
431,	6
432,	0
433,	6
434,	6
435,	4
436,	4
437,	3
438,	5
439,	7
440,	1
441,	10
442,	4
443,	7
444,	3
445,	8
446,	10
447,	1
448,	6
449,	9
450,	11
451,	10
452,	7
453,	8
454,	4
455,	6
456,	8
457,	11
458,	11
459,	10
460,	10
461,	2
462,	9
463,	7
464,	8
465,	7
466,	10
467,	5
468,	9
469,	6
470,	4
471,	10
472,	7
473,	3
474,	8
475,	9
476,	2
477,	0
478,	8
479,	11
480,	9
481,	4
482,	11
483,	5
484,	9
485,	9
486,	4
487,	7
488,	7
489,	7
490,	3
491,	9
492,	11
493,	9
494,	7
495,	8
496,	10
497,	6
498,	6
499,	4
