Instance: /home/gabriel/Documents/ufrgs/courses/oc/trab/instances/cmb01
Vertices: 500
Colors: 12
NumIterations: 10
Alpha: 0.650000
Is Factible?: false
Conflicts: 3
Solution Value: 158057.500000
Vertex,	Color
0,	0
1,	1
2,	4
3,	2
4,	1
5,	1
6,	1
7,	6
8,	2
9,	1
10,	2
11,	2
12,	0
13,	4
14,	1
15,	0
16,	11
17,	2
18,	10
19,	1
20,	7
21,	0
22,	6
23,	3
24,	4
25,	1
26,	4
27,	3
28,	4
29,	2
30,	1
31,	5
32,	1
33,	1
34,	6
35,	0
36,	0
37,	2
38,	4
39,	3
40,	0
41,	5
42,	1
43,	3
44,	1
45,	3
46,	1
47,	4
48,	0
49,	6
50,	0
51,	2
52,	5
53,	1
54,	2
55,	0
56,	3
57,	7
58,	3
59,	1
60,	7
61,	2
62,	0
63,	2
64,	1
65,	4
66,	2
67,	0
68,	3
69,	0
70,	3
71,	0
72,	5
73,	3
74,	5
75,	0
76,	1
77,	5
78,	1
79,	8
80,	3
81,	0
82,	10
83,	9
84,	0
85,	1
86,	5
87,	2
88,	0
89,	4
90,	3
91,	1
92,	2
93,	6
94,	7
95,	2
96,	0
97,	0
98,	1
99,	2
100,	0
101,	1
102,	5
103,	4
104,	0
105,	2
106,	2
107,	2
108,	0
109,	3
110,	3
111,	6
112,	2
113,	3
114,	2
115,	4
116,	0
117,	4
118,	3
119,	4
120,	1
121,	5
122,	4
123,	2
124,	1
125,	5
126,	5
127,	5
128,	4
129,	6
130,	0
131,	2
132,	2
133,	4
134,	5
135,	0
136,	4
137,	1
138,	8
139,	1
140,	0
141,	6
142,	0
143,	8
144,	6
145,	0
146,	4
147,	4
148,	10
149,	2
150,	3
151,	1
152,	1
153,	0
154,	1
155,	5
156,	3
157,	4
158,	0
159,	4
160,	3
161,	2
162,	5
163,	3
164,	7
165,	2
166,	1
167,	0
168,	0
169,	2
170,	5
171,	0
172,	0
173,	1
174,	2
175,	10
176,	4
177,	0
178,	3
179,	6
180,	4
181,	3
182,	1
183,	9
184,	0
185,	2
186,	0
187,	2
188,	3
189,	5
190,	8
191,	11
192,	3
193,	0
194,	4
195,	2
196,	2
197,	3
198,	3
199,	1
200,	1
201,	3
202,	3
203,	5
204,	2
205,	1
206,	0
207,	3
208,	0
209,	0
210,	1
211,	1
212,	6
213,	2
214,	4
215,	4
216,	5
217,	0
218,	5
219,	10
220,	6
221,	1
222,	5
223,	1
224,	3
225,	4
226,	3
227,	5
228,	4
229,	3
230,	0
231,	1
232,	2
233,	6
234,	1
235,	5
236,	11
237,	0
238,	3
239,	1
240,	1
241,	0
242,	7
243,	1
244,	7
245,	0
246,	2
247,	4
248,	4
249,	1
250,	1
251,	3
252,	3
253,	3
254,	0
255,	2
256,	1
257,	4
258,	5
259,	4
260,	2
261,	3
262,	0
263,	9
264,	3
265,	1
266,	5
267,	6
268,	5
269,	9
270,	6
271,	5
272,	2
273,	6
274,	8
275,	2
276,	1
277,	1
278,	8
279,	0
280,	0
281,	1
282,	6
283,	2
284,	3
285,	3
286,	2
287,	6
288,	2
289,	5
290,	3
291,	3
292,	6
293,	3
294,	7
295,	2
296,	5
297,	2
298,	0
299,	1
300,	4
301,	0
302,	4
303,	4
304,	0
305,	4
306,	2
307,	7
308,	1
309,	6
310,	6
311,	2
312,	1
313,	7
314,	7
315,	5
316,	9
317,	2
318,	3
319,	2
320,	5
321,	0
322,	6
323,	8
324,	6
325,	2
326,	4
327,	6
328,	7
329,	6
330,	2
331,	5
332,	3
333,	5
334,	8
335,	1
336,	1
337,	7
338,	5
339,	0
340,	4
341,	7
342,	6
343,	3
344,	0
345,	6
346,	5
347,	11
348,	7
349,	6
350,	0
351,	4
352,	7
353,	7
354,	4
355,	4
356,	0
357,	9
358,	7
359,	6
360,	8
361,	3
362,	4
363,	7
364,	8
365,	8
366,	2
367,	4
368,	5
369,	7
370,	5
371,	4
372,	1
373,	5
374,	2
375,	4
376,	7
377,	6
378,	6
379,	6
380,	6
381,	0
382,	1
383,	4
384,	3
385,	5
386,	8
387,	8
388,	6
389,	7
390,	6
391,	0
392,	5
393,	9
394,	10
395,	3
396,	8
397,	7
398,	1
399,	9
400,	4
401,	4
402,	1
403,	6
404,	3
405,	10
406,	1
407,	3
408,	11
409,	9
410,	7
411,	2
412,	3
413,	6
414,	5
415,	8
416,	10
417,	7
418,	10
419,	5
420,	8
421,	5
422,	6
423,	7
424,	8
425,	7
426,	9
427,	6
428,	1
429,	7
430,	9
431,	7
432,	2
433,	2
434,	7
435,	9
436,	8
437,	4
438,	5
439,	10
440,	9
441,	7
442,	4
443,	8
444,	3
445,	3
446,	11
447,	1
448,	1
449,	10
450,	5
451,	7
452,	7
453,	10
454,	3
455,	8
456,	9
457,	8
458,	1
459,	11
460,	9
461,	3
462,	8
463,	9
464,	5
465,	8
466,	8
467,	6
468,	9
469,	4
470,	5
471,	9
472,	7
473,	0
474,	8
475,	11
476,	7
477,	2
478,	4
479,	11
480,	9
481,	4
482,	10
483,	4
484,	7
485,	8
486,	7
487,	8
488,	7
489,	5
490,	6
491,	9
492,	10
493,	7
494,	9
495,	8
496,	11
497,	6
498,	5
499,	6
