Instance: /home/gabriel/Documents/ufrgs/courses/oc/trab/instances/cmb01
Vertices: 500
Colors: 12
NumIterations: 1000
Alpha: 0.850000
Is Factible?: false
Conflicts: 3
Solution Value: 143751.656250
Vertex,	Color
0,	0
1,	1
2,	4
3,	1
4,	1
5,	0
6,	0
7,	1
8,	1
9,	0
10,	1
11,	0
12,	1
13,	5
14,	1
15,	0
16,	2
17,	2
18,	2
19,	0
20,	1
21,	0
22,	6
23,	4
24,	0
25,	1
26,	2
27,	3
28,	1
29,	2
30,	1
31,	0
32,	2
33,	0
34,	4
35,	0
36,	3
37,	0
38,	2
39,	7
40,	1
41,	2
42,	1
43,	1
44,	1
45,	0
46,	0
47,	2
48,	11
49,	2
50,	1
51,	1
52,	2
53,	1
54,	0
55,	0
56,	2
57,	3
58,	1
59,	1
60,	1
61,	1
62,	0
63,	0
64,	2
65,	2
66,	1
67,	4
68,	1
69,	2
70,	0
71,	2
72,	0
73,	1
74,	4
75,	1
76,	3
77,	5
78,	0
79,	3
80,	0
81,	2
82,	0
83,	7
84,	0
85,	0
86,	3
87,	0
88,	4
89,	0
90,	3
91,	3
92,	1
93,	6
94,	3
95,	0
96,	6
97,	3
98,	0
99,	4
100,	3
101,	1
102,	3
103,	2
104,	3
105,	6
106,	4
107,	4
108,	2
109,	0
110,	3
111,	9
112,	1
113,	0
114,	2
115,	0
116,	1
117,	6
118,	1
119,	4
120,	0
121,	3
122,	6
123,	1
124,	1
125,	2
126,	2
127,	2
128,	3
129,	4
130,	2
131,	3
132,	4
133,	2
134,	2
135,	1
136,	4
137,	7
138,	8
139,	1
140,	0
141,	0
142,	2
143,	10
144,	3
145,	2
146,	5
147,	4
148,	5
149,	1
150,	6
151,	5
152,	0
153,	2
154,	4
155,	2
156,	2
157,	3
158,	2
159,	4
160,	3
161,	5
162,	5
163,	3
164,	5
165,	5
166,	0
167,	1
168,	1
169,	3
170,	6
171,	2
172,	1
173,	4
174,	2
175,	0
176,	2
177,	6
178,	5
179,	3
180,	6
181,	0
182,	5
183,	0
184,	1
185,	2
186,	1
187,	0
188,	4
189,	2
190,	6
191,	5
192,	3
193,	4
194,	3
195,	3
196,	3
197,	2
198,	1
199,	0
200,	1
201,	3
202,	3
203,	0
204,	5
205,	0
206,	1
207,	1
208,	0
209,	5
210,	4
211,	2
212,	10
213,	5
214,	1
215,	4
216,	3
217,	3
218,	7
219,	7
220,	7
221,	0
222,	3
223,	4
224,	3
225,	3
226,	4
227,	3
228,	0
229,	4
230,	2
231,	5
232,	1
233,	4
234,	1
235,	5
236,	4
237,	3
238,	3
239,	0
240,	1
241,	1
242,	7
243,	3
244,	7
245,	2
246,	4
247,	2
248,	5
249,	0
250,	2
251,	4
252,	2
253,	4
254,	6
255,	1
256,	5
257,	1
258,	4
259,	3
260,	6
261,	4
262,	6
263,	9
264,	3
265,	1
266,	5
267,	5
268,	6
269,	8
270,	8
271,	5
272,	6
273,	8
274,	7
275,	0
276,	8
277,	3
278,	6
279,	2
280,	3
281,	5
282,	7
283,	5
284,	7
285,	3
286,	4
287,	4
288,	3
289,	2
290,	4
291,	3
292,	5
293,	2
294,	2
295,	4
296,	7
297,	1
298,	2
299,	0
300,	3
301,	1
302,	6
303,	5
304,	2
305,	1
306,	2
307,	8
308,	4
309,	6
310,	8
311,	2
312,	3
313,	7
314,	7
315,	4
316,	6
317,	3
318,	1
319,	2
320,	4
321,	6
322,	8
323,	5
324,	7
325,	5
326,	2
327,	5
328,	8
329,	6
330,	1
331,	5
332,	3
333,	4
334,	8
335,	1
336,	5
337,	8
338,	5
339,	7
340,	3
341,	4
342,	6
343,	6
344,	4
345,	8
346,	5
347,	10
348,	7
349,	6
350,	4
351,	1
352,	10
353,	7
354,	3
355,	4
356,	9
357,	9
358,	6
359,	9
360,	7
361,	5
362,	5
363,	6
364,	7
365,	6
366,	7
367,	4
368,	8
369,	6
370,	6
371,	4
372,	5
373,	5
374,	3
375,	5
376,	7
377,	8
378,	6
379,	6
380,	9
381,	5
382,	3
383,	2
384,	4
385,	5
386,	9
387,	8
388,	7
389,	6
390,	6
391,	3
392,	4
393,	9
394,	10
395,	6
396,	8
397,	8
398,	3
399,	8
400,	7
401,	0
402,	8
403,	6
404,	5
405,	9
406,	0
407,	0
408,	11
409,	4
410,	7
411,	5
412,	3
413,	6
414,	6
415,	11
416,	9
417,	5
418,	10
419,	4
420,	9
421,	6
422,	5
423,	11
424,	7
425,	7
426,	10
427,	5
428,	1
429,	7
430,	9
431,	7
432,	10
433,	7
434,	6
435,	5
436,	4
437,	4
438,	2
439,	9
440,	0
441,	8
442,	9
443,	8
444,	4
445,	3
446,	10
447,	4
448,	5
449,	11
450,	5
451,	3
452,	7
453,	7
454,	5
455,	6
456,	9
457,	11
458,	6
459,	11
460,	10
461,	3
462,	7
463,	7
464,	8
465,	7
466,	9
467,	4
468,	9
469,	6
470,	8
471,	9
472,	7
473,	1
474,	8
475,	8
476,	7
477,	2
478,	7
479,	11
480,	9
481,	5
482,	10
483,	5
484,	9
485,	9
486,	6
487,	8
488,	7
489,	0
490,	5
491,	9
492,	11
493,	4
494,	7
495,	7
496,	10
497,	9
498,	3
499,	4
