Instance: /home/gabriel/Documents/ufrgs/courses/oc/trab/instances/cmb01
Vertices: 500
Colors: 12
NumIterations: 100
Alpha: 0.850000
Is Factible?: false
Conflicts: 3
Solution Value: 148248.687500
Vertex,	Color
0,	0
1,	0
2,	3
3,	0
4,	1
5,	0
6,	0
7,	0
8,	1
9,	0
10,	1
11,	4
12,	0
13,	0
14,	1
15,	1
16,	1
17,	4
18,	1
19,	1
20,	0
21,	0
22,	0
23,	6
24,	1
25,	2
26,	1
27,	3
28,	0
29,	0
30,	3
31,	0
32,	2
33,	0
34,	3
35,	0
36,	4
37,	0
38,	1
39,	0
40,	0
41,	2
42,	0
43,	2
44,	1
45,	5
46,	2
47,	2
48,	1
49,	6
50,	4
51,	1
52,	1
53,	1
54,	1
55,	2
56,	1
57,	6
58,	2
59,	0
60,	1
61,	0
62,	3
63,	1
64,	2
65,	2
66,	0
67,	1
68,	2
69,	4
70,	0
71,	2
72,	2
73,	0
74,	3
75,	1
76,	2
77,	2
78,	2
79,	0
80,	0
81,	3
82,	1
83,	5
84,	3
85,	0
86,	2
87,	1
88,	5
89,	3
90,	5
91,	2
92,	0
93,	2
94,	0
95,	0
96,	1
97,	3
98,	1
99,	3
100,	5
101,	2
102,	1
103,	9
104,	2
105,	3
106,	1
107,	4
108,	1
109,	0
110,	4
111,	6
112,	0
113,	2
114,	3
115,	1
116,	1
117,	9
118,	0
119,	6
120,	2
121,	5
122,	1
123,	1
124,	1
125,	1
126,	6
127,	3
128,	0
129,	3
130,	1
131,	2
132,	3
133,	2
134,	0
135,	1
136,	3
137,	1
138,	4
139,	1
140,	1
141,	5
142,	2
143,	3
144,	4
145,	1
146,	4
147,	3
148,	6
149,	0
150,	5
151,	4
152,	0
153,	2
154,	4
155,	5
156,	1
157,	2
158,	0
159,	3
160,	3
161,	3
162,	6
163,	5
164,	7
165,	5
166,	4
167,	0
168,	1
169,	2
170,	4
171,	2
172,	1
173,	2
174,	0
175,	2
176,	2
177,	7
178,	5
179,	5
180,	2
181,	2
182,	4
183,	5
184,	1
185,	4
186,	5
187,	0
188,	0
189,	4
190,	4
191,	4
192,	3
193,	2
194,	3
195,	0
196,	2
197,	5
198,	10
199,	0
200,	1
201,	3
202,	4
203,	6
204,	5
205,	0
206,	3
207,	3
208,	2
209,	2
210,	4
211,	1
212,	8
213,	3
214,	0
215,	3
216,	3
217,	1
218,	6
219,	8
220,	6
221,	1
222,	5
223,	3
224,	3
225,	0
226,	7
227,	5
228,	1
229,	5
230,	3
231,	4
232,	1
233,	5
234,	3
235,	4
236,	7
237,	5
238,	2
239,	0
240,	1
241,	1
242,	6
243,	3
244,	9
245,	1
246,	4
247,	2
248,	6
249,	2
250,	4
251,	5
252,	3
253,	4
254,	6
255,	4
256,	4
257,	1
258,	5
259,	3
260,	6
261,	3
262,	7
263,	10
264,	4
265,	3
266,	5
267,	5
268,	7
269,	9
270,	8
271,	5
272,	8
273,	5
274,	7
275,	1
276,	0
277,	2
278,	7
279,	2
280,	0
281,	4
282,	6
283,	2
284,	6
285,	4
286,	6
287,	5
288,	3
289,	2
290,	2
291,	4
292,	5
293,	5
294,	7
295,	5
296,	6
297,	4
298,	4
299,	2
300,	2
301,	1
302,	4
303,	4
304,	1
305,	1
306,	2
307,	7
308,	3
309,	7
310,	7
311,	2
312,	2
313,	7
314,	6
315,	5
316,	7
317,	0
318,	2
319,	2
320,	4
321,	3
322,	9
323,	7
324,	4
325,	5
326,	4
327,	4
328,	7
329,	6
330,	0
331,	6
332,	3
333,	6
334,	8
335,	2
336,	6
337,	8
338,	5
339,	7
340,	3
341,	7
342,	6
343,	9
344,	2
345,	7
346,	6
347,	7
348,	7
349,	6
350,	1
351,	0
352,	10
353,	8
354,	5
355,	5
356,	6
357,	9
358,	6
359,	5
360,	8
361,	7
362,	0
363,	4
364,	7
365,	8
366,	3
367,	5
368,	6
369,	6
370,	7
371,	4
372,	4
373,	3
374,	3
375,	6
376,	7
377,	6
378,	6
379,	4
380,	8
381,	2
382,	3
383,	2
384,	2
385,	5
386,	9
387,	9
388,	6
389,	7
390,	8
391,	3
392,	3
393,	8
394,	10
395,	1
396,	11
397,	7
398,	1
399,	9
400,	8
401,	1
402,	0
403,	5
404,	5
405,	10
406,	4
407,	4
408,	11
409,	7
410,	8
411,	5
412,	7
413,	6
414,	6
415,	8
416,	10
417,	5
418,	0
419,	5
420,	8
421,	6
422,	8
423,	10
424,	9
425,	7
426,	9
427,	4
428,	5
429,	7
430,	9
431,	7
432,	11
433,	5
434,	5
435,	8
436,	5
437,	4
438,	6
439,	10
440,	10
441,	8
442,	11
443,	0
444,	3
445,	3
446,	11
447,	3
448,	4
449,	8
450,	9
451,	3
452,	7
453,	10
454,	4
455,	6
456,	8
457,	8
458,	7
459,	11
460,	10
461,	4
462,	7
463,	7
464,	8
465,	6
466,	8
467,	1
468,	6
469,	3
470,	8
471,	8
472,	6
473,	5
474,	9
475,	11
476,	7
477,	0
478,	5
479,	9
480,	10
481,	4
482,	7
483,	6
484,	9
485,	9
486,	7
487,	6
488,	5
489,	7
490,	4
491,	10
492,	10
493,	5
494,	7
495,	8
496,	10
497,	9
498,	6
499,	5
