Instance: /home/gabriel/Documents/ufrgs/courses/oc/trab/instances/cmb08
Vertices: 4000
Colors: 16
NumIterations: 1
Alpha: 0.850000
Is Factible?: false
Conflicts: 2
Solution Value: 972462.062500
Vertex,	Color
0,	0
1,	1
2,	0
3,	1
4,	0
5,	0
6,	0
7,	0
8,	5
9,	5
10,	0
11,	1
12,	0
13,	0
14,	1
15,	9
16,	0
17,	0
18,	1
19,	2
20,	0
21,	5
22,	2
23,	0
24,	0
25,	0
26,	3
27,	0
28,	0
29,	1
30,	1
31,	0
32,	0
33,	1
34,	2
35,	0
36,	1
37,	1
38,	1
39,	3
40,	1
41,	0
42,	3
43,	1
44,	2
45,	0
46,	0
47,	1
48,	3
49,	0
50,	1
51,	0
52,	1
53,	0
54,	2
55,	0
56,	3
57,	1
58,	8
59,	2
60,	1
61,	1
62,	1
63,	0
64,	2
65,	5
66,	1
67,	1
68,	0
69,	0
70,	2
71,	0
72,	3
73,	1
74,	4
75,	0
76,	0
77,	4
78,	1
79,	1
80,	3
81,	1
82,	3
83,	1
84,	5
85,	2
86,	1
87,	0
88,	2
89,	0
90,	1
91,	3
92,	2
93,	2
94,	2
95,	1
96,	0
97,	0
98,	1
99,	0
100,	1
101,	2
102,	0
103,	1
104,	1
105,	2
106,	3
107,	2
108,	3
109,	4
110,	2
111,	5
112,	0
113,	1
114,	6
115,	1
116,	2
117,	4
118,	4
119,	1
120,	0
121,	2
122,	2
123,	8
124,	6
125,	4
126,	0
127,	0
128,	0
129,	0
130,	0
131,	0
132,	4
133,	5
134,	1
135,	0
136,	3
137,	4
138,	1
139,	1
140,	1
141,	3
142,	0
143,	5
144,	0
145,	2
146,	2
147,	2
148,	2
149,	4
150,	3
151,	0
152,	2
153,	4
154,	1
155,	2
156,	0
157,	2
158,	3
159,	1
160,	1
161,	7
162,	3
163,	1
164,	0
165,	0
166,	2
167,	0
168,	0
169,	1
170,	1
171,	3
172,	0
173,	1
174,	0
175,	4
176,	8
177,	1
178,	2
179,	1
180,	2
181,	4
182,	0
183,	2
184,	0
185,	2
186,	4
187,	0
188,	1
189,	0
190,	1
191,	0
192,	3
193,	0
194,	4
195,	1
196,	2
197,	3
198,	1
199,	1
200,	2
201,	1
202,	0
203,	4
204,	2
205,	2
206,	0
207,	0
208,	4
209,	0
210,	1
211,	2
212,	0
213,	1
214,	3
215,	2
216,	0
217,	0
218,	3
219,	0
220,	2
221,	2
222,	7
223,	9
224,	2
225,	1
226,	3
227,	3
228,	1
229,	1
230,	1
231,	1
232,	1
233,	0
234,	0
235,	0
236,	6
237,	4
238,	0
239,	1
240,	0
241,	4
242,	0
243,	3
244,	2
245,	4
246,	1
247,	0
248,	4
249,	0
250,	2
251,	0
252,	1
253,	5
254,	2
255,	0
256,	2
257,	1
258,	3
259,	2
260,	0
261,	2
262,	1
263,	1
264,	7
265,	2
266,	1
267,	2
268,	2
269,	3
270,	2
271,	0
272,	1
273,	0
274,	1
275,	0
276,	2
277,	2
278,	3
279,	2
280,	1
281,	0
282,	0
283,	3
284,	3
285,	6
286,	1
287,	2
288,	0
289,	3
290,	1
291,	3
292,	3
293,	1
294,	4
295,	1
296,	4
297,	5
298,	1
299,	0
300,	1
301,	0
302,	0
303,	4
304,	4
305,	6
306,	2
307,	4
308,	1
309,	0
310,	7
311,	2
312,	1
313,	0
314,	3
315,	1
316,	0
317,	4
318,	5
319,	3
320,	2
321,	0
322,	1
323,	0
324,	2
325,	1
326,	2
327,	0
328,	0
329,	2
330,	1
331,	0
332,	2
333,	4
334,	1
335,	3
336,	5
337,	0
338,	1
339,	2
340,	3
341,	2
342,	1
343,	4
344,	5
345,	2
346,	1
347,	2
348,	0
349,	2
350,	0
351,	4
352,	0
353,	3
354,	6
355,	3
356,	0
357,	0
358,	3
359,	0
360,	2
361,	5
362,	2
363,	3
364,	1
365,	2
366,	4
367,	1
368,	3
369,	5
370,	0
371,	5
372,	2
373,	0
374,	2
375,	3
376,	2
377,	0
378,	8
379,	2
380,	0
381,	1
382,	2
383,	1
384,	2
385,	4
386,	5
387,	2
388,	2
389,	0
390,	1
391,	0
392,	5
393,	4
394,	4
395,	3
396,	1
397,	2
398,	2
399,	1
400,	1
401,	2
402,	0
403,	3
404,	2
405,	0
406,	1
407,	1
408,	2
409,	2
410,	0
411,	0
412,	2
413,	0
414,	0
415,	0
416,	9
417,	1
418,	2
419,	0
420,	2
421,	0
422,	1
423,	1
424,	3
425,	1
426,	8
427,	0
428,	4
429,	7
430,	6
431,	5
432,	3
433,	0
434,	0
435,	1
436,	6
437,	0
438,	2
439,	0
440,	4
441,	1
442,	3
443,	4
444,	0
445,	0
446,	5
447,	0
448,	2
449,	0
450,	0
451,	0
452,	0
453,	0
454,	5
455,	9
456,	7
457,	5
458,	2
459,	1
460,	4
461,	1
462,	0
463,	2
464,	1
465,	3
466,	1
467,	1
468,	5
469,	0
470,	2
471,	1
472,	0
473,	2
474,	3
475,	0
476,	4
477,	6
478,	1
479,	0
480,	0
481,	1
482,	0
483,	0
484,	0
485,	0
486,	0
487,	5
488,	3
489,	6
490,	2
491,	0
492,	3
493,	2
494,	2
495,	1
496,	0
497,	0
498,	6
499,	0
500,	3
501,	1
502,	0
503,	0
504,	0
505,	1
506,	1
507,	0
508,	3
509,	1
510,	5
511,	2
512,	1
513,	3
514,	7
515,	3
516,	1
517,	4
518,	0
519,	1
520,	0
521,	0
522,	1
523,	2
524,	2
525,	2
526,	1
527,	5
528,	0
529,	1
530,	1
531,	1
532,	2
533,	0
534,	2
535,	1
536,	1
537,	2
538,	1
539,	1
540,	6
541,	2
542,	0
543,	1
544,	0
545,	1
546,	4
547,	1
548,	1
549,	4
550,	1
551,	8
552,	2
553,	1
554,	0
555,	3
556,	0
557,	0
558,	2
559,	0
560,	4
561,	2
562,	6
563,	4
564,	4
565,	1
566,	3
567,	2
568,	1
569,	0
570,	1
571,	0
572,	0
573,	1
574,	1
575,	2
576,	1
577,	6
578,	2
579,	1
580,	2
581,	2
582,	0
583,	1
584,	8
585,	0
586,	3
587,	3
588,	5
589,	8
590,	3
591,	3
592,	2
593,	3
594,	0
595,	1
596,	4
597,	2
598,	7
599,	4
600,	1
601,	2
602,	0
603,	6
604,	4
605,	1
606,	3
607,	3
608,	7
609,	2
610,	3
611,	3
612,	5
613,	2
614,	7
615,	0
616,	2
617,	0
618,	2
619,	1
620,	5
621,	2
622,	1
623,	1
624,	4
625,	2
626,	0
627,	0
628,	1
629,	3
630,	5
631,	0
632,	6
633,	0
634,	2
635,	2
636,	0
637,	0
638,	1
639,	4
640,	1
641,	1
642,	3
643,	1
644,	0
645,	1
646,	3
647,	1
648,	1
649,	0
650,	2
651,	1
652,	5
653,	6
654,	2
655,	3
656,	1
657,	1
658,	2
659,	6
660,	0
661,	7
662,	0
663,	3
664,	4
665,	2
666,	4
667,	0
668,	3
669,	6
670,	1
671,	2
672,	3
673,	4
674,	7
675,	0
676,	3
677,	3
678,	7
679,	0
680,	0
681,	4
682,	4
683,	5
684,	0
685,	0
686,	1
687,	2
688,	3
689,	1
690,	5
691,	2
692,	0
693,	0
694,	0
695,	1
696,	2
697,	6
698,	3
699,	3
700,	4
701,	0
702,	8
703,	4
704,	4
705,	2
706,	0
707,	3
708,	0
709,	3
710,	4
711,	4
712,	5
713,	0
714,	5
715,	0
716,	7
717,	4
718,	6
719,	4
720,	2
721,	2
722,	4
723,	2
724,	6
725,	1
726,	1
727,	1
728,	3
729,	1
730,	1
731,	3
732,	0
733,	5
734,	6
735,	2
736,	3
737,	5
738,	4
739,	6
740,	1
741,	0
742,	2
743,	7
744,	0
745,	3
746,	4
747,	3
748,	3
749,	0
750,	2
751,	0
752,	3
753,	1
754,	1
755,	2
756,	3
757,	0
758,	4
759,	4
760,	4
761,	4
762,	1
763,	2
764,	0
765,	3
766,	5
767,	6
768,	0
769,	0
770,	2
771,	2
772,	2
773,	4
774,	2
775,	2
776,	0
777,	7
778,	0
779,	1
780,	6
781,	4
782,	1
783,	3
784,	2
785,	3
786,	0
787,	1
788,	2
789,	7
790,	2
791,	1
792,	0
793,	5
794,	0
795,	0
796,	1
797,	2
798,	1
799,	1
800,	3
801,	1
802,	2
803,	1
804,	0
805,	2
806,	0
807,	1
808,	1
809,	0
810,	3
811,	5
812,	2
813,	6
814,	1
815,	0
816,	1
817,	1
818,	0
819,	3
820,	0
821,	3
822,	5
823,	4
824,	4
825,	4
826,	1
827,	1
828,	3
829,	2
830,	4
831,	4
832,	0
833,	5
834,	4
835,	0
836,	1
837,	1
838,	2
839,	0
840,	3
841,	6
842,	5
843,	2
844,	3
845,	0
846,	3
847,	1
848,	0
849,	2
850,	5
851,	1
852,	1
853,	8
854,	4
855,	8
856,	4
857,	1
858,	5
859,	2
860,	6
861,	1
862,	4
863,	7
864,	1
865,	0
866,	4
867,	5
868,	2
869,	3
870,	0
871,	0
872,	4
873,	5
874,	2
875,	0
876,	1
877,	0
878,	5
879,	3
880,	1
881,	0
882,	2
883,	8
884,	0
885,	1
886,	0
887,	3
888,	2
889,	5
890,	7
891,	4
892,	6
893,	7
894,	1
895,	3
896,	3
897,	4
898,	0
899,	5
900,	2
901,	5
902,	1
903,	5
904,	3
905,	1
906,	0
907,	5
908,	1
909,	10
910,	2
911,	6
912,	2
913,	3
914,	3
915,	3
916,	1
917,	2
918,	2
919,	0
920,	1
921,	1
922,	4
923,	0
924,	3
925,	4
926,	4
927,	1
928,	2
929,	4
930,	3
931,	1
932,	1
933,	2
934,	2
935,	3
936,	2
937,	2
938,	3
939,	0
940,	2
941,	2
942,	3
943,	5
944,	1
945,	4
946,	5
947,	6
948,	4
949,	3
950,	5
951,	0
952,	1
953,	0
954,	1
955,	2
956,	5
957,	0
958,	2
959,	0
960,	1
961,	3
962,	0
963,	3
964,	0
965,	7
966,	0
967,	3
968,	0
969,	3
970,	4
971,	4
972,	0
973,	0
974,	2
975,	0
976,	5
977,	0
978,	4
979,	2
980,	4
981,	0
982,	0
983,	0
984,	4
985,	5
986,	5
987,	4
988,	0
989,	0
990,	2
991,	0
992,	6
993,	0
994,	2
995,	6
996,	5
997,	2
998,	0
999,	1
1000,	0
1001,	0
1002,	3
1003,	2
1004,	5
1005,	10
1006,	2
1007,	2
1008,	2
1009,	4
1010,	1
1011,	4
1012,	6
1013,	0
1014,	2
1015,	2
1016,	3
1017,	10
1018,	2
1019,	6
1020,	3
1021,	5
1022,	4
1023,	2
1024,	3
1025,	1
1026,	0
1027,	5
1028,	6
1029,	6
1030,	1
1031,	0
1032,	5
1033,	2
1034,	6
1035,	3
1036,	5
1037,	3
1038,	0
1039,	4
1040,	6
1041,	4
1042,	3
1043,	2
1044,	0
1045,	9
1046,	0
1047,	4
1048,	0
1049,	0
1050,	2
1051,	9
1052,	1
1053,	4
1054,	4
1055,	1
1056,	1
1057,	2
1058,	3
1059,	3
1060,	3
1061,	1
1062,	3
1063,	2
1064,	4
1065,	1
1066,	2
1067,	3
1068,	4
1069,	0
1070,	0
1071,	0
1072,	4
1073,	3
1074,	2
1075,	0
1076,	2
1077,	0
1078,	0
1079,	2
1080,	0
1081,	0
1082,	2
1083,	1
1084,	3
1085,	2
1086,	0
1087,	1
1088,	1
1089,	4
1090,	3
1091,	2
1092,	3
1093,	2
1094,	2
1095,	1
1096,	2
1097,	2
1098,	4
1099,	0
1100,	2
1101,	2
1102,	1
1103,	3
1104,	6
1105,	8
1106,	0
1107,	3
1108,	6
1109,	2
1110,	2
1111,	4
1112,	1
1113,	0
1114,	4
1115,	3
1116,	2
1117,	4
1118,	4
1119,	6
1120,	5
1121,	2
1122,	5
1123,	3
1124,	3
1125,	7
1126,	3
1127,	0
1128,	7
1129,	0
1130,	3
1131,	2
1132,	7
1133,	0
1134,	1
1135,	1
1136,	4
1137,	4
1138,	0
1139,	1
1140,	5
1141,	0
1142,	0
1143,	1
1144,	2
1145,	5
1146,	3
1147,	2
1148,	0
1149,	3
1150,	1
1151,	3
1152,	2
1153,	1
1154,	2
1155,	4
1156,	4
1157,	2
1158,	3
1159,	7
1160,	1
1161,	6
1162,	2
1163,	1
1164,	1
1165,	0
1166,	2
1167,	5
1168,	1
1169,	1
1170,	5
1171,	0
1172,	4
1173,	3
1174,	0
1175,	4
1176,	1
1177,	1
1178,	2
1179,	3
1180,	5
1181,	5
1182,	2
1183,	3
1184,	0
1185,	0
1186,	5
1187,	5
1188,	1
1189,	2
1190,	6
1191,	7
1192,	4
1193,	5
1194,	2
1195,	2
1196,	0
1197,	4
1198,	0
1199,	0
1200,	0
1201,	3
1202,	4
1203,	5
1204,	1
1205,	0
1206,	0
1207,	4
1208,	2
1209,	5
1210,	0
1211,	3
1212,	1
1213,	6
1214,	5
1215,	3
1216,	2
1217,	4
1218,	5
1219,	6
1220,	1
1221,	3
1222,	4
1223,	1
1224,	1
1225,	3
1226,	9
1227,	3
1228,	2
1229,	1
1230,	2
1231,	3
1232,	0
1233,	2
1234,	5
1235,	3
1236,	0
1237,	3
1238,	5
1239,	4
1240,	1
1241,	1
1242,	4
1243,	4
1244,	5
1245,	3
1246,	2
1247,	3
1248,	9
1249,	5
1250,	5
1251,	5
1252,	4
1253,	0
1254,	3
1255,	3
1256,	3
1257,	0
1258,	0
1259,	6
1260,	2
1261,	0
1262,	4
1263,	5
1264,	0
1265,	7
1266,	3
1267,	0
1268,	1
1269,	4
1270,	7
1271,	6
1272,	3
1273,	2
1274,	3
1275,	1
1276,	0
1277,	1
1278,	5
1279,	7
1280,	6
1281,	0
1282,	2
1283,	6
1284,	4
1285,	3
1286,	3
1287,	6
1288,	4
1289,	4
1290,	3
1291,	4
1292,	2
1293,	4
1294,	7
1295,	3
1296,	5
1297,	2
1298,	4
1299,	0
1300,	4
1301,	1
1302,	3
1303,	0
1304,	4
1305,	0
1306,	4
1307,	5
1308,	0
1309,	4
1310,	3
1311,	0
1312,	6
1313,	1
1314,	6
1315,	3
1316,	4
1317,	4
1318,	0
1319,	1
1320,	7
1321,	1
1322,	2
1323,	0
1324,	2
1325,	3
1326,	3
1327,	5
1328,	3
1329,	2
1330,	6
1331,	6
1332,	8
1333,	1
1334,	6
1335,	3
1336,	8
1337,	0
1338,	9
1339,	4
1340,	3
1341,	1
1342,	1
1343,	7
1344,	5
1345,	5
1346,	3
1347,	1
1348,	3
1349,	3
1350,	2
1351,	2
1352,	5
1353,	5
1354,	5
1355,	0
1356,	0
1357,	1
1358,	7
1359,	0
1360,	1
1361,	2
1362,	5
1363,	1
1364,	3
1365,	0
1366,	0
1367,	3
1368,	0
1369,	3
1370,	1
1371,	1
1372,	9
1373,	1
1374,	4
1375,	7
1376,	5
1377,	0
1378,	5
1379,	2
1380,	2
1381,	5
1382,	5
1383,	5
1384,	4
1385,	2
1386,	4
1387,	7
1388,	5
1389,	3
1390,	4
1391,	4
1392,	6
1393,	4
1394,	4
1395,	0
1396,	5
1397,	3
1398,	5
1399,	4
1400,	4
1401,	6
1402,	1
1403,	2
1404,	3
1405,	4
1406,	3
1407,	3
1408,	3
1409,	2
1410,	5
1411,	2
1412,	5
1413,	0
1414,	0
1415,	5
1416,	2
1417,	5
1418,	4
1419,	2
1420,	2
1421,	6
1422,	6
1423,	7
1424,	1
1425,	4
1426,	0
1427,	4
1428,	3
1429,	3
1430,	1
1431,	2
1432,	1
1433,	5
1434,	3
1435,	2
1436,	6
1437,	7
1438,	0
1439,	5
1440,	2
1441,	4
1442,	1
1443,	3
1444,	6
1445,	3
1446,	6
1447,	6
1448,	0
1449,	4
1450,	6
1451,	3
1452,	1
1453,	2
1454,	2
1455,	1
1456,	2
1457,	8
1458,	3
1459,	0
1460,	3
1461,	5
1462,	5
1463,	4
1464,	1
1465,	7
1466,	8
1467,	3
1468,	4
1469,	2
1470,	4
1471,	8
1472,	1
1473,	1
1474,	1
1475,	1
1476,	3
1477,	0
1478,	6
1479,	5
1480,	3
1481,	4
1482,	5
1483,	2
1484,	4
1485,	7
1486,	4
1487,	7
1488,	3
1489,	1
1490,	7
1491,	3
1492,	0
1493,	5
1494,	5
1495,	4
1496,	2
1497,	5
1498,	6
1499,	3
1500,	7
1501,	6
1502,	3
1503,	6
1504,	2
1505,	6
1506,	6
1507,	4
1508,	1
1509,	3
1510,	4
1511,	1
1512,	9
1513,	8
1514,	5
1515,	0
1516,	1
1517,	6
1518,	8
1519,	4
1520,	3
1521,	5
1522,	2
1523,	6
1524,	7
1525,	3
1526,	1
1527,	7
1528,	7
1529,	6
1530,	7
1531,	9
1532,	5
1533,	3
1534,	5
1535,	5
1536,	3
1537,	8
1538,	0
1539,	2
1540,	5
1541,	7
1542,	3
1543,	4
1544,	5
1545,	5
1546,	4
1547,	6
1548,	5
1549,	7
1550,	0
1551,	5
1552,	4
1553,	7
1554,	2
1555,	3
1556,	2
1557,	1
1558,	6
1559,	4
1560,	5
1561,	5
1562,	0
1563,	6
1564,	6
1565,	3
1566,	5
1567,	2
1568,	4
1569,	1
1570,	11
1571,	3
1572,	4
1573,	2
1574,	3
1575,	7
1576,	6
1577,	4
1578,	2
1579,	1
1580,	1
1581,	6
1582,	1
1583,	3
1584,	4
1585,	4
1586,	2
1587,	0
1588,	2
1589,	8
1590,	4
1591,	3
1592,	4
1593,	5
1594,	2
1595,	7
1596,	4
1597,	0
1598,	6
1599,	1
1600,	4
1601,	1
1602,	4
1603,	5
1604,	7
1605,	9
1606,	6
1607,	5
1608,	4
1609,	3
1610,	3
1611,	2
1612,	0
1613,	0
1614,	6
1615,	2
1616,	3
1617,	2
1618,	6
1619,	2
1620,	4
1621,	6
1622,	4
1623,	9
1624,	2
1625,	3
1626,	4
1627,	2
1628,	3
1629,	5
1630,	4
1631,	3
1632,	4
1633,	6
1634,	1
1635,	6
1636,	2
1637,	8
1638,	3
1639,	3
1640,	5
1641,	7
1642,	3
1643,	7
1644,	3
1645,	5
1646,	7
1647,	8
1648,	4
1649,	4
1650,	7
1651,	5
1652,	5
1653,	2
1654,	4
1655,	0
1656,	7
1657,	1
1658,	1
1659,	0
1660,	0
1661,	2
1662,	3
1663,	3
1664,	2
1665,	4
1666,	0
1667,	2
1668,	2
1669,	4
1670,	2
1671,	3
1672,	8
1673,	7
1674,	6
1675,	6
1676,	6
1677,	4
1678,	0
1679,	8
1680,	10
1681,	4
1682,	7
1683,	0
1684,	2
1685,	3
1686,	5
1687,	5
1688,	4
1689,	1
1690,	3
1691,	8
1692,	9
1693,	4
1694,	2
1695,	7
1696,	3
1697,	3
1698,	2
1699,	4
1700,	1
1701,	8
1702,	4
1703,	7
1704,	4
1705,	1
1706,	1
1707,	8
1708,	6
1709,	3
1710,	9
1711,	5
1712,	5
1713,	9
1714,	1
1715,	6
1716,	7
1717,	8
1718,	4
1719,	2
1720,	1
1721,	4
1722,	9
1723,	0
1724,	2
1725,	4
1726,	2
1727,	2
1728,	4
1729,	3
1730,	6
1731,	3
1732,	8
1733,	1
1734,	5
1735,	7
1736,	3
1737,	0
1738,	5
1739,	4
1740,	2
1741,	6
1742,	2
1743,	1
1744,	3
1745,	3
1746,	3
1747,	2
1748,	0
1749,	3
1750,	5
1751,	6
1752,	3
1753,	10
1754,	4
1755,	6
1756,	2
1757,	4
1758,	4
1759,	1
1760,	5
1761,	2
1762,	9
1763,	5
1764,	7
1765,	9
1766,	0
1767,	11
1768,	5
1769,	6
1770,	7
1771,	6
1772,	3
1773,	5
1774,	3
1775,	6
1776,	4
1777,	2
1778,	7
1779,	5
1780,	2
1781,	4
1782,	5
1783,	5
1784,	6
1785,	5
1786,	8
1787,	1
1788,	5
1789,	4
1790,	5
1791,	4
1792,	9
1793,	3
1794,	9
1795,	1
1796,	6
1797,	6
1798,	2
1799,	7
1800,	1
1801,	3
1802,	5
1803,	5
1804,	7
1805,	3
1806,	3
1807,	3
1808,	5
1809,	5
1810,	2
1811,	7
1812,	3
1813,	5
1814,	6
1815,	4
1816,	4
1817,	7
1818,	6
1819,	3
1820,	1
1821,	5
1822,	4
1823,	7
1824,	5
1825,	0
1826,	4
1827,	8
1828,	2
1829,	6
1830,	5
1831,	6
1832,	4
1833,	6
1834,	3
1835,	3
1836,	0
1837,	8
1838,	5
1839,	5
1840,	1
1841,	10
1842,	5
1843,	9
1844,	5
1845,	4
1846,	7
1847,	6
1848,	7
1849,	1
1850,	8
1851,	3
1852,	4
1853,	1
1854,	1
1855,	5
1856,	1
1857,	7
1858,	5
1859,	4
1860,	3
1861,	6
1862,	6
1863,	3
1864,	6
1865,	11
1866,	7
1867,	5
1868,	3
1869,	0
1870,	5
1871,	2
1872,	5
1873,	6
1874,	4
1875,	7
1876,	5
1877,	6
1878,	6
1879,	7
1880,	6
1881,	4
1882,	2
1883,	0
1884,	8
1885,	3
1886,	3
1887,	1
1888,	6
1889,	6
1890,	1
1891,	4
1892,	5
1893,	9
1894,	7
1895,	7
1896,	6
1897,	1
1898,	5
1899,	7
1900,	5
1901,	3
1902,	0
1903,	7
1904,	5
1905,	3
1906,	4
1907,	3
1908,	0
1909,	7
1910,	2
1911,	6
1912,	4
1913,	4
1914,	4
1915,	10
1916,	6
1917,	3
1918,	3
1919,	2
1920,	6
1921,	6
1922,	2
1923,	8
1924,	2
1925,	6
1926,	3
1927,	2
1928,	7
1929,	4
1930,	9
1931,	9
1932,	6
1933,	6
1934,	3
1935,	8
1936,	5
1937,	9
1938,	5
1939,	5
1940,	7
1941,	5
1942,	6
1943,	5
1944,	1
1945,	4
1946,	2
1947,	6
1948,	6
1949,	3
1950,	4
1951,	8
1952,	1
1953,	6
1954,	8
1955,	7
1956,	1
1957,	6
1958,	5
1959,	8
1960,	4
1961,	5
1962,	4
1963,	3
1964,	4
1965,	4
1966,	5
1967,	6
1968,	4
1969,	3
1970,	5
1971,	2
1972,	0
1973,	4
1974,	5
1975,	7
1976,	2
1977,	2
1978,	6
1979,	6
1980,	4
1981,	7
1982,	7
1983,	4
1984,	5
1985,	4
1986,	8
1987,	6
1988,	5
1989,	3
1990,	2
1991,	2
1992,	7
1993,	3
1994,	7
1995,	5
1996,	5
1997,	4
1998,	1
1999,	7
2000,	4
2001,	6
2002,	8
2003,	11
2004,	5
2005,	2
2006,	1
2007,	4
2008,	6
2009,	4
2010,	6
2011,	4
2012,	8
2013,	8
2014,	4
2015,	1
2016,	3
2017,	6
2018,	2
2019,	1
2020,	7
2021,	1
2022,	6
2023,	10
2024,	2
2025,	5
2026,	7
2027,	5
2028,	6
2029,	8
2030,	0
2031,	8
2032,	1
2033,	6
2034,	8
2035,	3
2036,	5
2037,	3
2038,	1
2039,	6
2040,	7
2041,	7
2042,	7
2043,	6
2044,	4
2045,	3
2046,	4
2047,	9
2048,	4
2049,	8
2050,	6
2051,	5
2052,	11
2053,	6
2054,	8
2055,	3
2056,	5
2057,	6
2058,	0
2059,	6
2060,	1
2061,	5
2062,	7
2063,	7
2064,	3
2065,	6
2066,	2
2067,	1
2068,	9
2069,	5
2070,	6
2071,	8
2072,	9
2073,	4
2074,	8
2075,	7
2076,	4
2077,	2
2078,	9
2079,	4
2080,	7
2081,	7
2082,	6
2083,	3
2084,	10
2085,	4
2086,	8
2087,	7
2088,	0
2089,	6
2090,	6
2091,	4
2092,	7
2093,	1
2094,	6
2095,	9
2096,	5
2097,	7
2098,	7
2099,	6
2100,	3
2101,	4
2102,	6
2103,	4
2104,	7
2105,	3
2106,	7
2107,	6
2108,	11
2109,	7
2110,	8
2111,	6
2112,	3
2113,	4
2114,	2
2115,	8
2116,	11
2117,	8
2118,	6
2119,	9
2120,	1
2121,	8
2122,	8
2123,	6
2124,	3
2125,	1
2126,	7
2127,	2
2128,	6
2129,	9
2130,	6
2131,	10
2132,	7
2133,	8
2134,	7
2135,	6
2136,	9
2137,	3
2138,	0
2139,	0
2140,	5
2141,	8
2142,	5
2143,	2
2144,	6
2145,	4
2146,	8
2147,	9
2148,	5
2149,	8
2150,	7
2151,	10
2152,	4
2153,	5
2154,	6
2155,	1
2156,	5
2157,	7
2158,	6
2159,	5
2160,	5
2161,	0
2162,	10
2163,	4
2164,	3
2165,	3
2166,	7
2167,	3
2168,	6
2169,	7
2170,	9
2171,	9
2172,	5
2173,	5
2174,	4
2175,	1
2176,	4
2177,	8
2178,	7
2179,	7
2180,	0
2181,	8
2182,	3
2183,	8
2184,	5
2185,	7
2186,	6
2187,	8
2188,	2
2189,	7
2190,	4
2191,	5
2192,	6
2193,	5
2194,	7
2195,	4
2196,	5
2197,	9
2198,	4
2199,	9
2200,	3
2201,	4
2202,	2
2203,	5
2204,	8
2205,	5
2206,	9
2207,	6
2208,	9
2209,	2
2210,	6
2211,	3
2212,	6
2213,	6
2214,	10
2215,	1
2216,	7
2217,	8
2218,	9
2219,	5
2220,	3
2221,	7
2222,	4
2223,	7
2224,	1
2225,	7
2226,	6
2227,	4
2228,	6
2229,	5
2230,	9
2231,	9
2232,	3
2233,	6
2234,	10
2235,	8
2236,	5
2237,	7
2238,	3
2239,	4
2240,	10
2241,	7
2242,	9
2243,	11
2244,	5
2245,	7
2246,	9
2247,	3
2248,	6
2249,	7
2250,	6
2251,	4
2252,	7
2253,	3
2254,	5
2255,	0
2256,	7
2257,	1
2258,	3
2259,	4
2260,	2
2261,	9
2262,	1
2263,	6
2264,	6
2265,	6
2266,	9
2267,	2
2268,	7
2269,	10
2270,	1
2271,	6
2272,	9
2273,	5
2274,	2
2275,	5
2276,	7
2277,	5
2278,	7
2279,	8
2280,	3
2281,	5
2282,	2
2283,	7
2284,	6
2285,	5
2286,	4
2287,	8
2288,	8
2289,	4
2290,	7
2291,	6
2292,	7
2293,	5
2294,	9
2295,	5
2296,	4
2297,	0
2298,	10
2299,	3
2300,	4
2301,	7
2302,	5
2303,	1
2304,	6
2305,	9
2306,	6
2307,	0
2308,	3
2309,	2
2310,	11
2311,	3
2312,	4
2313,	8
2314,	5
2315,	2
2316,	4
2317,	0
2318,	7
2319,	7
2320,	10
2321,	1
2322,	10
2323,	7
2324,	11
2325,	10
2326,	3
2327,	11
2328,	7
2329,	11
2330,	0
2331,	2
2332,	7
2333,	5
2334,	10
2335,	9
2336,	4
2337,	6
2338,	4
2339,	3
2340,	4
2341,	9
2342,	8
2343,	8
2344,	2
2345,	9
2346,	12
2347,	8
2348,	0
2349,	1
2350,	4
2351,	2
2352,	8
2353,	1
2354,	1
2355,	1
2356,	7
2357,	9
2358,	8
2359,	2
2360,	9
2361,	8
2362,	6
2363,	9
2364,	2
2365,	3
2366,	9
2367,	5
2368,	3
2369,	5
2370,	5
2371,	2
2372,	2
2373,	4
2374,	1
2375,	5
2376,	6
2377,	10
2378,	9
2379,	3
2380,	8
2381,	7
2382,	5
2383,	9
2384,	8
2385,	7
2386,	7
2387,	4
2388,	6
2389,	8
2390,	7
2391,	8
2392,	5
2393,	5
2394,	7
2395,	3
2396,	8
2397,	3
2398,	8
2399,	3
2400,	6
2401,	4
2402,	10
2403,	8
2404,	6
2405,	6
2406,	9
2407,	3
2408,	7
2409,	2
2410,	7
2411,	1
2412,	4
2413,	6
2414,	6
2415,	7
2416,	10
2417,	4
2418,	8
2419,	8
2420,	7
2421,	9
2422,	5
2423,	8
2424,	7
2425,	5
2426,	5
2427,	7
2428,	12
2429,	3
2430,	7
2431,	6
2432,	8
2433,	2
2434,	3
2435,	6
2436,	1
2437,	7
2438,	8
2439,	6
2440,	6
2441,	1
2442,	6
2443,	7
2444,	9
2445,	9
2446,	7
2447,	3
2448,	8
2449,	4
2450,	2
2451,	7
2452,	5
2453,	2
2454,	11
2455,	7
2456,	4
2457,	10
2458,	11
2459,	4
2460,	3
2461,	7
2462,	7
2463,	3
2464,	4
2465,	8
2466,	9
2467,	3
2468,	8
2469,	9
2470,	5
2471,	8
2472,	7
2473,	11
2474,	4
2475,	2
2476,	9
2477,	9
2478,	2
2479,	5
2480,	8
2481,	6
2482,	2
2483,	1
2484,	6
2485,	8
2486,	8
2487,	3
2488,	5
2489,	10
2490,	4
2491,	8
2492,	5
2493,	6
2494,	7
2495,	8
2496,	10
2497,	4
2498,	6
2499,	8
2500,	5
2501,	3
2502,	6
2503,	10
2504,	11
2505,	6
2506,	7
2507,	8
2508,	3
2509,	4
2510,	4
2511,	0
2512,	5
2513,	4
2514,	11
2515,	10
2516,	10
2517,	2
2518,	4
2519,	4
2520,	10
2521,	3
2522,	3
2523,	9
2524,	5
2525,	6
2526,	7
2527,	2
2528,	7
2529,	10
2530,	9
2531,	3
2532,	4
2533,	7
2534,	5
2535,	4
2536,	4
2537,	7
2538,	5
2539,	3
2540,	4
2541,	1
2542,	6
2543,	2
2544,	1
2545,	9
2546,	6
2547,	6
2548,	13
2549,	1
2550,	5
2551,	8
2552,	10
2553,	8
2554,	1
2555,	4
2556,	8
2557,	10
2558,	10
2559,	5
2560,	8
2561,	8
2562,	11
2563,	10
2564,	2
2565,	5
2566,	6
2567,	8
2568,	8
2569,	4
2570,	5
2571,	6
2572,	1
2573,	7
2574,	6
2575,	7
2576,	9
2577,	5
2578,	4
2579,	0
2580,	6
2581,	5
2582,	5
2583,	10
2584,	4
2585,	10
2586,	6
2587,	8
2588,	4
2589,	4
2590,	8
2591,	4
2592,	7
2593,	10
2594,	8
2595,	6
2596,	11
2597,	2
2598,	6
2599,	6
2600,	7
2601,	2
2602,	8
2603,	8
2604,	3
2605,	3
2606,	6
2607,	1
2608,	13
2609,	4
2610,	7
2611,	7
2612,	6
2613,	7
2614,	11
2615,	3
2616,	9
2617,	10
2618,	4
2619,	12
2620,	9
2621,	7
2622,	6
2623,	9
2624,	12
2625,	3
2626,	5
2627,	6
2628,	5
2629,	10
2630,	9
2631,	3
2632,	10
2633,	6
2634,	9
2635,	1
2636,	5
2637,	8
2638,	6
2639,	6
2640,	2
2641,	9
2642,	3
2643,	8
2644,	5
2645,	9
2646,	7
2647,	5
2648,	2
2649,	11
2650,	7
2651,	8
2652,	5
2653,	13
2654,	2
2655,	5
2656,	3
2657,	7
2658,	9
2659,	9
2660,	4
2661,	9
2662,	6
2663,	9
2664,	9
2665,	1
2666,	5
2667,	7
2668,	13
2669,	8
2670,	8
2671,	5
2672,	9
2673,	1
2674,	6
2675,	9
2676,	8
2677,	4
2678,	11
2679,	8
2680,	4
2681,	9
2682,	12
2683,	0
2684,	10
2685,	6
2686,	8
2687,	3
2688,	5
2689,	7
2690,	7
2691,	7
2692,	8
2693,	2
2694,	0
2695,	8
2696,	0
2697,	10
2698,	5
2699,	10
2700,	6
2701,	0
2702,	9
2703,	12
2704,	6
2705,	7
2706,	9
2707,	5
2708,	4
2709,	10
2710,	8
2711,	7
2712,	5
2713,	10
2714,	6
2715,	7
2716,	0
2717,	10
2718,	8
2719,	9
2720,	6
2721,	5
2722,	8
2723,	9
2724,	9
2725,	5
2726,	10
2727,	9
2728,	6
2729,	0
2730,	4
2731,	5
2732,	6
2733,	6
2734,	9
2735,	12
2736,	5
2737,	6
2738,	8
2739,	6
2740,	7
2741,	10
2742,	6
2743,	8
2744,	6
2745,	6
2746,	10
2747,	3
2748,	4
2749,	3
2750,	7
2751,	12
2752,	5
2753,	8
2754,	9
2755,	11
2756,	7
2757,	10
2758,	3
2759,	8
2760,	5
2761,	5
2762,	4
2763,	4
2764,	8
2765,	9
2766,	8
2767,	7
2768,	7
2769,	5
2770,	5
2771,	1
2772,	10
2773,	10
2774,	7
2775,	8
2776,	9
2777,	5
2778,	8
2779,	0
2780,	1
2781,	8
2782,	9
2783,	8
2784,	8
2785,	8
2786,	10
2787,	1
2788,	7
2789,	9
2790,	1
2791,	8
2792,	8
2793,	10
2794,	9
2795,	6
2796,	10
2797,	11
2798,	1
2799,	12
2800,	6
2801,	7
2802,	5
2803,	2
2804,	8
2805,	10
2806,	9
2807,	7
2808,	8
2809,	9
2810,	8
2811,	9
2812,	11
2813,	6
2814,	10
2815,	3
2816,	10
2817,	9
2818,	0
2819,	12
2820,	6
2821,	8
2822,	5
2823,	7
2824,	7
2825,	12
2826,	8
2827,	5
2828,	0
2829,	3
2830,	9
2831,	9
2832,	10
2833,	9
2834,	6
2835,	9
2836,	13
2837,	7
2838,	5
2839,	10
2840,	9
2841,	11
2842,	9
2843,	7
2844,	8
2845,	6
2846,	9
2847,	2
2848,	10
2849,	5
2850,	7
2851,	4
2852,	8
2853,	5
2854,	4
2855,	12
2856,	12
2857,	8
2858,	7
2859,	1
2860,	9
2861,	1
2862,	12
2863,	6
2864,	10
2865,	3
2866,	9
2867,	7
2868,	6
2869,	5
2870,	10
2871,	9
2872,	6
2873,	8
2874,	8
2875,	11
2876,	9
2877,	2
2878,	6
2879,	10
2880,	0
2881,	8
2882,	9
2883,	2
2884,	1
2885,	7
2886,	5
2887,	6
2888,	6
2889,	4
2890,	8
2891,	5
2892,	11
2893,	6
2894,	3
2895,	3
2896,	10
2897,	10
2898,	5
2899,	9
2900,	10
2901,	9
2902,	10
2903,	9
2904,	5
2905,	11
2906,	8
2907,	4
2908,	4
2909,	6
2910,	8
2911,	8
2912,	7
2913,	10
2914,	5
2915,	12
2916,	10
2917,	7
2918,	3
2919,	6
2920,	1
2921,	2
2922,	7
2923,	11
2924,	5
2925,	9
2926,	8
2927,	10
2928,	12
2929,	4
2930,	4
2931,	3
2932,	10
2933,	5
2934,	3
2935,	7
2936,	9
2937,	5
2938,	12
2939,	6
2940,	5
2941,	7
2942,	13
2943,	7
2944,	3
2945,	6
2946,	11
2947,	10
2948,	9
2949,	7
2950,	9
2951,	7
2952,	7
2953,	10
2954,	6
2955,	4
2956,	9
2957,	1
2958,	9
2959,	5
2960,	8
2961,	8
2962,	4
2963,	0
2964,	8
2965,	5
2966,	10
2967,	6
2968,	4
2969,	11
2970,	7
2971,	2
2972,	6
2973,	10
2974,	7
2975,	6
2976,	9
2977,	7
2978,	3
2979,	6
2980,	11
2981,	0
2982,	8
2983,	5
2984,	7
2985,	9
2986,	9
2987,	9
2988,	7
2989,	9
2990,	11
2991,	9
2992,	10
2993,	7
2994,	11
2995,	8
2996,	5
2997,	2
2998,	8
2999,	9
3000,	12
3001,	9
3002,	4
3003,	11
3004,	7
3005,	8
3006,	7
3007,	10
3008,	10
3009,	8
3010,	5
3011,	8
3012,	11
3013,	11
3014,	10
3015,	1
3016,	2
3017,	7
3018,	5
3019,	7
3020,	3
3021,	5
3022,	8
3023,	7
3024,	6
3025,	10
3026,	6
3027,	12
3028,	6
3029,	4
3030,	8
3031,	8
3032,	6
3033,	7
3034,	10
3035,	6
3036,	10
3037,	8
3038,	8
3039,	7
3040,	6
3041,	11
3042,	12
3043,	1
3044,	8
3045,	6
3046,	7
3047,	13
3048,	6
3049,	1
3050,	7
3051,	8
3052,	8
3053,	0
3054,	3
3055,	6
3056,	9
3057,	7
3058,	10
3059,	4
3060,	11
3061,	10
3062,	3
3063,	10
3064,	11
3065,	8
3066,	4
3067,	8
3068,	5
3069,	7
3070,	6
3071,	13
3072,	14
3073,	3
3074,	5
3075,	9
3076,	2
3077,	10
3078,	7
3079,	3
3080,	9
3081,	3
3082,	3
3083,	9
3084,	11
3085,	6
3086,	7
3087,	6
3088,	6
3089,	5
3090,	10
3091,	11
3092,	9
3093,	12
3094,	11
3095,	9
3096,	11
3097,	5
3098,	8
3099,	9
3100,	9
3101,	7
3102,	6
3103,	8
3104,	10
3105,	13
3106,	10
3107,	6
3108,	12
3109,	9
3110,	12
3111,	8
3112,	9
3113,	9
3114,	11
3115,	6
3116,	8
3117,	10
3118,	8
3119,	8
3120,	9
3121,	0
3122,	8
3123,	9
3124,	6
3125,	8
3126,	5
3127,	9
3128,	5
3129,	7
3130,	4
3131,	8
3132,	10
3133,	1
3134,	11
3135,	10
3136,	11
3137,	14
3138,	11
3139,	5
3140,	6
3141,	3
3142,	9
3143,	1
3144,	11
3145,	6
3146,	4
3147,	6
3148,	7
3149,	11
3150,	6
3151,	8
3152,	7
3153,	8
3154,	6
3155,	3
3156,	3
3157,	10
3158,	10
3159,	3
3160,	11
3161,	7
3162,	5
3163,	9
3164,	10
3165,	2
3166,	3
3167,	13
3168,	5
3169,	2
3170,	1
3171,	10
3172,	9
3173,	7
3174,	12
3175,	10
3176,	5
3177,	8
3178,	3
3179,	9
3180,	6
3181,	8
3182,	7
3183,	8
3184,	11
3185,	8
3186,	9
3187,	10
3188,	11
3189,	5
3190,	8
3191,	10
3192,	5
3193,	5
3194,	11
3195,	11
3196,	9
3197,	4
3198,	10
3199,	5
3200,	6
3201,	9
3202,	6
3203,	7
3204,	2
3205,	14
3206,	8
3207,	4
3208,	9
3209,	6
3210,	8
3211,	9
3212,	4
3213,	6
3214,	7
3215,	11
3216,	11
3217,	14
3218,	7
3219,	6
3220,	9
3221,	8
3222,	0
3223,	4
3224,	7
3225,	12
3226,	8
3227,	11
3228,	9
3229,	11
3230,	1
3231,	12
3232,	8
3233,	11
3234,	9
3235,	0
3236,	7
3237,	5
3238,	12
3239,	12
3240,	10
3241,	2
3242,	9
3243,	6
3244,	12
3245,	4
3246,	10
3247,	10
3248,	10
3249,	8
3250,	0
3251,	10
3252,	8
3253,	7
3254,	7
3255,	8
3256,	6
3257,	12
3258,	11
3259,	9
3260,	8
3261,	7
3262,	6
3263,	8
3264,	9
3265,	9
3266,	7
3267,	6
3268,	9
3269,	13
3270,	6
3271,	8
3272,	5
3273,	10
3274,	5
3275,	9
3276,	8
3277,	6
3278,	7
3279,	9
3280,	6
3281,	3
3282,	6
3283,	7
3284,	9
3285,	7
3286,	6
3287,	4
3288,	8
3289,	13
3290,	10
3291,	2
3292,	4
3293,	11
3294,	9
3295,	11
3296,	11
3297,	12
3298,	7
3299,	7
3300,	4
3301,	11
3302,	8
3303,	5
3304,	13
3305,	8
3306,	9
3307,	9
3308,	11
3309,	10
3310,	6
3311,	2
3312,	9
3313,	9
3314,	2
3315,	11
3316,	6
3317,	8
3318,	2
3319,	11
3320,	8
3321,	8
3322,	7
3323,	10
3324,	7
3325,	11
3326,	10
3327,	10
3328,	7
3329,	11
3330,	8
3331,	8
3332,	12
3333,	5
3334,	11
3335,	12
3336,	6
3337,	10
3338,	8
3339,	7
3340,	9
3341,	5
3342,	12
3343,	2
3344,	7
3345,	10
3346,	12
3347,	14
3348,	12
3349,	8
3350,	11
3351,	5
3352,	1
3353,	9
3354,	0
3355,	2
3356,	8
3357,	7
3358,	9
3359,	3
3360,	10
3361,	4
3362,	9
3363,	10
3364,	10
3365,	14
3366,	7
3367,	11
3368,	10
3369,	9
3370,	12
3371,	7
3372,	9
3373,	12
3374,	5
3375,	0
3376,	6
3377,	7
3378,	9
3379,	8
3380,	11
3381,	9
3382,	12
3383,	4
3384,	8
3385,	11
3386,	3
3387,	6
3388,	6
3389,	10
3390,	6
3391,	5
3392,	10
3393,	0
3394,	10
3395,	10
3396,	10
3397,	9
3398,	12
3399,	8
3400,	10
3401,	7
3402,	5
3403,	12
3404,	3
3405,	11
3406,	8
3407,	0
3408,	9
3409,	9
3410,	9
3411,	10
3412,	9
3413,	8
3414,	5
3415,	9
3416,	10
3417,	9
3418,	10
3419,	10
3420,	10
3421,	5
3422,	11
3423,	8
3424,	10
3425,	11
3426,	13
3427,	12
3428,	12
3429,	7
3430,	13
3431,	10
3432,	9
3433,	12
3434,	1
3435,	9
3436,	5
3437,	12
3438,	9
3439,	6
3440,	8
3441,	11
3442,	8
3443,	5
3444,	8
3445,	11
3446,	0
3447,	13
3448,	4
3449,	12
3450,	3
3451,	10
3452,	8
3453,	8
3454,	2
3455,	4
3456,	7
3457,	9
3458,	7
3459,	10
3460,	8
3461,	12
3462,	8
3463,	4
3464,	11
3465,	9
3466,	4
3467,	9
3468,	9
3469,	12
3470,	14
3471,	0
3472,	13
3473,	5
3474,	7
3475,	1
3476,	7
3477,	13
3478,	10
3479,	9
3480,	12
3481,	12
3482,	8
3483,	11
3484,	3
3485,	9
3486,	12
3487,	13
3488,	5
3489,	10
3490,	11
3491,	7
3492,	10
3493,	11
3494,	12
3495,	10
3496,	8
3497,	15
3498,	12
3499,	7
3500,	11
3501,	8
3502,	10
3503,	0
3504,	4
3505,	13
3506,	8
3507,	6
3508,	10
3509,	8
3510,	8
3511,	5
3512,	7
3513,	10
3514,	10
3515,	13
3516,	13
3517,	9
3518,	7
3519,	11
3520,	3
3521,	9
3522,	11
3523,	10
3524,	6
3525,	7
3526,	10
3527,	12
3528,	4
3529,	8
3530,	13
3531,	9
3532,	10
3533,	9
3534,	7
3535,	10
3536,	6
3537,	0
3538,	8
3539,	10
3540,	9
3541,	2
3542,	13
3543,	4
3544,	9
3545,	11
3546,	11
3547,	11
3548,	13
3549,	10
3550,	8
3551,	9
3552,	11
3553,	9
3554,	1
3555,	1
3556,	11
3557,	1
3558,	13
3559,	10
3560,	14
3561,	6
3562,	12
3563,	14
3564,	10
3565,	11
3566,	6
3567,	1
3568,	10
3569,	13
3570,	13
3571,	8
3572,	3
3573,	13
3574,	5
3575,	5
3576,	10
3577,	2
3578,	9
3579,	3
3580,	11
3581,	11
3582,	13
3583,	10
3584,	10
3585,	11
3586,	4
3587,	7
3588,	2
3589,	13
3590,	11
3591,	12
3592,	12
3593,	4
3594,	8
3595,	6
3596,	6
3597,	3
3598,	4
3599,	4
3600,	13
3601,	14
3602,	11
3603,	8
3604,	12
3605,	4
3606,	11
3607,	3
3608,	10
3609,	13
3610,	11
3611,	11
3612,	7
3613,	8
3614,	12
3615,	10
3616,	10
3617,	10
3618,	9
3619,	9
3620,	11
3621,	9
3622,	8
3623,	12
3624,	10
3625,	9
3626,	11
3627,	9
3628,	13
3629,	1
3630,	1
3631,	12
3632,	6
3633,	12
3634,	8
3635,	11
3636,	3
3637,	9
3638,	15
3639,	11
3640,	9
3641,	11
3642,	8
3643,	5
3644,	5
3645,	10
3646,	8
3647,	13
3648,	13
3649,	7
3650,	12
3651,	12
3652,	6
3653,	11
3654,	6
3655,	12
3656,	12
3657,	8
3658,	11
3659,	7
3660,	10
3661,	13
3662,	11
3663,	7
3664,	10
3665,	9
3666,	12
3667,	11
3668,	12
3669,	8
3670,	5
3671,	9
3672,	8
3673,	8
3674,	7
3675,	12
3676,	7
3677,	12
3678,	12
3679,	10
3680,	10
3681,	7
3682,	1
3683,	9
3684,	5
3685,	8
3686,	11
3687,	9
3688,	11
3689,	10
3690,	11
3691,	8
3692,	12
3693,	12
3694,	9
3695,	11
3696,	7
3697,	14
3698,	6
3699,	9
3700,	10
3701,	9
3702,	14
3703,	6
3704,	13
3705,	4
3706,	11
3707,	7
3708,	7
3709,	9
3710,	14
3711,	8
3712,	12
3713,	10
3714,	7
3715,	8
3716,	10
3717,	12
3718,	10
3719,	13
3720,	5
3721,	7
3722,	14
3723,	8
3724,	9
3725,	6
3726,	13
3727,	8
3728,	13
3729,	8
3730,	10
3731,	4
3732,	8
3733,	11
3734,	10
3735,	8
3736,	13
3737,	5
3738,	8
3739,	12
3740,	6
3741,	11
3742,	10
3743,	12
3744,	10
3745,	9
3746,	5
3747,	13
3748,	12
3749,	15
3750,	6
3751,	11
3752,	6
3753,	11
3754,	12
3755,	13
3756,	5
3757,	9
3758,	11
3759,	12
3760,	10
3761,	13
3762,	10
3763,	6
3764,	6
3765,	9
3766,	13
3767,	14
3768,	11
3769,	9
3770,	8
3771,	9
3772,	11
3773,	4
3774,	3
3775,	10
3776,	13
3777,	8
3778,	10
3779,	7
3780,	12
3781,	10
3782,	8
3783,	7
3784,	7
3785,	9
3786,	6
3787,	2
3788,	10
3789,	11
3790,	15
3791,	12
3792,	9
3793,	8
3794,	5
3795,	12
3796,	6
3797,	13
3798,	11
3799,	14
3800,	12
3801,	12
3802,	13
3803,	8
3804,	12
3805,	14
3806,	11
3807,	3
3808,	12
3809,	11
3810,	10
3811,	10
3812,	1
3813,	8
3814,	13
3815,	13
3816,	11
3817,	11
3818,	9
3819,	6
3820,	7
3821,	12
3822,	10
3823,	12
3824,	14
3825,	10
3826,	6
3827,	13
3828,	11
3829,	11
3830,	11
3831,	10
3832,	13
3833,	12
3834,	6
3835,	5
3836,	11
3837,	7
3838,	11
3839,	13
3840,	9
3841,	0
3842,	9
3843,	5
3844,	1
3845,	10
3846,	14
3847,	7
3848,	7
3849,	4
3850,	12
3851,	13
3852,	3
3853,	5
3854,	11
3855,	5
3856,	7
3857,	4
3858,	12
3859,	10
3860,	14
3861,	11
3862,	11
3863,	11
3864,	12
3865,	14
3866,	1
3867,	12
3868,	8
3869,	12
3870,	6
3871,	15
3872,	3
3873,	12
3874,	7
3875,	11
3876,	13
3877,	14
3878,	7
3879,	10
3880,	8
3881,	5
3882,	10
3883,	14
3884,	8
3885,	5
3886,	12
3887,	10
3888,	9
3889,	4
3890,	10
3891,	9
3892,	3
3893,	8
3894,	8
3895,	6
3896,	11
3897,	8
3898,	9
3899,	9
3900,	4
3901,	13
3902,	14
3903,	11
3904,	9
3905,	7
3906,	13
3907,	3
3908,	0
3909,	8
3910,	10
3911,	10
3912,	8
3913,	6
3914,	7
3915,	11
3916,	14
3917,	15
3918,	7
3919,	7
3920,	4
3921,	13
3922,	6
3923,	10
3924,	8
3925,	12
3926,	12
3927,	10
3928,	8
3929,	6
3930,	15
3931,	6
3932,	12
3933,	10
3934,	12
3935,	6
3936,	12
3937,	9
3938,	9
3939,	7
3940,	9
3941,	7
3942,	11
3943,	10
3944,	11
3945,	10
3946,	2
3947,	15
3948,	8
3949,	12
3950,	10
3951,	12
3952,	7
3953,	6
3954,	11
3955,	11
3956,	12
3957,	10
3958,	6
3959,	2
3960,	13
3961,	3
3962,	13
3963,	9
3964,	9
3965,	2
3966,	11
3967,	10
3968,	7
3969,	9
3970,	12
3971,	8
3972,	8
3973,	8
3974,	6
3975,	13
3976,	11
3977,	11
3978,	11
3979,	14
3980,	11
3981,	8
3982,	13
3983,	12
3984,	2
3985,	6
3986,	11
3987,	13
3988,	11
3989,	11
3990,	10
3991,	10
3992,	14
3993,	13
3994,	6
3995,	3
3996,	13
3997,	9
3998,	9
3999,	1
