Instance: /home/gabriel/Documents/ufrgs/courses/oc/trab/instances/cmb01
Vertices: 500
Colors: 12
NumIterations: 1
Alpha: 0.950000
Is Factible?: false
Conflicts: 6
Solution Value: 157559.875000
Vertex,	Color
0,	1
1,	1
2,	0
3,	0
4,	2
5,	0
6,	1
7,	0
8,	2
9,	3
10,	0
11,	1
12,	1
13,	0
14,	1
15,	2
16,	9
17,	2
18,	2
19,	1
20,	9
21,	0
22,	0
23,	9
24,	0
25,	1
26,	2
27,	0
28,	1
29,	2
30,	0
31,	0
32,	2
33,	0
34,	4
35,	0
36,	0
37,	0
38,	2
39,	1
40,	1
41,	0
42,	0
43,	0
44,	1
45,	0
46,	0
47,	1
48,	2
49,	1
50,	2
51,	3
52,	1
53,	2
54,	1
55,	0
56,	1
57,	2
58,	10
59,	0
60,	1
61,	2
62,	2
63,	0
64,	2
65,	2
66,	2
67,	1
68,	3
69,	1
70,	3
71,	2
72,	3
73,	0
74,	4
75,	1
76,	1
77,	4
78,	1
79,	1
80,	2
81,	0
82,	2
83,	0
84,	1
85,	0
86,	2
87,	1
88,	3
89,	3
90,	2
91,	3
92,	0
93,	0
94,	3
95,	1
96,	3
97,	4
98,	2
99,	4
100,	2
101,	4
102,	4
103,	1
104,	2
105,	4
106,	3
107,	4
108,	1
109,	2
110,	2
111,	5
112,	0
113,	1
114,	3
115,	2
116,	1
117,	3
118,	1
119,	5
120,	2
121,	4
122,	2
123,	2
124,	2
125,	2
126,	2
127,	4
128,	2
129,	4
130,	0
131,	2
132,	6
133,	2
134,	4
135,	1
136,	4
137,	6
138,	5
139,	0
140,	2
141,	3
142,	1
143,	3
144,	5
145,	2
146,	6
147,	4
148,	8
149,	0
150,	5
151,	6
152,	0
153,	2
154,	2
155,	4
156,	0
157,	3
158,	2
159,	0
160,	1
161,	5
162,	7
163,	5
164,	6
165,	5
166,	1
167,	1
168,	3
169,	3
170,	7
171,	3
172,	1
173,	3
174,	1
175,	0
176,	2
177,	8
178,	6
179,	5
180,	3
181,	1
182,	6
183,	0
184,	0
185,	4
186,	4
187,	0
188,	8
189,	5
190,	5
191,	4
192,	3
193,	3
194,	4
195,	3
196,	2
197,	2
198,	3
199,	1
200,	1
201,	5
202,	5
203,	5
204,	6
205,	1
206,	3
207,	5
208,	3
209,	3
210,	5
211,	1
212,	9
213,	4
214,	4
215,	4
216,	2
217,	2
218,	6
219,	4
220,	7
221,	0
222,	7
223,	4
224,	3
225,	0
226,	5
227,	6
228,	0
229,	5
230,	2
231,	4
232,	7
233,	6
234,	2
235,	5
236,	1
237,	7
238,	3
239,	1
240,	1
241,	2
242,	7
243,	3
244,	8
245,	1
246,	5
247,	7
248,	6
249,	4
250,	2
251,	3
252,	4
253,	6
254,	7
255,	4
256,	5
257,	2
258,	5
259,	4
260,	6
261,	4
262,	7
263,	10
264,	3
265,	2
266,	5
267,	6
268,	6
269,	8
270,	8
271,	5
272,	7
273,	5
274,	2
275,	1
276,	8
277,	3
278,	7
279,	1
280,	2
281,	4
282,	7
283,	3
284,	5
285,	3
286,	6
287,	4
288,	3
289,	6
290,	3
291,	4
292,	6
293,	4
294,	11
295,	3
296,	6
297,	6
298,	3
299,	2
300,	3
301,	1
302,	5
303,	4
304,	5
305,	5
306,	2
307,	7
308,	3
309,	6
310,	8
311,	3
312,	1
313,	7
314,	7
315,	5
316,	6
317,	3
318,	3
319,	3
320,	4
321,	4
322,	8
323,	6
324,	6
325,	5
326,	4
327,	6
328,	7
329,	7
330,	0
331,	5
332,	3
333,	4
334,	8
335,	7
336,	6
337,	8
338,	5
339,	3
340,	5
341,	7
342,	6
343,	9
344,	1
345,	7
346,	8
347,	7
348,	8
349,	0
350,	1
351,	0
352,	10
353,	7
354,	4
355,	6
356,	0
357,	9
358,	7
359,	0
360,	7
361,	7
362,	4
363,	7
364,	9
365,	8
366,	6
367,	4
368,	8
369,	3
370,	4
371,	4
372,	3
373,	4
374,	4
375,	6
376,	9
377,	5
378,	5
379,	5
380,	9
381,	1
382,	2
383,	4
384,	3
385,	4
386,	9
387,	8
388,	8
389,	7
390,	8
391,	0
392,	5
393,	9
394,	10
395,	0
396,	11
397,	7
398,	3
399,	8
400,	8
401,	6
402,	1
403,	7
404,	5
405,	9
406,	2
407,	3
408,	2
409,	9
410,	8
411,	3
412,	4
413,	6
414,	5
415,	10
416,	9
417,	6
418,	2
419,	4
420,	3
421,	6
422,	8
423,	5
424,	7
425,	7
426,	10
427,	5
428,	1
429,	7
430,	9
431,	6
432,	11
433,	6
434,	5
435,	6
436,	5
437,	4
438,	6
439,	9
440,	6
441,	8
442,	0
443,	9
444,	3
445,	8
446,	10
447,	2
448,	4
449,	8
450,	10
451,	3
452,	7
453,	7
454,	3
455,	7
456,	9
457,	0
458,	0
459,	11
460,	10
461,	5
462,	8
463,	8
464,	7
465,	3
466,	7
467,	1
468,	6
469,	3
470,	5
471,	9
472,	6
473,	4
474,	9
475,	10
476,	1
477,	0
478,	5
479,	0
480,	9
481,	4
482,	9
483,	6
484,	8
485,	6
486,	9
487,	8
488,	8
489,	0
490,	6
491,	10
492,	11
493,	8
494,	7
495,	6
496,	10
497,	9
498,	6
499,	4
