Instance: /home/gabriel/Documents/ufrgs/courses/oc/trab/instances/cmb01
Vertices: 500
Colors: 12
NumIterations: 100
Alpha: 0.250000
Is Factible?: false
Conflicts: 3
Solution Value: 174735.390625
Vertex,	Color
0,	1
1,	0
2,	7
3,	2
4,	0
5,	5
6,	1
7,	5
8,	4
9,	2
10,	7
11,	0
12,	4
13,	5
14,	8
15,	3
16,	1
17,	4
18,	11
19,	6
20,	6
21,	2
22,	7
23,	6
24,	7
25,	1
26,	2
27,	7
28,	1
29,	5
30,	3
31,	2
32,	0
33,	0
34,	2
35,	4
36,	5
37,	6
38,	0
39,	9
40,	1
41,	4
42,	2
43,	10
44,	3
45,	5
46,	2
47,	6
48,	2
49,	1
50,	2
51,	8
52,	4
53,	7
54,	4
55,	0
56,	0
57,	0
58,	8
59,	0
60,	9
61,	8
62,	5
63,	2
64,	2
65,	3
66,	5
67,	0
68,	1
69,	4
70,	2
71,	0
72,	4
73,	6
74,	2
75,	7
76,	0
77,	5
78,	0
79,	11
80,	2
81,	5
82,	8
83,	5
84,	3
85,	1
86,	1
87,	0
88,	1
89,	6
90,	1
91,	10
92,	1
93,	8
94,	9
95,	8
96,	5
97,	8
98,	2
99,	2
100,	3
101,	8
102,	2
103,	1
104,	0
105,	3
106,	5
107,	4
108,	3
109,	0
110,	5
111,	8
112,	4
113,	2
114,	0
115,	5
116,	0
117,	6
118,	11
119,	7
120,	5
121,	10
122,	5
123,	7
124,	9
125,	2
126,	7
127,	9
128,	1
129,	3
130,	2
131,	1
132,	8
133,	5
134,	2
135,	8
136,	4
137,	5
138,	4
139,	7
140,	7
141,	1
142,	6
143,	5
144,	3
145,	3
146,	4
147,	5
148,	0
149,	4
150,	7
151,	4
152,	4
153,	0
154,	1
155,	2
156,	6
157,	5
158,	0
159,	2
160,	6
161,	4
162,	7
163,	3
164,	0
165,	4
166,	9
167,	3
168,	2
169,	7
170,	3
171,	6
172,	0
173,	4
174,	6
175,	5
176,	1
177,	6
178,	3
179,	7
180,	1
181,	1
182,	0
183,	0
184,	7
185,	7
186,	8
187,	1
188,	2
189,	7
190,	4
191,	3
192,	0
193,	3
194,	5
195,	8
196,	1
197,	2
198,	6
199,	0
200,	3
201,	6
202,	0
203,	5
204,	5
205,	0
206,	1
207,	2
208,	1
209,	4
210,	8
211,	2
212,	10
213,	1
214,	0
215,	4
216,	3
217,	5
218,	2
219,	5
220,	3
221,	0
222,	3
223,	5
224,	3
225,	2
226,	0
227,	4
228,	1
229,	6
230,	3
231,	3
232,	7
233,	3
234,	0
235,	4
236,	1
237,	3
238,	0
239,	1
240,	1
241,	2
242,	1
243,	3
244,	2
245,	3
246,	6
247,	2
248,	0
249,	2
250,	0
251,	4
252,	3
253,	1
254,	9
255,	2
256,	8
257,	3
258,	4
259,	1
260,	4
261,	0
262,	0
263,	11
264,	3
265,	3
266,	2
267,	8
268,	10
269,	1
270,	3
271,	5
272,	8
273,	11
274,	6
275,	0
276,	4
277,	0
278,	1
279,	0
280,	0
281,	4
282,	8
283,	9
284,	7
285,	2
286,	2
287,	5
288,	5
289,	4
290,	9
291,	4
292,	9
293,	9
294,	7
295,	6
296,	2
297,	10
298,	0
299,	1
300,	0
301,	4
302,	0
303,	1
304,	7
305,	0
306,	4
307,	6
308,	0
309,	1
310,	6
311,	1
312,	0
313,	6
314,	3
315,	6
316,	9
317,	4
318,	1
319,	1
320,	2
321,	5
322,	4
323,	4
324,	8
325,	8
326,	0
327,	3
328,	9
329,	6
330,	2
331,	1
332,	6
333,	5
334,	4
335,	2
336,	3
337,	2
338,	3
339,	1
340,	2
341,	0
342,	1
343,	2
344,	0
345,	6
346,	1
347,	3
348,	0
349,	1
350,	3
351,	1
352,	1
353,	8
354,	5
355,	3
356,	5
357,	9
358,	5
359,	3
360,	2
361,	3
362,	1
363,	0
364,	3
365,	7
366,	4
367,	7
368,	0
369,	3
370,	4
371,	1
372,	4
373,	3
374,	5
375,	0
376,	9
377,	5
378,	2
379,	2
380,	10
381,	0
382,	0
383,	2
384,	4
385,	3
386,	6
387,	3
388,	5
389,	1
390,	5
391,	4
392,	3
393,	8
394,	9
395,	3
396,	6
397,	9
398,	1
399,	4
400,	4
401,	5
402,	4
403,	5
404,	2
405,	7
406,	0
407,	2
408,	0
409,	1
410,	3
411,	6
412,	3
413,	4
414,	0
415,	7
416,	2
417,	3
418,	11
419,	4
420,	3
421,	7
422,	2
423,	7
424,	7
425,	6
426,	10
427,	6
428,	3
429,	8
430,	8
431,	7
432,	9
433,	5
434,	7
435,	11
436,	6
437,	1
438,	3
439,	7
440,	0
441,	2
442,	8
443,	10
444,	1
445,	6
446,	10
447,	2
448,	5
449,	10
450,	11
451,	6
452,	6
453,	7
454,	3
455,	6
456,	8
457,	7
458,	5
459,	0
460,	11
461,	6
462,	6
463,	8
464,	6
465,	4
466,	6
467,	0
468,	4
469,	1
470,	8
471,	10
472,	4
473,	3
474,	9
475,	10
476,	1
477,	1
478,	6
479,	2
480,	9
481,	4
482,	10
483,	4
484,	7
485,	7
486,	6
487,	3
488,	6
489,	5
490,	5
491,	10
492,	11
493,	6
494,	9
495,	8
496,	8
497,	6
498,	5
499,	8
