Instance: /home/gabriel/Documents/ufrgs/courses/oc/trab/instances/cmb10
Vertices: 4000
Colors: 82
NumIterations: 1
Alpha: 0.850000
Is Factible?: false
Conflicts: 4250
Solution Value: 919948.250000
Vertex,	Color
0,	4
1,	9
2,	12
3,	15
4,	7
5,	3
6,	15
7,	22
8,	5
9,	4
10,	25
11,	39
12,	9
13,	0
14,	10
15,	1
16,	41
17,	3
18,	45
19,	11
20,	13
21,	16
22,	17
23,	0
24,	13
25,	2
26,	31
27,	6
28,	20
29,	11
30,	2
31,	45
32,	29
33,	0
34,	4
35,	7
36,	18
37,	18
38,	6
39,	36
40,	2
41,	11
42,	29
43,	10
44,	21
45,	9
46,	3
47,	18
48,	8
49,	2
50,	17
51,	5
52,	15
53,	12
54,	9
55,	17
56,	29
57,	18
58,	8
59,	11
60,	9
61,	16
62,	11
63,	31
64,	28
65,	44
66,	15
67,	15
68,	14
69,	29
70,	7
71,	7
72,	6
73,	12
74,	3
75,	8
76,	48
77,	6
78,	9
79,	2
80,	24
81,	15
82,	21
83,	7
84,	19
85,	42
86,	13
87,	5
88,	1
89,	12
90,	7
91,	13
92,	41
93,	19
94,	12
95,	9
96,	12
97,	6
98,	8
99,	6
100,	12
101,	8
102,	17
103,	6
104,	7
105,	14
106,	0
107,	9
108,	25
109,	4
110,	13
111,	13
112,	17
113,	4
114,	6
115,	10
116,	14
117,	48
118,	17
119,	3
120,	4
121,	23
122,	16
123,	18
124,	4
125,	0
126,	16
127,	3
128,	5
129,	24
130,	32
131,	5
132,	2
133,	55
134,	20
135,	6
136,	22
137,	5
138,	2
139,	14
140,	3
141,	2
142,	12
143,	31
144,	0
145,	18
146,	4
147,	14
148,	0
149,	0
150,	20
151,	5
152,	8
153,	17
154,	20
155,	18
156,	10
157,	11
158,	16
159,	20
160,	6
161,	5
162,	18
163,	8
164,	3
165,	5
166,	5
167,	2
168,	11
169,	6
170,	14
171,	29
172,	3
173,	25
174,	3
175,	7
176,	1
177,	3
178,	0
179,	49
180,	29
181,	12
182,	26
183,	1
184,	21
185,	0
186,	9
187,	22
188,	17
189,	33
190,	35
191,	2
192,	0
193,	1
194,	9
195,	6
196,	31
197,	4
198,	34
199,	13
200,	22
201,	37
202,	2
203,	23
204,	7
205,	45
206,	4
207,	10
208,	37
209,	5
210,	1
211,	5
212,	38
213,	10
214,	14
215,	17
216,	14
217,	13
218,	1
219,	56
220,	4
221,	19
222,	0
223,	21
224,	2
225,	32
226,	20
227,	1
228,	3
229,	0
230,	11
231,	2
232,	21
233,	3
234,	8
235,	48
236,	16
237,	10
238,	27
239,	3
240,	11
241,	6
242,	5
243,	12
244,	22
245,	14
246,	8
247,	8
248,	3
249,	4
250,	25
251,	30
252,	6
253,	23
254,	10
255,	4
256,	36
257,	1
258,	26
259,	20
260,	15
261,	9
262,	21
263,	9
264,	35
265,	15
266,	2
267,	28
268,	0
269,	7
270,	14
271,	0
272,	10
273,	13
274,	3
275,	6
276,	0
277,	7
278,	5
279,	18
280,	4
281,	9
282,	26
283,	4
284,	5
285,	12
286,	1
287,	20
288,	2
289,	22
290,	50
291,	7
292,	19
293,	8
294,	1
295,	7
296,	3
297,	34
298,	29
299,	6
300,	3
301,	9
302,	17
303,	24
304,	9
305,	5
306,	16
307,	6
308,	3
309,	26
310,	27
311,	46
312,	4
313,	1
314,	14
315,	6
316,	6
317,	29
318,	0
319,	1
320,	15
321,	26
322,	1
323,	16
324,	1
325,	1
326,	37
327,	28
328,	26
329,	9
330,	22
331,	24
332,	0
333,	19
334,	5
335,	0
336,	10
337,	3
338,	8
339,	35
340,	7
341,	8
342,	10
343,	4
344,	40
345,	24
346,	0
347,	20
348,	2
349,	4
350,	23
351,	19
352,	12
353,	12
354,	33
355,	7
356,	9
357,	1
358,	19
359,	34
360,	10
361,	10
362,	19
363,	14
364,	4
365,	1
366,	7
367,	14
368,	1
369,	19
370,	1
371,	12
372,	15
373,	24
374,	14
375,	11
376,	35
377,	2
378,	6
379,	28
380,	42
381,	5
382,	9
383,	7
384,	1
385,	2
386,	2
387,	14
388,	34
389,	36
390,	1
391,	27
392,	64
393,	21
394,	7
395,	1
396,	38
397,	21
398,	39
399,	22
400,	16
401,	44
402,	18
403,	8
404,	35
405,	6
406,	2
407,	0
408,	8
409,	0
410,	23
411,	14
412,	5
413,	20
414,	15
415,	7
416,	16
417,	13
418,	26
419,	33
420,	5
421,	24
422,	14
423,	14
424,	10
425,	8
426,	13
427,	17
428,	15
429,	17
430,	1
431,	22
432,	11
433,	1
434,	2
435,	11
436,	18
437,	4
438,	22
439,	6
440,	1
441,	15
442,	5
443,	10
444,	20
445,	1
446,	10
447,	8
448,	11
449,	17
450,	10
451,	15
452,	16
453,	21
454,	9
455,	11
456,	29
457,	20
458,	33
459,	0
460,	9
461,	39
462,	30
463,	47
464,	11
465,	0
466,	6
467,	23
468,	42
469,	2
470,	26
471,	25
472,	3
473,	4
474,	15
475,	0
476,	2
477,	5
478,	6
479,	8
480,	0
481,	13
482,	23
483,	31
484,	2
485,	41
486,	10
487,	20
488,	10
489,	14
490,	41
491,	10
492,	29
493,	7
494,	13
495,	17
496,	5
497,	0
498,	22
499,	15
500,	16
501,	27
502,	10
503,	11
504,	5
505,	18
506,	15
507,	2
508,	11
509,	6
510,	27
511,	0
512,	29
513,	8
514,	10
515,	6
516,	3
517,	17
518,	4
519,	5
520,	8
521,	18
522,	13
523,	60
524,	18
525,	43
526,	12
527,	0
528,	50
529,	46
530,	0
531,	3
532,	4
533,	37
534,	16
535,	4
536,	4
537,	15
538,	7
539,	10
540,	0
541,	2
542,	8
543,	5
544,	0
545,	48
546,	8
547,	11
548,	30
549,	29
550,	38
551,	0
552,	4
553,	2
554,	4
555,	9
556,	10
557,	9
558,	44
559,	14
560,	27
561,	10
562,	28
563,	10
564,	2
565,	35
566,	3
567,	9
568,	2
569,	6
570,	30
571,	21
572,	3
573,	18
574,	7
575,	5
576,	0
577,	9
578,	12
579,	42
580,	24
581,	17
582,	15
583,	31
584,	4
585,	11
586,	1
587,	21
588,	0
589,	36
590,	43
591,	28
592,	16
593,	26
594,	9
595,	7
596,	21
597,	2
598,	10
599,	2
600,	9
601,	2
602,	5
603,	24
604,	17
605,	21
606,	11
607,	44
608,	1
609,	6
610,	40
611,	12
612,	1
613,	13
614,	23
615,	7
616,	12
617,	6
618,	32
619,	9
620,	16
621,	14
622,	6
623,	6
624,	2
625,	3
626,	36
627,	5
628,	4
629,	1
630,	7
631,	10
632,	31
633,	31
634,	24
635,	0
636,	5
637,	12
638,	19
639,	7
640,	35
641,	29
642,	6
643,	31
644,	16
645,	20
646,	14
647,	7
648,	5
649,	35
650,	12
651,	24
652,	3
653,	2
654,	7
655,	9
656,	2
657,	4
658,	22
659,	23
660,	6
661,	28
662,	9
663,	33
664,	8
665,	6
666,	17
667,	3
668,	4
669,	5
670,	1
671,	5
672,	32
673,	19
674,	3
675,	17
676,	6
677,	28
678,	12
679,	17
680,	12
681,	28
682,	1
683,	19
684,	4
685,	4
686,	9
687,	16
688,	12
689,	43
690,	32
691,	11
692,	6
693,	2
694,	26
695,	1
696,	2
697,	21
698,	33
699,	20
700,	15
701,	10
702,	8
703,	39
704,	37
705,	19
706,	21
707,	6
708,	0
709,	30
710,	4
711,	0
712,	4
713,	31
714,	17
715,	8
716,	3
717,	9
718,	26
719,	18
720,	41
721,	1
722,	0
723,	8
724,	12
725,	17
726,	25
727,	26
728,	1
729,	1
730,	25
731,	25
732,	3
733,	53
734,	11
735,	2
736,	22
737,	22
738,	40
739,	8
740,	7
741,	5
742,	10
743,	24
744,	8
745,	18
746,	53
747,	59
748,	4
749,	30
750,	22
751,	9
752,	3
753,	9
754,	6
755,	26
756,	2
757,	31
758,	3
759,	26
760,	4
761,	1
762,	43
763,	4
764,	11
765,	0
766,	1
767,	25
768,	31
769,	16
770,	24
771,	23
772,	14
773,	20
774,	14
775,	38
776,	8
777,	27
778,	15
779,	17
780,	43
781,	7
782,	13
783,	13
784,	29
785,	27
786,	10
787,	3
788,	2
789,	4
790,	8
791,	39
792,	7
793,	10
794,	14
795,	1
796,	23
797,	0
798,	5
799,	8
800,	12
801,	28
802,	3
803,	7
804,	26
805,	16
806,	5
807,	41
808,	16
809,	1
810,	27
811,	8
812,	1
813,	6
814,	33
815,	18
816,	16
817,	22
818,	12
819,	3
820,	14
821,	3
822,	14
823,	12
824,	28
825,	0
826,	15
827,	13
828,	12
829,	25
830,	19
831,	20
832,	3
833,	28
834,	44
835,	14
836,	1
837,	28
838,	24
839,	1
840,	22
841,	5
842,	10
843,	30
844,	25
845,	35
846,	25
847,	25
848,	5
849,	17
850,	2
851,	15
852,	8
853,	27
854,	30
855,	27
856,	16
857,	1
858,	27
859,	4
860,	14
861,	2
862,	2
863,	11
864,	24
865,	13
866,	6
867,	27
868,	11
869,	5
870,	1
871,	11
872,	9
873,	23
874,	21
875,	26
876,	34
877,	18
878,	36
879,	23
880,	11
881,	20
882,	20
883,	31
884,	7
885,	10
886,	11
887,	19
888,	3
889,	11
890,	12
891,	30
892,	0
893,	12
894,	43
895,	33
896,	8
897,	3
898,	22
899,	27
900,	14
901,	21
902,	5
903,	18
904,	2
905,	17
906,	4
907,	20
908,	7
909,	2
910,	7
911,	45
912,	0
913,	14
914,	31
915,	35
916,	12
917,	13
918,	10
919,	16
920,	3
921,	22
922,	35
923,	6
924,	21
925,	34
926,	38
927,	4
928,	31
929,	17
930,	13
931,	24
932,	8
933,	32
934,	26
935,	3
936,	38
937,	24
938,	11
939,	7
940,	12
941,	14
942,	7
943,	10
944,	13
945,	7
946,	48
947,	13
948,	29
949,	17
950,	33
951,	16
952,	7
953,	1
954,	23
955,	21
956,	38
957,	59
958,	30
959,	27
960,	1
961,	11
962,	17
963,	20
964,	47
965,	45
966,	11
967,	24
968,	16
969,	10
970,	14
971,	28
972,	18
973,	25
974,	32
975,	28
976,	7
977,	13
978,	7
979,	20
980,	11
981,	10
982,	18
983,	35
984,	18
985,	21
986,	47
987,	27
988,	27
989,	18
990,	19
991,	8
992,	22
993,	12
994,	17
995,	22
996,	25
997,	18
998,	16
999,	1
1000,	18
1001,	22
1002,	15
1003,	13
1004,	37
1005,	15
1006,	37
1007,	19
1008,	17
1009,	33
1010,	19
1011,	3
1012,	11
1013,	38
1014,	19
1015,	24
1016,	8
1017,	7
1018,	20
1019,	11
1020,	16
1021,	10
1022,	32
1023,	60
1024,	30
1025,	14
1026,	7
1027,	22
1028,	1
1029,	35
1030,	19
1031,	21
1032,	30
1033,	31
1034,	24
1035,	21
1036,	30
1037,	12
1038,	31
1039,	24
1040,	23
1041,	26
1042,	5
1043,	35
1044,	61
1045,	21
1046,	16
1047,	32
1048,	25
1049,	44
1050,	21
1051,	13
1052,	8
1053,	13
1054,	17
1055,	5
1056,	14
1057,	5
1058,	8
1059,	10
1060,	7
1061,	42
1062,	19
1063,	35
1064,	42
1065,	26
1066,	18
1067,	38
1068,	53
1069,	9
1070,	3
1071,	29
1072,	55
1073,	15
1074,	12
1075,	43
1076,	25
1077,	16
1078,	17
1079,	17
1080,	16
1081,	21
1082,	16
1083,	14
1084,	9
1085,	43
1086,	16
1087,	19
1088,	24
1089,	9
1090,	32
1091,	23
1092,	14
1093,	21
1094,	12
1095,	50
1096,	26
1097,	8
1098,	40
1099,	4
1100,	5
1101,	27
1102,	26
1103,	13
1104,	2
1105,	23
1106,	4
1107,	13
1108,	22
1109,	29
1110,	2
1111,	18
1112,	9
1113,	17
1114,	30
1115,	39
1116,	18
1117,	22
1118,	11
1119,	15
1120,	32
1121,	24
1122,	29
1123,	16
1124,	12
1125,	11
1126,	45
1127,	20
1128,	26
1129,	7
1130,	36
1131,	35
1132,	19
1133,	11
1134,	41
1135,	19
1136,	16
1137,	15
1138,	4
1139,	22
1140,	13
1141,	44
1142,	22
1143,	21
1144,	3
1145,	25
1146,	20
1147,	21
1148,	38
1149,	19
1150,	16
1151,	24
1152,	13
1153,	8
1154,	8
1155,	15
1156,	13
1157,	44
1158,	23
1159,	19
1160,	6
1161,	42
1162,	11
1163,	34
1164,	43
1165,	14
1166,	12
1167,	24
1168,	16
1169,	18
1170,	33
1171,	12
1172,	18
1173,	10
1174,	39
1175,	23
1176,	38
1177,	11
1178,	17
1179,	26
1180,	30
1181,	28
1182,	30
1183,	7
1184,	29
1185,	7
1186,	22
1187,	39
1188,	16
1189,	33
1190,	5
1191,	4
1192,	34
1193,	6
1194,	8
1195,	48
1196,	2
1197,	26
1198,	34
1199,	12
1200,	22
1201,	12
1202,	6
1203,	13
1204,	22
1205,	24
1206,	4
1207,	15
1208,	23
1209,	8
1210,	18
1211,	13
1212,	0
1213,	41
1214,	23
1215,	43
1216,	12
1217,	40
1218,	5
1219,	37
1220,	29
1221,	19
1222,	23
1223,	9
1224,	25
1225,	26
1226,	28
1227,	30
1228,	15
1229,	20
1230,	19
1231,	26
1232,	41
1233,	9
1234,	9
1235,	51
1236,	39
1237,	27
1238,	25
1239,	16
1240,	10
1241,	13
1242,	16
1243,	26
1244,	29
1245,	34
1246,	23
1247,	19
1248,	14
1249,	10
1250,	5
1251,	36
1252,	34
1253,	25
1254,	19
1255,	35
1256,	31
1257,	35
1258,	28
1259,	28
1260,	36
1261,	33
1262,	9
1263,	13
1264,	11
1265,	28
1266,	24
1267,	43
1268,	18
1269,	29
1270,	36
1271,	19
1272,	18
1273,	14
1274,	25
1275,	15
1276,	23
1277,	11
1278,	20
1279,	17
1280,	13
1281,	4
1282,	39
1283,	0
1284,	10
1285,	8
1286,	19
1287,	14
1288,	27
1289,	19
1290,	0
1291,	30
1292,	21
1293,	34
1294,	24
1295,	32
1296,	31
1297,	25
1298,	32
1299,	19
1300,	22
1301,	22
1302,	33
1303,	9
1304,	34
1305,	34
1306,	7
1307,	22
1308,	17
1309,	54
1310,	9
1311,	18
1312,	29
1313,	36
1314,	35
1315,	37
1316,	13
1317,	38
1318,	30
1319,	32
1320,	39
1321,	39
1322,	20
1323,	18
1324,	8
1325,	27
1326,	16
1327,	25
1328,	20
1329,	12
1330,	32
1331,	28
1332,	27
1333,	26
1334,	15
1335,	16
1336,	19
1337,	25
1338,	31
1339,	25
1340,	26
1341,	27
1342,	21
1343,	35
1344,	24
1345,	24
1346,	31
1347,	32
1348,	26
1349,	12
1350,	17
1351,	22
1352,	19
1353,	46
1354,	29
1355,	47
1356,	23
1357,	33
1358,	32
1359,	15
1360,	20
1361,	37
1362,	23
1363,	3
1364,	48
1365,	39
1366,	12
1367,	41
1368,	39
1369,	34
1370,	22
1371,	27
1372,	32
1373,	33
1374,	22
1375,	41
1376,	30
1377,	13
1378,	25
1379,	18
1380,	1
1381,	27
1382,	23
1383,	32
1384,	35
1385,	25
1386,	18
1387,	40
1388,	15
1389,	21
1390,	9
1391,	20
1392,	20
1393,	36
1394,	2
1395,	41
1396,	23
1397,	29
1398,	18
1399,	29
1400,	50
1401,	16
1402,	42
1403,	34
1404,	26
1405,	56
1406,	13
1407,	19
1408,	34
1409,	17
1410,	14
1411,	25
1412,	19
1413,	21
1414,	23
1415,	25
1416,	43
1417,	14
1418,	26
1419,	36
1420,	25
1421,	32
1422,	25
1423,	39
1424,	48
1425,	31
1426,	23
1427,	35
1428,	31
1429,	26
1430,	33
1431,	41
1432,	28
1433,	22
1434,	19
1435,	31
1436,	44
1437,	24
1438,	15
1439,	23
1440,	18
1441,	33
1442,	42
1443,	19
1444,	31
1445,	26
1446,	30
1447,	14
1448,	22
1449,	44
1450,	25
1451,	23
1452,	39
1453,	33
1454,	34
1455,	18
1456,	18
1457,	45
1458,	43
1459,	30
1460,	55
1461,	15
1462,	22
1463,	15
1464,	24
1465,	34
1466,	19
1467,	15
1468,	32
1469,	39
1470,	21
1471,	21
1472,	9
1473,	28
1474,	14
1475,	53
1476,	56
1477,	32
1478,	22
1479,	30
1480,	49
1481,	21
1482,	62
1483,	32
1484,	0
1485,	31
1486,	24
1487,	21
1488,	33
1489,	16
1490,	22
1491,	30
1492,	30
1493,	40
1494,	26
1495,	52
1496,	37
1497,	49
1498,	12
1499,	30
1500,	30
1501,	21
1502,	30
1503,	45
1504,	28
1505,	27
1506,	30
1507,	40
1508,	24
1509,	17
1510,	34
1511,	36
1512,	44
1513,	8
1514,	11
1515,	20
1516,	27
1517,	27
1518,	17
1519,	37
1520,	19
1521,	30
1522,	10
1523,	23
1524,	25
1525,	24
1526,	46
1527,	17
1528,	22
1529,	52
1530,	26
1531,	42
1532,	23
1533,	25
1534,	54
1535,	41
1536,	23
1537,	20
1538,	37
1539,	18
1540,	41
1541,	30
1542,	36
1543,	55
1544,	22
1545,	28
1546,	35
1547,	40
1548,	27
1549,	23
1550,	40
1551,	43
1552,	23
1553,	16
1554,	53
1555,	28
1556,	13
1557,	57
1558,	21
1559,	37
1560,	32
1561,	45
1562,	43
1563,	32
1564,	28
1565,	34
1566,	48
1567,	28
1568,	48
1569,	29
1570,	19
1571,	50
1572,	32
1573,	36
1574,	27
1575,	30
1576,	23
1577,	20
1578,	33
1579,	32
1580,	17
1581,	31
1582,	29
1583,	52
1584,	21
1585,	36
1586,	54
1587,	15
1588,	16
1589,	24
1590,	10
1591,	19
1592,	29
1593,	20
1594,	22
1595,	26
1596,	31
1597,	59
1598,	43
1599,	33
1600,	32
1601,	31
1602,	45
1603,	38
1604,	47
1605,	37
1606,	54
1607,	38
1608,	50
1609,	45
1610,	34
1611,	20
1612,	59
1613,	26
1614,	10
1615,	31
1616,	37
1617,	30
1618,	33
1619,	50
1620,	7
1621,	10
1622,	28
1623,	23
1624,	37
1625,	33
1626,	18
1627,	29
1628,	31
1629,	38
1630,	28
1631,	58
1632,	27
1633,	27
1634,	23
1635,	24
1636,	31
1637,	57
1638,	34
1639,	36
1640,	15
1641,	33
1642,	36
1643,	15
1644,	21
1645,	32
1646,	37
1647,	27
1648,	33
1649,	46
1650,	38
1651,	12
1652,	33
1653,	37
1654,	4
1655,	30
1656,	32
1657,	31
1658,	25
1659,	26
1660,	35
1661,	36
1662,	46
1663,	33
1664,	43
1665,	10
1666,	16
1667,	18
1668,	46
1669,	34
1670,	8
1671,	42
1672,	41
1673,	28
1674,	27
1675,	36
1676,	11
1677,	33
1678,	42
1679,	50
1680,	9
1681,	45
1682,	38
1683,	33
1684,	24
1685,	35
1686,	50
1687,	40
1688,	26
1689,	35
1690,	32
1691,	43
1692,	28
1693,	45
1694,	20
1695,	44
1696,	8
1697,	34
1698,	45
1699,	29
1700,	49
1701,	36
1702,	37
1703,	57
1704,	25
1705,	49
1706,	41
1707,	31
1708,	41
1709,	31
1710,	43
1711,	20
1712,	31
1713,	49
1714,	37
1715,	35
1716,	34
1717,	35
1718,	19
1719,	32
1720,	66
1721,	50
1722,	23
1723,	31
1724,	39
1725,	33
1726,	29
1727,	36
1728,	56
1729,	42
1730,	43
1731,	42
1732,	24
1733,	34
1734,	47
1735,	15
1736,	21
1737,	32
1738,	26
1739,	40
1740,	26
1741,	21
1742,	42
1743,	6
1744,	25
1745,	34
1746,	23
1747,	56
1748,	46
1749,	23
1750,	37
1751,	47
1752,	39
1753,	30
1754,	54
1755,	37
1756,	25
1757,	23
1758,	47
1759,	24
1760,	23
1761,	48
1762,	6
1763,	28
1764,	51
1765,	40
1766,	40
1767,	34
1768,	40
1769,	40
1770,	25
1771,	20
1772,	28
1773,	43
1774,	46
1775,	37
1776,	40
1777,	24
1778,	32
1779,	52
1780,	28
1781,	21
1782,	21
1783,	35
1784,	12
1785,	31
1786,	33
1787,	30
1788,	42
1789,	28
1790,	39
1791,	46
1792,	38
1793,	25
1794,	47
1795,	45
1796,	39
1797,	24
1798,	12
1799,	45
1800,	53
1801,	34
1802,	26
1803,	52
1804,	21
1805,	42
1806,	43
1807,	45
1808,	52
1809,	47
1810,	29
1811,	36
1812,	42
1813,	40
1814,	6
1815,	35
1816,	50
1817,	22
1818,	42
1819,	35
1820,	38
1821,	42
1822,	42
1823,	39
1824,	38
1825,	39
1826,	36
1827,	38
1828,	37
1829,	27
1830,	18
1831,	41
1832,	48
1833,	44
1834,	42
1835,	44
1836,	10
1837,	46
1838,	42
1839,	51
1840,	39
1841,	34
1842,	52
1843,	25
1844,	46
1845,	34
1846,	51
1847,	40
1848,	39
1849,	39
1850,	44
1851,	29
1852,	37
1853,	36
1854,	28
1855,	40
1856,	37
1857,	39
1858,	50
1859,	49
1860,	17
1861,	38
1862,	65
1863,	38
1864,	59
1865,	45
1866,	46
1867,	46
1868,	35
1869,	40
1870,	44
1871,	40
1872,	40
1873,	13
1874,	19
1875,	55
1876,	35
1877,	33
1878,	20
1879,	41
1880,	45
1881,	37
1882,	34
1883,	28
1884,	32
1885,	48
1886,	36
1887,	23
1888,	32
1889,	45
1890,	15
1891,	34
1892,	36
1893,	29
1894,	32
1895,	44
1896,	60
1897,	41
1898,	62
1899,	37
1900,	51
1901,	39
1902,	29
1903,	27
1904,	54
1905,	41
1906,	50
1907,	55
1908,	36
1909,	24
1910,	52
1911,	28
1912,	37
1913,	34
1914,	69
1915,	55
1916,	32
1917,	38
1918,	49
1919,	15
1920,	50
1921,	53
1922,	60
1923,	37
1924,	44
1925,	51
1926,	42
1927,	44
1928,	23
1929,	27
1930,	40
1931,	48
1932,	34
1933,	46
1934,	43
1935,	43
1936,	44
1937,	35
1938,	53
1939,	50
1940,	57
1941,	47
1942,	49
1943,	44
1944,	29
1945,	34
1946,	19
1947,	38
1948,	55
1949,	56
1950,	15
1951,	9
1952,	63
1953,	29
1954,	60
1955,	35
1956,	48
1957,	35
1958,	36
1959,	29
1960,	32
1961,	33
1962,	43
1963,	35
1964,	38
1965,	22
1966,	47
1967,	36
1968,	55
1969,	25
1970,	32
1971,	45
1972,	2
1973,	57
1974,	43
1975,	39
1976,	40
1977,	25
1978,	27
1979,	40
1980,	38
1981,	38
1982,	32
1983,	30
1984,	31
1985,	37
1986,	5
1987,	46
1988,	48
1989,	27
1990,	43
1991,	27
1992,	37
1993,	30
1994,	37
1995,	42
1996,	42
1997,	44
1998,	49
1999,	24
2000,	37
2001,	54
2002,	62
2003,	36
2004,	47
2005,	29
2006,	53
2007,	61
2008,	39
2009,	28
2010,	41
2011,	53
2012,	55
2013,	41
2014,	49
2015,	47
2016,	43
2017,	41
2018,	39
2019,	31
2020,	43
2021,	54
2022,	46
2023,	42
2024,	47
2025,	34
2026,	44
2027,	60
2028,	47
2029,	47
2030,	58
2031,	65
2032,	44
2033,	51
2034,	54
2035,	51
2036,	64
2037,	50
2038,	47
2039,	22
2040,	39
2041,	29
2042,	42
2043,	22
2044,	35
2045,	53
2046,	52
2047,	55
2048,	37
2049,	48
2050,	30
2051,	33
2052,	42
2053,	36
2054,	46
2055,	48
2056,	40
2057,	53
2058,	14
2059,	49
2060,	42
2061,	28
2062,	53
2063,	42
2064,	40
2065,	39
2066,	23
2067,	26
2068,	59
2069,	51
2070,	34
2071,	32
2072,	53
2073,	24
2074,	60
2075,	45
2076,	66
2077,	40
2078,	45
2079,	47
2080,	67
2081,	58
2082,	36
2083,	45
2084,	59
2085,	64
2086,	44
2087,	57
2088,	55
2089,	38
2090,	28
2091,	46
2092,	42
2093,	60
2094,	45
2095,	25
2096,	45
2097,	13
2098,	52
2099,	37
2100,	42
2101,	10
2102,	48
2103,	29
2104,	18
2105,	49
2106,	59
2107,	45
2108,	58
2109,	55
2110,	50
2111,	30
2112,	32
2113,	46
2114,	38
2115,	48
2116,	50
2117,	43
2118,	47
2119,	51
2120,	54
2121,	26
2122,	47
2123,	35
2124,	36
2125,	53
2126,	40
2127,	46
2128,	50
2129,	41
2130,	52
2131,	38
2132,	44
2133,	49
2134,	27
2135,	40
2136,	64
2137,	46
2138,	48
2139,	41
2140,	13
2141,	54
2142,	46
2143,	41
2144,	44
2145,	46
2146,	34
2147,	34
2148,	52
2149,	69
2150,	18
2151,	17
2152,	40
2153,	37
2154,	60
2155,	54
2156,	44
2157,	28
2158,	55
2159,	45
2160,	16
2161,	60
2162,	43
2163,	58
2164,	49
2165,	33
2166,	38
2167,	56
2168,	36
2169,	38
2170,	41
2171,	33
2172,	45
2173,	43
2174,	46
2175,	55
2176,	43
2177,	40
2178,	46
2179,	36
2180,	53
2181,	39
2182,	49
2183,	49
2184,	29
2185,	31
2186,	39
2187,	47
2188,	35
2189,	48
2190,	41
2191,	51
2192,	36
2193,	48
2194,	56
2195,	59
2196,	38
2197,	36
2198,	54
2199,	47
2200,	48
2201,	47
2202,	48
2203,	31
2204,	20
2205,	45
2206,	49
2207,	49
2208,	41
2209,	44
2210,	57
2211,	33
2212,	55
2213,	78
2214,	36
2215,	20
2216,	52
2217,	47
2218,	44
2219,	50
2220,	46
2221,	47
2222,	56
2223,	48
2224,	56
2225,	61
2226,	55
2227,	58
2228,	38
2229,	50
2230,	55
2231,	49
2232,	35
2233,	50
2234,	52
2235,	47
2236,	41
2237,	54
2238,	52
2239,	64
2240,	49
2241,	18
2242,	53
2243,	33
2244,	58
2245,	22
2246,	64
2247,	53
2248,	49
2249,	47
2250,	51
2251,	43
2252,	52
2253,	30
2254,	0
2255,	28
2256,	56
2257,	52
2258,	59
2259,	49
2260,	51
2261,	40
2262,	37
2263,	51
2264,	39
2265,	57
2266,	30
2267,	32
2268,	52
2269,	61
2270,	62
2271,	52
2272,	58
2273,	51
2274,	48
2275,	27
2276,	29
2277,	59
2278,	41
2279,	46
2280,	36
2281,	61
2282,	29
2283,	50
2284,	67
2285,	45
2286,	12
2287,	59
2288,	52
2289,	52
2290,	45
2291,	47
2292,	25
2293,	53
2294,	44
2295,	50
2296,	46
2297,	59
2298,	1
2299,	53
2300,	42
2301,	47
2302,	37
2303,	30
2304,	54
2305,	35
2306,	62
2307,	63
2308,	37
2309,	55
2310,	37
2311,	50
2312,	51
2313,	54
2314,	38
2315,	57
2316,	53
2317,	38
2318,	62
2319,	27
2320,	48
2321,	46
2322,	41
2323,	48
2324,	50
2325,	57
2326,	42
2327,	63
2328,	57
2329,	43
2330,	5
2331,	65
2332,	49
2333,	43
2334,	37
2335,	61
2336,	42
2337,	41
2338,	62
2339,	37
2340,	15
2341,	46
2342,	57
2343,	65
2344,	52
2345,	67
2346,	49
2347,	56
2348,	13
2349,	63
2350,	46
2351,	51
2352,	46
2353,	11
2354,	48
2355,	69
2356,	56
2357,	58
2358,	20
2359,	31
2360,	64
2361,	60
2362,	56
2363,	49
2364,	55
2365,	38
2366,	55
2367,	37
2368,	56
2369,	39
2370,	40
2371,	48
2372,	50
2373,	54
2374,	33
2375,	19
2376,	46
2377,	64
2378,	51
2379,	48
2380,	50
2381,	62
2382,	41
2383,	51
2384,	55
2385,	37
2386,	45
2387,	26
2388,	50
2389,	46
2390,	52
2391,	41
2392,	57
2393,	52
2394,	43
2395,	65
2396,	34
2397,	50
2398,	44
2399,	38
2400,	54
2401,	44
2402,	51
2403,	61
2404,	62
2405,	31
2406,	46
2407,	54
2408,	62
2409,	58
2410,	43
2411,	54
2412,	47
2413,	39
2414,	58
2415,	57
2416,	51
2417,	61
2418,	52
2419,	49
2420,	47
2421,	64
2422,	54
2423,	68
2424,	57
2425,	52
2426,	32
2427,	58
2428,	51
2429,	61
2430,	53
2431,	57
2432,	60
2433,	43
2434,	17
2435,	72
2436,	66
2437,	39
2438,	35
2439,	58
2440,	42
2441,	43
2442,	44
2443,	38
2444,	48
2445,	58
2446,	65
2447,	52
2448,	52
2449,	23
2450,	16
2451,	40
2452,	48
2453,	56
2454,	52
2455,	62
2456,	51
2457,	50
2458,	50
2459,	47
2460,	56
2461,	55
2462,	76
2463,	57
2464,	56
2465,	58
2466,	47
2467,	62
2468,	33
2469,	43
2470,	48
2471,	27
2472,	62
2473,	41
2474,	55
2475,	54
2476,	63
2477,	65
2478,	57
2479,	70
2480,	68
2481,	70
2482,	46
2483,	56
2484,	53
2485,	70
2486,	40
2487,	51
2488,	56
2489,	39
2490,	33
2491,	57
2492,	63
2493,	34
2494,	54
2495,	13
2496,	63
2497,	53
2498,	56
2499,	64
2500,	36
2501,	55
2502,	59
2503,	45
2504,	7
2505,	60
2506,	57
2507,	38
2508,	21
2509,	39
2510,	63
2511,	41
2512,	55
2513,	64
2514,	55
2515,	33
2516,	49
2517,	40
2518,	54
2519,	11
2520,	51
2521,	71
2522,	60
2523,	58
2524,	61
2525,	47
2526,	41
2527,	66
2528,	40
2529,	42
2530,	42
2531,	61
2532,	33
2533,	50
2534,	31
2535,	57
2536,	62
2537,	53
2538,	62
2539,	65
2540,	61
2541,	65
2542,	57
2543,	68
2544,	32
2545,	58
2546,	27
2547,	65
2548,	54
2549,	48
2550,	54
2551,	42
2552,	55
2553,	65
2554,	43
2555,	65
2556,	59
2557,	13
2558,	46
2559,	62
2560,	68
2561,	30
2562,	53
2563,	73
2564,	58
2565,	61
2566,	65
2567,	64
2568,	42
2569,	60
2570,	57
2571,	62
2572,	33
2573,	45
2574,	53
2575,	64
2576,	61
2577,	31
2578,	72
2579,	53
2580,	60
2581,	61
2582,	53
2583,	53
2584,	69
2585,	64
2586,	49
2587,	48
2588,	63
2589,	33
2590,	68
2591,	55
2592,	45
2593,	52
2594,	51
2595,	51
2596,	74
2597,	54
2598,	57
2599,	59
2600,	57
2601,	66
2602,	45
2603,	64
2604,	46
2605,	59
2606,	70
2607,	44
2608,	60
2609,	56
2610,	60
2611,	20
2612,	27
2613,	56
2614,	49
2615,	54
2616,	42
2617,	0
2618,	59
2619,	62
2620,	18
2621,	51
2622,	57
2623,	56
2624,	22
2625,	62
2626,	43
2627,	41
2628,	11
2629,	75
2630,	58
2631,	63
2632,	58
2633,	52
2634,	46
2635,	66
2636,	57
2637,	55
2638,	58
2639,	59
2640,	44
2641,	48
2642,	50
2643,	53
2644,	62
2645,	53
2646,	56
2647,	52
2648,	66
2649,	49
2650,	44
2651,	10
2652,	56
2653,	9
2654,	41
2655,	67
2656,	48
2657,	57
2658,	13
2659,	58
2660,	45
2661,	55
2662,	63
2663,	60
2664,	47
2665,	68
2666,	44
2667,	58
2668,	56
2669,	39
2670,	62
2671,	41
2672,	68
2673,	66
2674,	64
2675,	66
2676,	24
2677,	57
2678,	61
2679,	36
2680,	58
2681,	56
2682,	54
2683,	62
2684,	75
2685,	54
2686,	66
2687,	28
2688,	63
2689,	60
2690,	59
2691,	30
2692,	11
2693,	68
2694,	50
2695,	51
2696,	53
2697,	47
2698,	73
2699,	63
2700,	66
2701,	53
2702,	38
2703,	65
2704,	62
2705,	59
2706,	44
2707,	64
2708,	70
2709,	70
2710,	67
2711,	32
2712,	63
2713,	74
2714,	49
2715,	49
2716,	70
2717,	57
2718,	3
2719,	63
2720,	30
2721,	58
2722,	52
2723,	67
2724,	57
2725,	78
2726,	54
2727,	65
2728,	35
2729,	56
2730,	59
2731,	63
2732,	45
2733,	50
2734,	63
2735,	20
2736,	71
2737,	54
2738,	53
2739,	22
2740,	55
2741,	62
2742,	63
2743,	61
2744,	60
2745,	49
2746,	57
2747,	71
2748,	61
2749,	60
2750,	65
2751,	57
2752,	39
2753,	51
2754,	39
2755,	37
2756,	51
2757,	43
2758,	54
2759,	40
2760,	58
2761,	48
2762,	59
2763,	49
2764,	46
2765,	43
2766,	54
2767,	58
2768,	47
2769,	58
2770,	56
2771,	34
2772,	62
2773,	68
2774,	67
2775,	45
2776,	61
2777,	31
2778,	55
2779,	61
2780,	63
2781,	48
2782,	74
2783,	25
2784,	57
2785,	51
2786,	60
2787,	53
2788,	34
2789,	52
2790,	39
2791,	60
2792,	69
2793,	71
2794,	60
2795,	64
2796,	24
2797,	69
2798,	11
2799,	66
2800,	47
2801,	67
2802,	54
2803,	61
2804,	68
2805,	32
2806,	74
2807,	28
2808,	64
2809,	66
2810,	78
2811,	65
2812,	63
2813,	41
2814,	47
2815,	38
2816,	61
2817,	59
2818,	72
2819,	47
2820,	53
2821,	63
2822,	27
2823,	67
2824,	78
2825,	65
2826,	64
2827,	53
2828,	63
2829,	43
2830,	61
2831,	67
2832,	69
2833,	66
2834,	55
2835,	55
2836,	59
2837,	40
2838,	67
2839,	63
2840,	69
2841,	64
2842,	28
2843,	59
2844,	57
2845,	49
2846,	49
2847,	60
2848,	64
2849,	20
2850,	50
2851,	45
2852,	61
2853,	62
2854,	63
2855,	56
2856,	65
2857,	49
2858,	49
2859,	64
2860,	68
2861,	40
2862,	76
2863,	67
2864,	45
2865,	72
2866,	36
2867,	68
2868,	70
2869,	51
2870,	56
2871,	67
2872,	75
2873,	26
2874,	65
2875,	67
2876,	42
2877,	51
2878,	51
2879,	67
2880,	57
2881,	70
2882,	54
2883,	15
2884,	46
2885,	70
2886,	33
2887,	65
2888,	62
2889,	67
2890,	63
2891,	60
2892,	69
2893,	62
2894,	42
2895,	76
2896,	69
2897,	3
2898,	49
2899,	51
2900,	58
2901,	63
2902,	67
2903,	64
2904,	55
2905,	67
2906,	35
2907,	58
2908,	60
2909,	72
2910,	41
2911,	64
2912,	60
2913,	69
2914,	68
2915,	27
2916,	53
2917,	80
2918,	60
2919,	66
2920,	42
2921,	39
2922,	71
2923,	72
2924,	49
2925,	80
2926,	72
2927,	18
2928,	68
2929,	27
2930,	68
2931,	14
2932,	75
2933,	65
2934,	56
2935,	61
2936,	76
2937,	39
2938,	66
2939,	60
2940,	73
2941,	52
2942,	65
2943,	77
2944,	62
2945,	73
2946,	71
2947,	71
2948,	72
2949,	44
2950,	68
2951,	65
2952,	80
2953,	75
2954,	65
2955,	66
2956,	55
2957,	76
2958,	59
2959,	76
2960,	75
2961,	49
2962,	68
2963,	54
2964,	79
2965,	65
2966,	70
2967,	53
2968,	68
2969,	64
2970,	73
2971,	50
2972,	69
2973,	59
2974,	73
2975,	75
2976,	61
2977,	50
2978,	73
2979,	69
2980,	27
2981,	73
2982,	66
2983,	72
2984,	71
2985,	51
2986,	70
2987,	66
2988,	58
2989,	44
2990,	50
2991,	23
2992,	71
2993,	71
2994,	61
2995,	73
2996,	69
2997,	57
2998,	70
2999,	50
3000,	56
3001,	59
3002,	60
3003,	79
3004,	74
3005,	66
3006,	71
3007,	45
3008,	25
3009,	71
3010,	65
3011,	60
3012,	73
3013,	58
3014,	68
3015,	62
3016,	66
3017,	61
3018,	70
3019,	67
3020,	50
3021,	67
3022,	66
3023,	60
3024,	69
3025,	67
3026,	74
3027,	68
3028,	77
3029,	73
3030,	65
3031,	4
3032,	49
3033,	68
3034,	69
3035,	56
3036,	34
3037,	72
3038,	68
3039,	33
3040,	68
3041,	74
3042,	57
3043,	65
3044,	59
3045,	14
3046,	72
3047,	79
3048,	66
3049,	48
3050,	57
3051,	52
3052,	44
3053,	68
3054,	73
3055,	71
3056,	58
3057,	72
3058,	76
3059,	71
3060,	45
3061,	75
3062,	64
3063,	56
3064,	52
3065,	70
3066,	68
3067,	73
3068,	67
3069,	59
3070,	0
3071,	66
3072,	68
3073,	64
3074,	67
3075,	47
3076,	74
3077,	71
3078,	75
3079,	76
3080,	73
3081,	33
3082,	74
3083,	54
3084,	74
3085,	63
3086,	0
3087,	75
3088,	70
3089,	77
3090,	61
3091,	76
3092,	40
3093,	71
3094,	47
3095,	58
3096,	77
3097,	57
3098,	40
3099,	61
3100,	71
3101,	48
3102,	70
3103,	61
3104,	70
3105,	59
3106,	69
3107,	51
3108,	61
3109,	47
3110,	72
3111,	77
3112,	73
3113,	66
3114,	74
3115,	38
3116,	58
3117,	75
3118,	74
3119,	78
3120,	72
3121,	63
3122,	64
3123,	60
3124,	76
3125,	72
3126,	67
3127,	71
3128,	43
3129,	77
3130,	71
3131,	59
3132,	55
3133,	74
3134,	44
3135,	50
3136,	70
3137,	74
3138,	79
3139,	64
3140,	80
3141,	68
3142,	58
3143,	69
3144,	24
3145,	59
3146,	55
3147,	0
3148,	70
3149,	81
3150,	65
3151,	72
3152,	72
3153,	51
3154,	73
3155,	66
3156,	47
3157,	0
3158,	51
3159,	73
3160,	79
3161,	14
3162,	69
3163,	74
3164,	73
3165,	66
3166,	67
3167,	62
3168,	46
3169,	63
3170,	64
3171,	46
3172,	63
3173,	51
3174,	64
3175,	0
3176,	70
3177,	71
3178,	77
3179,	62
3180,	66
3181,	70
3182,	79
3183,	50
3184,	69
3185,	80
3186,	0
3187,	68
3188,	60
3189,	71
3190,	53
3191,	72
3192,	69
3193,	47
3194,	78
3195,	62
3196,	0
3197,	79
3198,	79
3199,	61
3200,	0
3201,	75
3202,	52
3203,	42
3204,	77
3205,	69
3206,	65
3207,	48
3208,	0
3209,	0
3210,	72
3211,	37
3212,	67
3213,	59
3214,	65
3215,	80
3216,	59
3217,	21
3218,	55
3219,	74
3220,	56
3221,	74
3222,	44
3223,	69
3224,	76
3225,	67
3226,	77
3227,	69
3228,	66
3229,	0
3230,	62
3231,	0
3232,	70
3233,	78
3234,	72
3235,	67
3236,	58
3237,	77
3238,	0
3239,	64
3240,	64
3241,	77
3242,	69
3243,	68
3244,	77
3245,	78
3246,	77
3247,	73
3248,	62
3249,	68
3250,	81
3251,	81
3252,	71
3253,	51
3254,	0
3255,	0
3256,	46
3257,	75
3258,	67
3259,	73
3260,	78
3261,	70
3262,	0
3263,	73
3264,	64
3265,	0
3266,	75
3267,	74
3268,	61
3269,	65
3270,	0
3271,	62
3272,	65
3273,	69
3274,	72
3275,	0
3276,	70
3277,	67
3278,	78
3279,	59
3280,	47
3281,	70
3282,	79
3283,	63
3284,	49
3285,	61
3286,	72
3287,	73
3288,	0
3289,	80
3290,	67
3291,	78
3292,	76
3293,	78
3294,	48
3295,	0
3296,	58
3297,	61
3298,	68
3299,	67
3300,	75
3301,	78
3302,	63
3303,	60
3304,	72
3305,	49
3306,	79
3307,	79
3308,	51
3309,	80
3310,	0
3311,	0
3312,	0
3313,	61
3314,	75
3315,	52
3316,	73
3317,	76
3318,	58
3319,	72
3320,	25
3321,	70
3322,	0
3323,	81
3324,	73
3325,	41
3326,	56
3327,	0
3328,	67
3329,	81
3330,	0
3331,	75
3332,	79
3333,	44
3334,	62
3335,	79
3336,	69
3337,	74
3338,	72
3339,	81
3340,	72
3341,	75
3342,	56
3343,	69
3344,	66
3345,	54
3346,	43
3347,	68
3348,	76
3349,	78
3350,	80
3351,	62
3352,	78
3353,	33
3354,	70
3355,	79
3356,	75
3357,	74
3358,	79
3359,	57
3360,	46
3361,	68
3362,	66
3363,	77
3364,	77
3365,	40
3366,	81
3367,	80
3368,	63
3369,	23
3370,	77
3371,	76
3372,	77
3373,	59
3374,	76
3375,	66
3376,	76
3377,	48
3378,	0
3379,	0
3380,	81
3381,	80
3382,	65
3383,	0
3384,	69
3385,	80
3386,	30
3387,	60
3388,	0
3389,	81
3390,	61
3391,	63
3392,	63
3393,	71
3394,	27
3395,	40
3396,	67
3397,	75
3398,	75
3399,	61
3400,	68
3401,	69
3402,	66
3403,	63
3404,	79
3405,	63
3406,	63
3407,	71
3408,	79
3409,	60
3410,	68
3411,	77
3412,	71
3413,	80
3414,	69
3415,	79
3416,	72
3417,	0
3418,	73
3419,	54
3420,	64
3421,	81
3422,	53
3423,	76
3424,	80
3425,	71
3426,	79
3427,	0
3428,	63
3429,	71
3430,	75
3431,	81
3432,	65
3433,	66
3434,	78
3435,	0
3436,	0
3437,	6
3438,	32
3439,	0
3440,	71
3441,	60
3442,	63
3443,	76
3444,	0
3445,	70
3446,	0
3447,	0
3448,	52
3449,	52
3450,	78
3451,	0
3452,	73
3453,	72
3454,	75
3455,	73
3456,	78
3457,	80
3458,	30
3459,	77
3460,	44
3461,	69
3462,	0
3463,	41
3464,	0
3465,	66
3466,	8
3467,	0
3468,	0
3469,	52
3470,	77
3471,	72
3472,	71
3473,	24
3474,	58
3475,	78
3476,	45
3477,	76
3478,	74
3479,	0
3480,	80
3481,	79
3482,	57
3483,	55
3484,	0
3485,	0
3486,	81
3487,	0
3488,	0
3489,	79
3490,	0
3491,	78
3492,	66
3493,	50
3494,	73
3495,	0
3496,	77
3497,	81
3498,	77
3499,	0
3500,	14
3501,	0
3502,	73
3503,	0
3504,	0
3505,	64
3506,	70
3507,	81
3508,	53
3509,	48
3510,	74
3511,	0
3512,	50
3513,	81
3514,	79
3515,	75
3516,	73
3517,	59
3518,	74
3519,	0
3520,	73
3521,	0
3522,	76
3523,	81
3524,	74
3525,	74
3526,	78
3527,	0
3528,	0
3529,	33
3530,	0
3531,	71
3532,	71
3533,	63
3534,	0
3535,	66
3536,	0
3537,	0
3538,	0
3539,	77
3540,	57
3541,	0
3542,	69
3543,	76
3544,	30
3545,	71
3546,	81
3547,	76
3548,	71
3549,	0
3550,	58
3551,	0
3552,	0
3553,	35
3554,	71
3555,	56
3556,	81
3557,	79
3558,	0
3559,	0
3560,	51
3561,	48
3562,	72
3563,	71
3564,	64
3565,	80
3566,	80
3567,	72
3568,	73
3569,	0
3570,	60
3571,	72
3572,	79
3573,	0
3574,	50
3575,	18
3576,	66
3577,	56
3578,	59
3579,	0
3580,	77
3581,	57
3582,	0
3583,	69
3584,	0
3585,	56
3586,	74
3587,	76
3588,	0
3589,	0
3590,	0
3591,	0
3592,	75
3593,	77
3594,	81
3595,	0
3596,	73
3597,	51
3598,	0
3599,	0
3600,	0
3601,	75
3602,	30
3603,	77
3604,	0
3605,	74
3606,	80
3607,	70
3608,	54
3609,	69
3610,	0
3611,	79
3612,	0
3613,	0
3614,	72
3615,	0
3616,	7
3617,	0
3618,	0
3619,	0
3620,	61
3621,	53
3622,	79
3623,	78
3624,	0
3625,	0
3626,	0
3627,	0
3628,	46
3629,	0
3630,	71
3631,	0
3632,	0
3633,	0
3634,	73
3635,	0
3636,	0
3637,	0
3638,	0
3639,	0
3640,	0
3641,	52
3642,	0
3643,	49
3644,	81
3645,	0
3646,	0
3647,	78
3648,	0
3649,	75
3650,	81
3651,	70
3652,	67
3653,	0
3654,	0
3655,	0
3656,	0
3657,	54
3658,	0
3659,	72
3660,	0
3661,	0
3662,	72
3663,	75
3664,	0
3665,	0
3666,	0
3667,	74
3668,	0
3669,	72
3670,	64
3671,	0
3672,	0
3673,	76
3674,	77
3675,	0
3676,	0
3677,	0
3678,	56
3679,	0
3680,	11
3681,	67
3682,	81
3683,	0
3684,	73
3685,	77
3686,	0
3687,	34
3688,	80
3689,	0
3690,	76
3691,	76
3692,	0
3693,	81
3694,	0
3695,	65
3696,	70
3697,	74
3698,	0
3699,	52
3700,	80
3701,	0
3702,	0
3703,	77
3704,	0
3705,	81
3706,	0
3707,	0
3708,	59
3709,	80
3710,	64
3711,	78
3712,	0
3713,	0
3714,	0
3715,	0
3716,	0
3717,	81
3718,	0
3719,	74
3720,	0
3721,	56
3722,	0
3723,	0
3724,	0
3725,	58
3726,	48
3727,	0
3728,	0
3729,	0
3730,	0
3731,	0
3732,	64
3733,	0
3734,	69
3735,	71
3736,	67
3737,	48
3738,	0
3739,	0
3740,	80
3741,	80
3742,	0
3743,	0
3744,	0
3745,	0
3746,	53
3747,	0
3748,	0
3749,	0
3750,	0
3751,	0
3752,	52
3753,	77
3754,	0
3755,	65
3756,	0
3757,	0
3758,	57
3759,	0
3760,	75
3761,	76
3762,	66
3763,	74
3764,	12
3765,	0
3766,	78
3767,	0
3768,	0
3769,	0
3770,	65
3771,	62
3772,	34
3773,	0
3774,	76
3775,	0
3776,	0
3777,	0
3778,	0
3779,	0
3780,	0
3781,	0
3782,	70
3783,	80
3784,	66
3785,	76
3786,	0
3787,	0
3788,	0
3789,	0
3790,	0
3791,	0
3792,	66
3793,	60
3794,	70
3795,	60
3796,	0
3797,	0
3798,	0
3799,	0
3800,	21
3801,	78
3802,	0
3803,	0
3804,	0
3805,	0
3806,	67
3807,	62
3808,	58
3809,	0
3810,	61
3811,	48
3812,	0
3813,	0
3814,	58
3815,	69
3816,	0
3817,	0
3818,	0
3819,	50
3820,	0
3821,	62
3822,	55
3823,	0
3824,	76
3825,	59
3826,	74
3827,	61
3828,	36
3829,	0
3830,	73
3831,	32
3832,	0
3833,	0
3834,	28
3835,	76
3836,	0
3837,	80
3838,	0
3839,	0
3840,	0
3841,	78
3842,	0
3843,	0
3844,	0
3845,	0
3846,	0
3847,	74
3848,	0
3849,	0
3850,	0
3851,	0
3852,	0
3853,	80
3854,	57
3855,	80
3856,	0
3857,	0
3858,	0
3859,	72
3860,	0
3861,	0
3862,	57
3863,	75
3864,	0
3865,	0
3866,	0
3867,	35
3868,	68
3869,	0
3870,	0
3871,	0
3872,	0
3873,	67
3874,	79
3875,	0
3876,	0
3877,	76
3878,	0
3879,	81
3880,	0
3881,	79
3882,	0
3883,	0
3884,	0
3885,	0
3886,	0
3887,	0
3888,	0
3889,	75
3890,	0
3891,	0
3892,	0
3893,	0
3894,	68
3895,	51
3896,	0
3897,	77
3898,	0
3899,	0
3900,	0
3901,	0
3902,	79
3903,	0
3904,	74
3905,	80
3906,	0
3907,	0
3908,	0
3909,	0
3910,	0
3911,	70
3912,	78
3913,	0
3914,	0
3915,	0
3916,	0
3917,	74
3918,	70
3919,	0
3920,	62
3921,	78
3922,	68
3923,	75
3924,	77
3925,	78
3926,	0
3927,	0
3928,	38
3929,	0
3930,	77
3931,	72
3932,	0
3933,	0
3934,	79
3935,	0
3936,	0
3937,	0
3938,	0
3939,	0
3940,	0
3941,	81
3942,	0
3943,	0
3944,	0
3945,	0
3946,	0
3947,	72
3948,	64
3949,	0
3950,	0
3951,	78
3952,	0
3953,	0
3954,	64
3955,	0
3956,	0
3957,	0
3958,	0
3959,	0
3960,	0
3961,	0
3962,	0
3963,	0
3964,	0
3965,	0
3966,	0
3967,	0
3968,	0
3969,	0
3970,	0
3971,	0
3972,	0
3973,	0
3974,	0
3975,	0
3976,	57
3977,	58
3978,	0
3979,	76
3980,	0
3981,	0
3982,	0
3983,	72
3984,	0
3985,	80
3986,	0
3987,	81
3988,	0
3989,	0
3990,	0
3991,	0
3992,	0
3993,	80
3994,	0
3995,	0
3996,	79
3997,	0
3998,	0
3999,	0
