Instance: /home/gabriel/Documents/ufrgs/courses/oc/trab/instances/cmb01
Vertices: 500
Colors: 12
NumIterations: 1
Alpha: 0.650000
Is Factible?: false
Conflicts: 5
Solution Value: 161530.796875
Vertex,	Color
0,	3
1,	3
2,	4
3,	2
4,	4
5,	6
6,	0
7,	1
8,	1
9,	0
10,	1
11,	2
12,	2
13,	0
14,	2
15,	0
16,	6
17,	2
18,	2
19,	2
20,	5
21,	1
22,	6
23,	6
24,	0
25,	2
26,	6
27,	6
28,	2
29,	0
30,	2
31,	1
32,	1
33,	0
34,	0
35,	2
36,	1
37,	3
38,	3
39,	7
40,	1
41,	0
42,	5
43,	7
44,	0
45,	1
46,	1
47,	4
48,	2
49,	5
50,	0
51,	1
52,	2
53,	3
54,	2
55,	1
56,	4
57,	0
58,	5
59,	1
60,	1
61,	0
62,	3
63,	1
64,	0
65,	4
66,	2
67,	3
68,	7
69,	2
70,	0
71,	0
72,	0
73,	1
74,	7
75,	8
76,	5
77,	3
78,	2
79,	1
80,	5
81,	5
82,	8
83,	6
84,	3
85,	9
86,	3
87,	1
88,	2
89,	1
90,	0
91,	6
92,	0
93,	5
94,	6
95,	2
96,	4
97,	1
98,	3
99,	5
100,	4
101,	3
102,	1
103,	1
104,	1
105,	3
106,	8
107,	3
108,	0
109,	0
110,	4
111,	11
112,	2
113,	9
114,	6
115,	0
116,	0
117,	1
118,	1
119,	3
120,	0
121,	2
122,	4
123,	3
124,	4
125,	5
126,	2
127,	7
128,	0
129,	1
130,	1
131,	3
132,	8
133,	0
134,	1
135,	1
136,	0
137,	3
138,	0
139,	1
140,	0
141,	1
142,	6
143,	0
144,	0
145,	1
146,	3
147,	5
148,	4
149,	2
150,	4
151,	4
152,	1
153,	0
154,	2
155,	5
156,	5
157,	2
158,	0
159,	2
160,	1
161,	1
162,	4
163,	5
164,	3
165,	0
166,	0
167,	0
168,	1
169,	2
170,	7
171,	5
172,	0
173,	0
174,	2
175,	2
176,	1
177,	2
178,	4
179,	5
180,	7
181,	2
182,	10
183,	4
184,	4
185,	6
186,	0
187,	0
188,	0
189,	3
190,	8
191,	6
192,	0
193,	3
194,	1
195,	6
196,	0
197,	3
198,	7
199,	2
200,	0
201,	1
202,	2
203,	4
204,	6
205,	2
206,	1
207,	3
208,	0
209,	7
210,	3
211,	3
212,	10
213,	2
214,	7
215,	4
216,	3
217,	4
218,	5
219,	10
220,	3
221,	0
222,	5
223,	4
224,	3
225,	2
226,	4
227,	2
228,	1
229,	7
230,	0
231,	3
232,	1
233,	3
234,	0
235,	4
236,	6
237,	4
238,	3
239,	1
240,	1
241,	3
242,	3
243,	3
244,	0
245,	3
246,	0
247,	5
248,	6
249,	3
250,	2
251,	7
252,	6
253,	7
254,	11
255,	3
256,	3
257,	1
258,	3
259,	2
260,	3
261,	2
262,	5
263,	9
264,	5
265,	0
266,	3
267,	6
268,	4
269,	9
270,	8
271,	8
272,	4
273,	5
274,	7
275,	1
276,	9
277,	2
278,	5
279,	2
280,	3
281,	4
282,	8
283,	6
284,	5
285,	4
286,	3
287,	4
288,	2
289,	1
290,	7
291,	2
292,	5
293,	8
294,	6
295,	3
296,	5
297,	3
298,	1
299,	0
300,	2
301,	3
302,	6
303,	4
304,	1
305,	4
306,	3
307,	6
308,	2
309,	6
310,	7
311,	5
312,	3
313,	8
314,	3
315,	7
316,	4
317,	3
318,	3
319,	4
320,	5
321,	8
322,	8
323,	7
324,	7
325,	4
326,	0
327,	6
328,	5
329,	7
330,	1
331,	5
332,	6
333,	7
334,	7
335,	2
336,	3
337,	10
338,	4
339,	5
340,	6
341,	8
342,	4
343,	1
344,	2
345,	8
346,	9
347,	10
348,	6
349,	6
350,	4
351,	2
352,	11
353,	8
354,	4
355,	5
356,	6
357,	9
358,	6
359,	2
360,	7
361,	4
362,	1
363,	6
364,	7
365,	8
366,	7
367,	6
368,	8
369,	6
370,	7
371,	0
372,	5
373,	5
374,	5
375,	7
376,	3
377,	6
378,	5
379,	7
380,	8
381,	2
382,	1
383,	2
384,	4
385,	7
386,	2
387,	5
388,	7
389,	7
390,	8
391,	4
392,	2
393,	7
394,	8
395,	4
396,	9
397,	9
398,	4
399,	9
400,	8
401,	0
402,	9
403,	5
404,	4
405,	9
406,	9
407,	6
408,	0
409,	5
410,	8
411,	2
412,	3
413,	6
414,	10
415,	5
416,	9
417,	0
418,	10
419,	5
420,	10
421,	6
422,	5
423,	6
424,	9
425,	7
426,	11
427,	7
428,	0
429,	8
430,	9
431,	10
432,	10
433,	4
434,	7
435,	9
436,	7
437,	6
438,	7
439,	10
440,	0
441,	8
442,	11
443,	2
444,	4
445,	8
446,	10
447,	6
448,	4
449,	10
450,	2
451,	8
452,	7
453,	10
454,	4
455,	4
456,	9
457,	0
458,	10
459,	11
460,	9
461,	5
462,	7
463,	7
464,	8
465,	3
466,	9
467,	3
468,	10
469,	4
470,	8
471,	8
472,	8
473,	2
474,	10
475,	9
476,	9
477,	2
478,	7
479,	11
480,	6
481,	2
482,	11
483,	6
484,	9
485,	8
486,	3
487,	4
488,	7
489,	1
490,	4
491,	6
492,	0
493,	11
494,	5
495,	2
496,	11
497,	9
498,	5
499,	4
