Instance: /home/gabriel/Documents/ufrgs/courses/oc/trab/instances/cmb01
Vertices: 500
Colors: 12
NumIterations: 1000
Alpha: 0.250000
Is Factible?: false
Conflicts: 2
Solution Value: 171967.953125
Vertex,	Color
0,	5
1,	0
2,	4
3,	1
4,	4
5,	1
6,	4
7,	6
8,	2
9,	1
10,	6
11,	0
12,	2
13,	3
14,	3
15,	3
16,	2
17,	0
18,	2
19,	2
20,	7
21,	1
22,	4
23,	3
24,	3
25,	5
26,	7
27,	0
28,	2
29,	0
30,	0
31,	0
32,	5
33,	6
34,	4
35,	7
36,	7
37,	4
38,	5
39,	10
40,	3
41,	2
42,	7
43,	2
44,	0
45,	9
46,	2
47,	6
48,	6
49,	4
50,	6
51,	9
52,	4
53,	3
54,	8
55,	6
56,	4
57,	3
58,	2
59,	0
60,	4
61,	3
62,	2
63,	1
64,	5
65,	7
66,	0
67,	5
68,	8
69,	2
70,	9
71,	3
72,	1
73,	4
74,	0
75,	7
76,	1
77,	8
78,	2
79,	10
80,	0
81,	3
82,	3
83,	1
84,	0
85,	3
86,	0
87,	3
88,	0
89,	11
90,	1
91,	0
92,	7
93,	3
94,	9
95,	6
96,	0
97,	6
98,	11
99,	7
100,	6
101,	1
102,	7
103,	2
104,	1
105,	4
106,	0
107,	3
108,	1
109,	5
110,	0
111,	7
112,	9
113,	4
114,	1
115,	10
116,	2
117,	5
118,	0
119,	7
120,	0
121,	11
122,	7
123,	4
124,	10
125,	8
126,	0
127,	5
128,	1
129,	6
130,	5
131,	3
132,	7
133,	4
134,	8
135,	6
136,	2
137,	0
138,	4
139,	1
140,	1
141,	5
142,	2
143,	5
144,	7
145,	3
146,	1
147,	5
148,	3
149,	4
150,	2
151,	10
152,	7
153,	3
154,	5
155,	1
156,	4
157,	2
158,	3
159,	1
160,	5
161,	6
162,	5
163,	2
164,	5
165,	1
166,	1
167,	5
168,	1
169,	1
170,	4
171,	2
172,	3
173,	8
174,	0
175,	3
176,	0
177,	1
178,	8
179,	9
180,	3
181,	2
182,	8
183,	0
184,	7
185,	8
186,	7
187,	1
188,	3
189,	3
190,	6
191,	1
192,	1
193,	3
194,	2
195,	8
196,	0
197,	5
198,	8
199,	2
200,	0
201,	0
202,	6
203,	6
204,	0
205,	2
206,	3
207,	1
208,	2
209,	2
210,	1
211,	0
212,	6
213,	4
214,	6
215,	4
216,	1
217,	8
218,	3
219,	3
220,	1
221,	4
222,	7
223,	3
224,	0
225,	1
226,	5
227,	7
228,	7
229,	4
230,	5
231,	5
232,	0
233,	1
234,	1
235,	9
236,	10
237,	3
238,	3
239,	7
240,	3
241,	1
242,	1
243,	1
244,	8
245,	2
246,	3
247,	9
248,	2
249,	0
250,	1
251,	2
252,	4
253,	3
254,	5
255,	1
256,	8
257,	2
258,	5
259,	1
260,	1
261,	2
262,	6
263,	10
264,	1
265,	3
266,	4
267,	2
268,	10
269,	1
270,	2
271,	5
272,	6
273,	7
274,	5
275,	0
276,	4
277,	5
278,	0
279,	0
280,	1
281,	2
282,	6
283,	0
284,	9
285,	1
286,	1
287,	3
288,	2
289,	4
290,	1
291,	2
292,	5
293,	0
294,	4
295,	4
296,	1
297,	1
298,	0
299,	0
300,	1
301,	0
302,	6
303,	3
304,	3
305,	1
306,	0
307,	0
308,	1
309,	4
310,	2
311,	5
312,	4
313,	5
314,	1
315,	4
316,	10
317,	0
318,	3
319,	6
320,	4
321,	9
322,	2
323,	5
324,	0
325,	1
326,	4
327,	2
328,	6
329,	7
330,	0
331,	3
332,	7
333,	3
334,	4
335,	1
336,	1
337,	2
338,	7
339,	2
340,	6
341,	3
342,	2
343,	0
344,	4
345,	5
346,	5
347,	11
348,	4
349,	3
350,	6
351,	4
352,	0
353,	7
354,	2
355,	2
356,	0
357,	3
358,	4
359,	6
360,	7
361,	0
362,	0
363,	4
364,	5
365,	10
366,	0
367,	1
368,	1
369,	4
370,	5
371,	4
372,	0
373,	4
374,	2
375,	2
376,	5
377,	9
378,	5
379,	3
380,	3
381,	2
382,	3
383,	2
384,	6
385,	1
386,	8
387,	9
388,	4
389,	6
390,	9
391,	2
392,	1
393,	11
394,	6
395,	0
396,	10
397,	7
398,	0
399,	8
400,	4
401,	6
402,	10
403,	5
404,	0
405,	4
406,	3
407,	1
408,	11
409,	9
410,	5
411,	0
412,	5
413,	5
414,	6
415,	9
416,	8
417,	2
418,	11
419,	6
420,	10
421,	3
422,	6
423,	7
424,	6
425,	4
426,	8
427,	3
428,	0
429,	5
430,	8
431,	5
432,	5
433,	4
434,	3
435,	6
436,	4
437,	3
438,	8
439,	8
440,	3
441,	7
442,	7
443,	6
444,	2
445,	9
446,	8
447,	2
448,	2
449,	0
450,	8
451,	3
452,	7
453,	9
454,	4
455,	6
456,	8
457,	9
458,	9
459,	0
460,	10
461,	7
462,	0
463,	7
464,	5
465,	7
466,	9
467,	4
468,	9
469,	3
470,	3
471,	9
472,	6
473,	1
474,	3
475,	10
476,	0
477,	2
478,	3
479,	8
480,	8
481,	3
482,	10
483,	4
484,	7
485,	6
486,	9
487,	8
488,	7
489,	5
490,	4
491,	8
492,	11
493,	4
494,	9
495,	6
496,	9
497,	7
498,	6
499,	3
