Instance: /home/gabriel/Documents/ufrgs/courses/oc/trab/instances/cmb01
Vertices: 500
Colors: 12
NumIterations: 1000
Alpha: 0.850000
Is Factible?: false
Conflicts: 2
Solution Value: 152834.234375
Vertex,	Color
0,	1
1,	2
2,	0
3,	0
4,	5
5,	0
6,	1
7,	1
8,	0
9,	0
10,	2
11,	3
12,	0
13,	2
14,	5
15,	1
16,	2
17,	2
18,	2
19,	0
20,	0
21,	0
22,	2
23,	3
24,	1
25,	2
26,	1
27,	5
28,	1
29,	1
30,	0
31,	0
32,	2
33,	0
34,	3
35,	1
36,	0
37,	0
38,	2
39,	1
40,	2
41,	4
42,	0
43,	2
44,	1
45,	0
46,	0
47,	4
48,	3
49,	1
50,	0
51,	2
52,	3
53,	2
54,	0
55,	0
56,	2
57,	2
58,	4
59,	1
60,	2
61,	2
62,	0
63,	0
64,	1
65,	3
66,	1
67,	3
68,	4
69,	3
70,	1
71,	2
72,	0
73,	2
74,	5
75,	0
76,	0
77,	7
78,	1
79,	6
80,	1
81,	0
82,	3
83,	0
84,	1
85,	0
86,	1
87,	1
88,	3
89,	3
90,	1
91,	5
92,	2
93,	0
94,	1
95,	3
96,	3
97,	3
98,	3
99,	2
100,	5
101,	0
102,	1
103,	6
104,	0
105,	2
106,	3
107,	2
108,	0
109,	3
110,	1
111,	4
112,	0
113,	5
114,	2
115,	1
116,	1
117,	11
118,	3
119,	3
120,	1
121,	4
122,	5
123,	0
124,	0
125,	0
126,	2
127,	1
128,	0
129,	5
130,	0
131,	2
132,	2
133,	3
134,	2
135,	1
136,	3
137,	9
138,	1
139,	1
140,	1
141,	3
142,	1
143,	3
144,	3
145,	1
146,	4
147,	4
148,	8
149,	2
150,	4
151,	6
152,	2
153,	2
154,	4
155,	2
156,	1
157,	0
158,	3
159,	4
160,	3
161,	8
162,	7
163,	5
164,	6
165,	6
166,	0
167,	2
168,	1
169,	3
170,	5
171,	2
172,	1
173,	1
174,	1
175,	3
176,	2
177,	5
178,	5
179,	4
180,	4
181,	4
182,	6
183,	5
184,	2
185,	4
186,	3
187,	1
188,	2
189,	4
190,	5
191,	2
192,	1
193,	2
194,	0
195,	6
196,	1
197,	4
198,	10
199,	0
200,	2
201,	3
202,	4
203,	5
204,	4
205,	0
206,	3
207,	0
208,	1
209,	3
210,	5
211,	2
212,	8
213,	3
214,	7
215,	3
216,	4
217,	4
218,	6
219,	8
220,	6
221,	0
222,	5
223,	3
224,	5
225,	1
226,	6
227,	5
228,	0
229,	3
230,	2
231,	6
232,	3
233,	4
234,	1
235,	1
236,	6
237,	5
238,	3
239,	2
240,	1
241,	1
242,	6
243,	5
244,	7
245,	1
246,	4
247,	5
248,	6
249,	4
250,	1
251,	5
252,	2
253,	4
254,	5
255,	11
256,	4
257,	4
258,	4
259,	3
260,	6
261,	4
262,	4
263,	10
264,	4
265,	1
266,	5
267,	6
268,	5
269,	4
270,	7
271,	5
272,	5
273,	4
274,	8
275,	0
276,	8
277,	0
278,	5
279,	1
280,	1
281,	4
282,	7
283,	3
284,	7
285,	4
286,	6
287,	6
288,	3
289,	2
290,	5
291,	3
292,	6
293,	2
294,	7
295,	2
296,	6
297,	9
298,	0
299,	1
300,	4
301,	0
302,	4
303,	2
304,	2
305,	2
306,	1
307,	7
308,	3
309,	6
310,	7
311,	2
312,	3
313,	8
314,	6
315,	5
316,	6
317,	2
318,	3
319,	3
320,	3
321,	5
322,	7
323,	6
324,	8
325,	4
326,	2
327,	3
328,	7
329,	6
330,	0
331,	6
332,	5
333,	3
334,	7
335,	7
336,	5
337,	8
338,	6
339,	7
340,	8
341,	6
342,	7
343,	1
344,	1
345,	7
346,	9
347,	9
348,	7
349,	6
350,	5
351,	1
352,	9
353,	7
354,	4
355,	6
356,	9
357,	10
358,	4
359,	11
360,	7
361,	7
362,	1
363,	7
364,	8
365,	4
366,	8
367,	3
368,	6
369,	5
370,	4
371,	1
372,	9
373,	6
374,	4
375,	5
376,	7
377,	7
378,	5
379,	5
380,	8
381,	4
382,	2
383,	3
384,	3
385,	4
386,	8
387,	8
388,	7
389,	8
390,	8
391,	0
392,	5
393,	8
394,	10
395,	1
396,	9
397,	7
398,	3
399,	8
400,	7
401,	1
402,	4
403,	5
404,	3
405,	9
406,	6
407,	5
408,	0
409,	9
410,	7
411,	4
412,	6
413,	6
414,	10
415,	10
416,	9
417,	7
418,	10
419,	4
420,	9
421,	5
422,	7
423,	9
424,	8
425,	6
426,	10
427,	6
428,	2
429,	7
430,	9
431,	7
432,	11
433,	8
434,	5
435,	6
436,	8
437,	4
438,	5
439,	9
440,	0
441,	9
442,	0
443,	11
444,	2
445,	7
446,	10
447,	5
448,	4
449,	9
450,	8
451,	3
452,	7
453,	7
454,	4
455,	6
456,	10
457,	10
458,	0
459,	0
460,	10
461,	2
462,	8
463,	8
464,	8
465,	4
466,	8
467,	5
468,	7
469,	6
470,	1
471,	9
472,	7
473,	3
474,	6
475,	11
476,	9
477,	2
478,	7
479,	2
480,	10
481,	4
482,	10
483,	6
484,	9
485,	10
486,	5
487,	9
488,	6
489,	0
490,	5
491,	9
492,	11
493,	9
494,	11
495,	8
496,	9
497,	6
498,	6
499,	6
