Instance: /home/gabriel/Documents/ufrgs/courses/oc/trab/instances/cmb10
Vertices: 4000
Colors: 82
NumIterations: 1
Alpha: 0.850000
Is Factible?: false
Conflicts: 309
Solution Value: 940779.312500
Vertex,	Color
0,	0
1,	7
2,	4
3,	21
4,	6
5,	4
6,	8
7,	11
8,	6
9,	58
10,	13
11,	7
12,	6
13,	6
14,	19
15,	1
16,	4
17,	21
18,	20
19,	11
20,	66
21,	4
22,	14
23,	14
24,	5
25,	8
26,	50
27,	72
28,	1
29,	22
30,	6
31,	22
32,	8
33,	5
34,	7
35,	16
36,	6
37,	80
38,	2
39,	22
40,	11
41,	39
42,	2
43,	8
44,	3
45,	15
46,	38
47,	29
48,	10
49,	5
50,	3
51,	5
52,	9
53,	9
54,	8
55,	3
56,	14
57,	18
58,	9
59,	47
60,	23
61,	21
62,	9
63,	29
64,	0
65,	21
66,	40
67,	14
68,	19
69,	13
70,	73
71,	10
72,	4
73,	38
74,	3
75,	40
76,	11
77,	11
78,	17
79,	6
80,	20
81,	11
82,	0
83,	42
84,	21
85,	2
86,	8
87,	2
88,	32
89,	4
90,	15
91,	24
92,	11
93,	27
94,	7
95,	44
96,	24
97,	2
98,	67
99,	7
100,	10
101,	13
102,	3
103,	2
104,	12
105,	20
106,	8
107,	6
108,	26
109,	18
110,	13
111,	45
112,	15
113,	11
114,	6
115,	67
116,	8
117,	11
118,	25
119,	13
120,	45
121,	2
122,	29
123,	4
124,	6
125,	78
126,	16
127,	9
128,	9
129,	25
130,	5
131,	80
132,	34
133,	5
134,	11
135,	46
136,	15
137,	63
138,	60
139,	16
140,	13
141,	12
142,	42
143,	10
144,	42
145,	27
146,	1
147,	22
148,	22
149,	71
150,	25
151,	2
152,	80
153,	12
154,	78
155,	81
156,	20
157,	15
158,	17
159,	12
160,	3
161,	12
162,	27
163,	4
164,	3
165,	6
166,	51
167,	8
168,	5
169,	16
170,	6
171,	18
172,	11
173,	4
174,	10
175,	7
176,	4
177,	43
178,	35
179,	19
180,	13
181,	12
182,	36
183,	8
184,	6
185,	5
186,	13
187,	4
188,	28
189,	3
190,	42
191,	81
192,	28
193,	2
194,	26
195,	21
196,	27
197,	3
198,	26
199,	18
200,	9
201,	18
202,	6
203,	23
204,	3
205,	3
206,	5
207,	32
208,	16
209,	14
210,	14
211,	5
212,	7
213,	18
214,	1
215,	17
216,	9
217,	14
218,	15
219,	23
220,	10
221,	3
222,	20
223,	37
224,	2
225,	12
226,	16
227,	25
228,	24
229,	10
230,	10
231,	31
232,	43
233,	11
234,	49
235,	9
236,	13
237,	2
238,	4
239,	13
240,	36
241,	28
242,	2
243,	22
244,	41
245,	6
246,	27
247,	36
248,	16
249,	9
250,	25
251,	19
252,	7
253,	13
254,	2
255,	10
256,	20
257,	1
258,	72
259,	29
260,	20
261,	27
262,	7
263,	18
264,	5
265,	15
266,	19
267,	31
268,	6
269,	5
270,	31
271,	16
272,	22
273,	25
274,	31
275,	4
276,	10
277,	5
278,	32
279,	5
280,	59
281,	8
282,	14
283,	45
284,	72
285,	15
286,	60
287,	22
288,	4
289,	5
290,	4
291,	29
292,	18
293,	4
294,	2
295,	15
296,	54
297,	6
298,	19
299,	21
300,	2
301,	7
302,	3
303,	3
304,	4
305,	2
306,	13
307,	7
308,	18
309,	16
310,	19
311,	47
312,	6
313,	5
314,	10
315,	7
316,	33
317,	3
318,	5
319,	4
320,	19
321,	23
322,	2
323,	15
324,	19
325,	2
326,	57
327,	12
328,	7
329,	19
330,	81
331,	43
332,	4
333,	11
334,	2
335,	80
336,	11
337,	3
338,	32
339,	16
340,	0
341,	15
342,	10
343,	35
344,	45
345,	25
346,	8
347,	21
348,	21
349,	15
350,	20
351,	13
352,	9
353,	58
354,	20
355,	48
356,	4
357,	17
358,	7
359,	8
360,	9
361,	12
362,	11
363,	5
364,	6
365,	16
366,	12
367,	21
368,	4
369,	6
370,	3
371,	10
372,	42
373,	12
374,	25
375,	16
376,	13
377,	34
378,	8
379,	5
380,	25
381,	8
382,	9
383,	5
384,	14
385,	10
386,	6
387,	8
388,	11
389,	7
390,	5
391,	3
392,	21
393,	55
394,	16
395,	13
396,	17
397,	35
398,	31
399,	19
400,	6
401,	15
402,	8
403,	25
404,	11
405,	2
406,	2
407,	20
408,	39
409,	10
410,	40
411,	33
412,	28
413,	25
414,	8
415,	16
416,	15
417,	31
418,	79
419,	7
420,	3
421,	29
422,	7
423,	5
424,	14
425,	23
426,	26
427,	5
428,	11
429,	2
430,	55
431,	11
432,	14
433,	14
434,	16
435,	7
436,	10
437,	51
438,	5
439,	14
440,	3
441,	4
442,	11
443,	7
444,	11
445,	6
446,	9
447,	4
448,	30
449,	14
450,	11
451,	8
452,	72
453,	16
454,	34
455,	69
456,	15
457,	23
458,	20
459,	20
460,	14
461,	76
462,	22
463,	18
464,	12
465,	20
466,	21
467,	2
468,	15
469,	5
470,	10
471,	12
472,	31
473,	13
474,	5
475,	28
476,	3
477,	4
478,	2
479,	25
480,	31
481,	35
482,	39
483,	33
484,	7
485,	19
486,	30
487,	38
488,	18
489,	20
490,	26
491,	2
492,	3
493,	5
494,	17
495,	7
496,	27
497,	36
498,	6
499,	15
500,	1
501,	40
502,	2
503,	8
504,	80
505,	7
506,	4
507,	23
508,	16
509,	30
510,	27
511,	17
512,	17
513,	4
514,	31
515,	16
516,	2
517,	19
518,	62
519,	5
520,	37
521,	35
522,	5
523,	32
524,	17
525,	11
526,	13
527,	4
528,	20
529,	43
530,	5
531,	33
532,	4
533,	15
534,	18
535,	14
536,	13
537,	40
538,	13
539,	10
540,	18
541,	10
542,	28
543,	14
544,	8
545,	10
546,	9
547,	18
548,	63
549,	44
550,	28
551,	17
552,	8
553,	17
554,	5
555,	10
556,	20
557,	23
558,	7
559,	7
560,	28
561,	27
562,	33
563,	28
564,	14
565,	2
566,	16
567,	2
568,	25
569,	9
570,	31
571,	39
572,	3
573,	12
574,	29
575,	9
576,	45
577,	24
578,	15
579,	36
580,	17
581,	10
582,	41
583,	7
584,	2
585,	8
586,	2
587,	8
588,	10
589,	17
590,	9
591,	1
592,	21
593,	25
594,	33
595,	21
596,	11
597,	10
598,	78
599,	29
600,	9
601,	9
602,	1
603,	1
604,	19
605,	2
606,	16
607,	2
608,	14
609,	17
610,	8
611,	15
612,	3
613,	12
614,	21
615,	26
616,	23
617,	7
618,	5
619,	47
620,	6
621,	18
622,	16
623,	35
624,	14
625,	3
626,	22
627,	9
628,	14
629,	3
630,	16
631,	18
632,	20
633,	6
634,	25
635,	5
636,	7
637,	13
638,	18
639,	24
640,	6
641,	2
642,	7
643,	11
644,	8
645,	14
646,	32
647,	1
648,	8
649,	2
650,	56
651,	38
652,	4
653,	70
654,	11
655,	28
656,	15
657,	9
658,	20
659,	8
660,	7
661,	52
662,	77
663,	12
664,	3
665,	13
666,	9
667,	2
668,	20
669,	25
670,	9
671,	2
672,	16
673,	32
674,	3
675,	79
676,	39
677,	11
678,	8
679,	23
680,	4
681,	14
682,	13
683,	30
684,	17
685,	35
686,	7
687,	15
688,	12
689,	28
690,	15
691,	9
692,	9
693,	6
694,	25
695,	5
696,	29
697,	10
698,	25
699,	7
700,	5
701,	21
702,	5
703,	6
704,	10
705,	14
706,	37
707,	9
708,	57
709,	5
710,	4
711,	74
712,	35
713,	63
714,	2
715,	12
716,	9
717,	0
718,	17
719,	4
720,	12
721,	4
722,	13
723,	11
724,	7
725,	18
726,	8
727,	15
728,	9
729,	14
730,	30
731,	8
732,	70
733,	23
734,	22
735,	20
736,	4
737,	48
738,	46
739,	41
740,	3
741,	24
742,	28
743,	8
744,	12
745,	16
746,	2
747,	12
748,	3
749,	30
750,	5
751,	19
752,	10
753,	10
754,	9
755,	7
756,	12
757,	20
758,	7
759,	14
760,	77
761,	4
762,	17
763,	16
764,	10
765,	19
766,	5
767,	28
768,	9
769,	41
770,	19
771,	27
772,	3
773,	9
774,	14
775,	6
776,	17
777,	14
778,	16
779,	73
780,	7
781,	21
782,	20
783,	3
784,	19
785,	9
786,	3
787,	4
788,	24
789,	50
790,	17
791,	12
792,	29
793,	6
794,	23
795,	3
796,	12
797,	3
798,	6
799,	37
800,	6
801,	5
802,	23
803,	6
804,	18
805,	8
806,	11
807,	13
808,	16
809,	14
810,	30
811,	1
812,	33
813,	18
814,	26
815,	13
816,	16
817,	5
818,	3
819,	16
820,	13
821,	3
822,	23
823,	4
824,	2
825,	9
826,	11
827,	21
828,	9
829,	23
830,	11
831,	9
832,	16
833,	11
834,	10
835,	3
836,	2
837,	10
838,	4
839,	8
840,	6
841,	17
842,	18
843,	5
844,	17
845,	38
846,	28
847,	19
848,	7
849,	22
850,	5
851,	2
852,	15
853,	2
854,	24
855,	13
856,	17
857,	12
858,	17
859,	10
860,	20
861,	11
862,	10
863,	41
864,	55
865,	11
866,	18
867,	20
868,	15
869,	24
870,	22
871,	17
872,	9
873,	30
874,	33
875,	14
876,	8
877,	21
878,	24
879,	23
880,	30
881,	10
882,	4
883,	13
884,	18
885,	35
886,	20
887,	34
888,	33
889,	23
890,	7
891,	3
892,	28
893,	6
894,	21
895,	25
896,	8
897,	32
898,	19
899,	18
900,	15
901,	7
902,	24
903,	1
904,	0
905,	4
906,	1
907,	17
908,	5
909,	3
910,	37
911,	6
912,	5
913,	6
914,	45
915,	12
916,	12
917,	15
918,	8
919,	13
920,	15
921,	23
922,	14
923,	28
924,	9
925,	7
926,	23
927,	29
928,	40
929,	13
930,	55
931,	24
932,	33
933,	16
934,	19
935,	19
936,	47
937,	9
938,	37
939,	30
940,	11
941,	31
942,	74
943,	46
944,	24
945,	13
946,	11
947,	36
948,	3
949,	8
950,	12
951,	15
952,	7
953,	36
954,	22
955,	19
956,	35
957,	9
958,	6
959,	11
960,	37
961,	7
962,	15
963,	17
964,	18
965,	44
966,	30
967,	20
968,	36
969,	2
970,	10
971,	20
972,	37
973,	13
974,	31
975,	50
976,	26
977,	36
978,	12
979,	18
980,	17
981,	13
982,	41
983,	23
984,	7
985,	12
986,	11
987,	20
988,	6
989,	5
990,	18
991,	16
992,	81
993,	12
994,	22
995,	21
996,	15
997,	21
998,	12
999,	30
1000,	10
1001,	13
1002,	51
1003,	11
1004,	12
1005,	13
1006,	32
1007,	27
1008,	23
1009,	24
1010,	43
1011,	3
1012,	74
1013,	12
1014,	37
1015,	53
1016,	1
1017,	17
1018,	37
1019,	18
1020,	21
1021,	23
1022,	3
1023,	22
1024,	27
1025,	19
1026,	18
1027,	44
1028,	15
1029,	9
1030,	56
1031,	37
1032,	5
1033,	38
1034,	14
1035,	9
1036,	15
1037,	4
1038,	3
1039,	24
1040,	20
1041,	64
1042,	3
1043,	22
1044,	17
1045,	33
1046,	18
1047,	10
1048,	15
1049,	57
1050,	17
1051,	40
1052,	9
1053,	10
1054,	33
1055,	11
1056,	35
1057,	11
1058,	15
1059,	7
1060,	25
1061,	38
1062,	23
1063,	17
1064,	28
1065,	12
1066,	10
1067,	39
1068,	15
1069,	6
1070,	8
1071,	10
1072,	39
1073,	7
1074,	19
1075,	37
1076,	15
1077,	13
1078,	44
1079,	24
1080,	21
1081,	18
1082,	12
1083,	23
1084,	9
1085,	21
1086,	18
1087,	24
1088,	26
1089,	30
1090,	12
1091,	44
1092,	37
1093,	29
1094,	17
1095,	29
1096,	18
1097,	81
1098,	29
1099,	29
1100,	13
1101,	17
1102,	12
1103,	9
1104,	11
1105,	15
1106,	8
1107,	6
1108,	27
1109,	29
1110,	13
1111,	10
1112,	24
1113,	21
1114,	22
1115,	27
1116,	19
1117,	41
1118,	10
1119,	24
1120,	32
1121,	23
1122,	30
1123,	29
1124,	39
1125,	11
1126,	39
1127,	17
1128,	20
1129,	34
1130,	11
1131,	33
1132,	27
1133,	27
1134,	33
1135,	20
1136,	16
1137,	15
1138,	28
1139,	37
1140,	46
1141,	0
1142,	28
1143,	46
1144,	26
1145,	18
1146,	23
1147,	35
1148,	19
1149,	38
1150,	24
1151,	32
1152,	22
1153,	14
1154,	38
1155,	11
1156,	19
1157,	13
1158,	8
1159,	21
1160,	23
1161,	44
1162,	20
1163,	11
1164,	32
1165,	22
1166,	17
1167,	26
1168,	31
1169,	14
1170,	59
1171,	8
1172,	22
1173,	76
1174,	8
1175,	0
1176,	57
1177,	14
1178,	32
1179,	24
1180,	47
1181,	26
1182,	18
1183,	13
1184,	18
1185,	5
1186,	21
1187,	33
1188,	40
1189,	20
1190,	34
1191,	8
1192,	36
1193,	9
1194,	16
1195,	19
1196,	20
1197,	26
1198,	18
1199,	18
1200,	24
1201,	30
1202,	31
1203,	38
1204,	36
1205,	27
1206,	6
1207,	8
1208,	24
1209,	3
1210,	55
1211,	10
1212,	12
1213,	28
1214,	26
1215,	34
1216,	36
1217,	23
1218,	22
1219,	21
1220,	34
1221,	17
1222,	21
1223,	23
1224,	17
1225,	23
1226,	14
1227,	32
1228,	24
1229,	27
1230,	23
1231,	25
1232,	14
1233,	62
1234,	14
1235,	20
1236,	68
1237,	21
1238,	22
1239,	15
1240,	29
1241,	27
1242,	22
1243,	12
1244,	34
1245,	26
1246,	29
1247,	38
1248,	28
1249,	7
1250,	46
1251,	26
1252,	43
1253,	30
1254,	27
1255,	8
1256,	28
1257,	20
1258,	14
1259,	13
1260,	25
1261,	28
1262,	13
1263,	16
1264,	9
1265,	60
1266,	35
1267,	27
1268,	37
1269,	20
1270,	42
1271,	6
1272,	23
1273,	22
1274,	40
1275,	12
1276,	28
1277,	14
1278,	6
1279,	11
1280,	14
1281,	7
1282,	39
1283,	34
1284,	7
1285,	12
1286,	38
1287,	45
1288,	23
1289,	37
1290,	33
1291,	31
1292,	25
1293,	35
1294,	28
1295,	38
1296,	30
1297,	22
1298,	27
1299,	24
1300,	23
1301,	23
1302,	28
1303,	69
1304,	26
1305,	44
1306,	16
1307,	15
1308,	14
1309,	10
1310,	21
1311,	38
1312,	6
1313,	16
1314,	24
1315,	30
1316,	9
1317,	0
1318,	42
1319,	3
1320,	32
1321,	29
1322,	36
1323,	14
1324,	43
1325,	44
1326,	27
1327,	24
1328,	18
1329,	19
1330,	31
1331,	6
1332,	54
1333,	17
1334,	30
1335,	66
1336,	3
1337,	12
1338,	20
1339,	7
1340,	68
1341,	26
1342,	16
1343,	13
1344,	47
1345,	13
1346,	26
1347,	22
1348,	35
1349,	36
1350,	20
1351,	34
1352,	19
1353,	16
1354,	30
1355,	22
1356,	45
1357,	24
1358,	34
1359,	26
1360,	46
1361,	25
1362,	11
1363,	38
1364,	33
1365,	21
1366,	26
1367,	10
1368,	32
1369,	40
1370,	38
1371,	17
1372,	27
1373,	40
1374,	18
1375,	31
1376,	3
1377,	24
1378,	12
1379,	5
1380,	18
1381,	42
1382,	33
1383,	29
1384,	23
1385,	24
1386,	14
1387,	66
1388,	31
1389,	18
1390,	11
1391,	42
1392,	28
1393,	39
1394,	65
1395,	22
1396,	49
1397,	25
1398,	16
1399,	27
1400,	25
1401,	5
1402,	40
1403,	34
1404,	36
1405,	78
1406,	19
1407,	27
1408,	12
1409,	5
1410,	20
1411,	29
1412,	11
1413,	26
1414,	32
1415,	27
1416,	26
1417,	6
1418,	33
1419,	15
1420,	22
1421,	35
1422,	26
1423,	22
1424,	54
1425,	13
1426,	31
1427,	30
1428,	15
1429,	30
1430,	22
1431,	22
1432,	41
1433,	31
1434,	23
1435,	35
1436,	22
1437,	23
1438,	25
1439,	20
1440,	20
1441,	27
1442,	26
1443,	6
1444,	35
1445,	31
1446,	28
1447,	9
1448,	22
1449,	44
1450,	18
1451,	28
1452,	35
1453,	25
1454,	28
1455,	19
1456,	21
1457,	20
1458,	16
1459,	31
1460,	34
1461,	29
1462,	16
1463,	13
1464,	26
1465,	34
1466,	43
1467,	24
1468,	35
1469,	27
1470,	22
1471,	17
1472,	8
1473,	28
1474,	22
1475,	81
1476,	29
1477,	31
1478,	14
1479,	33
1480,	32
1481,	15
1482,	30
1483,	16
1484,	39
1485,	23
1486,	19
1487,	19
1488,	12
1489,	25
1490,	28
1491,	33
1492,	31
1493,	19
1494,	27
1495,	35
1496,	48
1497,	51
1498,	8
1499,	28
1500,	23
1501,	22
1502,	26
1503,	42
1504,	43
1505,	37
1506,	21
1507,	54
1508,	22
1509,	33
1510,	39
1511,	24
1512,	25
1513,	19
1514,	26
1515,	45
1516,	16
1517,	23
1518,	24
1519,	20
1520,	21
1521,	22
1522,	14
1523,	24
1524,	29
1525,	42
1526,	33
1527,	18
1528,	43
1529,	30
1530,	44
1531,	55
1532,	36
1533,	52
1534,	33
1535,	29
1536,	30
1537,	34
1538,	25
1539,	21
1540,	19
1541,	19
1542,	51
1543,	0
1544,	24
1545,	40
1546,	32
1547,	32
1548,	25
1549,	37
1550,	26
1551,	21
1552,	14
1553,	17
1554,	35
1555,	35
1556,	36
1557,	39
1558,	40
1559,	27
1560,	37
1561,	26
1562,	23
1563,	13
1564,	32
1565,	34
1566,	46
1567,	37
1568,	33
1569,	43
1570,	27
1571,	37
1572,	31
1573,	18
1574,	24
1575,	4
1576,	32
1577,	19
1578,	13
1579,	8
1580,	33
1581,	44
1582,	31
1583,	43
1584,	9
1585,	32
1586,	38
1587,	19
1588,	24
1589,	9
1590,	11
1591,	17
1592,	33
1593,	38
1594,	25
1595,	22
1596,	75
1597,	32
1598,	38
1599,	25
1600,	24
1601,	31
1602,	54
1603,	48
1604,	33
1605,	41
1606,	49
1607,	28
1608,	34
1609,	34
1610,	46
1611,	18
1612,	32
1613,	54
1614,	13
1615,	36
1616,	4
1617,	36
1618,	34
1619,	45
1620,	19
1621,	38
1622,	36
1623,	17
1624,	41
1625,	16
1626,	28
1627,	30
1628,	22
1629,	34
1630,	46
1631,	43
1632,	16
1633,	31
1634,	11
1635,	23
1636,	28
1637,	24
1638,	34
1639,	56
1640,	25
1641,	14
1642,	39
1643,	49
1644,	22
1645,	36
1646,	43
1647,	21
1648,	48
1649,	34
1650,	35
1651,	4
1652,	33
1653,	40
1654,	53
1655,	40
1656,	52
1657,	45
1658,	32
1659,	28
1660,	21
1661,	39
1662,	31
1663,	31
1664,	38
1665,	0
1666,	50
1667,	17
1668,	46
1669,	30
1670,	17
1671,	40
1672,	29
1673,	38
1674,	31
1675,	6
1676,	21
1677,	26
1678,	38
1679,	54
1680,	46
1681,	44
1682,	26
1683,	37
1684,	19
1685,	31
1686,	40
1687,	39
1688,	29
1689,	18
1690,	21
1691,	10
1692,	30
1693,	34
1694,	9
1695,	60
1696,	40
1697,	51
1698,	36
1699,	34
1700,	33
1701,	26
1702,	32
1703,	59
1704,	13
1705,	40
1706,	45
1707,	50
1708,	29
1709,	32
1710,	29
1711,	35
1712,	27
1713,	24
1714,	24
1715,	30
1716,	43
1717,	25
1718,	25
1719,	26
1720,	42
1721,	37
1722,	9
1723,	37
1724,	39
1725,	32
1726,	13
1727,	37
1728,	54
1729,	48
1730,	6
1731,	24
1732,	26
1733,	32
1734,	44
1735,	26
1736,	28
1737,	36
1738,	29
1739,	26
1740,	30
1741,	20
1742,	37
1743,	32
1744,	29
1745,	41
1746,	31
1747,	35
1748,	41
1749,	27
1750,	31
1751,	52
1752,	35
1753,	55
1754,	28
1755,	30
1756,	29
1757,	13
1758,	66
1759,	25
1760,	37
1761,	34
1762,	51
1763,	28
1764,	44
1765,	35
1766,	40
1767,	19
1768,	29
1769,	36
1770,	19
1771,	29
1772,	38
1773,	48
1774,	54
1775,	44
1776,	36
1777,	45
1778,	42
1779,	45
1780,	42
1781,	34
1782,	51
1783,	41
1784,	17
1785,	33
1786,	40
1787,	24
1788,	66
1789,	26
1790,	29
1791,	30
1792,	33
1793,	49
1794,	32
1795,	47
1796,	32
1797,	27
1798,	17
1799,	39
1800,	36
1801,	30
1802,	33
1803,	25
1804,	34
1805,	30
1806,	32
1807,	45
1808,	39
1809,	37
1810,	23
1811,	39
1812,	62
1813,	33
1814,	15
1815,	46
1816,	38
1817,	30
1818,	38
1819,	30
1820,	36
1821,	31
1822,	42
1823,	35
1824,	32
1825,	51
1826,	52
1827,	39
1828,	34
1829,	41
1830,	40
1831,	32
1832,	43
1833,	48
1834,	42
1835,	41
1836,	2
1837,	48
1838,	43
1839,	44
1840,	39
1841,	25
1842,	39
1843,	27
1844,	60
1845,	48
1846,	39
1847,	46
1848,	35
1849,	27
1850,	37
1851,	32
1852,	36
1853,	44
1854,	47
1855,	46
1856,	42
1857,	46
1858,	31
1859,	42
1860,	3
1861,	41
1862,	38
1863,	40
1864,	58
1865,	51
1866,	45
1867,	51
1868,	41
1869,	43
1870,	45
1871,	40
1872,	57
1873,	24
1874,	25
1875,	38
1876,	38
1877,	38
1878,	45
1879,	53
1880,	43
1881,	38
1882,	32
1883,	46
1884,	49
1885,	41
1886,	47
1887,	28
1888,	41
1889,	50
1890,	27
1891,	46
1892,	37
1893,	27
1894,	37
1895,	50
1896,	63
1897,	47
1898,	43
1899,	49
1900,	52
1901,	41
1902,	17
1903,	27
1904,	4
1905,	36
1906,	48
1907,	48
1908,	32
1909,	25
1910,	48
1911,	22
1912,	72
1913,	36
1914,	45
1915,	52
1916,	32
1917,	42
1918,	43
1919,	5
1920,	50
1921,	42
1922,	50
1923,	34
1924,	50
1925,	52
1926,	38
1927,	42
1928,	18
1929,	52
1930,	43
1931,	56
1932,	28
1933,	41
1934,	48
1935,	29
1936,	37
1937,	36
1938,	44
1939,	46
1940,	10
1941,	56
1942,	49
1943,	38
1944,	31
1945,	29
1946,	27
1947,	39
1948,	7
1949,	56
1950,	30
1951,	34
1952,	41
1953,	31
1954,	35
1955,	46
1956,	55
1957,	37
1958,	30
1959,	18
1960,	54
1961,	45
1962,	31
1963,	36
1964,	36
1965,	39
1966,	48
1967,	43
1968,	58
1969,	23
1970,	32
1971,	61
1972,	54
1973,	52
1974,	44
1975,	39
1976,	45
1977,	39
1978,	18
1979,	34
1980,	34
1981,	37
1982,	39
1983,	33
1984,	32
1985,	40
1986,	8
1987,	29
1988,	39
1989,	61
1990,	34
1991,	31
1992,	32
1993,	43
1994,	58
1995,	47
1996,	23
1997,	35
1998,	49
1999,	30
2000,	33
2001,	29
2002,	55
2003,	20
2004,	36
2005,	2
2006,	59
2007,	56
2008,	37
2009,	25
2010,	56
2011,	16
2012,	42
2013,	24
2014,	39
2015,	36
2016,	43
2017,	43
2018,	40
2019,	40
2020,	26
2021,	59
2022,	17
2023,	46
2024,	50
2025,	34
2026,	53
2027,	64
2028,	50
2029,	38
2030,	59
2031,	56
2032,	49
2033,	39
2034,	46
2035,	61
2036,	49
2037,	30
2038,	47
2039,	30
2040,	48
2041,	44
2042,	55
2043,	48
2044,	52
2045,	53
2046,	37
2047,	47
2048,	26
2049,	46
2050,	22
2051,	44
2052,	49
2053,	45
2054,	41
2055,	48
2056,	43
2057,	48
2058,	11
2059,	25
2060,	25
2061,	30
2062,	51
2063,	32
2064,	50
2065,	42
2066,	36
2067,	51
2068,	50
2069,	59
2070,	26
2071,	39
2072,	49
2073,	41
2074,	40
2075,	50
2076,	40
2077,	34
2078,	51
2079,	32
2080,	57
2081,	54
2082,	30
2083,	27
2084,	52
2085,	43
2086,	35
2087,	49
2088,	52
2089,	21
2090,	35
2091,	58
2092,	52
2093,	53
2094,	44
2095,	41
2096,	35
2097,	35
2098,	38
2099,	41
2100,	35
2101,	36
2102,	42
2103,	42
2104,	29
2105,	42
2106,	25
2107,	36
2108,	46
2109,	38
2110,	37
2111,	31
2112,	38
2113,	38
2114,	50
2115,	56
2116,	44
2117,	34
2118,	45
2119,	50
2120,	48
2121,	33
2122,	63
2123,	41
2124,	47
2125,	64
2126,	35
2127,	27
2128,	41
2129,	67
2130,	36
2131,	49
2132,	44
2133,	43
2134,	34
2135,	66
2136,	70
2137,	62
2138,	50
2139,	39
2140,	21
2141,	53
2142,	38
2143,	55
2144,	41
2145,	41
2146,	15
2147,	35
2148,	41
2149,	40
2150,	19
2151,	21
2152,	51
2153,	49
2154,	46
2155,	45
2156,	48
2157,	45
2158,	52
2159,	41
2160,	43
2161,	54
2162,	47
2163,	52
2164,	53
2165,	49
2166,	43
2167,	48
2168,	54
2169,	23
2170,	28
2171,	34
2172,	19
2173,	66
2174,	27
2175,	61
2176,	36
2177,	40
2178,	64
2179,	41
2180,	59
2181,	35
2182,	73
2183,	45
2184,	38
2185,	40
2186,	41
2187,	47
2188,	26
2189,	51
2190,	42
2191,	68
2192,	43
2193,	53
2194,	59
2195,	48
2196,	33
2197,	26
2198,	47
2199,	44
2200,	56
2201,	45
2202,	56
2203,	53
2204,	52
2205,	46
2206,	50
2207,	40
2208,	51
2209,	46
2210,	53
2211,	30
2212,	69
2213,	46
2214,	34
2215,	14
2216,	47
2217,	44
2218,	47
2219,	44
2220,	1
2221,	41
2222,	25
2223,	48
2224,	55
2225,	51
2226,	51
2227,	52
2228,	50
2229,	62
2230,	36
2231,	47
2232,	36
2233,	66
2234,	50
2235,	23
2236,	34
2237,	45
2238,	52
2239,	10
2240,	55
2241,	21
2242,	59
2243,	60
2244,	60
2245,	27
2246,	35
2247,	45
2248,	49
2249,	49
2250,	61
2251,	42
2252,	43
2253,	35
2254,	63
2255,	25
2256,	55
2257,	47
2258,	53
2259,	42
2260,	54
2261,	39
2262,	50
2263,	53
2264,	34
2265,	61
2266,	42
2267,	32
2268,	49
2269,	57
2270,	60
2271,	57
2272,	52
2273,	50
2274,	41
2275,	22
2276,	12
2277,	60
2278,	53
2279,	40
2280,	41
2281,	44
2282,	11
2283,	44
2284,	62
2285,	53
2286,	12
2287,	69
2288,	44
2289,	55
2290,	54
2291,	48
2292,	22
2293,	52
2294,	39
2295,	58
2296,	64
2297,	48
2298,	31
2299,	45
2300,	41
2301,	31
2302,	42
2303,	50
2304,	58
2305,	48
2306,	70
2307,	66
2308,	33
2309,	52
2310,	28
2311,	62
2312,	53
2313,	51
2314,	47
2315,	52
2316,	48
2317,	41
2318,	53
2319,	24
2320,	62
2321,	44
2322,	58
2323,	43
2324,	59
2325,	44
2326,	35
2327,	67
2328,	55
2329,	46
2330,	4
2331,	64
2332,	59
2333,	44
2334,	42
2335,	45
2336,	49
2337,	7
2338,	46
2339,	46
2340,	10
2341,	47
2342,	68
2343,	34
2344,	57
2345,	51
2346,	60
2347,	59
2348,	8
2349,	61
2350,	65
2351,	54
2352,	53
2353,	36
2354,	49
2355,	71
2356,	53
2357,	60
2358,	33
2359,	27
2360,	66
2361,	54
2362,	57
2363,	47
2364,	53
2365,	45
2366,	41
2367,	34
2368,	56
2369,	28
2370,	54
2371,	24
2372,	43
2373,	37
2374,	34
2375,	16
2376,	55
2377,	60
2378,	48
2379,	31
2380,	48
2381,	57
2382,	47
2383,	63
2384,	44
2385,	34
2386,	63
2387,	29
2388,	53
2389,	43
2390,	56
2391,	46
2392,	61
2393,	58
2394,	44
2395,	56
2396,	51
2397,	44
2398,	56
2399,	40
2400,	57
2401,	43
2402,	57
2403,	72
2404,	62
2405,	30
2406,	49
2407,	50
2408,	63
2409,	60
2410,	57
2411,	56
2412,	61
2413,	39
2414,	60
2415,	50
2416,	40
2417,	66
2418,	53
2419,	29
2420,	53
2421,	65
2422,	58
2423,	75
2424,	35
2425,	58
2426,	59
2427,	60
2428,	49
2429,	57
2430,	54
2431,	55
2432,	58
2433,	47
2434,	3
2435,	65
2436,	61
2437,	41
2438,	17
2439,	52
2440,	39
2441,	49
2442,	44
2443,	10
2444,	56
2445,	47
2446,	57
2447,	47
2448,	71
2449,	20
2450,	42
2451,	35
2452,	51
2453,	52
2454,	44
2455,	46
2456,	60
2457,	54
2458,	45
2459,	60
2460,	64
2461,	63
2462,	57
2463,	58
2464,	63
2465,	55
2466,	44
2467,	55
2468,	41
2469,	38
2470,	47
2471,	26
2472,	52
2473,	45
2474,	52
2475,	40
2476,	49
2477,	58
2478,	56
2479,	68
2480,	62
2481,	57
2482,	33
2483,	58
2484,	59
2485,	59
2486,	54
2487,	37
2488,	56
2489,	44
2490,	27
2491,	58
2492,	65
2493,	50
2494,	48
2495,	46
2496,	67
2497,	58
2498,	60
2499,	54
2500,	34
2501,	47
2502,	71
2503,	42
2504,	68
2505,	50
2506,	59
2507,	35
2508,	28
2509,	39
2510,	6
2511,	59
2512,	45
2513,	48
2514,	57
2515,	29
2516,	64
2517,	43
2518,	51
2519,	43
2520,	51
2521,	62
2522,	53
2523,	56
2524,	78
2525,	41
2526,	33
2527,	58
2528,	47
2529,	65
2530,	42
2531,	60
2532,	38
2533,	45
2534,	19
2535,	66
2536,	62
2537,	46
2538,	68
2539,	66
2540,	58
2541,	53
2542,	59
2543,	69
2544,	41
2545,	69
2546,	36
2547,	65
2548,	45
2549,	51
2550,	48
2551,	48
2552,	53
2553,	59
2554,	44
2555,	71
2556,	47
2557,	22
2558,	55
2559,	64
2560,	61
2561,	35
2562,	64
2563,	62
2564,	43
2565,	61
2566,	61
2567,	62
2568,	57
2569,	58
2570,	70
2571,	62
2572,	40
2573,	59
2574,	68
2575,	61
2576,	56
2577,	28
2578,	73
2579,	67
2580,	60
2581,	56
2582,	43
2583,	33
2584,	65
2585,	46
2586,	44
2587,	55
2588,	64
2589,	60
2590,	62
2591,	47
2592,	62
2593,	48
2594,	52
2595,	53
2596,	61
2597,	60
2598,	62
2599,	57
2600,	59
2601,	67
2602,	50
2603,	55
2604,	38
2605,	59
2606,	57
2607,	48
2608,	54
2609,	62
2610,	65
2611,	29
2612,	19
2613,	52
2614,	54
2615,	55
2616,	50
2617,	49
2618,	71
2619,	55
2620,	56
2621,	52
2622,	56
2623,	49
2624,	32
2625,	61
2626,	52
2627,	39
2628,	28
2629,	65
2630,	62
2631,	67
2632,	61
2633,	56
2634,	47
2635,	63
2636,	59
2637,	58
2638,	49
2639,	53
2640,	37
2641,	36
2642,	51
2643,	48
2644,	57
2645,	62
2646,	61
2647,	56
2648,	70
2649,	51
2650,	49
2651,	18
2652,	61
2653,	22
2654,	65
2655,	69
2656,	56
2657,	55
2658,	39
2659,	46
2660,	51
2661,	47
2662,	79
2663,	70
2664,	37
2665,	71
2666,	55
2667,	54
2668,	56
2669,	18
2670,	58
2671,	38
2672,	60
2673,	65
2674,	58
2675,	63
2676,	43
2677,	64
2678,	58
2679,	34
2680,	61
2681,	60
2682,	49
2683,	62
2684,	59
2685,	47
2686,	57
2687,	37
2688,	28
2689,	65
2690,	64
2691,	33
2692,	79
2693,	66
2694,	54
2695,	48
2696,	63
2697,	46
2698,	78
2699,	67
2700,	64
2701,	55
2702,	45
2703,	66
2704,	54
2705,	70
2706,	49
2707,	60
2708,	50
2709,	67
2710,	67
2711,	37
2712,	49
2713,	72
2714,	48
2715,	57
2716,	68
2717,	51
2718,	31
2719,	60
2720,	30
2721,	57
2722,	61
2723,	71
2724,	49
2725,	63
2726,	30
2727,	61
2728,	63
2729,	45
2730,	64
2731,	62
2732,	26
2733,	40
2734,	48
2735,	74
2736,	64
2737,	53
2738,	51
2739,	27
2740,	65
2741,	69
2742,	59
2743,	66
2744,	63
2745,	24
2746,	59
2747,	68
2748,	60
2749,	66
2750,	67
2751,	59
2752,	15
2753,	48
2754,	39
2755,	72
2756,	46
2757,	55
2758,	58
2759,	28
2760,	58
2761,	50
2762,	50
2763,	55
2764,	38
2765,	47
2766,	51
2767,	59
2768,	56
2769,	57
2770,	54
2771,	40
2772,	65
2773,	59
2774,	76
2775,	51
2776,	70
2777,	35
2778,	9
2779,	53
2780,	63
2781,	57
2782,	76
2783,	37
2784,	68
2785,	55
2786,	65
2787,	44
2788,	35
2789,	66
2790,	48
2791,	64
2792,	68
2793,	76
2794,	66
2795,	69
2796,	25
2797,	61
2798,	53
2799,	68
2800,	50
2801,	63
2802,	56
2803,	61
2804,	65
2805,	51
2806,	69
2807,	27
2808,	64
2809,	77
2810,	75
2811,	72
2812,	55
2813,	73
2814,	50
2815,	38
2816,	48
2817,	59
2818,	67
2819,	49
2820,	26
2821,	70
2822,	70
2823,	52
2824,	73
2825,	50
2826,	66
2827,	54
2828,	40
2829,	37
2830,	76
2831,	62
2832,	74
2833,	67
2834,	56
2835,	54
2836,	61
2837,	55
2838,	73
2839,	61
2840,	75
2841,	60
2842,	40
2843,	54
2844,	58
2845,	65
2846,	61
2847,	51
2848,	69
2849,	60
2850,	52
2851,	23
2852,	60
2853,	64
2854,	20
2855,	53
2856,	54
2857,	33
2858,	54
2859,	68
2860,	65
2861,	45
2862,	73
2863,	78
2864,	36
2865,	68
2866,	43
2867,	66
2868,	56
2869,	42
2870,	52
2871,	49
2872,	69
2873,	40
2874,	63
2875,	70
2876,	40
2877,	49
2878,	49
2879,	64
2880,	57
2881,	63
2882,	45
2883,	73
2884,	47
2885,	66
2886,	59
2887,	63
2888,	67
2889,	61
2890,	72
2891,	55
2892,	65
2893,	69
2894,	50
2895,	73
2896,	70
2897,	41
2898,	13
2899,	52
2900,	57
2901,	52
2902,	51
2903,	40
2904,	72
2905,	69
2906,	43
2907,	53
2908,	38
2909,	71
2910,	64
2911,	35
2912,	45
2913,	73
2914,	63
2915,	26
2916,	49
2917,	69
2918,	63
2919,	72
2920,	42
2921,	44
2922,	72
2923,	77
2924,	42
2925,	70
2926,	71
2927,	71
2928,	74
2929,	14
2930,	26
2931,	67
2932,	70
2933,	71
2934,	62
2935,	69
2936,	68
2937,	51
2938,	69
2939,	66
2940,	72
2941,	53
2942,	78
2943,	80
2944,	59
2945,	75
2946,	72
2947,	61
2948,	67
2949,	47
2950,	60
2951,	62
2952,	74
2953,	77
2954,	72
2955,	67
2956,	62
2957,	78
2958,	55
2959,	71
2960,	67
2961,	58
2962,	58
2963,	53
2964,	77
2965,	65
2966,	80
2967,	63
2968,	65
2969,	53
2970,	68
2971,	67
2972,	42
2973,	56
2974,	54
2975,	4
2976,	63
2977,	54
2978,	58
2979,	81
2980,	23
2981,	74
2982,	70
2983,	71
2984,	67
2985,	61
2986,	67
2987,	70
2988,	57
2989,	47
2990,	30
2991,	42
2992,	65
2993,	20
2994,	62
2995,	81
2996,	65
2997,	60
2998,	76
2999,	44
3000,	53
3001,	56
3002,	50
3003,	74
3004,	64
3005,	78
3006,	74
3007,	47
3008,	67
3009,	73
3010,	63
3011,	51
3012,	65
3013,	54
3014,	60
3015,	49
3016,	79
3017,	66
3018,	65
3019,	64
3020,	58
3021,	67
3022,	69
3023,	71
3024,	57
3025,	70
3026,	72
3027,	76
3028,	10
3029,	75
3030,	58
3031,	70
3032,	24
3033,	66
3034,	77
3035,	66
3036,	35
3037,	48
3038,	65
3039,	33
3040,	74
3041,	75
3042,	49
3043,	71
3044,	56
3045,	23
3046,	67
3047,	78
3048,	64
3049,	49
3050,	70
3051,	56
3052,	46
3053,	61
3054,	78
3055,	3
3056,	60
3057,	76
3058,	69
3059,	68
3060,	29
3061,	77
3062,	60
3063,	52
3064,	63
3065,	64
3066,	61
3067,	69
3068,	64
3069,	56
3070,	78
3071,	76
3072,	61
3073,	64
3074,	71
3075,	67
3076,	69
3077,	70
3078,	74
3079,	72
3080,	66
3081,	38
3082,	63
3083,	68
3084,	46
3085,	71
3086,	68
3087,	79
3088,	72
3089,	71
3090,	59
3091,	72
3092,	32
3093,	72
3094,	39
3095,	59
3096,	81
3097,	68
3098,	21
3099,	57
3100,	47
3101,	52
3102,	58
3103,	67
3104,	68
3105,	59
3106,	74
3107,	57
3108,	56
3109,	52
3110,	72
3111,	80
3112,	70
3113,	69
3114,	71
3115,	57
3116,	64
3117,	77
3118,	56
3119,	39
3120,	73
3121,	29
3122,	55
3123,	53
3124,	78
3125,	75
3126,	64
3127,	30
3128,	48
3129,	2
3130,	70
3131,	62
3132,	60
3133,	74
3134,	53
3135,	55
3136,	74
3137,	70
3138,	66
3139,	67
3140,	76
3141,	69
3142,	54
3143,	72
3144,	60
3145,	74
3146,	51
3147,	74
3148,	72
3149,	35
3150,	62
3151,	61
3152,	69
3153,	65
3154,	66
3155,	68
3156,	74
3157,	62
3158,	42
3159,	71
3160,	2
3161,	54
3162,	69
3163,	75
3164,	73
3165,	59
3166,	69
3167,	59
3168,	46
3169,	66
3170,	57
3171,	47
3172,	64
3173,	52
3174,	68
3175,	79
3176,	77
3177,	70
3178,	76
3179,	62
3180,	65
3181,	81
3182,	63
3183,	45
3184,	74
3185,	52
3186,	80
3187,	75
3188,	58
3189,	61
3190,	49
3191,	65
3192,	50
3193,	27
3194,	71
3195,	76
3196,	81
3197,	3
3198,	2
3199,	68
3200,	78
3201,	65
3202,	51
3203,	50
3204,	67
3205,	74
3206,	57
3207,	45
3208,	17
3209,	77
3210,	80
3211,	67
3212,	72
3213,	62
3214,	64
3215,	71
3216,	51
3217,	11
3218,	41
3219,	75
3220,	51
3221,	76
3222,	54
3223,	76
3224,	75
3225,	68
3226,	79
3227,	71
3228,	65
3229,	79
3230,	55
3231,	2
3232,	77
3233,	75
3234,	70
3235,	55
3236,	61
3237,	77
3238,	79
3239,	67
3240,	71
3241,	78
3242,	61
3243,	66
3244,	74
3245,	71
3246,	80
3247,	78
3248,	63
3249,	73
3250,	79
3251,	12
3252,	4
3253,	45
3254,	78
3255,	73
3256,	77
3257,	74
3258,	78
3259,	75
3260,	77
3261,	65
3262,	2
3263,	74
3264,	65
3265,	72
3266,	74
3267,	50
3268,	74
3269,	63
3270,	81
3271,	73
3272,	72
3273,	69
3274,	77
3275,	11
3276,	57
3277,	76
3278,	31
3279,	10
3280,	37
3281,	53
3282,	70
3283,	70
3284,	53
3285,	60
3286,	73
3287,	68
3288,	8
3289,	77
3290,	68
3291,	55
3292,	75
3293,	69
3294,	45
3295,	71
3296,	46
3297,	76
3298,	64
3299,	60
3300,	71
3301,	18
3302,	69
3303,	43
3304,	62
3305,	53
3306,	72
3307,	80
3308,	58
3309,	79
3310,	2
3311,	6
3312,	13
3313,	76
3314,	78
3315,	61
3316,	72
3317,	79
3318,	58
3319,	67
3320,	46
3321,	70
3322,	4
3323,	80
3324,	75
3325,	36
3326,	53
3327,	33
3328,	77
3329,	81
3330,	29
3331,	79
3332,	71
3333,	66
3334,	73
3335,	74
3336,	0
3337,	63
3338,	62
3339,	17
3340,	73
3341,	77
3342,	52
3343,	69
3344,	77
3345,	36
3346,	45
3347,	79
3348,	75
3349,	80
3350,	3
3351,	44
3352,	79
3353,	63
3354,	68
3355,	81
3356,	72
3357,	3
3358,	75
3359,	59
3360,	60
3361,	66
3362,	70
3363,	76
3364,	5
3365,	46
3366,	72
3367,	79
3368,	77
3369,	1
3370,	11
3371,	75
3372,	72
3373,	30
3374,	67
3375,	69
3376,	73
3377,	57
3378,	78
3379,	80
3380,	77
3381,	80
3382,	71
3383,	14
3384,	66
3385,	7
3386,	40
3387,	46
3388,	81
3389,	5
3390,	61
3391,	71
3392,	31
3393,	72
3394,	56
3395,	24
3396,	64
3397,	78
3398,	71
3399,	62
3400,	66
3401,	74
3402,	65
3403,	54
3404,	80
3405,	15
3406,	67
3407,	22
3408,	81
3409,	2
3410,	73
3411,	78
3412,	73
3413,	75
3414,	66
3415,	16
3416,	81
3417,	20
3418,	71
3419,	60
3420,	60
3421,	78
3422,	48
3423,	76
3424,	17
3425,	75
3426,	81
3427,	11
3428,	76
3429,	63
3430,	73
3431,	9
3432,	56
3433,	62
3434,	75
3435,	1
3436,	12
3437,	61
3438,	36
3439,	76
3440,	80
3441,	32
3442,	62
3443,	80
3444,	19
3445,	78
3446,	61
3447,	8
3448,	52
3449,	57
3450,	77
3451,	81
3452,	76
3453,	69
3454,	75
3455,	72
3456,	79
3457,	74
3458,	36
3459,	12
3460,	46
3461,	70
3462,	81
3463,	46
3464,	19
3465,	69
3466,	42
3467,	8
3468,	10
3469,	58
3470,	70
3471,	68
3472,	73
3473,	35
3474,	51
3475,	76
3476,	54
3477,	76
3478,	26
3479,	9
3480,	12
3481,	81
3482,	68
3483,	54
3484,	10
3485,	79
3486,	73
3487,	13
3488,	10
3489,	12
3490,	49
3491,	2
3492,	69
3493,	21
3494,	64
3495,	0
3496,	70
3497,	21
3498,	9
3499,	24
3500,	73
3501,	22
3502,	9
3503,	14
3504,	8
3505,	63
3506,	53
3507,	81
3508,	58
3509,	31
3510,	73
3511,	76
3512,	64
3513,	81
3514,	4
3515,	11
3516,	64
3517,	68
3518,	80
3519,	19
3520,	65
3521,	3
3522,	67
3523,	5
3524,	74
3525,	7
3526,	75
3527,	28
3528,	74
3529,	81
3530,	75
3531,	68
3532,	61
3533,	71
3534,	4
3535,	63
3536,	20
3537,	33
3538,	2
3539,	67
3540,	51
3541,	81
3542,	24
3543,	78
3544,	27
3545,	75
3546,	2
3547,	79
3548,	3
3549,	4
3550,	70
3551,	3
3552,	8
3553,	40
3554,	46
3555,	61
3556,	71
3557,	16
3558,	25
3559,	6
3560,	73
3561,	57
3562,	73
3563,	80
3564,	70
3565,	15
3566,	79
3567,	76
3568,	76
3569,	7
3570,	59
3571,	71
3572,	80
3573,	14
3574,	62
3575,	70
3576,	16
3577,	59
3578,	55
3579,	13
3580,	79
3581,	44
3582,	14
3583,	69
3584,	12
3585,	77
3586,	75
3587,	77
3588,	30
3589,	15
3590,	2
3591,	19
3592,	75
3593,	77
3594,	80
3595,	79
3596,	74
3597,	58
3598,	15
3599,	3
3600,	34
3601,	65
3602,	42
3603,	73
3604,	15
3605,	78
3606,	78
3607,	65
3608,	25
3609,	68
3610,	21
3611,	75
3612,	11
3613,	20
3614,	79
3615,	29
3616,	76
3617,	80
3618,	37
3619,	2
3620,	75
3621,	52
3622,	60
3623,	33
3624,	8
3625,	20
3626,	77
3627,	17
3628,	65
3629,	19
3630,	68
3631,	20
3632,	6
3633,	7
3634,	75
3635,	14
3636,	11
3637,	78
3638,	1
3639,	5
3640,	9
3641,	51
3642,	10
3643,	12
3644,	80
3645,	21
3646,	25
3647,	74
3648,	3
3649,	70
3650,	56
3651,	77
3652,	66
3653,	8
3654,	4
3655,	79
3656,	30
3657,	57
3658,	2
3659,	71
3660,	1
3661,	38
3662,	75
3663,	81
3664,	11
3665,	72
3666,	77
3667,	80
3668,	7
3669,	73
3670,	63
3671,	64
3672,	13
3673,	16
3674,	69
3675,	19
3676,	18
3677,	16
3678,	59
3679,	1
3680,	20
3681,	67
3682,	1
3683,	5
3684,	75
3685,	1
3686,	16
3687,	19
3688,	9
3689,	21
3690,	16
3691,	70
3692,	7
3693,	75
3694,	1
3695,	66
3696,	58
3697,	79
3698,	10
3699,	55
3700,	1
3701,	1
3702,	54
3703,	79
3704,	7
3705,	14
3706,	3
3707,	8
3708,	52
3709,	76
3710,	6
3711,	79
3712,	2
3713,	2
3714,	5
3715,	24
3716,	19
3717,	1
3718,	1
3719,	60
3720,	21
3721,	63
3722,	3
3723,	26
3724,	13
3725,	55
3726,	38
3727,	12
3728,	81
3729,	9
3730,	80
3731,	4
3732,	64
3733,	22
3734,	21
3735,	72
3736,	81
3737,	35
3738,	31
3739,	12
3740,	76
3741,	1
3742,	1
3743,	34
3744,	5
3745,	5
3746,	16
3747,	1
3748,	12
3749,	8
3750,	1
3751,	15
3752,	66
3753,	74
3754,	15
3755,	77
3756,	23
3757,	5
3758,	65
3759,	22
3760,	68
3761,	72
3762,	5
3763,	72
3764,	4
3765,	20
3766,	24
3767,	11
3768,	11
3769,	1
3770,	74
3771,	76
3772,	37
3773,	1
3774,	79
3775,	18
3776,	74
3777,	4
3778,	25
3779,	32
3780,	23
3781,	1
3782,	65
3783,	79
3784,	64
3785,	80
3786,	29
3787,	17
3788,	24
3789,	65
3790,	2
3791,	28
3792,	52
3793,	65
3794,	59
3795,	71
3796,	20
3797,	26
3798,	78
3799,	26
3800,	2
3801,	24
3802,	4
3803,	11
3804,	8
3805,	1
3806,	77
3807,	68
3808,	62
3809,	24
3810,	61
3811,	76
3812,	18
3813,	21
3814,	53
3815,	66
3816,	4
3817,	4
3818,	0
3819,	55
3820,	3
3821,	42
3822,	47
3823,	17
3824,	76
3825,	63
3826,	72
3827,	58
3828,	11
3829,	3
3830,	75
3831,	47
3832,	15
3833,	7
3834,	66
3835,	77
3836,	1
3837,	78
3838,	37
3839,	21
3840,	4
3841,	63
3842,	8
3843,	1
3844,	5
3845,	6
3846,	16
3847,	70
3848,	31
3849,	1
3850,	7
3851,	1
3852,	15
3853,	80
3854,	30
3855,	10
3856,	80
3857,	73
3858,	16
3859,	73
3860,	15
3861,	23
3862,	58
3863,	76
3864,	2
3865,	1
3866,	2
3867,	30
3868,	60
3869,	7
3870,	23
3871,	6
3872,	22
3873,	73
3874,	81
3875,	5
3876,	4
3877,	67
3878,	4
3879,	6
3880,	27
3881,	81
3882,	7
3883,	17
3884,	2
3885,	3
3886,	15
3887,	9
3888,	0
3889,	77
3890,	80
3891,	20
3892,	7
3893,	1
3894,	70
3895,	49
3896,	81
3897,	78
3898,	18
3899,	0
3900,	1
3901,	1
3902,	0
3903,	9
3904,	80
3905,	9
3906,	24
3907,	36
3908,	1
3909,	7
3910,	4
3911,	80
3912,	2
3913,	22
3914,	5
3915,	9
3916,	44
3917,	1
3918,	67
3919,	27
3920,	69
3921,	81
3922,	61
3923,	79
3924,	71
3925,	71
3926,	22
3927,	0
3928,	38
3929,	8
3930,	75
3931,	69
3932,	0
3933,	46
3934,	64
3935,	6
3936,	78
3937,	10
3938,	1
3939,	77
3940,	81
3941,	78
3942,	6
3943,	0
3944,	0
3945,	0
3946,	4
3947,	74
3948,	79
3949,	40
3950,	1
3951,	0
3952,	1
3953,	17
3954,	56
3955,	0
3956,	1
3957,	6
3958,	1
3959,	1
3960,	0
3961,	1
3962,	1
3963,	0
3964,	70
3965,	0
3966,	63
3967,	0
3968,	23
3969,	80
3970,	0
3971,	6
3972,	32
3973,	30
3974,	0
3975,	0
3976,	53
3977,	0
3978,	7
3979,	80
3980,	0
3981,	13
3982,	0
3983,	78
3984,	0
3985,	68
3986,	0
3987,	62
3988,	0
3989,	42
3990,	79
3991,	19
3992,	0
3993,	0
3994,	0
3995,	0
3996,	0
3997,	0
3998,	0
3999,	0
