Instance: /home/gabriel/Documents/ufrgs/courses/oc/trab/instances/cmb01
Vertices: 500
Colors: 12
NumIterations: 1
Alpha: 0.650000
Is Factible?: false
Conflicts: 4
Solution Value: 170033.078125
Vertex,	Color
0,	6
1,	3
2,	1
3,	2
4,	4
5,	5
6,	1
7,	0
8,	9
9,	0
10,	2
11,	1
12,	0
13,	7
14,	5
15,	1
16,	7
17,	0
18,	2
19,	4
20,	0
21,	2
22,	8
23,	3
24,	1
25,	4
26,	11
27,	0
28,	8
29,	0
30,	1
31,	1
32,	6
33,	0
34,	1
35,	8
36,	0
37,	2
38,	8
39,	3
40,	0
41,	1
42,	0
43,	1
44,	0
45,	1
46,	2
47,	0
48,	1
49,	2
50,	5
51,	1
52,	1
53,	3
54,	2
55,	0
56,	3
57,	1
58,	3
59,	0
60,	4
61,	0
62,	0
63,	1
64,	4
65,	6
66,	0
67,	1
68,	5
69,	3
70,	8
71,	5
72,	6
73,	0
74,	4
75,	2
76,	7
77,	0
78,	0
79,	7
80,	5
81,	10
82,	11
83,	6
84,	3
85,	0
86,	7
87,	3
88,	4
89,	8
90,	3
91,	1
92,	1
93,	1
94,	9
95,	3
96,	2
97,	0
98,	10
99,	4
100,	6
101,	4
102,	2
103,	7
104,	2
105,	8
106,	2
107,	2
108,	1
109,	0
110,	2
111,	1
112,	2
113,	11
114,	5
115,	3
116,	3
117,	5
118,	7
119,	0
120,	1
121,	9
122,	1
123,	1
124,	1
125,	2
126,	0
127,	2
128,	1
129,	4
130,	2
131,	3
132,	2
133,	1
134,	2
135,	3
136,	1
137,	1
138,	3
139,	1
140,	0
141,	2
142,	5
143,	10
144,	0
145,	2
146,	4
147,	1
148,	0
149,	6
150,	5
151,	8
152,	4
153,	2
154,	4
155,	1
156,	2
157,	0
158,	0
159,	4
160,	3
161,	5
162,	6
163,	4
164,	6
165,	9
166,	5
167,	0
168,	5
169,	1
170,	3
171,	4
172,	0
173,	1
174,	2
175,	2
176,	0
177,	2
178,	4
179,	6
180,	2
181,	1
182,	2
183,	6
184,	2
185,	2
186,	0
187,	0
188,	5
189,	6
190,	5
191,	1
192,	5
193,	4
194,	0
195,	8
196,	3
197,	4
198,	5
199,	3
200,	0
201,	3
202,	0
203,	1
204,	3
205,	3
206,	1
207,	6
208,	0
209,	1
210,	2
211,	1
212,	1
213,	2
214,	0
215,	4
216,	2
217,	3
218,	4
219,	4
220,	7
221,	1
222,	7
223,	1
224,	4
225,	0
226,	4
227,	6
228,	1
229,	2
230,	3
231,	0
232,	3
233,	5
234,	0
235,	10
236,	5
237,	4
238,	0
239,	0
240,	2
241,	1
242,	6
243,	0
244,	5
245,	2
246,	2
247,	3
248,	5
249,	0
250,	2
251,	4
252,	2
253,	2
254,	6
255,	2
256,	9
257,	2
258,	4
259,	0
260,	3
261,	1
262,	3
263,	8
264,	5
265,	0
266,	4
267,	5
268,	6
269,	3
270,	4
271,	4
272,	3
273,	3
274,	6
275,	1
276,	4
277,	4
278,	7
279,	0
280,	3
281,	2
282,	6
283,	8
284,	1
285,	5
286,	6
287,	5
288,	3
289,	4
290,	1
291,	2
292,	4
293,	2
294,	9
295,	7
296,	7
297,	2
298,	0
299,	1
300,	0
301,	1
302,	4
303,	4
304,	3
305,	5
306,	2
307,	7
308,	4
309,	6
310,	7
311,	3
312,	1
313,	7
314,	6
315,	6
316,	3
317,	4
318,	4
319,	4
320,	2
321,	3
322,	5
323,	5
324,	7
325,	3
326,	2
327,	4
328,	8
329,	5
330,	2
331,	6
332,	3
333,	2
334,	8
335,	1
336,	1
337,	8
338,	4
339,	0
340,	5
341,	9
342,	5
343,	3
344,	4
345,	6
346,	5
347,	10
348,	6
349,	1
350,	6
351,	0
352,	7
353,	6
354,	3
355,	4
356,	1
357,	9
358,	5
359,	8
360,	7
361,	6
362,	6
363,	7
364,	6
365,	5
366,	7
367,	3
368,	6
369,	6
370,	3
371,	4
372,	3
373,	8
374,	5
375,	3
376,	7
377,	4
378,	3
379,	2
380,	7
381,	5
382,	2
383,	3
384,	4
385,	4
386,	5
387,	8
388,	1
389,	7
390,	7
391,	1
392,	6
393,	10
394,	9
395,	2
396,	7
397,	8
398,	4
399,	8
400,	7
401,	5
402,	4
403,	7
404,	3
405,	9
406,	5
407,	0
408,	0
409,	10
410,	8
411,	3
412,	7
413,	6
414,	9
415,	11
416,	9
417,	4
418,	10
419,	4
420,	9
421,	7
422,	5
423,	9
424,	4
425,	6
426,	10
427,	6
428,	0
429,	7
430,	9
431,	6
432,	7
433,	6
434,	6
435,	11
436,	5
437,	5
438,	7
439,	4
440,	10
441,	2
442,	3
443,	2
444,	3
445,	8
446,	10
447,	4
448,	6
449,	11
450,	0
451,	8
452,	7
453,	6
454,	5
455,	5
456,	8
457,	11
458,	8
459,	0
460,	7
461,	3
462,	8
463,	6
464,	5
465,	8
466,	9
467,	5
468,	9
469,	6
470,	7
471,	9
472,	7
473,	4
474,	8
475,	8
476,	10
477,	1
478,	7
479,	11
480,	8
481,	4
482,	10
483,	5
484,	8
485,	6
486,	7
487,	8
488,	7
489,	6
490,	5
491,	9
492,	11
493,	8
494,	6
495,	9
496,	10
497,	9
498,	5
499,	9
