Instance: /home/gabriel/Documents/ufrgs/courses/oc/trab/instances/cmb01
Vertices: 500
Colors: 12
NumIterations: 1
Alpha: 0.950000
Is Factible?: false
Conflicts: 5
Solution Value: 161941.765625
Vertex,	Color
0,	0
1,	2
2,	2
3,	0
4,	2
5,	0
6,	0
7,	0
8,	2
9,	0
10,	3
11,	1
12,	1
13,	0
14,	1
15,	1
16,	9
17,	2
18,	7
19,	1
20,	9
21,	0
22,	0
23,	1
24,	0
25,	1
26,	4
27,	1
28,	0
29,	2
30,	1
31,	1
32,	2
33,	0
34,	4
35,	1
36,	0
37,	0
38,	2
39,	1
40,	1
41,	0
42,	0
43,	1
44,	1
45,	2
46,	0
47,	2
48,	0
49,	1
50,	1
51,	2
52,	1
53,	2
54,	1
55,	0
56,	3
57,	0
58,	1
59,	0
60,	2
61,	0
62,	0
63,	1
64,	2
65,	0
66,	2
67,	1
68,	5
69,	1
70,	1
71,	2
72,	1
73,	0
74,	4
75,	2
76,	5
77,	4
78,	0
79,	3
80,	1
81,	0
82,	1
83,	0
84,	1
85,	0
86,	2
87,	1
88,	3
89,	6
90,	3
91,	3
92,	2
93,	1
94,	1
95,	1
96,	1
97,	2
98,	0
99,	2
100,	2
101,	2
102,	3
103,	3
104,	0
105,	2
106,	3
107,	4
108,	1
109,	0
110,	2
111,	3
112,	0
113,	1
114,	3
115,	2
116,	1
117,	6
118,	0
119,	4
120,	1
121,	3
122,	2
123,	1
124,	1
125,	1
126,	2
127,	3
128,	0
129,	5
130,	1
131,	2
132,	2
133,	0
134,	0
135,	1
136,	3
137,	4
138,	6
139,	1
140,	1
141,	3
142,	2
143,	4
144,	5
145,	2
146,	6
147,	4
148,	4
149,	0
150,	5
151,	5
152,	0
153,	2
154,	3
155,	4
156,	10
157,	3
158,	0
159,	1
160,	2
161,	5
162,	8
163,	5
164,	6
165,	4
166,	0
167,	0
168,	3
169,	3
170,	5
171,	4
172,	2
173,	3
174,	1
175,	1
176,	2
177,	7
178,	5
179,	9
180,	3
181,	2
182,	5
183,	5
184,	0
185,	4
186,	4
187,	0
188,	3
189,	4
190,	5
191,	2
192,	4
193,	2
194,	4
195,	3
196,	2
197,	2
198,	5
199,	2
200,	1
201,	5
202,	5
203,	6
204,	6
205,	2
206,	3
207,	4
208,	3
209,	4
210,	4
211,	0
212,	9
213,	4
214,	2
215,	4
216,	4
217,	2
218,	6
219,	4
220,	7
221,	0
222,	5
223,	3
224,	3
225,	0
226,	4
227,	5
228,	1
229,	5
230,	2
231,	4
232,	6
233,	6
234,	0
235,	7
236,	5
237,	4
238,	3
239,	2
240,	1
241,	3
242,	7
243,	3
244,	7
245,	1
246,	5
247,	7
248,	6
249,	2
250,	3
251,	3
252,	2
253,	6
254,	6
255,	3
256,	3
257,	2
258,	4
259,	3
260,	6
261,	3
262,	6
263,	10
264,	4
265,	0
266,	5
267,	6
268,	6
269,	8
270,	7
271,	5
272,	6
273,	5
274,	8
275,	1
276,	8
277,	3
278,	5
279,	2
280,	0
281,	4
282,	6
283,	2
284,	8
285,	4
286,	7
287,	4
288,	1
289,	4
290,	3
291,	4
292,	6
293,	2
294,	11
295,	1
296,	6
297,	7
298,	2
299,	1
300,	4
301,	1
302,	5
303,	4
304,	1
305,	5
306,	2
307,	7
308,	3
309,	6
310,	8
311,	3
312,	2
313,	7
314,	7
315,	5
316,	6
317,	3
318,	3
319,	2
320,	4
321,	5
322,	7
323,	7
324,	7
325,	5
326,	4
327,	5
328,	9
329,	6
330,	0
331,	5
332,	3
333,	3
334,	8
335,	0
336,	6
337,	8
338,	6
339,	7
340,	5
341,	5
342,	6
343,	9
344,	1
345,	7
346,	7
347,	7
348,	7
349,	6
350,	2
351,	0
352,	9
353,	7
354,	4
355,	3
356,	9
357,	9
358,	5
359,	9
360,	7
361,	6
362,	4
363,	7
364,	8
365,	5
366,	7
367,	4
368,	8
369,	3
370,	6
371,	4
372,	3
373,	4
374,	4
375,	5
376,	9
377,	7
378,	5
379,	3
380,	9
381,	1
382,	3
383,	2
384,	2
385,	4
386,	8
387,	8
388,	8
389,	8
390,	6
391,	3
392,	5
393,	8
394,	10
395,	6
396,	9
397,	8
398,	4
399,	8
400,	8
401,	0
402,	1
403,	5
404,	5
405,	9
406,	9
407,	3
408,	0
409,	9
410,	7
411,	5
412,	4
413,	6
414,	6
415,	11
416,	9
417,	5
418,	9
419,	4
420,	3
421,	6
422,	8
423,	10
424,	7
425,	7
426,	10
427,	5
428,	5
429,	7
430,	9
431,	7
432,	9
433,	6
434,	6
435,	6
436,	5
437,	2
438,	3
439,	9
440,	10
441,	8
442,	0
443,	8
444,	4
445,	7
446,	10
447,	4
448,	4
449,	7
450,	11
451,	6
452,	7
453,	10
454,	5
455,	6
456,	9
457,	0
458,	3
459,	11
460,	10
461,	5
462,	8
463,	7
464,	4
465,	7
466,	7
467,	1
468,	6
469,	3
470,	8
471,	9
472,	6
473,	4
474,	8
475,	11
476,	7
477,	2
478,	7
479,	11
480,	9
481,	5
482,	9
483,	4
484,	8
485,	6
486,	8
487,	9
488,	7
489,	6
490,	5
491,	9
492,	11
493,	11
494,	11
495,	6
496,	10
497,	6
498,	6
499,	9
