Instance: /home/gabriel/Documents/ufrgs/courses/oc/trab/instances/cmb01
Vertices: 500
Colors: 12
NumIterations: 100
Alpha: 0.250000
Is Factible?: false
Conflicts: 3
Solution Value: 159642.531250
Vertex,	Color
0,	5
1,	3
2,	2
3,	6
4,	6
5,	5
6,	2
7,	3
8,	4
9,	7
10,	0
11,	2
12,	4
13,	3
14,	5
15,	2
16,	1
17,	4
18,	1
19,	6
20,	1
21,	3
22,	8
23,	8
24,	0
25,	5
26,	4
27,	0
28,	6
29,	0
30,	0
31,	10
32,	5
33,	3
34,	3
35,	2
36,	7
37,	3
38,	5
39,	2
40,	0
41,	5
42,	3
43,	0
44,	0
45,	7
46,	2
47,	4
48,	11
49,	7
50,	6
51,	5
52,	6
53,	4
54,	0
55,	3
56,	1
57,	6
58,	7
59,	1
60,	7
61,	0
62,	4
63,	1
64,	3
65,	5
66,	4
67,	3
68,	0
69,	4
70,	6
71,	3
72,	5
73,	4
74,	0
75,	4
76,	3
77,	8
78,	6
79,	8
80,	1
81,	2
82,	2
83,	3
84,	1
85,	4
86,	8
87,	9
88,	1
89,	5
90,	9
91,	2
92,	4
93,	9
94,	7
95,	4
96,	2
97,	3
98,	2
99,	11
100,	3
101,	0
102,	1
103,	8
104,	1
105,	6
106,	3
107,	8
108,	2
109,	7
110,	2
111,	11
112,	4
113,	8
114,	0
115,	6
116,	2
117,	9
118,	7
119,	0
120,	2
121,	3
122,	6
123,	5
124,	5
125,	3
126,	0
127,	1
128,	3
129,	1
130,	2
131,	1
132,	5
133,	2
134,	2
135,	1
136,	5
137,	9
138,	4
139,	5
140,	3
141,	2
142,	1
143,	10
144,	8
145,	1
146,	1
147,	3
148,	6
149,	4
150,	4
151,	4
152,	2
153,	0
154,	2
155,	0
156,	2
157,	3
158,	8
159,	1
160,	1
161,	4
162,	5
163,	2
164,	8
165,	4
166,	5
167,	0
168,	4
169,	4
170,	5
171,	6
172,	1
173,	6
174,	0
175,	0
176,	0
177,	3
178,	6
179,	1
180,	7
181,	4
182,	4
183,	6
184,	0
185,	0
186,	5
187,	2
188,	0
189,	0
190,	3
191,	9
192,	3
193,	4
194,	1
195,	7
196,	2
197,	5
198,	1
199,	6
200,	1
201,	7
202,	7
203,	5
204,	4
205,	1
206,	3
207,	7
208,	0
209,	4
210,	9
211,	6
212,	1
213,	0
214,	4
215,	2
216,	1
217,	3
218,	1
219,	1
220,	5
221,	1
222,	0
223,	5
224,	2
225,	2
226,	3
227,	2
228,	2
229,	4
230,	4
231,	2
232,	6
233,	5
234,	1
235,	7
236,	6
237,	3
238,	6
239,	3
240,	1
241,	4
242,	0
243,	0
244,	0
245,	1
246,	1
247,	1
248,	7
249,	1
250,	3
251,	4
252,	3
253,	0
254,	4
255,	4
256,	8
257,	3
258,	1
259,	3
260,	4
261,	0
262,	2
263,	10
264,	1
265,	1
266,	3
267,	1
268,	10
269,	5
270,	6
271,	2
272,	2
273,	4
274,	1
275,	1
276,	7
277,	3
278,	0
279,	0
280,	4
281,	3
282,	7
283,	9
284,	6
285,	1
286,	0
287,	2
288,	1
289,	2
290,	6
291,	0
292,	7
293,	6
294,	3
295,	2
296,	1
297,	4
298,	3
299,	4
300,	9
301,	0
302,	5
303,	0
304,	1
305,	1
306,	7
307,	2
308,	1
309,	7
310,	6
311,	5
312,	0
313,	5
314,	8
315,	4
316,	11
317,	0
318,	0
319,	2
320,	1
321,	3
322,	0
323,	2
324,	7
325,	3
326,	1
327,	0
328,	1
329,	2
330,	1
331,	8
332,	1
333,	8
334,	10
335,	0
336,	6
337,	8
338,	10
339,	0
340,	3
341,	3
342,	8
343,	2
344,	2
345,	5
346,	3
347,	3
348,	5
349,	0
350,	3
351,	0
352,	7
353,	10
354,	2
355,	2
356,	4
357,	9
358,	2
359,	0
360,	6
361,	0
362,	1
363,	2
364,	8
365,	0
366,	7
367,	5
368,	9
369,	0
370,	7
371,	1
372,	2
373,	3
374,	1
375,	5
376,	10
377,	6
378,	6
379,	0
380,	0
381,	2
382,	1
383,	4
384,	5
385,	5
386,	9
387,	6
388,	7
389,	3
390,	0
391,	2
392,	3
393,	5
394,	1
395,	0
396,	8
397,	2
398,	4
399,	4
400,	3
401,	7
402,	9
403,	4
404,	5
405,	9
406,	7
407,	5
408,	6
409,	5
410,	6
411,	0
412,	3
413,	4
414,	3
415,	0
416,	4
417,	6
418,	10
419,	5
420,	3
421,	6
422,	5
423,	5
424,	5
425,	4
426,	7
427,	7
428,	3
429,	8
430,	8
431,	6
432,	1
433,	4
434,	9
435,	8
436,	5
437,	5
438,	6
439,	4
440,	10
441,	10
442,	11
443,	5
444,	2
445,	0
446,	8
447,	1
448,	6
449,	7
450,	8
451,	5
452,	6
453,	8
454,	3
455,	2
456,	7
457,	0
458,	4
459,	6
460,	9
461,	8
462,	3
463,	7
464,	7
465,	5
466,	6
467,	1
468,	8
469,	6
470,	8
471,	9
472,	7
473,	3
474,	9
475,	11
476,	7
477,	2
478,	6
479,	11
480,	11
481,	4
482,	11
483,	5
484,	8
485,	8
486,	6
487,	9
488,	7
489,	6
490,	6
491,	10
492,	11
493,	10
494,	10
495,	8
496,	7
497,	2
498,	2
499,	9
