Instance: /home/gabriel/Documents/ufrgs/courses/oc/trab/instances/cmb01
Vertices: 500
Colors: 12
NumIterations: 1
Alpha: 0.650000
Is Factible?: false
Conflicts: 6
Solution Value: 172847.093750
Vertex,	Color
0,	4
1,	6
2,	4
3,	2
4,	1
5,	4
6,	3
7,	1
8,	1
9,	1
10,	5
11,	0
12,	1
13,	2
14,	2
15,	0
16,	5
17,	1
18,	4
19,	3
20,	0
21,	0
22,	1
23,	0
24,	0
25,	3
26,	4
27,	2
28,	1
29,	0
30,	0
31,	1
32,	3
33,	0
34,	7
35,	1
36,	1
37,	1
38,	5
39,	3
40,	3
41,	1
42,	3
43,	1
44,	1
45,	5
46,	1
47,	3
48,	4
49,	3
50,	4
51,	5
52,	1
53,	0
54,	0
55,	1
56,	5
57,	2
58,	1
59,	0
60,	0
61,	0
62,	0
63,	2
64,	2
65,	5
66,	0
67,	2
68,	3
69,	2
70,	10
71,	0
72,	5
73,	1
74,	3
75,	0
76,	3
77,	6
78,	2
79,	10
80,	8
81,	7
82,	3
83,	0
84,	0
85,	1
86,	3
87,	2
88,	0
89,	7
90,	2
91,	3
92,	0
93,	0
94,	6
95,	3
96,	4
97,	0
98,	4
99,	8
100,	8
101,	6
102,	2
103,	7
104,	2
105,	2
106,	7
107,	3
108,	1
109,	0
110,	8
111,	9
112,	0
113,	2
114,	4
115,	2
116,	4
117,	7
118,	6
119,	1
120,	1
121,	4
122,	7
123,	0
124,	0
125,	1
126,	2
127,	4
128,	0
129,	5
130,	2
131,	2
132,	2
133,	0
134,	4
135,	0
136,	2
137,	1
138,	11
139,	2
140,	1
141,	6
142,	5
143,	7
144,	3
145,	2
146,	3
147,	0
148,	8
149,	3
150,	2
151,	3
152,	2
153,	0
154,	6
155,	6
156,	2
157,	3
158,	0
159,	2
160,	2
161,	5
162,	9
163,	5
164,	6
165,	2
166,	0
167,	0
168,	4
169,	0
170,	9
171,	6
172,	0
173,	0
174,	4
175,	0
176,	2
177,	2
178,	4
179,	5
180,	3
181,	1
182,	3
183,	5
184,	4
185,	2
186,	2
187,	1
188,	6
189,	1
190,	7
191,	2
192,	1
193,	0
194,	1
195,	5
196,	2
197,	2
198,	2
199,	1
200,	1
201,	4
202,	1
203,	6
204,	1
205,	1
206,	2
207,	0
208,	0
209,	1
210,	2
211,	1
212,	5
213,	7
214,	6
215,	3
216,	2
217,	2
218,	4
219,	1
220,	5
221,	0
222,	5
223,	0
224,	4
225,	0
226,	6
227,	7
228,	3
229,	3
230,	2
231,	5
232,	1
233,	3
234,	0
235,	6
236,	3
237,	8
238,	5
239,	1
240,	2
241,	5
242,	5
243,	5
244,	4
245,	1
246,	8
247,	4
248,	7
249,	3
250,	1
251,	3
252,	5
253,	8
254,	4
255,	0
256,	1
257,	2
258,	3
259,	2
260,	4
261,	3
262,	7
263,	10
264,	3
265,	0
266,	5
267,	4
268,	7
269,	7
270,	6
271,	5
272,	5
273,	6
274,	8
275,	1
276,	1
277,	3
278,	5
279,	1
280,	0
281,	3
282,	6
283,	4
284,	6
285,	3
286,	1
287,	6
288,	4
289,	3
290,	0
291,	2
292,	7
293,	3
294,	9
295,	3
296,	4
297,	2
298,	1
299,	1
300,	2
301,	0
302,	7
303,	3
304,	5
305,	4
306,	1
307,	8
308,	5
309,	6
310,	6
311,	5
312,	2
313,	6
314,	5
315,	3
316,	4
317,	3
318,	4
319,	2
320,	2
321,	0
322,	0
323,	5
324,	6
325,	5
326,	3
327,	2
328,	9
329,	6
330,	0
331,	6
332,	4
333,	6
334,	9
335,	4
336,	5
337,	4
338,	8
339,	4
340,	4
341,	10
342,	1
343,	2
344,	0
345,	5
346,	7
347,	9
348,	7
349,	6
350,	4
351,	4
352,	9
353,	7
354,	2
355,	3
356,	6
357,	9
358,	3
359,	0
360,	7
361,	7
362,	2
363,	7
364,	7
365,	7
366,	5
367,	4
368,	7
369,	5
370,	1
371,	3
372,	5
373,	6
374,	2
375,	6
376,	6
377,	4
378,	4
379,	4
380,	5
381,	1
382,	2
383,	3
384,	5
385,	3
386,	8
387,	9
388,	6
389,	9
390,	7
391,	4
392,	5
393,	5
394,	8
395,	2
396,	9
397,	9
398,	3
399,	8
400,	8
401,	0
402,	1
403,	4
404,	5
405,	8
406,	6
407,	1
408,	11
409,	8
410,	7
411,	1
412,	4
413,	6
414,	5
415,	11
416,	3
417,	4
418,	9
419,	3
420,	10
421,	4
422,	7
423,	10
424,	7
425,	6
426,	11
427,	6
428,	1
429,	7
430,	8
431,	7
432,	0
433,	8
434,	4
435,	11
436,	5
437,	2
438,	5
439,	6
440,	8
441,	8
442,	9
443,	0
444,	3
445,	8
446,	10
447,	3
448,	3
449,	11
450,	3
451,	8
452,	7
453,	7
454,	4
455,	6
456,	9
457,	11
458,	10
459,	0
460,	9
461,	4
462,	8
463,	7
464,	6
465,	7
466,	9
467,	5
468,	9
469,	6
470,	8
471,	9
472,	7
473,	2
474,	8
475,	11
476,	9
477,	0
478,	7
479,	11
480,	9
481,	4
482,	10
483,	5
484,	8
485,	8
486,	9
487,	10
488,	6
489,	6
490,	6
491,	5
492,	0
493,	10
494,	7
495,	7
496,	8
497,	9
498,	6
499,	9
