Instance: /home/gabriel/Documents/ufrgs/courses/oc/trab/instances/cmb01
Vertices: 500
Colors: 12
NumIterations: 50000
Alpha: 0.850000
Is Factible?: false
Conflicts: 1
Solution Value: 156771.140625
Vertex,	Color
0,	11
1,	0
2,	0
3,	2
4,	2
5,	0
6,	10
7,	1
8,	3
9,	2
10,	1
11,	0
12,	0
13,	5
14,	3
15,	2
16,	1
17,	2
18,	1
19,	0
20,	0
21,	1
22,	2
23,	1
24,	2
25,	1
26,	1
27,	1
28,	2
29,	1
30,	1
31,	1
32,	4
33,	1
34,	4
35,	3
36,	1
37,	0
38,	3
39,	7
40,	1
41,	2
42,	1
43,	1
44,	0
45,	0
46,	0
47,	1
48,	1
49,	2
50,	0
51,	6
52,	0
53,	0
54,	0
55,	2
56,	0
57,	0
58,	3
59,	1
60,	1
61,	1
62,	0
63,	0
64,	2
65,	0
66,	1
67,	3
68,	3
69,	0
70,	4
71,	1
72,	0
73,	1
74,	1
75,	0
76,	3
77,	2
78,	2
79,	10
80,	7
81,	2
82,	4
83,	4
84,	0
85,	0
86,	4
87,	1
88,	2
89,	0
90,	7
91,	2
92,	0
93,	1
94,	7
95,	0
96,	3
97,	4
98,	2
99,	1
100,	4
101,	2
102,	2
103,	5
104,	1
105,	4
106,	4
107,	3
108,	0
109,	1
110,	1
111,	3
112,	2
113,	0
114,	3
115,	0
116,	1
117,	0
118,	2
119,	8
120,	1
121,	3
122,	5
123,	3
124,	3
125,	1
126,	2
127,	2
128,	2
129,	6
130,	0
131,	2
132,	4
133,	0
134,	3
135,	1
136,	4
137,	2
138,	0
139,	4
140,	0
141,	0
142,	4
143,	2
144,	1
145,	0
146,	5
147,	3
148,	6
149,	2
150,	4
151,	5
152,	0
153,	1
154,	2
155,	3
156,	1
157,	5
158,	3
159,	4
160,	3
161,	4
162,	6
163,	5
164,	6
165,	4
166,	2
167,	1
168,	2
169,	3
170,	5
171,	4
172,	2
173,	2
174,	1
175,	2
176,	2
177,	9
178,	5
179,	9
180,	3
181,	3
182,	5
183,	6
184,	3
185,	4
186,	3
187,	0
188,	1
189,	4
190,	6
191,	4
192,	2
193,	2
194,	1
195,	3
196,	2
197,	4
198,	3
199,	5
200,	0
201,	3
202,	2
203,	0
204,	5
205,	4
206,	3
207,	2
208,	0
209,	6
210,	5
211,	0
212,	8
213,	5
214,	2
215,	4
216,	5
217,	6
218,	6
219,	8
220,	7
221,	0
222,	5
223,	4
224,	1
225,	1
226,	7
227,	6
228,	0
229,	5
230,	3
231,	4
232,	5
233,	4
234,	2
235,	6
236,	6
237,	4
238,	2
239,	2
240,	2
241,	0
242,	7
243,	4
244,	8
245,	0
246,	4
247,	5
248,	5
249,	3
250,	4
251,	3
252,	4
253,	1
254,	7
255,	5
256,	3
257,	2
258,	6
259,	3
260,	6
261,	3
262,	7
263,	10
264,	3
265,	2
266,	5
267,	6
268,	5
269,	5
270,	9
271,	5
272,	6
273,	5
274,	7
275,	0
276,	8
277,	2
278,	4
279,	1
280,	1
281,	4
282,	6
283,	3
284,	7
285,	3
286,	5
287,	4
288,	3
289,	2
290,	2
291,	3
292,	6
293,	4
294,	9
295,	4
296,	6
297,	5
298,	3
299,	1
300,	4
301,	1
302,	5
303,	2
304,	0
305,	6
306,	2
307,	7
308,	4
309,	6
310,	4
311,	0
312,	1
313,	8
314,	7
315,	5
316,	6
317,	1
318,	2
319,	2
320,	3
321,	8
322,	8
323,	7
324,	6
325,	5
326,	2
327,	5
328,	7
329,	6
330,	2
331,	5
332,	5
333,	5
334,	9
335,	1
336,	6
337,	8
338,	5
339,	7
340,	3
341,	6
342,	6
343,	7
344,	1
345,	7
346,	9
347,	11
348,	7
349,	6
350,	5
351,	1
352,	1
353,	7
354,	3
355,	8
356,	9
357,	10
358,	4
359,	11
360,	7
361,	6
362,	3
363,	7
364,	10
365,	8
366,	6
367,	4
368,	6
369,	6
370,	2
371,	4
372,	7
373,	8
374,	3
375,	5
376,	7
377,	8
378,	5
379,	4
380,	10
381,	3
382,	2
383,	3
384,	2
385,	4
386,	3
387,	8
388,	2
389,	7
390,	7
391,	0
392,	4
393,	9
394,	11
395,	1
396,	10
397,	7
398,	4
399,	8
400,	6
401,	2
402,	8
403,	6
404,	5
405,	9
406,	1
407,	5
408,	0
409,	7
410,	7
411,	5
412,	9
413,	6
414,	6
415,	9
416,	9
417,	7
418,	8
419,	4
420,	8
421,	7
422,	5
423,	10
424,	8
425,	6
426,	9
427,	6
428,	5
429,	7
430,	10
431,	6
432,	10
433,	0
434,	6
435,	10
436,	5
437,	4
438,	6
439,	6
440,	11
441,	9
442,	3
443,	8
444,	3
445,	8
446,	10
447,	3
448,	4
449,	9
450,	10
451,	4
452,	7
453,	5
454,	4
455,	6
456,	8
457,	9
458,	7
459,	0
460,	11
461,	2
462,	8
463,	8
464,	3
465,	7
466,	8
467,	5
468,	7
469,	6
470,	4
471,	6
472,	7
473,	3
474,	8
475,	9
476,	9
477,	2
478,	7
479,	0
480,	3
481,	4
482,	10
483,	5
484,	8
485,	6
486,	7
487,	8
488,	7
489,	6
490,	5
491,	9
492,	10
493,	9
494,	7
495,	6
496,	9
497,	6
498,	6
499,	4
