Instance: /home/gabriel/Documents/ufrgs/courses/oc/trab/instances/cmb01
Vertices: 500
Colors: 12
NumIterations: 1
Alpha: 0.250000
Is Factible?: false
Conflicts: 5
Solution Value: 168754.468750
Vertex,	Color
0,	11
1,	4
2,	7
3,	5
4,	9
5,	0
6,	9
7,	5
8,	5
9,	2
10,	6
11,	7
12,	5
13,	8
14,	0
15,	7
16,	4
17,	7
18,	9
19,	2
20,	9
21,	4
22,	3
23,	6
24,	1
25,	6
26,	10
27,	2
28,	4
29,	0
30,	0
31,	0
32,	3
33,	2
34,	1
35,	5
36,	1
37,	1
38,	2
39,	5
40,	4
41,	0
42,	4
43,	1
44,	1
45,	8
46,	1
47,	1
48,	11
49,	11
50,	3
51,	2
52,	2
53,	6
54,	2
55,	5
56,	3
57,	4
58,	1
59,	2
60,	4
61,	2
62,	1
63,	3
64,	1
65,	5
66,	3
67,	2
68,	1
69,	4
70,	0
71,	1
72,	1
73,	6
74,	10
75,	1
76,	9
77,	2
78,	4
79,	9
80,	11
81,	1
82,	6
83,	1
84,	7
85,	3
86,	8
87,	7
88,	8
89,	7
90,	5
91,	1
92,	1
93,	1
94,	9
95,	8
96,	7
97,	1
98,	7
99,	10
100,	11
101,	2
102,	0
103,	1
104,	0
105,	7
106,	6
107,	3
108,	1
109,	1
110,	1
111,	2
112,	2
113,	0
114,	3
115,	2
116,	0
117,	7
118,	4
119,	6
120,	4
121,	8
122,	2
123,	2
124,	5
125,	5
126,	4
127,	7
128,	2
129,	6
130,	4
131,	0
132,	3
133,	5
134,	3
135,	3
136,	4
137,	8
138,	2
139,	3
140,	0
141,	0
142,	4
143,	6
144,	5
145,	0
146,	2
147,	5
148,	8
149,	2
150,	0
151,	10
152,	5
153,	1
154,	3
155,	4
156,	2
157,	2
158,	1
159,	3
160,	1
161,	8
162,	4
163,	6
164,	5
165,	0
166,	5
167,	4
168,	4
169,	5
170,	7
171,	3
172,	3
173,	7
174,	0
175,	8
176,	6
177,	3
178,	7
179,	4
180,	9
181,	0
182,	3
183,	0
184,	6
185,	5
186,	0
187,	3
188,	4
189,	2
190,	5
191,	6
192,	3
193,	1
194,	0
195,	6
196,	1
197,	2
198,	5
199,	0
200,	5
201,	0
202,	1
203,	2
204,	2
205,	0
206,	5
207,	2
208,	4
209,	5
210,	10
211,	3
212,	5
213,	6
214,	7
215,	7
216,	2
217,	0
218,	7
219,	5
220,	1
221,	2
222,	2
223,	2
224,	6
225,	4
226,	4
227,	2
228,	6
229,	2
230,	3
231,	7
232,	7
233,	2
234,	3
235,	2
236,	5
237,	8
238,	2
239,	8
240,	0
241,	5
242,	6
243,	3
244,	5
245,	3
246,	3
247,	9
248,	9
249,	0
250,	5
251,	2
252,	1
253,	1
254,	4
255,	8
256,	3
257,	1
258,	4
259,	7
260,	2
261,	2
262,	3
263,	0
264,	3
265,	2
266,	5
267,	3
268,	0
269,	1
270,	5
271,	2
272,	5
273,	8
274,	7
275,	2
276,	8
277,	8
278,	0
279,	1
280,	0
281,	1
282,	4
283,	0
284,	2
285,	3
286,	2
287,	7
288,	0
289,	4
290,	4
291,	1
292,	7
293,	4
294,	3
295,	4
296,	3
297,	3
298,	5
299,	2
300,	2
301,	2
302,	3
303,	0
304,	0
305,	4
306,	0
307,	3
308,	2
309,	1
310,	3
311,	2
312,	1
313,	0
314,	4
315,	5
316,	9
317,	1
318,	0
319,	1
320,	0
321,	1
322,	6
323,	0
324,	7
325,	2
326,	4
327,	1
328,	4
329,	3
330,	2
331,	5
332,	5
333,	8
334,	3
335,	10
336,	6
337,	1
338,	3
339,	0
340,	8
341,	1
342,	9
343,	0
344,	2
345,	8
346,	4
347,	6
348,	1
349,	1
350,	5
351,	0
352,	11
353,	3
354,	1
355,	6
356,	2
357,	3
358,	4
359,	0
360,	7
361,	1
362,	7
363,	3
364,	9
365,	1
366,	5
367,	6
368,	6
369,	3
370,	4
371,	2
372,	0
373,	0
374,	0
375,	7
376,	4
377,	2
378,	3
379,	3
380,	0
381,	0
382,	0
383,	1
384,	1
385,	4
386,	4
387,	6
388,	2
389,	1
390,	0
391,	5
392,	3
393,	8
394,	3
395,	0
396,	9
397,	3
398,	1
399,	8
400,	4
401,	7
402,	5
403,	3
404,	2
405,	11
406,	6
407,	4
408,	7
409,	5
410,	9
411,	2
412,	2
413,	4
414,	3
415,	6
416,	7
417,	6
418,	6
419,	3
420,	7
421,	3
422,	6
423,	9
424,	6
425,	7
426,	5
427,	7
428,	2
429,	1
430,	8
431,	6
432,	4
433,	4
434,	0
435,	9
436,	6
437,	6
438,	5
439,	11
440,	10
441,	8
442,	1
443,	9
444,	3
445,	6
446,	7
447,	5
448,	1
449,	0
450,	0
451,	1
452,	8
453,	5
454,	4
455,	3
456,	8
457,	6
458,	10
459,	11
460,	10
461,	6
462,	1
463,	7
464,	8
465,	7
466,	9
467,	2
468,	9
469,	5
470,	8
471,	9
472,	7
473,	3
474,	6
475,	10
476,	9
477,	2
478,	6
479,	0
480,	10
481,	4
482,	10
483,	6
484,	9
485,	9
486,	3
487,	6
488,	7
489,	4
490,	5
491,	9
492,	10
493,	8
494,	7
495,	9
496,	11
497,	5
498,	6
499,	7
