Instance: /home/gabriel/Documents/ufrgs/courses/oc/trab/instances/cmb01
Vertices: 500
Colors: 12
NumIterations: 1
Alpha: 0.650000
Is Factible?: false
Conflicts: 3
Solution Value: 160108.593750
Vertex,	Color
0,	1
1,	1
2,	0
3,	0
4,	6
5,	1
6,	1
7,	4
8,	2
9,	3
10,	0
11,	1
12,	0
13,	2
14,	3
15,	0
16,	6
17,	5
18,	6
19,	6
20,	1
21,	2
22,	5
23,	4
24,	1
25,	3
26,	1
27,	3
28,	0
29,	1
30,	4
31,	1
32,	2
33,	4
34,	4
35,	11
36,	0
37,	0
38,	2
39,	5
40,	1
41,	4
42,	3
43,	0
44,	0
45,	4
46,	2
47,	1
48,	2
49,	5
50,	0
51,	5
52,	1
53,	3
54,	1
55,	0
56,	6
57,	2
58,	4
59,	1
60,	5
61,	1
62,	2
63,	3
64,	2
65,	0
66,	1
67,	0
68,	1
69,	6
70,	2
71,	2
72,	7
73,	3
74,	7
75,	0
76,	4
77,	4
78,	1
79,	11
80,	2
81,	1
82,	7
83,	1
84,	1
85,	2
86,	1
87,	2
88,	6
89,	1
90,	0
91,	9
92,	0
93,	6
94,	9
95,	1
96,	5
97,	1
98,	7
99,	6
100,	9
101,	7
102,	6
103,	4
104,	1
105,	3
106,	9
107,	1
108,	0
109,	4
110,	1
111,	10
112,	4
113,	9
114,	3
115,	1
116,	2
117,	1
118,	0
119,	4
120,	2
121,	6
122,	0
123,	11
124,	0
125,	4
126,	3
127,	2
128,	1
129,	2
130,	0
131,	1
132,	8
133,	0
134,	3
135,	2
136,	1
137,	10
138,	0
139,	7
140,	0
141,	6
142,	1
143,	2
144,	7
145,	5
146,	3
147,	2
148,	3
149,	0
150,	6
151,	3
152,	3
153,	1
154,	4
155,	3
156,	1
157,	0
158,	2
159,	3
160,	1
161,	2
162,	2
163,	6
164,	7
165,	2
166,	3
167,	0
168,	2
169,	4
170,	8
171,	2
172,	2
173,	4
174,	2
175,	4
176,	3
177,	3
178,	4
179,	6
180,	0
181,	2
182,	0
183,	3
184,	3
185,	2
186,	0
187,	1
188,	1
189,	4
190,	7
191,	1
192,	2
193,	4
194,	0
195,	1
196,	0
197,	2
198,	5
199,	6
200,	0
201,	7
202,	4
203,	0
204,	1
205,	4
206,	0
207,	4
208,	5
209,	8
210,	3
211,	0
212,	5
213,	3
214,	4
215,	2
216,	2
217,	4
218,	5
219,	5
220,	7
221,	0
222,	6
223,	1
224,	3
225,	3
226,	3
227,	4
228,	1
229,	1
230,	0
231,	5
232,	6
233,	6
234,	3
235,	2
236,	3
237,	2
238,	0
239,	2
240,	3
241,	0
242,	5
243,	3
244,	10
245,	1
246,	4
247,	4
248,	6
249,	3
250,	2
251,	5
252,	5
253,	3
254,	3
255,	7
256,	10
257,	0
258,	7
259,	3
260,	3
261,	3
262,	0
263,	11
264,	4
265,	1
266,	5
267,	5
268,	6
269,	8
270,	8
271,	5
272,	1
273,	4
274,	10
275,	4
276,	7
277,	4
278,	7
279,	1
280,	2
281,	2
282,	5
283,	6
284,	4
285,	4
286,	1
287,	2
288,	3
289,	1
290,	6
291,	5
292,	5
293,	5
294,	9
295,	1
296,	7
297,	7
298,	0
299,	2
300,	0
301,	0
302,	3
303,	3
304,	0
305,	6
306,	2
307,	7
308,	3
309,	7
310,	8
311,	0
312,	1
313,	7
314,	5
315,	2
316,	5
317,	4
318,	1
319,	1
320,	4
321,	3
322,	7
323,	7
324,	7
325,	5
326,	1
327,	5
328,	5
329,	5
330,	2
331,	5
332,	4
333,	6
334,	9
335,	7
336,	6
337,	8
338,	6
339,	8
340,	3
341,	3
342,	6
343,	5
344,	1
345,	8
346,	6
347,	10
348,	7
349,	6
350,	2
351,	1
352,	7
353,	9
354,	5
355,	6
356,	9
357,	9
358,	4
359,	6
360,	8
361,	5
362,	5
363,	8
364,	8
365,	8
366,	7
367,	5
368,	7
369,	5
370,	4
371,	5
372,	4
373,	3
374,	5
375,	3
376,	8
377,	6
378,	6
379,	3
380,	4
381,	0
382,	2
383,	3
384,	4
385,	6
386,	6
387,	8
388,	4
389,	8
390,	6
391,	0
392,	3
393,	7
394,	9
395,	5
396,	8
397,	5
398,	3
399,	9
400,	5
401,	1
402,	1
403,	5
404,	3
405,	10
406,	2
407,	3
408,	0
409,	9
410,	8
411,	6
412,	5
413,	6
414,	11
415,	0
416,	10
417,	7
418,	10
419,	1
420,	10
421,	6
422,	4
423,	7
424,	7
425,	7
426,	9
427,	7
428,	0
429,	4
430,	8
431,	4
432,	8
433,	9
434,	7
435,	8
436,	6
437,	2
438,	5
439,	9
440,	11
441,	8
442,	10
443,	1
444,	3
445,	6
446,	11
447,	5
448,	2
449,	0
450,	8
451,	2
452,	7
453,	2
454,	4
455,	6
456,	10
457,	0
458,	2
459,	10
460,	11
461,	3
462,	7
463,	8
464,	4
465,	3
466,	5
467,	4
468,	9
469,	5
470,	8
471,	9
472,	7
473,	6
474,	8
475,	8
476,	9
477,	2
478,	6
479,	10
480,	9
481,	4
482,	10
483,	4
484,	7
485,	9
486,	8
487,	9
488,	7
489,	5
490,	3
491,	9
492,	11
493,	7
494,	10
495,	9
496,	10
497,	5
498,	5
499,	9
