Instance: /home/gabriel/Documents/ufrgs/courses/oc/trab/instances/cmb01
Vertices: 500
Colors: 12
NumIterations: 1
Alpha: 0.650000
Is Factible?: false
Conflicts: 4
Solution Value: 171237.031250
Vertex,	Color
0,	1
1,	2
2,	0
3,	0
4,	4
5,	2
6,	4
7,	0
8,	3
9,	0
10,	2
11,	0
12,	3
13,	2
14,	2
15,	0
16,	3
17,	0
18,	3
19,	4
20,	9
21,	1
22,	0
23,	0
24,	7
25,	6
26,	1
27,	4
28,	3
29,	0
30,	1
31,	1
32,	0
33,	1
34,	1
35,	8
36,	5
37,	4
38,	6
39,	4
40,	2
41,	0
42,	1
43,	3
44,	0
45,	0
46,	1
47,	0
48,	2
49,	0
50,	4
51,	3
52,	0
53,	4
54,	2
55,	2
56,	4
57,	1
58,	3
59,	0
60,	7
61,	3
62,	4
63,	4
64,	4
65,	2
66,	0
67,	2
68,	6
69,	1
70,	1
71,	0
72,	5
73,	1
74,	0
75,	4
76,	3
77,	8
78,	1
79,	8
80,	1
81,	8
82,	2
83,	6
84,	0
85,	0
86,	5
87,	4
88,	2
89,	6
90,	4
91,	4
92,	3
93,	0
94,	5
95,	0
96,	2
97,	2
98,	2
99,	7
100,	1
101,	0
102,	1
103,	8
104,	1
105,	0
106,	2
107,	3
108,	1
109,	7
110,	3
111,	2
112,	0
113,	4
114,	5
115,	4
116,	2
117,	6
118,	1
119,	9
120,	1
121,	10
122,	5
123,	1
124,	1
125,	0
126,	0
127,	8
128,	3
129,	6
130,	1
131,	3
132,	1
133,	2
134,	3
135,	3
136,	1
137,	9
138,	3
139,	3
140,	3
141,	8
142,	4
143,	6
144,	4
145,	0
146,	5
147,	3
148,	7
149,	3
150,	3
151,	0
152,	3
153,	0
154,	6
155,	5
156,	3
157,	6
158,	2
159,	1
160,	2
161,	2
162,	6
163,	6
164,	4
165,	2
166,	4
167,	2
168,	0
169,	0
170,	4
171,	3
172,	3
173,	2
174,	0
175,	2
176,	0
177,	10
178,	4
179,	3
180,	5
181,	0
182,	5
183,	11
184,	1
185,	4
186,	5
187,	1
188,	1
189,	0
190,	4
191,	2
192,	4
193,	2
194,	3
195,	1
196,	4
197,	4
198,	10
199,	1
200,	0
201,	2
202,	6
203,	5
204,	8
205,	1
206,	5
207,	6
208,	1
209,	2
210,	0
211,	4
212,	4
213,	1
214,	11
215,	2
216,	0
217,	2
218,	5
219,	4
220,	5
221,	0
222,	6
223,	1
224,	1
225,	1
226,	1
227,	8
228,	1
229,	1
230,	3
231,	7
232,	3
233,	5
234,	2
235,	1
236,	4
237,	1
238,	0
239,	1
240,	1
241,	0
242,	5
243,	2
244,	6
245,	3
246,	5
247,	1
248,	3
249,	0
250,	0
251,	3
252,	1
253,	3
254,	3
255,	2
256,	2
257,	2
258,	2
259,	2
260,	3
261,	2
262,	1
263,	11
264,	3
265,	2
266,	4
267,	5
268,	3
269,	6
270,	2
271,	5
272,	3
273,	5
274,	6
275,	0
276,	7
277,	6
278,	2
279,	0
280,	2
281,	4
282,	9
283,	2
284,	7
285,	3
286,	5
287,	4
288,	2
289,	3
290,	2
291,	0
292,	6
293,	1
294,	5
295,	6
296,	7
297,	5
298,	2
299,	1
300,	2
301,	0
302,	6
303,	4
304,	2
305,	6
306,	3
307,	7
308,	0
309,	7
310,	3
311,	4
312,	1
313,	5
314,	5
315,	6
316,	5
317,	4
318,	2
319,	3
320,	2
321,	7
322,	4
323,	6
324,	5
325,	4
326,	0
327,	6
328,	8
329,	7
330,	0
331,	8
332,	3
333,	7
334,	7
335,	6
336,	5
337,	8
338,	6
339,	7
340,	8
341,	1
342,	2
343,	9
344,	1
345,	8
346,	7
347,	9
348,	6
349,	5
350,	3
351,	1
352,	7
353,	7
354,	1
355,	7
356,	8
357,	7
358,	5
359,	7
360,	8
361,	4
362,	3
363,	6
364,	6
365,	7
366,	3
367,	6
368,	7
369,	6
370,	7
371,	4
372,	5
373,	1
374,	3
375,	5
376,	6
377,	9
378,	5
379,	5
380,	8
381,	1
382,	3
383,	2
384,	4
385,	4
386,	5
387,	9
388,	7
389,	7
390,	6
391,	3
392,	4
393,	5
394,	7
395,	3
396,	9
397,	8
398,	2
399,	9
400,	6
401,	6
402,	4
403,	5
404,	4
405,	10
406,	1
407,	4
408,	0
409,	10
410,	8
411,	4
412,	7
413,	5
414,	9
415,	0
416,	10
417,	6
418,	9
419,	7
420,	10
421,	5
422,	7
423,	7
424,	8
425,	6
426,	9
427,	5
428,	0
429,	6
430,	8
431,	8
432,	6
433,	8
434,	7
435,	11
436,	7
437,	6
438,	5
439,	7
440,	11
441,	3
442,	10
443,	4
444,	2
445,	9
446,	11
447,	1
448,	4
449,	9
450,	8
451,	10
452,	8
453,	8
454,	4
455,	7
456,	9
457,	0
458,	4
459,	0
460,	11
461,	3
462,	7
463,	8
464,	8
465,	3
466,	8
467,	2
468,	9
469,	5
470,	5
471,	9
472,	6
473,	4
474,	7
475,	10
476,	8
477,	2
478,	6
479,	10
480,	9
481,	4
482,	10
483,	6
484,	9
485,	9
486,	8
487,	8
488,	7
489,	1
490,	3
491,	8
492,	11
493,	8
494,	8
495,	7
496,	9
497,	9
498,	5
499,	4
