Instance: /home/gabriel/Documents/ufrgs/courses/oc/trab/instances/cmb01
Vertices: 500
Colors: 12
NumIterations: 1
Alpha: 0.650000
Is Factible?: false
Conflicts: 8
Solution Value: 170318.812500
Vertex,	Color
0,	1
1,	0
2,	6
3,	1
4,	5
5,	7
6,	4
7,	2
8,	3
9,	0
10,	1
11,	1
12,	0
13,	7
14,	3
15,	1
16,	3
17,	0
18,	8
19,	6
20,	8
21,	3
22,	1
23,	2
24,	2
25,	1
26,	2
27,	4
28,	1
29,	2
30,	1
31,	4
32,	1
33,	0
34,	1
35,	2
36,	2
37,	2
38,	3
39,	6
40,	0
41,	2
42,	0
43,	3
44,	0
45,	0
46,	1
47,	5
48,	11
49,	2
50,	1
51,	3
52,	5
53,	0
54,	0
55,	1
56,	4
57,	4
58,	9
59,	1
60,	0
61,	3
62,	0
63,	3
64,	0
65,	2
66,	4
67,	0
68,	2
69,	4
70,	1
71,	0
72,	0
73,	4
74,	1
75,	0
76,	0
77,	1
78,	4
79,	4
80,	1
81,	2
82,	10
83,	0
84,	1
85,	1
86,	5
87,	4
88,	6
89,	4
90,	2
91,	1
92,	2
93,	0
94,	4
95,	1
96,	1
97,	0
98,	6
99,	9
100,	2
101,	3
102,	2
103,	5
104,	1
105,	5
106,	6
107,	3
108,	0
109,	0
110,	5
111,	9
112,	0
113,	7
114,	3
115,	2
116,	1
117,	5
118,	1
119,	8
120,	2
121,	4
122,	2
123,	0
124,	6
125,	0
126,	0
127,	2
128,	0
129,	3
130,	0
131,	1
132,	10
133,	1
134,	0
135,	6
136,	5
137,	2
138,	4
139,	1
140,	2
141,	5
142,	2
143,	1
144,	5
145,	2
146,	3
147,	3
148,	1
149,	3
150,	4
151,	1
152,	4
153,	0
154,	5
155,	0
156,	4
157,	3
158,	0
159,	1
160,	1
161,	4
162,	1
163,	3
164,	4
165,	4
166,	0
167,	1
168,	6
169,	0
170,	0
171,	1
172,	0
173,	0
174,	2
175,	9
176,	0
177,	7
178,	2
179,	4
180,	2
181,	2
182,	5
183,	0
184,	2
185,	3
186,	3
187,	0
188,	4
189,	5
190,	3
191,	1
192,	2
193,	1
194,	3
195,	8
196,	1
197,	4
198,	1
199,	0
200,	0
201,	1
202,	3
203,	1
204,	7
205,	0
206,	3
207,	1
208,	2
209,	1
210,	3
211,	2
212,	3
213,	5
214,	5
215,	1
216,	6
217,	6
218,	6
219,	3
220,	6
221,	1
222,	3
223,	4
224,	6
225,	1
226,	4
227,	7
228,	0
229,	2
230,	3
231,	4
232,	3
233,	5
234,	1
235,	6
236,	3
237,	2
238,	2
239,	2
240,	2
241,	3
242,	4
243,	3
244,	5
245,	2
246,	1
247,	2
248,	4
249,	3
250,	2
251,	4
252,	6
253,	0
254,	7
255,	5
256,	7
257,	3
258,	3
259,	4
260,	4
261,	2
262,	6
263,	8
264,	6
265,	1
266,	3
267,	3
268,	2
269,	8
270,	10
271,	3
272,	3
273,	4
274,	9
275,	2
276,	7
277,	5
278,	6
279,	1
280,	1
281,	0
282,	7
283,	3
284,	7
285,	4
286,	4
287,	7
288,	1
289,	2
290,	5
291,	2
292,	5
293,	3
294,	11
295,	3
296,	6
297,	8
298,	3
299,	2
300,	9
301,	1
302,	4
303,	3
304,	1
305,	3
306,	3
307,	7
308,	2
309,	7
310,	5
311,	5
312,	3
313,	6
314,	4
315,	5
316,	6
317,	3
318,	5
319,	4
320,	3
321,	1
322,	6
323,	8
324,	6
325,	5
326,	2
327,	6
328,	8
329,	6
330,	0
331,	6
332,	2
333,	7
334,	7
335,	6
336,	5
337,	9
338,	5
339,	6
340,	7
341,	3
342,	6
343,	6
344,	5
345,	7
346,	5
347,	9
348,	7
349,	4
350,	0
351,	4
352,	11
353,	9
354,	4
355,	4
356,	7
357,	10
358,	6
359,	0
360,	5
361,	6
362,	1
363,	7
364,	9
365,	7
366,	4
367,	4
368,	7
369,	5
370,	2
371,	2
372,	2
373,	5
374,	3
375,	5
376,	8
377,	6
378,	7
379,	2
380,	3
381,	6
382,	2
383,	3
384,	4
385,	6
386,	9
387,	8
388,	9
389,	8
390,	8
391,	5
392,	2
393,	10
394,	8
395,	4
396,	6
397,	8
398,	1
399,	8
400,	8
401,	2
402,	10
403,	6
404,	6
405,	0
406,	5
407,	4
408,	5
409,	8
410,	8
411,	6
412,	4
413,	5
414,	5
415,	1
416,	10
417,	2
418,	11
419,	5
420,	9
421,	7
422,	6
423,	5
424,	7
425,	5
426,	10
427,	7
428,	6
429,	0
430,	8
431,	7
432,	11
433,	7
434,	7
435,	8
436,	4
437,	4
438,	5
439,	7
440,	2
441,	9
442,	0
443,	0
444,	1
445,	1
446,	10
447,	0
448,	6
449,	8
450,	11
451,	4
452,	7
453,	5
454,	4
455,	7
456,	8
457,	0
458,	11
459,	11
460,	10
461,	5
462,	9
463,	8
464,	8
465,	5
466,	9
467,	4
468,	8
469,	3
470,	5
471,	8
472,	7
473,	0
474,	9
475,	10
476,	10
477,	2
478,	9
479,	0
480,	8
481,	4
482,	10
483,	5
484,	9
485,	9
486,	7
487,	9
488,	5
489,	3
490,	6
491,	6
492,	11
493,	7
494,	8
495,	4
496,	11
497,	9
498,	1
499,	10
