Instance: /home/gabriel/Documents/ufrgs/courses/oc/trab/instances/cmb01
Vertices: 500
Colors: 12
NumIterations: 1
Alpha: 0.650000
Is Factible?: false
Conflicts: 5
Solution Value: 162872.578125
Vertex,	Color
0,	1
1,	2
2,	6
3,	0
4,	3
5,	0
6,	2
7,	2
8,	11
9,	3
10,	2
11,	5
12,	1
13,	0
14,	1
15,	0
16,	1
17,	4
18,	1
19,	3
20,	2
21,	3
22,	6
23,	6
24,	2
25,	0
26,	2
27,	0
28,	3
29,	1
30,	0
31,	0
32,	0
33,	0
34,	5
35,	8
36,	0
37,	5
38,	3
39,	3
40,	1
41,	1
42,	2
43,	9
44,	0
45,	3
46,	0
47,	2
48,	8
49,	2
50,	1
51,	5
52,	0
53,	2
54,	3
55,	1
56,	2
57,	1
58,	4
59,	0
60,	2
61,	0
62,	6
63,	2
64,	2
65,	1
66,	2
67,	5
68,	5
69,	7
70,	4
71,	0
72,	5
73,	2
74,	1
75,	0
76,	5
77,	4
78,	2
79,	9
80,	4
81,	6
82,	2
83,	3
84,	1
85,	2
86,	0
87,	8
88,	0
89,	10
90,	1
91,	0
92,	5
93,	0
94,	3
95,	4
96,	6
97,	3
98,	2
99,	0
100,	7
101,	2
102,	5
103,	7
104,	1
105,	3
106,	0
107,	4
108,	1
109,	0
110,	1
111,	6
112,	3
113,	4
114,	2
115,	1
116,	1
117,	0
118,	3
119,	0
120,	1
121,	3
122,	3
123,	4
124,	4
125,	3
126,	4
127,	2
128,	0
129,	7
130,	3
131,	1
132,	6
133,	5
134,	2
135,	2
136,	0
137,	4
138,	10
139,	0
140,	0
141,	5
142,	2
143,	5
144,	0
145,	1
146,	0
147,	1
148,	4
149,	0
150,	1
151,	1
152,	1
153,	0
154,	6
155,	7
156,	10
157,	4
158,	4
159,	3
160,	5
161,	5
162,	1
163,	6
164,	1
165,	0
166,	2
167,	0
168,	2
169,	2
170,	7
171,	4
172,	2
173,	2
174,	4
175,	0
176,	0
177,	8
178,	4
179,	1
180,	3
181,	1
182,	7
183,	1
184,	3
185,	4
186,	2
187,	0
188,	1
189,	0
190,	1
191,	0
192,	0
193,	5
194,	0
195,	3
196,	1
197,	1
198,	5
199,	3
200,	0
201,	1
202,	3
203,	1
204,	2
205,	1
206,	0
207,	3
208,	2
209,	1
210,	5
211,	1
212,	6
213,	6
214,	4
215,	4
216,	3
217,	6
218,	4
219,	4
220,	3
221,	0
222,	7
223,	7
224,	4
225,	2
226,	5
227,	7
228,	4
229,	1
230,	5
231,	5
232,	4
233,	4
234,	2
235,	3
236,	2
237,	3
238,	1
239,	3
240,	1
241,	1
242,	3
243,	2
244,	1
245,	2
246,	4
247,	4
248,	4
249,	1
250,	1
251,	1
252,	3
253,	8
254,	8
255,	3
256,	6
257,	4
258,	4
259,	3
260,	7
261,	2
262,	6
263,	9
264,	3
265,	2
266,	2
267,	4
268,	4
269,	7
270,	8
271,	5
272,	5
273,	5
274,	9
275,	0
276,	9
277,	5
278,	6
279,	1
280,	2
281,	1
282,	6
283,	4
284,	6
285,	3
286,	5
287,	6
288,	2
289,	5
290,	7
291,	5
292,	6
293,	5
294,	1
295,	4
296,	5
297,	7
298,	1
299,	1
300,	3
301,	4
302,	4
303,	4
304,	2
305,	7
306,	2
307,	5
308,	3
309,	8
310,	7
311,	1
312,	4
313,	3
314,	8
315,	4
316,	7
317,	0
318,	3
319,	1
320,	5
321,	6
322,	8
323,	8
324,	5
325,	3
326,	2
327,	5
328,	7
329,	6
330,	1
331,	6
332,	3
333,	5
334,	8
335,	0
336,	8
337,	7
338,	4
339,	7
340,	7
341,	2
342,	6
343,	8
344,	1
345,	3
346,	7
347,	11
348,	5
349,	6
350,	3
351,	2
352,	10
353,	6
354,	4
355,	2
356,	0
357,	9
358,	4
359,	11
360,	9
361,	6
362,	3
363,	5
364,	6
365,	9
366,	5
367,	9
368,	7
369,	4
370,	8
371,	7
372,	5
373,	6
374,	2
375,	5
376,	9
377,	9
378,	7
379,	5
380,	6
381,	1
382,	2
383,	1
384,	3
385,	7
386,	7
387,	8
388,	9
389,	7
390,	7
391,	3
392,	5
393,	10
394,	9
395,	0
396,	8
397,	2
398,	8
399,	10
400,	7
401,	2
402,	11
403,	5
404,	3
405,	9
406,	2
407,	5
408,	10
409,	8
410,	8
411,	4
412,	1
413,	5
414,	5
415,	8
416,	9
417,	7
418,	9
419,	4
420,	10
421,	5
422,	6
423,	10
424,	7
425,	7
426,	11
427,	7
428,	0
429,	6
430,	9
431,	5
432,	1
433,	6
434,	4
435,	7
436,	6
437,	3
438,	2
439,	10
440,	5
441,	10
442,	0
443,	6
444,	5
445,	3
446,	10
447,	2
448,	1
449,	9
450,	4
451,	5
452,	7
453,	11
454,	3
455,	8
456,	8
457,	0
458,	11
459,	0
460,	10
461,	3
462,	7
463,	6
464,	5
465,	7
466,	4
467,	4
468,	8
469,	6
470,	8
471,	8
472,	8
473,	2
474,	9
475,	11
476,	8
477,	2
478,	6
479,	0
480,	8
481,	3
482,	9
483,	4
484,	9
485,	6
486,	8
487,	8
488,	4
489,	6
490,	4
491,	8
492,	0
493,	11
494,	6
495,	5
496,	10
497,	3
498,	4
499,	6
