Instance: /home/gabriel/Documents/ufrgs/courses/oc/trab/instances/cmb01
Vertices: 500
Colors: 12
NumIterations: 1000
Alpha: 1.000000
Is Factible?: false
Conflicts: 4
Solution Value: 171986.265625
Vertex,	Color
0,	0
1,	1
2,	0
3,	0
4,	9
5,	0
6,	0
7,	1
8,	9
9,	1
10,	2
11,	1
12,	1
13,	0
14,	1
15,	2
16,	0
17,	2
18,	0
19,	0
20,	0
21,	0
22,	1
23,	2
24,	0
25,	1
26,	0
27,	0
28,	0
29,	1
30,	1
31,	0
32,	2
33,	0
34,	4
35,	1
36,	0
37,	0
38,	2
39,	4
40,	1
41,	1
42,	0
43,	0
44,	1
45,	2
46,	0
47,	2
48,	3
49,	0
50,	1
51,	0
52,	1
53,	2
54,	0
55,	0
56,	2
57,	4
58,	2
59,	0
60,	0
61,	0
62,	1
63,	1
64,	2
65,	1
66,	1
67,	3
68,	0
69,	0
70,	2
71,	2
72,	6
73,	0
74,	4
75,	0
76,	1
77,	2
78,	0
79,	10
80,	2
81,	1
82,	3
83,	3
84,	2
85,	0
86,	3
87,	1
88,	3
89,	6
90,	3
91,	3
92,	1
93,	1
94,	2
95,	1
96,	2
97,	3
98,	3
99,	4
100,	3
101,	0
102,	3
103,	2
104,	0
105,	4
106,	3
107,	4
108,	2
109,	2
110,	2
111,	5
112,	0
113,	2
114,	3
115,	2
116,	1
117,	7
118,	0
119,	5
120,	1
121,	3
122,	4
123,	3
124,	3
125,	2
126,	2
127,	4
128,	1
129,	4
130,	1
131,	2
132,	5
133,	1
134,	0
135,	1
136,	3
137,	5
138,	6
139,	0
140,	1
141,	2
142,	1
143,	4
144,	5
145,	2
146,	5
147,	4
148,	8
149,	0
150,	5
151,	6
152,	0
153,	2
154,	2
155,	4
156,	0
157,	3
158,	2
159,	3
160,	3
161,	5
162,	7
163,	5
164,	6
165,	5
166,	1
167,	0
168,	3
169,	3
170,	6
171,	4
172,	2
173,	3
174,	1
175,	2
176,	2
177,	8
178,	5
179,	10
180,	3
181,	2
182,	4
183,	0
184,	0
185,	5
186,	4
187,	0
188,	2
189,	5
190,	5
191,	2
192,	1
193,	2
194,	4
195,	4
196,	2
197,	2
198,	0
199,	2
200,	1
201,	3
202,	5
203,	6
204,	6
205,	2
206,	3
207,	5
208,	1
209,	5
210,	4
211,	1
212,	9
213,	4
214,	2
215,	3
216,	4
217,	2
218,	6
219,	9
220,	7
221,	0
222,	5
223,	3
224,	3
225,	0
226,	4
227,	5
228,	1
229,	5
230,	2
231,	4
232,	6
233,	5
234,	3
235,	6
236,	8
237,	3
238,	2
239,	2
240,	1
241,	1
242,	7
243,	3
244,	7
245,	1
246,	4
247,	6
248,	6
249,	3
250,	3
251,	3
252,	4
253,	7
254,	7
255,	2
256,	5
257,	1
258,	5
259,	3
260,	6
261,	3
262,	7
263,	10
264,	4
265,	3
266,	5
267,	7
268,	6
269,	8
270,	8
271,	5
272,	6
273,	6
274,	7
275,	1
276,	9
277,	1
278,	6
279,	1
280,	0
281,	4
282,	6
283,	3
284,	5
285,	4
286,	0
287,	4
288,	3
289,	5
290,	3
291,	4
292,	5
293,	3
294,	11
295,	4
296,	6
297,	6
298,	2
299,	1
300,	3
301,	1
302,	5
303,	4
304,	2
305,	5
306,	2
307,	7
308,	3
309,	6
310,	8
311,	1
312,	3
313,	7
314,	7
315,	5
316,	6
317,	0
318,	3
319,	2
320,	4
321,	4
322,	5
323,	7
324,	6
325,	5
326,	2
327,	5
328,	7
329,	6
330,	0
331,	6
332,	5
333,	4
334,	8
335,	7
336,	6
337,	8
338,	5
339,	7
340,	4
341,	8
342,	6
343,	7
344,	2
345,	7
346,	8
347,	11
348,	7
349,	0
350,	2
351,	0
352,	10
353,	7
354,	4
355,	4
356,	8
357,	10
358,	6
359,	1
360,	7
361,	6
362,	6
363,	7
364,	7
365,	4
366,	6
367,	4
368,	8
369,	6
370,	6
371,	5
372,	4
373,	4
374,	4
375,	6
376,	9
377,	5
378,	7
379,	3
380,	2
381,	3
382,	2
383,	3
384,	2
385,	4
386,	9
387,	8
388,	9
389,	6
390,	7
391,	0
392,	5
393,	8
394,	9
395,	0
396,	10
397,	8
398,	1
399,	8
400,	3
401,	6
402,	10
403,	4
404,	5
405,	9
406,	2
407,	1
408,	1
409,	7
410,	8
411,	3
412,	7
413,	6
414,	5
415,	11
416,	9
417,	5
418,	10
419,	4
420,	3
421,	6
422,	8
423,	5
424,	8
425,	7
426,	10
427,	6
428,	5
429,	5
430,	9
431,	6
432,	4
433,	6
434,	6
435,	9
436,	5
437,	2
438,	2
439,	8
440,	1
441,	9
442,	1
443,	9
444,	4
445,	7
446,	10
447,	3
448,	4
449,	9
450,	7
451,	3
452,	7
453,	8
454,	4
455,	6
456,	9
457,	11
458,	11
459,	11
460,	9
461,	2
462,	8
463,	7
464,	8
465,	7
466,	10
467,	5
468,	6
469,	6
470,	8
471,	9
472,	7
473,	3
474,	8
475,	8
476,	9
477,	2
478,	5
479,	1
480,	10
481,	5
482,	7
483,	5
484,	9
485,	10
486,	9
487,	7
488,	4
489,	4
490,	6
491,	9
492,	11
493,	8
494,	7
495,	10
496,	9
497,	9
498,	6
499,	4
