Instance: /home/gabriel/Documents/ufrgs/courses/oc/trab/instances/cmb01
Vertices: 500
Colors: 12
NumIterations: 1
Alpha: 0.650000
Is Factible?: false
Conflicts: 6
Solution Value: 170749.609375
Vertex,	Color
0,	4
1,	1
2,	8
3,	2
4,	2
5,	5
6,	1
7,	4
8,	0
9,	7
10,	4
11,	3
12,	0
13,	9
14,	1
15,	2
16,	1
17,	2
18,	7
19,	1
20,	1
21,	1
22,	3
23,	3
24,	2
25,	7
26,	9
27,	4
28,	2
29,	0
30,	1
31,	3
32,	1
33,	0
34,	0
35,	10
36,	5
37,	1
38,	2
39,	0
40,	0
41,	2
42,	2
43,	7
44,	0
45,	2
46,	3
47,	3
48,	4
49,	1
50,	1
51,	4
52,	3
53,	3
54,	2
55,	1
56,	1
57,	4
58,	1
59,	0
60,	3
61,	4
62,	2
63,	0
64,	1
65,	2
66,	0
67,	1
68,	1
69,	2
70,	1
71,	1
72,	8
73,	1
74,	11
75,	1
76,	3
77,	3
78,	1
79,	2
80,	0
81,	0
82,	7
83,	2
84,	0
85,	0
86,	0
87,	8
88,	2
89,	9
90,	0
91,	1
92,	2
93,	4
94,	8
95,	4
96,	4
97,	4
98,	2
99,	9
100,	4
101,	1
102,	5
103,	5
104,	1
105,	4
106,	0
107,	1
108,	1
109,	0
110,	2
111,	2
112,	2
113,	3
114,	1
115,	0
116,	2
117,	5
118,	2
119,	6
120,	0
121,	8
122,	7
123,	6
124,	3
125,	4
126,	3
127,	0
128,	0
129,	8
130,	0
131,	2
132,	11
133,	2
134,	4
135,	6
136,	2
137,	7
138,	6
139,	0
140,	0
141,	8
142,	2
143,	9
144,	7
145,	1
146,	0
147,	3
148,	3
149,	2
150,	0
151,	1
152,	4
153,	1
154,	2
155,	5
156,	2
157,	1
158,	2
159,	2
160,	3
161,	0
162,	3
163,	4
164,	7
165,	5
166,	4
167,	0
168,	0
169,	0
170,	2
171,	4
172,	0
173,	1
174,	0
175,	1
176,	0
177,	4
178,	1
179,	7
180,	1
181,	5
182,	5
183,	1
184,	0
185,	4
186,	6
187,	0
188,	4
189,	3
190,	1
191,	0
192,	0
193,	1
194,	2
195,	8
196,	0
197,	3
198,	3
199,	3
200,	0
201,	3
202,	1
203,	6
204,	6
205,	3
206,	4
207,	1
208,	1
209,	3
210,	4
211,	0
212,	11
213,	7
214,	4
215,	2
216,	1
217,	5
218,	3
219,	7
220,	4
221,	2
222,	3
223,	5
224,	3
225,	0
226,	4
227,	8
228,	2
229,	3
230,	6
231,	6
232,	3
233,	5
234,	4
235,	6
236,	7
237,	3
238,	3
239,	4
240,	1
241,	1
242,	3
243,	4
244,	5
245,	3
246,	5
247,	5
248,	5
249,	3
250,	3
251,	0
252,	4
253,	4
254,	4
255,	3
256,	5
257,	1
258,	3
259,	6
260,	4
261,	3
262,	5
263,	10
264,	4
265,	3
266,	3
267,	6
268,	6
269,	5
270,	7
271,	5
272,	4
273,	5
274,	2
275,	1
276,	10
277,	2
278,	5
279,	0
280,	4
281,	2
282,	6
283,	3
284,	5
285,	4
286,	3
287,	5
288,	3
289,	2
290,	1
291,	1
292,	6
293,	7
294,	8
295,	3
296,	3
297,	6
298,	0
299,	0
300,	2
301,	2
302,	6
303,	2
304,	6
305,	2
306,	1
307,	6
308,	3
309,	6
310,	4
311,	2
312,	1
313,	6
314,	3
315,	3
316,	7
317,	1
318,	3
319,	2
320,	5
321,	8
322,	9
323,	5
324,	6
325,	6
326,	1
327,	4
328,	7
329,	5
330,	2
331,	7
332,	4
333,	8
334,	7
335,	4
336,	0
337,	9
338,	5
339,	4
340,	5
341,	8
342,	5
343,	1
344,	2
345,	6
346,	9
347,	9
348,	8
349,	2
350,	0
351,	0
352,	9
353,	5
354,	4
355,	7
356,	0
357,	8
358,	5
359,	10
360,	8
361,	4
362,	0
363,	6
364,	7
365,	8
366,	6
367,	2
368,	8
369,	6
370,	6
371,	6
372,	4
373,	7
374,	4
375,	5
376,	7
377,	8
378,	7
379,	1
380,	1
381,	1
382,	3
383,	1
384,	5
385,	6
386,	8
387,	10
388,	10
389,	7
390,	6
391,	2
392,	6
393,	9
394,	7
395,	6
396,	6
397,	7
398,	6
399,	9
400,	8
401,	4
402,	2
403,	4
404,	5
405,	0
406,	5
407,	4
408,	0
409,	10
410,	7
411,	6
412,	6
413,	6
414,	6
415,	11
416,	3
417,	7
418,	9
419,	5
420,	9
421,	7
422,	5
423,	10
424,	7
425,	6
426,	10
427,	7
428,	0
429,	0
430,	9
431,	7
432,	1
433,	3
434,	5
435,	6
436,	5
437,	5
438,	7
439,	7
440,	6
441,	9
442,	2
443,	2
444,	3
445,	8
446,	6
447,	3
448,	7
449,	0
450,	11
451,	5
452,	7
453,	7
454,	4
455,	5
456,	9
457,	0
458,	10
459,	0
460,	10
461,	5
462,	9
463,	8
464,	3
465,	6
466,	5
467,	8
468,	0
469,	2
470,	6
471,	8
472,	7
473,	1
474,	9
475,	11
476,	7
477,	2
478,	8
479,	11
480,	8
481,	4
482,	8
483,	5
484,	8
485,	10
486,	3
487,	8
488,	6
489,	6
490,	4
491,	8
492,	11
493,	3
494,	11
495,	6
496,	10
497,	9
498,	4
499,	5
