Instance: /home/gabriel/Documents/ufrgs/courses/oc/trab/instances/cmb01
Vertices: 500
Colors: 12
NumIterations: 500
Alpha: 0.300000
Is Factible?: false
Conflicts: 7
Solution Value: 147552.234375
Vertex,	Color
0,	4
1,	8
2,	7
3,	9
4,	2
5,	8
6,	8
7,	4
8,	6
9,	3
10,	4
11,	3
12,	2
13,	9
14,	5
15,	2
16,	6
17,	2
18,	6
19,	4
20,	2
21,	4
22,	0
23,	7
24,	4
25,	8
26,	8
27,	6
28,	0
29,	0
30,	1
31,	6
32,	0
33,	2
34,	1
35,	4
36,	5
37,	2
38,	2
39,	3
40,	0
41,	0
42,	2
43,	4
44,	2
45,	8
46,	3
47,	0
48,	9
49,	5
50,	0
51,	8
52,	3
53,	1
54,	1
55,	6
56,	1
57,	5
58,	1
59,	1
60,	3
61,	9
62,	2
63,	3
64,	2
65,	0
66,	1
67,	4
68,	4
69,	5
70,	7
71,	5
72,	7
73,	1
74,	0
75,	3
76,	3
77,	5
78,	5
79,	6
80,	7
81,	5
82,	1
83,	10
84,	0
85,	3
86,	2
87,	4
88,	7
89,	1
90,	1
91,	0
92,	6
93,	8
94,	6
95,	1
96,	3
97,	8
98,	2
99,	0
100,	4
101,	1
102,	2
103,	4
104,	0
105,	4
106,	3
107,	4
108,	3
109,	8
110,	5
111,	0
112,	3
113,	0
114,	4
115,	5
116,	3
117,	7
118,	10
119,	6
120,	2
121,	2
122,	5
123,	6
124,	1
125,	3
126,	7
127,	2
128,	0
129,	9
130,	2
131,	0
132,	1
133,	0
134,	3
135,	6
136,	0
137,	5
138,	10
139,	5
140,	2
141,	8
142,	7
143,	1
144,	1
145,	8
146,	2
147,	0
148,	5
149,	6
150,	7
151,	4
152,	4
153,	5
154,	6
155,	0
156,	6
157,	6
158,	5
159,	1
160,	4
161,	1
162,	7
163,	4
164,	3
165,	1
166,	2
167,	8
168,	1
169,	5
170,	2
171,	3
172,	3
173,	3
174,	5
175,	2
176,	1
177,	3
178,	6
179,	0
180,	9
181,	3
182,	9
183,	4
184,	5
185,	4
186,	6
187,	3
188,	0
189,	7
190,	4
191,	0
192,	7
193,	5
194,	4
195,	5
196,	6
197,	2
198,	0
199,	3
200,	2
201,	0
202,	3
203,	5
204,	6
205,	3
206,	3
207,	7
208,	5
209,	0
210,	4
211,	1
212,	9
213,	6
214,	4
215,	0
216,	5
217,	3
218,	8
219,	8
220,	7
221,	1
222,	0
223,	8
224,	5
225,	0
226,	3
227,	4
228,	0
229,	6
230,	2
231,	1
232,	11
233,	1
234,	0
235,	8
236,	2
237,	5
238,	4
239,	2
240,	0
241,	0
242,	0
243,	1
244,	8
245,	1
246,	4
247,	9
248,	10
249,	3
250,	1
251,	0
252,	3
253,	3
254,	7
255,	2
256,	8
257,	1
258,	4
259,	2
260,	2
261,	3
262,	3
263,	6
264,	4
265,	0
266,	6
267,	6
268,	1
269,	11
270,	11
271,	2
272,	5
273,	1
274,	10
275,	1
276,	5
277,	2
278,	3
279,	0
280,	4
281,	4
282,	6
283,	1
284,	5
285,	4
286,	4
287,	7
288,	5
289,	7
290,	3
291,	4
292,	5
293,	3
294,	3
295,	7
296,	3
297,	1
298,	0
299,	2
300,	1
301,	1
302,	1
303,	0
304,	5
305,	4
306,	3
307,	9
308,	1
309,	3
310,	1
311,	5
312,	0
313,	0
314,	5
315,	2
316,	10
317,	1
318,	3
319,	0
320,	6
321,	2
322,	1
323,	0
324,	0
325,	3
326,	0
327,	4
328,	5
329,	7
330,	3
331,	0
332,	2
333,	1
334,	4
335,	2
336,	2
337,	9
338,	3
339,	0
340,	5
341,	8
342,	0
343,	3
344,	4
345,	1
346,	3
347,	2
348,	1
349,	1
350,	2
351,	0
352,	1
353,	4
354,	4
355,	4
356,	6
357,	2
358,	1
359,	2
360,	0
361,	1
362,	4
363,	6
364,	4
365,	9
366,	8
367,	6
368,	2
369,	1
370,	2
371,	0
372,	6
373,	6
374,	2
375,	7
376,	7
377,	8
378,	5
379,	5
380,	6
381,	0
382,	0
383,	2
384,	3
385,	7
386,	7
387,	5
388,	0
389,	2
390,	1
391,	1
392,	2
393,	7
394,	6
395,	1
396,	9
397,	5
398,	1
399,	5
400,	7
401,	4
402,	7
403,	1
404,	3
405,	6
406,	6
407,	4
408,	10
409,	7
410,	2
411,	2
412,	4
413,	2
414,	8
415,	9
416,	0
417,	1
418,	6
419,	7
420,	10
421,	5
422,	6
423,	5
424,	7
425,	7
426,	8
427,	4
428,	1
429,	3
430,	8
431,	4
432,	11
433,	3
434,	5
435,	8
436,	5
437,	3
438,	5
439,	7
440,	10
441,	9
442,	0
443,	9
444,	1
445,	9
446,	11
447,	6
448,	4
449,	9
450,	3
451,	7
452,	7
453,	6
454,	4
455,	6
456,	9
457,	9
458,	2
459,	11
460,	11
461,	5
462,	7
463,	7
464,	7
465,	3
466,	5
467,	1
468,	11
469,	2
470,	2
471,	8
472,	6
473,	4
474,	9
475,	9
476,	2
477,	1
478,	3
479,	10
480,	11
481,	4
482,	5
483,	7
484,	8
485,	7
486,	6
487,	8
488,	4
489,	6
490,	4
491,	8
492,	11
493,	10
494,	10
495,	9
496,	10
497,	8
498,	5
499,	10
