Instance: /home/gabriel/Documents/ufrgs/courses/oc/trab/instances/cmb01
Vertices: 500
Colors: 12
NumIterations: 1000
Alpha: 0.950000
Is Factible?: false
Conflicts: 2
Solution Value: 156817.484375
Vertex,	Color
0,	1
1,	1
2,	0
3,	1
4,	0
5,	1
6,	1
7,	0
8,	0
9,	1
10,	2
11,	1
12,	0
13,	1
14,	1
15,	2
16,	1
17,	3
18,	1
19,	0
20,	0
21,	0
22,	1
23,	2
24,	2
25,	1
26,	0
27,	1
28,	0
29,	0
30,	0
31,	1
32,	1
33,	0
34,	4
35,	0
36,	0
37,	1
38,	1
39,	0
40,	1
41,	0
42,	0
43,	9
44,	1
45,	0
46,	1
47,	3
48,	1
49,	1
50,	1
51,	1
52,	1
53,	2
54,	2
55,	0
56,	0
57,	1
58,	2
59,	0
60,	1
61,	1
62,	0
63,	1
64,	2
65,	0
66,	0
67,	3
68,	2
69,	0
70,	2
71,	2
72,	2
73,	0
74,	3
75,	1
76,	1
77,	2
78,	0
79,	4
80,	2
81,	0
82,	1
83,	0
84,	1
85,	0
86,	3
87,	1
88,	3
89,	4
90,	3
91,	3
92,	1
93,	1
94,	2
95,	3
96,	2
97,	3
98,	1
99,	3
100,	5
101,	2
102,	4
103,	4
104,	0
105,	5
106,	4
107,	4
108,	1
109,	2
110,	2
111,	3
112,	1
113,	2
114,	3
115,	2
116,	0
117,	4
118,	0
119,	4
120,	2
121,	3
122,	2
123,	2
124,	2
125,	2
126,	3
127,	3
128,	1
129,	4
130,	0
131,	2
132,	3
133,	0
134,	3
135,	0
136,	3
137,	5
138,	6
139,	1
140,	0
141,	4
142,	0
143,	4
144,	4
145,	2
146,	5
147,	4
148,	7
149,	0
150,	5
151,	5
152,	1
153,	2
154,	3
155,	3
156,	0
157,	4
158,	2
159,	3
160,	3
161,	5
162,	7
163,	5
164,	6
165,	5
166,	1
167,	1
168,	3
169,	3
170,	6
171,	3
172,	2
173,	2
174,	1
175,	1
176,	3
177,	8
178,	5
179,	5
180,	2
181,	2
182,	5
183,	5
184,	0
185,	4
186,	4
187,	1
188,	2
189,	5
190,	6
191,	3
192,	4
193,	2
194,	4
195,	3
196,	2
197,	1
198,	10
199,	2
200,	1
201,	3
202,	5
203,	6
204,	5
205,	2
206,	3
207,	2
208,	1
209,	4
210,	4
211,	4
212,	9
213,	4
214,	4
215,	4
216,	4
217,	2
218,	6
219,	9
220,	7
221,	0
222,	7
223,	2
224,	3
225,	0
226,	5
227,	6
228,	0
229,	4
230,	1
231,	5
232,	4
233,	5
234,	3
235,	6
236,	6
237,	5
238,	2
239,	2
240,	1
241,	3
242,	7
243,	3
244,	7
245,	1
246,	5
247,	6
248,	6
249,	3
250,	3
251,	3
252,	2
253,	3
254,	7
255,	2
256,	3
257,	4
258,	4
259,	3
260,	6
261,	4
262,	6
263,	10
264,	4
265,	3
266,	5
267,	5
268,	6
269,	2
270,	7
271,	5
272,	6
273,	5
274,	8
275,	2
276,	8
277,	7
278,	6
279,	0
280,	2
281,	4
282,	6
283,	3
284,	8
285,	4
286,	5
287,	4
288,	1
289,	4
290,	2
291,	4
292,	6
293,	2
294,	8
295,	4
296,	6
297,	7
298,	0
299,	2
300,	3
301,	0
302,	5
303,	4
304,	0
305,	5
306,	2
307,	7
308,	3
309,	6
310,	3
311,	0
312,	2
313,	7
314,	7
315,	4
316,	6
317,	1
318,	3
319,	3
320,	4
321,	5
322,	7
323,	7
324,	6
325,	5
326,	2
327,	5
328,	7
329,	6
330,	1
331,	6
332,	2
333,	7
334,	8
335,	7
336,	6
337,	8
338,	4
339,	7
340,	5
341,	6
342,	6
343,	0
344,	1
345,	7
346,	8
347,	9
348,	7
349,	6
350,	2
351,	0
352,	9
353,	7
354,	4
355,	5
356,	9
357,	9
358,	5
359,	11
360,	7
361,	7
362,	5
363,	7
364,	8
365,	8
366,	5
367,	4
368,	7
369,	6
370,	6
371,	4
372,	5
373,	6
374,	4
375,	5
376,	8
377,	7
378,	6
379,	5
380,	9
381,	2
382,	3
383,	2
384,	6
385,	4
386,	8
387,	8
388,	8
389,	8
390,	7
391,	0
392,	5
393,	8
394,	9
395,	6
396,	10
397,	7
398,	4
399,	8
400,	7
401,	2
402,	3
403,	7
404,	5
405,	9
406,	2
407,	5
408,	0
409,	9
410,	8
411,	3
412,	8
413,	6
414,	6
415,	11
416,	3
417,	7
418,	9
419,	4
420,	9
421,	7
422,	6
423,	10
424,	7
425,	8
426,	10
427,	5
428,	1
429,	7
430,	9
431,	6
432,	10
433,	7
434,	6
435,	6
436,	5
437,	2
438,	6
439,	9
440,	9
441,	8
442,	0
443,	11
444,	3
445,	7
446,	10
447,	2
448,	4
449,	7
450,	10
451,	9
452,	7
453,	10
454,	4
455,	6
456,	9
457,	11
458,	0
459,	0
460,	10
461,	2
462,	8
463,	8
464,	4
465,	7
466,	9
467,	5
468,	6
469,	6
470,	8
471,	9
472,	7
473,	3
474,	8
475,	11
476,	6
477,	2
478,	7
479,	11
480,	9
481,	4
482,	9
483,	6
484,	8
485,	10
486,	6
487,	9
488,	5
489,	0
490,	5
491,	9
492,	11
493,	4
494,	11
495,	8
496,	10
497,	9
498,	6
499,	9
