Instance: /home/gabriel/Documents/ufrgs/courses/oc/trab/instances/cmb07
Vertices: 2000
Colors: 32
NumIterations: 100
Alpha: 0.850000
Is Factible?: false
Conflicts: 26
Solution Value: 262160.843750
Vertex,	Color
0,	9
1,	13
2,	0
3,	6
4,	6
5,	6
6,	5
7,	3
8,	8
9,	2
10,	2
11,	2
12,	9
13,	1
14,	0
15,	1
16,	3
17,	6
18,	5
19,	0
20,	3
21,	20
22,	12
23,	1
24,	0
25,	14
26,	27
27,	6
28,	5
29,	4
30,	2
31,	6
32,	5
33,	5
34,	4
35,	0
36,	1
37,	3
38,	8
39,	3
40,	2
41,	3
42,	1
43,	6
44,	8
45,	9
46,	5
47,	1
48,	4
49,	4
50,	0
51,	1
52,	2
53,	8
54,	12
55,	1
56,	1
57,	5
58,	2
59,	2
60,	3
61,	0
62,	1
63,	8
64,	1
65,	1
66,	4
67,	6
68,	4
69,	0
70,	3
71,	4
72,	5
73,	2
74,	15
75,	2
76,	5
77,	1
78,	9
79,	7
80,	1
81,	4
82,	7
83,	2
84,	11
85,	1
86,	2
87,	4
88,	23
89,	2
90,	1
91,	0
92,	6
93,	0
94,	2
95,	0
96,	6
97,	1
98,	4
99,	0
100,	2
101,	1
102,	2
103,	7
104,	0
105,	2
106,	6
107,	4
108,	1
109,	1
110,	1
111,	11
112,	1
113,	4
114,	0
115,	0
116,	1
117,	5
118,	1
119,	13
120,	13
121,	3
122,	5
123,	1
124,	0
125,	1
126,	0
127,	1
128,	2
129,	6
130,	1
131,	3
132,	0
133,	3
134,	5
135,	0
136,	10
137,	8
138,	15
139,	7
140,	2
141,	9
142,	11
143,	5
144,	3
145,	1
146,	3
147,	6
148,	7
149,	0
150,	13
151,	3
152,	7
153,	22
154,	3
155,	2
156,	0
157,	6
158,	9
159,	0
160,	12
161,	21
162,	3
163,	1
164,	0
165,	5
166,	5
167,	2
168,	3
169,	12
170,	4
171,	4
172,	28
173,	9
174,	7
175,	29
176,	4
177,	28
178,	7
179,	4
180,	28
181,	0
182,	30
183,	6
184,	4
185,	1
186,	3
187,	1
188,	4
189,	9
190,	5
191,	3
192,	5
193,	1
194,	25
195,	4
196,	0
197,	7
198,	8
199,	1
200,	8
201,	9
202,	0
203,	2
204,	2
205,	3
206,	6
207,	3
208,	3
209,	4
210,	8
211,	8
212,	4
213,	5
214,	22
215,	4
216,	7
217,	3
218,	2
219,	7
220,	6
221,	7
222,	4
223,	5
224,	6
225,	3
226,	1
227,	0
228,	9
229,	13
230,	3
231,	2
232,	0
233,	26
234,	0
235,	16
236,	2
237,	17
238,	1
239,	6
240,	3
241,	2
242,	1
243,	1
244,	5
245,	2
246,	5
247,	1
248,	7
249,	4
250,	10
251,	25
252,	7
253,	3
254,	8
255,	4
256,	31
257,	8
258,	7
259,	4
260,	6
261,	4
262,	3
263,	12
264,	10
265,	2
266,	3
267,	2
268,	7
269,	10
270,	7
271,	7
272,	3
273,	8
274,	2
275,	10
276,	1
277,	4
278,	3
279,	7
280,	2
281,	2
282,	7
283,	1
284,	1
285,	1
286,	2
287,	3
288,	0
289,	1
290,	15
291,	10
292,	2
293,	0
294,	27
295,	3
296,	3
297,	0
298,	8
299,	29
300,	1
301,	2
302,	4
303,	1
304,	6
305,	8
306,	6
307,	3
308,	2
309,	8
310,	0
311,	2
312,	22
313,	2
314,	1
315,	2
316,	0
317,	4
318,	1
319,	4
320,	6
321,	4
322,	3
323,	6
324,	0
325,	4
326,	3
327,	6
328,	0
329,	4
330,	2
331,	2
332,	5
333,	5
334,	2
335,	7
336,	5
337,	2
338,	1
339,	6
340,	1
341,	3
342,	1
343,	3
344,	4
345,	1
346,	3
347,	0
348,	4
349,	4
350,	1
351,	12
352,	9
353,	0
354,	2
355,	4
356,	3
357,	1
358,	5
359,	3
360,	0
361,	15
362,	17
363,	1
364,	4
365,	4
366,	1
367,	10
368,	3
369,	12
370,	12
371,	8
372,	3
373,	9
374,	4
375,	7
376,	5
377,	11
378,	6
379,	5
380,	2
381,	6
382,	11
383,	2
384,	7
385,	11
386,	11
387,	9
388,	5
389,	5
390,	1
391,	13
392,	4
393,	6
394,	7
395,	25
396,	2
397,	8
398,	6
399,	5
400,	8
401,	2
402,	6
403,	2
404,	7
405,	11
406,	3
407,	3
408,	6
409,	9
410,	9
411,	13
412,	20
413,	21
414,	11
415,	2
416,	7
417,	11
418,	7
419,	2
420,	4
421,	5
422,	10
423,	13
424,	16
425,	9
426,	1
427,	4
428,	2
429,	12
430,	1
431,	21
432,	6
433,	6
434,	6
435,	8
436,	7
437,	8
438,	6
439,	4
440,	10
441,	9
442,	7
443,	7
444,	7
445,	4
446,	3
447,	4
448,	5
449,	3
450,	16
451,	11
452,	10
453,	5
454,	10
455,	1
456,	3
457,	4
458,	0
459,	17
460,	1
461,	6
462,	2
463,	7
464,	10
465,	8
466,	4
467,	5
468,	3
469,	10
470,	7
471,	5
472,	6
473,	4
474,	5
475,	8
476,	13
477,	11
478,	7
479,	10
480,	9
481,	5
482,	11
483,	7
484,	8
485,	12
486,	27
487,	9
488,	8
489,	7
490,	6
491,	0
492,	4
493,	7
494,	8
495,	7
496,	11
497,	29
498,	16
499,	3
500,	3
501,	3
502,	15
503,	4
504,	13
505,	6
506,	2
507,	5
508,	9
509,	5
510,	8
511,	4
512,	4
513,	11
514,	2
515,	8
516,	6
517,	11
518,	9
519,	6
520,	5
521,	6
522,	4
523,	4
524,	2
525,	6
526,	1
527,	5
528,	11
529,	16
530,	9
531,	0
532,	4
533,	6
534,	10
535,	9
536,	3
537,	19
538,	5
539,	10
540,	3
541,	7
542,	14
543,	6
544,	10
545,	14
546,	3
547,	7
548,	8
549,	12
550,	10
551,	9
552,	6
553,	5
554,	8
555,	12
556,	4
557,	8
558,	10
559,	11
560,	11
561,	2
562,	5
563,	13
564,	9
565,	3
566,	8
567,	11
568,	13
569,	16
570,	14
571,	3
572,	14
573,	20
574,	3
575,	5
576,	13
577,	1
578,	5
579,	6
580,	5
581,	15
582,	2
583,	9
584,	21
585,	10
586,	10
587,	9
588,	9
589,	2
590,	10
591,	3
592,	9
593,	5
594,	5
595,	19
596,	6
597,	6
598,	1
599,	15
600,	7
601,	14
602,	9
603,	12
604,	5
605,	8
606,	7
607,	9
608,	5
609,	12
610,	19
611,	14
612,	6
613,	4
614,	8
615,	12
616,	14
617,	12
618,	5
619,	8
620,	13
621,	9
622,	5
623,	8
624,	10
625,	1
626,	11
627,	10
628,	9
629,	11
630,	10
631,	18
632,	13
633,	6
634,	9
635,	10
636,	8
637,	6
638,	7
639,	0
640,	5
641,	8
642,	10
643,	4
644,	2
645,	5
646,	12
647,	8
648,	5
649,	7
650,	4
651,	6
652,	9
653,	6
654,	8
655,	10
656,	11
657,	7
658,	7
659,	9
660,	14
661,	10
662,	20
663,	11
664,	7
665,	15
666,	6
667,	9
668,	15
669,	7
670,	11
671,	7
672,	6
673,	7
674,	11
675,	8
676,	11
677,	10
678,	12
679,	8
680,	11
681,	3
682,	17
683,	9
684,	14
685,	8
686,	11
687,	8
688,	5
689,	10
690,	16
691,	15
692,	12
693,	15
694,	7
695,	8
696,	11
697,	7
698,	15
699,	5
700,	12
701,	13
702,	3
703,	7
704,	2
705,	12
706,	9
707,	9
708,	7
709,	8
710,	11
711,	15
712,	17
713,	12
714,	11
715,	10
716,	11
717,	9
718,	14
719,	14
720,	11
721,	8
722,	14
723,	13
724,	10
725,	10
726,	12
727,	14
728,	7
729,	5
730,	13
731,	9
732,	0
733,	4
734,	9
735,	6
736,	11
737,	3
738,	8
739,	10
740,	15
741,	11
742,	9
743,	9
744,	13
745,	10
746,	1
747,	3
748,	12
749,	8
750,	12
751,	7
752,	12
753,	12
754,	8
755,	16
756,	20
757,	11
758,	7
759,	26
760,	4
761,	7
762,	13
763,	7
764,	8
765,	11
766,	15
767,	10
768,	14
769,	15
770,	11
771,	12
772,	17
773,	14
774,	13
775,	8
776,	13
777,	12
778,	11
779,	5
780,	14
781,	6
782,	4
783,	7
784,	16
785,	7
786,	10
787,	16
788,	8
789,	1
790,	13
791,	15
792,	9
793,	10
794,	16
795,	7
796,	14
797,	7
798,	4
799,	10
800,	5
801,	13
802,	6
803,	9
804,	6
805,	12
806,	4
807,	17
808,	1
809,	6
810,	21
811,	12
812,	10
813,	10
814,	7
815,	6
816,	12
817,	6
818,	10
819,	10
820,	7
821,	6
822,	14
823,	15
824,	9
825,	15
826,	12
827,	13
828,	2
829,	12
830,	9
831,	5
832,	13
833,	10
834,	18
835,	17
836,	14
837,	11
838,	8
839,	11
840,	18
841,	11
842,	6
843,	10
844,	14
845,	13
846,	18
847,	9
848,	13
849,	13
850,	15
851,	10
852,	10
853,	7
854,	9
855,	18
856,	14
857,	16
858,	13
859,	13
860,	9
861,	5
862,	14
863,	12
864,	8
865,	14
866,	13
867,	17
868,	11
869,	2
870,	19
871,	13
872,	15
873,	13
874,	2
875,	15
876,	16
877,	13
878,	13
879,	14
880,	17
881,	8
882,	10
883,	12
884,	3
885,	6
886,	16
887,	11
888,	18
889,	3
890,	13
891,	15
892,	11
893,	8
894,	14
895,	18
896,	8
897,	10
898,	12
899,	16
900,	11
901,	11
902,	13
903,	17
904,	13
905,	8
906,	18
907,	15
908,	22
909,	6
910,	10
911,	16
912,	5
913,	16
914,	10
915,	5
916,	9
917,	18
918,	15
919,	15
920,	13
921,	9
922,	17
923,	13
924,	15
925,	9
926,	13
927,	16
928,	15
929,	13
930,	13
931,	9
932,	13
933,	10
934,	7
935,	2
936,	13
937,	14
938,	4
939,	9
940,	14
941,	12
942,	19
943,	22
944,	16
945,	17
946,	12
947,	20
948,	12
949,	12
950,	5
951,	16
952,	11
953,	19
954,	12
955,	6
956,	23
957,	12
958,	17
959,	14
960,	14
961,	12
962,	12
963,	15
964,	16
965,	1
966,	15
967,	12
968,	9
969,	17
970,	12
971,	7
972,	16
973,	15
974,	19
975,	9
976,	24
977,	12
978,	4
979,	18
980,	14
981,	14
982,	11
983,	13
984,	18
985,	12
986,	2
987,	12
988,	16
989,	16
990,	4
991,	18
992,	17
993,	18
994,	15
995,	9
996,	5
997,	19
998,	3
999,	7
1000,	17
1001,	14
1002,	11
1003,	21
1004,	22
1005,	15
1006,	4
1007,	14
1008,	13
1009,	15
1010,	23
1011,	11
1012,	25
1013,	15
1014,	14
1015,	17
1016,	18
1017,	16
1018,	17
1019,	14
1020,	14
1021,	13
1022,	18
1023,	17
1024,	2
1025,	16
1026,	18
1027,	18
1028,	14
1029,	17
1030,	17
1031,	19
1032,	17
1033,	16
1034,	18
1035,	17
1036,	15
1037,	9
1038,	18
1039,	19
1040,	3
1041,	19
1042,	16
1043,	17
1044,	15
1045,	14
1046,	22
1047,	7
1048,	13
1049,	16
1050,	17
1051,	15
1052,	16
1053,	27
1054,	8
1055,	9
1056,	19
1057,	20
1058,	24
1059,	8
1060,	14
1061,	14
1062,	17
1063,	11
1064,	26
1065,	13
1066,	20
1067,	16
1068,	17
1069,	13
1070,	14
1071,	15
1072,	15
1073,	8
1074,	3
1075,	13
1076,	20
1077,	3
1078,	18
1079,	12
1080,	18
1081,	21
1082,	14
1083,	12
1084,	19
1085,	17
1086,	17
1087,	10
1088,	19
1089,	18
1090,	25
1091,	13
1092,	18
1093,	14
1094,	22
1095,	19
1096,	14
1097,	21
1098,	3
1099,	0
1100,	11
1101,	15
1102,	11
1103,	19
1104,	22
1105,	9
1106,	16
1107,	16
1108,	17
1109,	17
1110,	18
1111,	17
1112,	23
1113,	5
1114,	18
1115,	21
1116,	18
1117,	14
1118,	15
1119,	20
1120,	9
1121,	10
1122,	14
1123,	11
1124,	22
1125,	21
1126,	20
1127,	16
1128,	19
1129,	20
1130,	10
1131,	11
1132,	14
1133,	19
1134,	5
1135,	19
1136,	10
1137,	11
1138,	9
1139,	20
1140,	13
1141,	21
1142,	17
1143,	12
1144,	19
1145,	18
1146,	9
1147,	14
1148,	15
1149,	14
1150,	24
1151,	20
1152,	24
1153,	18
1154,	21
1155,	14
1156,	22
1157,	16
1158,	20
1159,	2
1160,	23
1161,	19
1162,	9
1163,	14
1164,	6
1165,	19
1166,	20
1167,	14
1168,	21
1169,	14
1170,	15
1171,	15
1172,	11
1173,	18
1174,	24
1175,	15
1176,	11
1177,	6
1178,	15
1179,	14
1180,	10
1181,	22
1182,	23
1183,	18
1184,	25
1185,	20
1186,	10
1187,	14
1188,	5
1189,	18
1190,	10
1191,	19
1192,	16
1193,	19
1194,	13
1195,	9
1196,	19
1197,	20
1198,	19
1199,	19
1200,	25
1201,	26
1202,	12
1203,	16
1204,	20
1205,	11
1206,	17
1207,	6
1208,	14
1209,	23
1210,	14
1211,	15
1212,	21
1213,	11
1214,	3
1215,	10
1216,	19
1217,	24
1218,	18
1219,	18
1220,	18
1221,	0
1222,	21
1223,	19
1224,	20
1225,	21
1226,	20
1227,	16
1228,	16
1229,	24
1230,	23
1231,	19
1232,	8
1233,	7
1234,	20
1235,	19
1236,	16
1237,	22
1238,	10
1239,	24
1240,	18
1241,	16
1242,	2
1243,	10
1244,	12
1245,	21
1246,	19
1247,	20
1248,	15
1249,	4
1250,	23
1251,	21
1252,	23
1253,	19
1254,	20
1255,	25
1256,	17
1257,	19
1258,	15
1259,	21
1260,	12
1261,	18
1262,	23
1263,	25
1264,	6
1265,	23
1266,	22
1267,	18
1268,	10
1269,	22
1270,	10
1271,	19
1272,	25
1273,	21
1274,	21
1275,	18
1276,	21
1277,	11
1278,	3
1279,	8
1280,	17
1281,	18
1282,	24
1283,	20
1284,	14
1285,	5
1286,	20
1287,	14
1288,	23
1289,	20
1290,	12
1291,	18
1292,	13
1293,	19
1294,	15
1295,	22
1296,	17
1297,	27
1298,	16
1299,	0
1300,	19
1301,	16
1302,	25
1303,	24
1304,	23
1305,	21
1306,	19
1307,	19
1308,	16
1309,	18
1310,	19
1311,	18
1312,	17
1313,	21
1314,	20
1315,	8
1316,	22
1317,	15
1318,	21
1319,	18
1320,	21
1321,	22
1322,	20
1323,	19
1324,	19
1325,	20
1326,	18
1327,	19
1328,	17
1329,	22
1330,	23
1331,	17
1332,	10
1333,	25
1334,	24
1335,	17
1336,	23
1337,	26
1338,	24
1339,	17
1340,	15
1341,	27
1342,	21
1343,	13
1344,	20
1345,	24
1346,	21
1347,	13
1348,	20
1349,	16
1350,	22
1351,	11
1352,	21
1353,	14
1354,	21
1355,	22
1356,	8
1357,	20
1358,	19
1359,	17
1360,	15
1361,	11
1362,	20
1363,	17
1364,	25
1365,	11
1366,	23
1367,	23
1368,	9
1369,	13
1370,	20
1371,	14
1372,	18
1373,	13
1374,	19
1375,	21
1376,	19
1377,	18
1378,	19
1379,	21
1380,	25
1381,	17
1382,	16
1383,	21
1384,	1
1385,	21
1386,	4
1387,	15
1388,	17
1389,	19
1390,	23
1391,	21
1392,	16
1393,	22
1394,	22
1395,	19
1396,	26
1397,	10
1398,	15
1399,	21
1400,	21
1401,	24
1402,	23
1403,	23
1404,	26
1405,	12
1406,	21
1407,	22
1408,	22
1409,	16
1410,	21
1411,	26
1412,	11
1413,	21
1414,	20
1415,	29
1416,	2
1417,	28
1418,	19
1419,	19
1420,	21
1421,	29
1422,	24
1423,	19
1424,	16
1425,	24
1426,	28
1427,	22
1428,	19
1429,	17
1430,	21
1431,	21
1432,	25
1433,	20
1434,	20
1435,	24
1436,	17
1437,	22
1438,	27
1439,	22
1440,	24
1441,	25
1442,	20
1443,	21
1444,	15
1445,	17
1446,	25
1447,	27
1448,	25
1449,	26
1450,	24
1451,	8
1452,	24
1453,	24
1454,	18
1455,	22
1456,	20
1457,	16
1458,	25
1459,	23
1460,	11
1461,	23
1462,	18
1463,	18
1464,	22
1465,	20
1466,	23
1467,	27
1468,	22
1469,	26
1470,	12
1471,	26
1472,	12
1473,	18
1474,	26
1475,	9
1476,	13
1477,	20
1478,	16
1479,	10
1480,	19
1481,	26
1482,	26
1483,	22
1484,	20
1485,	15
1486,	23
1487,	12
1488,	17
1489,	17
1490,	22
1491,	24
1492,	11
1493,	13
1494,	4
1495,	16
1496,	1
1497,	12
1498,	31
1499,	9
1500,	18
1501,	17
1502,	25
1503,	16
1504,	23
1505,	12
1506,	25
1507,	14
1508,	23
1509,	8
1510,	2
1511,	22
1512,	22
1513,	22
1514,	24
1515,	23
1516,	22
1517,	21
1518,	28
1519,	21
1520,	26
1521,	15
1522,	13
1523,	28
1524,	21
1525,	14
1526,	19
1527,	20
1528,	11
1529,	27
1530,	21
1531,	7
1532,	23
1533,	24
1534,	26
1535,	14
1536,	18
1537,	11
1538,	17
1539,	18
1540,	20
1541,	25
1542,	28
1543,	25
1544,	24
1545,	0
1546,	24
1547,	24
1548,	24
1549,	22
1550,	19
1551,	26
1552,	24
1553,	22
1554,	20
1555,	16
1556,	26
1557,	25
1558,	19
1559,	26
1560,	8
1561,	30
1562,	23
1563,	25
1564,	15
1565,	25
1566,	30
1567,	22
1568,	20
1569,	22
1570,	25
1571,	11
1572,	7
1573,	10
1574,	27
1575,	28
1576,	23
1577,	23
1578,	25
1579,	7
1580,	29
1581,	22
1582,	28
1583,	14
1584,	6
1585,	24
1586,	23
1587,	24
1588,	27
1589,	27
1590,	3
1591,	7
1592,	27
1593,	25
1594,	23
1595,	30
1596,	22
1597,	3
1598,	1
1599,	28
1600,	17
1601,	22
1602,	27
1603,	25
1604,	6
1605,	27
1606,	26
1607,	27
1608,	16
1609,	23
1610,	22
1611,	27
1612,	24
1613,	23
1614,	19
1615,	29
1616,	23
1617,	26
1618,	25
1619,	28
1620,	18
1621,	27
1622,	29
1623,	28
1624,	20
1625,	27
1626,	27
1627,	5
1628,	17
1629,	1
1630,	23
1631,	13
1632,	26
1633,	16
1634,	26
1635,	17
1636,	20
1637,	6
1638,	5
1639,	23
1640,	26
1641,	27
1642,	27
1643,	20
1644,	28
1645,	16
1646,	17
1647,	21
1648,	21
1649,	29
1650,	24
1651,	16
1652,	25
1653,	23
1654,	28
1655,	3
1656,	21
1657,	23
1658,	20
1659,	22
1660,	28
1661,	12
1662,	14
1663,	28
1664,	30
1665,	7
1666,	17
1667,	14
1668,	19
1669,	25
1670,	30
1671,	25
1672,	23
1673,	25
1674,	15
1675,	23
1676,	24
1677,	26
1678,	24
1679,	13
1680,	4
1681,	22
1682,	8
1683,	8
1684,	29
1685,	22
1686,	14
1687,	22
1688,	8
1689,	10
1690,	24
1691,	19
1692,	25
1693,	24
1694,	29
1695,	31
1696,	31
1697,	16
1698,	29
1699,	26
1700,	1
1701,	26
1702,	25
1703,	9
1704,	18
1705,	24
1706,	20
1707,	26
1708,	30
1709,	21
1710,	23
1711,	24
1712,	20
1713,	24
1714,	24
1715,	9
1716,	28
1717,	29
1718,	22
1719,	27
1720,	1
1721,	26
1722,	25
1723,	16
1724,	23
1725,	12
1726,	25
1727,	28
1728,	16
1729,	27
1730,	17
1731,	18
1732,	25
1733,	21
1734,	13
1735,	27
1736,	20
1737,	27
1738,	29
1739,	23
1740,	26
1741,	20
1742,	28
1743,	29
1744,	24
1745,	24
1746,	27
1747,	29
1748,	16
1749,	20
1750,	28
1751,	26
1752,	29
1753,	28
1754,	22
1755,	28
1756,	28
1757,	20
1758,	30
1759,	31
1760,	30
1761,	25
1762,	26
1763,	10
1764,	21
1765,	17
1766,	2
1767,	0
1768,	23
1769,	20
1770,	23
1771,	21
1772,	28
1773,	24
1774,	29
1775,	31
1776,	23
1777,	25
1778,	28
1779,	24
1780,	21
1781,	28
1782,	16
1783,	31
1784,	26
1785,	13
1786,	16
1787,	30
1788,	22
1789,	14
1790,	23
1791,	11
1792,	25
1793,	26
1794,	15
1795,	23
1796,	31
1797,	31
1798,	25
1799,	0
1800,	26
1801,	29
1802,	28
1803,	22
1804,	30
1805,	21
1806,	20
1807,	23
1808,	26
1809,	30
1810,	13
1811,	2
1812,	29
1813,	16
1814,	28
1815,	18
1816,	6
1817,	31
1818,	28
1819,	26
1820,	23
1821,	25
1822,	26
1823,	28
1824,	29
1825,	21
1826,	4
1827,	18
1828,	31
1829,	15
1830,	25
1831,	26
1832,	16
1833,	1
1834,	26
1835,	26
1836,	27
1837,	27
1838,	28
1839,	27
1840,	1
1841,	29
1842,	30
1843,	26
1844,	30
1845,	26
1846,	29
1847,	29
1848,	22
1849,	25
1850,	27
1851,	6
1852,	27
1853,	26
1854,	26
1855,	9
1856,	22
1857,	26
1858,	27
1859,	25
1860,	30
1861,	27
1862,	26
1863,	24
1864,	19
1865,	28
1866,	8
1867,	16
1868,	30
1869,	27
1870,	31
1871,	24
1872,	30
1873,	29
1874,	29
1875,	30
1876,	29
1877,	24
1878,	30
1879,	30
1880,	0
1881,	22
1882,	16
1883,	29
1884,	5
1885,	27
1886,	5
1887,	0
1888,	17
1889,	26
1890,	3
1891,	25
1892,	0
1893,	16
1894,	22
1895,	27
1896,	18
1897,	30
1898,	2
1899,	30
1900,	26
1901,	28
1902,	14
1903,	28
1904,	2
1905,	5
1906,	25
1907,	29
1908,	12
1909,	0
1910,	28
1911,	27
1912,	27
1913,	26
1914,	25
1915,	20
1916,	31
1917,	17
1918,	0
1919,	31
1920,	23
1921,	27
1922,	23
1923,	18
1924,	31
1925,	20
1926,	30
1927,	28
1928,	4
1929,	12
1930,	21
1931,	19
1932,	27
1933,	26
1934,	13
1935,	30
1936,	2
1937,	26
1938,	0
1939,	21
1940,	31
1941,	11
1942,	25
1943,	18
1944,	0
1945,	16
1946,	21
1947,	24
1948,	31
1949,	0
1950,	31
1951,	29
1952,	31
1953,	19
1954,	18
1955,	16
1956,	0
1957,	20
1958,	15
1959,	13
1960,	24
1961,	16
1962,	9
1963,	30
1964,	31
1965,	0
1966,	27
1967,	2
1968,	27
1969,	29
1970,	0
1971,	27
1972,	27
1973,	0
1974,	25
1975,	31
1976,	23
1977,	20
1978,	0
1979,	10
1980,	29
1981,	26
1982,	27
1983,	18
1984,	9
1985,	4
1986,	18
1987,	4
1988,	0
1989,	18
1990,	30
1991,	8
1992,	0
1993,	0
1994,	0
1995,	0
1996,	19
1997,	27
1998,	31
1999,	29
