Instance: /home/gabriel/Documents/ufrgs/courses/oc/trab/instances/cmb06
Vertices: 2000
Colors: 15
NumIterations: 100
Alpha: 0.850000
Is Factible?: false
Conflicts: 52
Solution Value: 520336.281250
Vertex,	Color
0,	1
1,	0
2,	2
3,	1
4,	0
5,	3
6,	2
7,	0
8,	4
9,	3
10,	0
11,	4
12,	1
13,	1
14,	2
15,	0
16,	3
17,	2
18,	0
19,	2
20,	0
21,	1
22,	5
23,	1
24,	0
25,	1
26,	1
27,	4
28,	2
29,	1
30,	1
31,	4
32,	0
33,	0
34,	1
35,	0
36,	2
37,	0
38,	5
39,	3
40,	0
41,	3
42,	1
43,	1
44,	2
45,	1
46,	3
47,	9
48,	1
49,	1
50,	3
51,	3
52,	1
53,	1
54,	0
55,	2
56,	2
57,	1
58,	1
59,	1
60,	3
61,	1
62,	0
63,	0
64,	4
65,	3
66,	2
67,	6
68,	1
69,	0
70,	0
71,	10
72,	0
73,	2
74,	1
75,	8
76,	0
77,	3
78,	0
79,	0
80,	0
81,	0
82,	6
83,	3
84,	2
85,	0
86,	0
87,	3
88,	1
89,	0
90,	6
91,	2
92,	4
93,	2
94,	0
95,	3
96,	0
97,	0
98,	4
99,	0
100,	5
101,	4
102,	0
103,	0
104,	0
105,	2
106,	4
107,	2
108,	1
109,	0
110,	2
111,	0
112,	2
113,	0
114,	0
115,	2
116,	5
117,	2
118,	8
119,	8
120,	6
121,	5
122,	7
123,	4
124,	2
125,	10
126,	1
127,	4
128,	0
129,	2
130,	5
131,	2
132,	1
133,	0
134,	5
135,	0
136,	3
137,	1
138,	2
139,	1
140,	7
141,	2
142,	1
143,	0
144,	0
145,	0
146,	0
147,	0
148,	1
149,	1
150,	0
151,	6
152,	2
153,	2
154,	0
155,	2
156,	1
157,	2
158,	2
159,	1
160,	0
161,	1
162,	1
163,	0
164,	1
165,	4
166,	3
167,	0
168,	0
169,	0
170,	1
171,	1
172,	0
173,	1
174,	0
175,	0
176,	0
177,	1
178,	1
179,	3
180,	6
181,	0
182,	1
183,	1
184,	6
185,	0
186,	0
187,	0
188,	7
189,	1
190,	1
191,	3
192,	3
193,	6
194,	1
195,	1
196,	0
197,	2
198,	2
199,	2
200,	0
201,	1
202,	9
203,	5
204,	2
205,	1
206,	3
207,	3
208,	0
209,	2
210,	4
211,	3
212,	5
213,	2
214,	0
215,	0
216,	1
217,	0
218,	0
219,	1
220,	1
221,	5
222,	4
223,	2
224,	0
225,	3
226,	4
227,	3
228,	2
229,	4
230,	0
231,	1
232,	2
233,	4
234,	0
235,	4
236,	7
237,	1
238,	1
239,	3
240,	3
241,	4
242,	2
243,	8
244,	4
245,	0
246,	2
247,	4
248,	7
249,	5
250,	2
251,	0
252,	1
253,	2
254,	1
255,	1
256,	3
257,	3
258,	0
259,	0
260,	0
261,	4
262,	0
263,	0
264,	8
265,	1
266,	5
267,	1
268,	3
269,	0
270,	3
271,	0
272,	5
273,	2
274,	0
275,	1
276,	2
277,	2
278,	5
279,	3
280,	0
281,	3
282,	3
283,	0
284,	1
285,	4
286,	0
287,	1
288,	0
289,	4
290,	1
291,	0
292,	2
293,	1
294,	1
295,	4
296,	1
297,	0
298,	2
299,	8
300,	2
301,	6
302,	3
303,	4
304,	0
305,	1
306,	0
307,	4
308,	1
309,	0
310,	3
311,	5
312,	0
313,	3
314,	7
315,	4
316,	1
317,	0
318,	1
319,	2
320,	4
321,	2
322,	2
323,	1
324,	7
325,	0
326,	0
327,	0
328,	4
329,	0
330,	2
331,	4
332,	0
333,	0
334,	0
335,	1
336,	1
337,	3
338,	2
339,	1
340,	3
341,	2
342,	0
343,	4
344,	2
345,	4
346,	1
347,	3
348,	1
349,	4
350,	3
351,	2
352,	2
353,	3
354,	3
355,	4
356,	1
357,	0
358,	7
359,	5
360,	1
361,	0
362,	2
363,	6
364,	0
365,	0
366,	2
367,	1
368,	0
369,	2
370,	0
371,	3
372,	2
373,	0
374,	4
375,	0
376,	1
377,	5
378,	1
379,	7
380,	5
381,	4
382,	0
383,	2
384,	1
385,	1
386,	3
387,	3
388,	1
389,	3
390,	2
391,	2
392,	0
393,	5
394,	3
395,	1
396,	1
397,	4
398,	2
399,	3
400,	2
401,	4
402,	0
403,	3
404,	1
405,	8
406,	3
407,	2
408,	5
409,	1
410,	3
411,	1
412,	2
413,	4
414,	5
415,	2
416,	6
417,	0
418,	3
419,	3
420,	8
421,	8
422,	1
423,	3
424,	0
425,	0
426,	2
427,	2
428,	0
429,	1
430,	1
431,	2
432,	1
433,	5
434,	7
435,	4
436,	5
437,	0
438,	2
439,	1
440,	0
441,	0
442,	0
443,	1
444,	2
445,	0
446,	1
447,	5
448,	2
449,	0
450,	4
451,	2
452,	4
453,	5
454,	0
455,	0
456,	1
457,	6
458,	2
459,	3
460,	2
461,	2
462,	5
463,	6
464,	0
465,	1
466,	1
467,	2
468,	3
469,	8
470,	0
471,	2
472,	0
473,	2
474,	1
475,	0
476,	3
477,	6
478,	2
479,	6
480,	4
481,	2
482,	6
483,	8
484,	1
485,	1
486,	4
487,	4
488,	2
489,	8
490,	8
491,	4
492,	5
493,	4
494,	0
495,	2
496,	1
497,	4
498,	2
499,	0
500,	4
501,	0
502,	4
503,	1
504,	1
505,	1
506,	0
507,	5
508,	4
509,	6
510,	1
511,	1
512,	6
513,	4
514,	1
515,	2
516,	1
517,	3
518,	1
519,	0
520,	1
521,	3
522,	2
523,	6
524,	3
525,	4
526,	2
527,	3
528,	3
529,	2
530,	5
531,	2
532,	6
533,	0
534,	2
535,	5
536,	2
537,	3
538,	3
539,	6
540,	2
541,	6
542,	3
543,	0
544,	4
545,	2
546,	3
547,	0
548,	7
549,	4
550,	0
551,	3
552,	5
553,	4
554,	2
555,	6
556,	2
557,	0
558,	1
559,	2
560,	1
561,	6
562,	1
563,	4
564,	7
565,	7
566,	8
567,	7
568,	3
569,	2
570,	2
571,	2
572,	0
573,	4
574,	1
575,	1
576,	1
577,	4
578,	1
579,	2
580,	5
581,	3
582,	5
583,	1
584,	1
585,	5
586,	2
587,	5
588,	3
589,	2
590,	6
591,	10
592,	0
593,	3
594,	7
595,	4
596,	0
597,	0
598,	1
599,	6
600,	5
601,	7
602,	0
603,	5
604,	0
605,	6
606,	4
607,	3
608,	0
609,	0
610,	0
611,	2
612,	3
613,	2
614,	1
615,	2
616,	3
617,	6
618,	1
619,	3
620,	2
621,	5
622,	5
623,	3
624,	2
625,	2
626,	6
627,	3
628,	3
629,	3
630,	2
631,	2
632,	4
633,	5
634,	2
635,	1
636,	4
637,	1
638,	7
639,	9
640,	4
641,	5
642,	1
643,	5
644,	3
645,	1
646,	3
647,	5
648,	3
649,	4
650,	4
651,	0
652,	1
653,	3
654,	3
655,	3
656,	9
657,	0
658,	5
659,	2
660,	2
661,	6
662,	1
663,	4
664,	1
665,	6
666,	2
667,	3
668,	5
669,	2
670,	4
671,	5
672,	4
673,	8
674,	3
675,	3
676,	3
677,	2
678,	6
679,	4
680,	2
681,	1
682,	1
683,	8
684,	2
685,	5
686,	6
687,	2
688,	5
689,	5
690,	1
691,	8
692,	9
693,	7
694,	9
695,	5
696,	7
697,	4
698,	4
699,	2
700,	3
701,	6
702,	3
703,	1
704,	7
705,	6
706,	1
707,	8
708,	7
709,	7
710,	10
711,	7
712,	2
713,	5
714,	7
715,	5
716,	7
717,	2
718,	4
719,	5
720,	5
721,	5
722,	3
723,	7
724,	7
725,	6
726,	2
727,	3
728,	9
729,	0
730,	1
731,	10
732,	1
733,	3
734,	4
735,	0
736,	3
737,	4
738,	7
739,	3
740,	0
741,	3
742,	3
743,	3
744,	3
745,	8
746,	1
747,	3
748,	1
749,	7
750,	0
751,	7
752,	4
753,	4
754,	1
755,	6
756,	2
757,	7
758,	2
759,	2
760,	4
761,	2
762,	1
763,	3
764,	2
765,	6
766,	5
767,	4
768,	3
769,	3
770,	3
771,	6
772,	6
773,	2
774,	1
775,	6
776,	3
777,	4
778,	3
779,	2
780,	3
781,	3
782,	1
783,	3
784,	2
785,	2
786,	2
787,	9
788,	6
789,	4
790,	5
791,	4
792,	5
793,	0
794,	0
795,	5
796,	0
797,	5
798,	3
799,	2
800,	3
801,	0
802,	4
803,	2
804,	3
805,	6
806,	3
807,	1
808,	6
809,	4
810,	2
811,	6
812,	6
813,	5
814,	1
815,	3
816,	3
817,	3
818,	5
819,	2
820,	0
821,	4
822,	5
823,	2
824,	8
825,	4
826,	6
827,	1
828,	3
829,	7
830,	4
831,	4
832,	1
833,	5
834,	5
835,	4
836,	3
837,	10
838,	0
839,	3
840,	7
841,	9
842,	7
843,	5
844,	2
845,	8
846,	5
847,	7
848,	1
849,	4
850,	5
851,	0
852,	3
853,	0
854,	7
855,	4
856,	2
857,	7
858,	2
859,	4
860,	6
861,	4
862,	1
863,	9
864,	2
865,	0
866,	5
867,	3
868,	3
869,	3
870,	6
871,	2
872,	4
873,	5
874,	3
875,	6
876,	7
877,	5
878,	5
879,	4
880,	5
881,	4
882,	4
883,	4
884,	8
885,	0
886,	6
887,	3
888,	1
889,	4
890,	2
891,	7
892,	3
893,	4
894,	0
895,	5
896,	4
897,	2
898,	1
899,	8
900,	5
901,	0
902,	0
903,	2
904,	7
905,	5
906,	8
907,	1
908,	6
909,	4
910,	9
911,	5
912,	1
913,	5
914,	6
915,	0
916,	7
917,	1
918,	0
919,	5
920,	4
921,	0
922,	6
923,	0
924,	1
925,	2
926,	9
927,	5
928,	6
929,	2
930,	5
931,	1
932,	8
933,	5
934,	5
935,	2
936,	11
937,	5
938,	0
939,	7
940,	7
941,	5
942,	9
943,	5
944,	3
945,	5
946,	5
947,	5
948,	6
949,	3
950,	4
951,	5
952,	3
953,	8
954,	3
955,	0
956,	4
957,	2
958,	6
959,	3
960,	7
961,	10
962,	6
963,	1
964,	6
965,	6
966,	1
967,	7
968,	5
969,	3
970,	9
971,	2
972,	6
973,	4
974,	4
975,	2
976,	5
977,	4
978,	4
979,	3
980,	2
981,	5
982,	9
983,	6
984,	8
985,	3
986,	6
987,	7
988,	5
989,	4
990,	4
991,	5
992,	7
993,	7
994,	1
995,	3
996,	0
997,	5
998,	6
999,	5
1000,	7
1001,	0
1002,	7
1003,	9
1004,	4
1005,	6
1006,	5
1007,	8
1008,	1
1009,	10
1010,	8
1011,	1
1012,	9
1013,	8
1014,	4
1015,	7
1016,	7
1017,	3
1018,	5
1019,	0
1020,	2
1021,	13
1022,	2
1023,	0
1024,	6
1025,	7
1026,	10
1027,	6
1028,	5
1029,	5
1030,	9
1031,	6
1032,	9
1033,	10
1034,	9
1035,	0
1036,	7
1037,	5
1038,	7
1039,	7
1040,	7
1041,	8
1042,	5
1043,	4
1044,	9
1045,	6
1046,	9
1047,	3
1048,	5
1049,	5
1050,	3
1051,	4
1052,	7
1053,	4
1054,	8
1055,	11
1056,	6
1057,	7
1058,	3
1059,	5
1060,	6
1061,	2
1062,	5
1063,	11
1064,	5
1065,	9
1066,	4
1067,	1
1068,	8
1069,	13
1070,	6
1071,	3
1072,	7
1073,	8
1074,	6
1075,	3
1076,	4
1077,	3
1078,	3
1079,	3
1080,	6
1081,	4
1082,	2
1083,	9
1084,	4
1085,	7
1086,	6
1087,	8
1088,	2
1089,	4
1090,	6
1091,	6
1092,	6
1093,	2
1094,	0
1095,	2
1096,	6
1097,	7
1098,	3
1099,	8
1100,	0
1101,	4
1102,	12
1103,	6
1104,	7
1105,	7
1106,	8
1107,	3
1108,	6
1109,	10
1110,	6
1111,	4
1112,	8
1113,	8
1114,	10
1115,	7
1116,	5
1117,	6
1118,	6
1119,	7
1120,	7
1121,	9
1122,	7
1123,	4
1124,	0
1125,	8
1126,	1
1127,	8
1128,	8
1129,	6
1130,	4
1131,	11
1132,	4
1133,	7
1134,	6
1135,	3
1136,	9
1137,	7
1138,	1
1139,	9
1140,	10
1141,	9
1142,	2
1143,	5
1144,	1
1145,	6
1146,	8
1147,	8
1148,	8
1149,	8
1150,	4
1151,	2
1152,	6
1153,	5
1154,	6
1155,	5
1156,	7
1157,	8
1158,	5
1159,	7
1160,	3
1161,	9
1162,	5
1163,	5
1164,	6
1165,	7
1166,	11
1167,	8
1168,	2
1169,	9
1170,	9
1171,	6
1172,	5
1173,	8
1174,	9
1175,	1
1176,	7
1177,	7
1178,	2
1179,	6
1180,	11
1181,	9
1182,	10
1183,	10
1184,	4
1185,	2
1186,	3
1187,	5
1188,	10
1189,	4
1190,	10
1191,	9
1192,	1
1193,	10
1194,	5
1195,	5
1196,	5
1197,	7
1198,	4
1199,	5
1200,	8
1201,	10
1202,	5
1203,	5
1204,	6
1205,	10
1206,	12
1207,	1
1208,	9
1209,	8
1210,	1
1211,	9
1212,	6
1213,	4
1214,	7
1215,	4
1216,	6
1217,	5
1218,	4
1219,	6
1220,	0
1221,	3
1222,	4
1223,	3
1224,	4
1225,	13
1226,	5
1227,	10
1228,	13
1229,	7
1230,	5
1231,	7
1232,	3
1233,	6
1234,	4
1235,	10
1236,	9
1237,	9
1238,	8
1239,	8
1240,	8
1241,	6
1242,	5
1243,	9
1244,	8
1245,	7
1246,	9
1247,	9
1248,	4
1249,	8
1250,	11
1251,	5
1252,	6
1253,	8
1254,	4
1255,	9
1256,	6
1257,	0
1258,	6
1259,	10
1260,	5
1261,	10
1262,	8
1263,	7
1264,	5
1265,	6
1266,	7
1267,	4
1268,	7
1269,	3
1270,	3
1271,	9
1272,	4
1273,	6
1274,	3
1275,	3
1276,	8
1277,	9
1278,	11
1279,	11
1280,	7
1281,	6
1282,	7
1283,	8
1284,	7
1285,	5
1286,	5
1287,	12
1288,	10
1289,	9
1290,	4
1291,	2
1292,	9
1293,	4
1294,	6
1295,	2
1296,	2
1297,	7
1298,	7
1299,	10
1300,	7
1301,	4
1302,	8
1303,	5
1304,	8
1305,	4
1306,	6
1307,	10
1308,	11
1309,	7
1310,	13
1311,	3
1312,	3
1313,	11
1314,	8
1315,	5
1316,	5
1317,	7
1318,	11
1319,	11
1320,	7
1321,	6
1322,	5
1323,	8
1324,	8
1325,	1
1326,	13
1327,	3
1328,	6
1329,	11
1330,	8
1331,	11
1332,	9
1333,	7
1334,	8
1335,	8
1336,	7
1337,	10
1338,	7
1339,	7
1340,	7
1341,	3
1342,	13
1343,	2
1344,	5
1345,	7
1346,	5
1347,	9
1348,	4
1349,	8
1350,	11
1351,	1
1352,	1
1353,	7
1354,	5
1355,	11
1356,	7
1357,	8
1358,	6
1359,	8
1360,	1
1361,	4
1362,	5
1363,	11
1364,	11
1365,	5
1366,	3
1367,	6
1368,	11
1369,	10
1370,	6
1371,	8
1372,	9
1373,	8
1374,	6
1375,	1
1376,	9
1377,	6
1378,	8
1379,	7
1380,	7
1381,	9
1382,	8
1383,	8
1384,	7
1385,	8
1386,	5
1387,	5
1388,	9
1389,	10
1390,	10
1391,	4
1392,	3
1393,	6
1394,	9
1395,	9
1396,	11
1397,	6
1398,	11
1399,	12
1400,	6
1401,	1
1402,	12
1403,	6
1404,	12
1405,	10
1406,	13
1407,	11
1408,	10
1409,	4
1410,	1
1411,	11
1412,	9
1413,	8
1414,	6
1415,	10
1416,	6
1417,	6
1418,	7
1419,	13
1420,	6
1421,	8
1422,	8
1423,	14
1424,	8
1425,	6
1426,	10
1427,	12
1428,	7
1429,	7
1430,	10
1431,	8
1432,	8
1433,	10
1434,	8
1435,	11
1436,	12
1437,	9
1438,	3
1439,	10
1440,	2
1441,	8
1442,	11
1443,	8
1444,	13
1445,	12
1446,	8
1447,	3
1448,	7
1449,	8
1450,	5
1451,	7
1452,	3
1453,	5
1454,	7
1455,	3
1456,	5
1457,	9
1458,	4
1459,	8
1460,	11
1461,	10
1462,	11
1463,	10
1464,	2
1465,	7
1466,	9
1467,	6
1468,	5
1469,	9
1470,	9
1471,	10
1472,	6
1473,	9
1474,	11
1475,	12
1476,	12
1477,	7
1478,	4
1479,	10
1480,	4
1481,	11
1482,	9
1483,	8
1484,	9
1485,	10
1486,	12
1487,	12
1488,	10
1489,	4
1490,	10
1491,	7
1492,	9
1493,	3
1494,	13
1495,	6
1496,	11
1497,	10
1498,	8
1499,	4
1500,	6
1501,	11
1502,	9
1503,	6
1504,	7
1505,	1
1506,	9
1507,	0
1508,	9
1509,	6
1510,	10
1511,	12
1512,	3
1513,	6
1514,	5
1515,	10
1516,	7
1517,	9
1518,	4
1519,	9
1520,	6
1521,	8
1522,	5
1523,	4
1524,	10
1525,	0
1526,	14
1527,	13
1528,	7
1529,	3
1530,	13
1531,	11
1532,	8
1533,	1
1534,	3
1535,	10
1536,	8
1537,	9
1538,	9
1539,	8
1540,	12
1541,	2
1542,	7
1543,	10
1544,	7
1545,	7
1546,	12
1547,	13
1548,	2
1549,	8
1550,	6
1551,	11
1552,	11
1553,	8
1554,	10
1555,	7
1556,	9
1557,	14
1558,	10
1559,	10
1560,	6
1561,	12
1562,	9
1563,	6
1564,	6
1565,	8
1566,	5
1567,	8
1568,	12
1569,	11
1570,	6
1571,	1
1572,	6
1573,	5
1574,	9
1575,	10
1576,	8
1577,	12
1578,	11
1579,	9
1580,	8
1581,	7
1582,	7
1583,	12
1584,	11
1585,	9
1586,	7
1587,	10
1588,	5
1589,	5
1590,	5
1591,	12
1592,	12
1593,	5
1594,	9
1595,	11
1596,	7
1597,	7
1598,	1
1599,	8
1600,	4
1601,	9
1602,	8
1603,	5
1604,	8
1605,	11
1606,	10
1607,	9
1608,	9
1609,	11
1610,	14
1611,	6
1612,	10
1613,	2
1614,	9
1615,	10
1616,	12
1617,	10
1618,	8
1619,	5
1620,	13
1621,	10
1622,	6
1623,	13
1624,	2
1625,	5
1626,	11
1627,	4
1628,	10
1629,	6
1630,	13
1631,	10
1632,	3
1633,	4
1634,	6
1635,	13
1636,	11
1637,	6
1638,	12
1639,	8
1640,	4
1641,	13
1642,	10
1643,	8
1644,	6
1645,	13
1646,	6
1647,	2
1648,	6
1649,	9
1650,	9
1651,	4
1652,	14
1653,	7
1654,	13
1655,	0
1656,	9
1657,	12
1658,	12
1659,	7
1660,	5
1661,	9
1662,	11
1663,	11
1664,	11
1665,	0
1666,	5
1667,	4
1668,	13
1669,	4
1670,	0
1671,	12
1672,	11
1673,	8
1674,	11
1675,	4
1676,	4
1677,	12
1678,	2
1679,	7
1680,	6
1681,	9
1682,	14
1683,	11
1684,	7
1685,	6
1686,	12
1687,	11
1688,	4
1689,	13
1690,	8
1691,	14
1692,	10
1693,	14
1694,	4
1695,	8
1696,	12
1697,	9
1698,	6
1699,	11
1700,	10
1701,	11
1702,	8
1703,	8
1704,	8
1705,	13
1706,	5
1707,	6
1708,	9
1709,	7
1710,	10
1711,	11
1712,	12
1713,	9
1714,	13
1715,	9
1716,	10
1717,	12
1718,	6
1719,	12
1720,	3
1721,	0
1722,	12
1723,	11
1724,	7
1725,	9
1726,	10
1727,	8
1728,	6
1729,	13
1730,	3
1731,	9
1732,	10
1733,	12
1734,	0
1735,	11
1736,	0
1737,	13
1738,	8
1739,	7
1740,	4
1741,	11
1742,	9
1743,	7
1744,	1
1745,	8
1746,	7
1747,	1
1748,	14
1749,	6
1750,	7
1751,	13
1752,	4
1753,	8
1754,	8
1755,	9
1756,	3
1757,	10
1758,	5
1759,	9
1760,	8
1761,	9
1762,	6
1763,	9
1764,	14
1765,	14
1766,	9
1767,	9
1768,	8
1769,	13
1770,	4
1771,	2
1772,	11
1773,	7
1774,	5
1775,	10
1776,	5
1777,	9
1778,	0
1779,	8
1780,	11
1781,	0
1782,	13
1783,	3
1784,	4
1785,	2
1786,	14
1787,	14
1788,	12
1789,	9
1790,	7
1791,	6
1792,	9
1793,	11
1794,	11
1795,	7
1796,	10
1797,	5
1798,	9
1799,	10
1800,	1
1801,	13
1802,	8
1803,	13
1804,	11
1805,	12
1806,	10
1807,	9
1808,	1
1809,	14
1810,	10
1811,	14
1812,	7
1813,	10
1814,	5
1815,	11
1816,	0
1817,	12
1818,	0
1819,	7
1820,	0
1821,	13
1822,	10
1823,	10
1824,	12
1825,	14
1826,	0
1827,	13
1828,	5
1829,	10
1830,	8
1831,	12
1832,	7
1833,	10
1834,	11
1835,	7
1836,	12
1837,	12
1838,	14
1839,	5
1840,	10
1841,	7
1842,	7
1843,	12
1844,	8
1845,	11
1846,	5
1847,	7
1848,	9
1849,	10
1850,	9
1851,	11
1852,	1
1853,	5
1854,	5
1855,	8
1856,	11
1857,	11
1858,	12
1859,	0
1860,	8
1861,	7
1862,	0
1863,	12
1864,	12
1865,	5
1866,	10
1867,	6
1868,	8
1869,	10
1870,	8
1871,	7
1872,	7
1873,	12
1874,	12
1875,	1
1876,	7
1877,	9
1878,	13
1879,	9
1880,	8
1881,	10
1882,	12
1883,	13
1884,	13
1885,	12
1886,	9
1887,	9
1888,	7
1889,	6
1890,	13
1891,	6
1892,	14
1893,	6
1894,	6
1895,	8
1896,	9
1897,	4
1898,	14
1899,	4
1900,	0
1901,	12
1902,	0
1903,	2
1904,	14
1905,	12
1906,	10
1907,	8
1908,	0
1909,	10
1910,	11
1911,	10
1912,	7
1913,	7
1914,	6
1915,	11
1916,	12
1917,	10
1918,	7
1919,	0
1920,	10
1921,	9
1922,	0
1923,	11
1924,	0
1925,	11
1926,	10
1927,	13
1928,	11
1929,	11
1930,	14
1931,	8
1932,	9
1933,	13
1934,	11
1935,	7
1936,	6
1937,	6
1938,	2
1939,	4
1940,	0
1941,	9
1942,	12
1943,	13
1944,	11
1945,	0
1946,	0
1947,	12
1948,	9
1949,	11
1950,	11
1951,	8
1952,	9
1953,	0
1954,	8
1955,	8
1956,	14
1957,	13
1958,	12
1959,	5
1960,	11
1961,	9
1962,	13
1963,	10
1964,	6
1965,	12
1966,	1
1967,	12
1968,	10
1969,	11
1970,	6
1971,	13
1972,	10
1973,	11
1974,	10
1975,	9
1976,	13
1977,	11
1978,	14
1979,	9
1980,	9
1981,	6
1982,	13
1983,	14
1984,	14
1985,	7
1986,	12
1987,	10
1988,	12
1989,	10
1990,	12
1991,	13
1992,	12
1993,	7
1994,	0
1995,	13
1996,	8
1997,	13
1998,	0
1999,	13
