Instance: /home/gabriel/Documents/ufrgs/courses/oc/trab/instances/cmb01
Vertices: 500
Colors: 12
NumIterations: 100
Alpha: 0.050000
Is Factible?: false
Conflicts: 5
Solution Value: 153333.593750
Vertex,	Color
0,	3
1,	5
2,	6
3,	1
4,	1
5,	6
6,	3
7,	5
8,	1
9,	3
10,	6
11,	2
12,	1
13,	6
14,	7
15,	6
16,	6
17,	3
18,	7
19,	10
20,	3
21,	0
22,	9
23,	9
24,	3
25,	7
26,	5
27,	5
28,	4
29,	5
30,	0
31,	7
32,	2
33,	1
34,	8
35,	4
36,	8
37,	1
38,	6
39,	3
40,	1
41,	8
42,	8
43,	9
44,	1
45,	8
46,	3
47,	5
48,	5
49,	2
50,	2
51,	8
52,	1
53,	3
54,	7
55,	4
56,	4
57,	3
58,	2
59,	0
60,	5
61,	7
62,	10
63,	0
64,	3
65,	4
66,	1
67,	8
68,	10
69,	1
70,	3
71,	3
72,	2
73,	5
74,	8
75,	2
76,	8
77,	4
78,	3
79,	3
80,	3
81,	7
82,	2
83,	0
84,	8
85,	1
86,	0
87,	5
88,	6
89,	9
90,	3
91,	1
92,	6
93,	3
94,	4
95,	7
96,	2
97,	7
98,	5
99,	2
100,	11
101,	2
102,	4
103,	3
104,	2
105,	1
106,	1
107,	0
108,	2
109,	8
110,	0
111,	10
112,	5
113,	4
114,	9
115,	10
116,	3
117,	9
118,	2
119,	10
120,	6
121,	0
122,	7
123,	10
124,	0
125,	4
126,	4
127,	3
128,	2
129,	0
130,	1
131,	2
132,	1
133,	4
134,	6
135,	2
136,	5
137,	11
138,	9
139,	2
140,	4
141,	1
142,	4
143,	9
144,	2
145,	7
146,	0
147,	2
148,	7
149,	3
150,	2
151,	9
152,	6
153,	3
154,	7
155,	11
156,	1
157,	4
158,	3
159,	0
160,	0
161,	7
162,	0
163,	1
164,	7
165,	5
166,	3
167,	6
168,	2
169,	5
170,	8
171,	3
172,	8
173,	3
174,	0
175,	8
176,	0
177,	1
178,	7
179,	6
180,	5
181,	2
182,	1
183,	7
184,	0
185,	2
186,	5
187,	2
188,	3
189,	4
190,	0
191,	7
192,	2
193,	4
194,	1
195,	2
196,	2
197,	4
198,	6
199,	7
200,	4
201,	5
202,	3
203,	4
204,	1
205,	7
206,	3
207,	2
208,	1
209,	4
210,	2
211,	0
212,	0
213,	0
214,	0
215,	5
216,	2
217,	6
218,	3
219,	11
220,	0
221,	4
222,	0
223,	2
224,	5
225,	6
226,	8
227,	1
228,	3
229,	2
230,	0
231,	7
232,	0
233,	7
234,	5
235,	9
236,	5
237,	11
238,	4
239,	7
240,	0
241,	4
242,	9
243,	6
244,	3
245,	2
246,	0
247,	6
248,	6
249,	5
250,	2
251,	3
252,	1
253,	11
254,	5
255,	8
256,	10
257,	4
258,	3
259,	4
260,	11
261,	6
262,	6
263,	6
264,	6
265,	5
266,	1
267,	0
268,	8
269,	10
270,	5
271,	1
272,	7
273,	4
274,	6
275,	5
276,	2
277,	4
278,	4
279,	3
280,	2
281,	2
282,	1
283,	5
284,	3
285,	2
286,	1
287,	8
288,	8
289,	2
290,	4
291,	0
292,	3
293,	1
294,	4
295,	5
296,	4
297,	8
298,	4
299,	5
300,	8
301,	4
302,	2
303,	4
304,	6
305,	5
306,	0
307,	9
308,	2
309,	7
310,	5
311,	4
312,	2
313,	5
314,	2
315,	1
316,	2
317,	4
318,	1
319,	1
320,	8
321,	6
322,	10
323,	9
324,	10
325,	0
326,	4
327,	7
328,	0
329,	4
330,	5
331,	10
332,	0
333,	1
334,	1
335,	0
336,	7
337,	0
338,	11
339,	9
340,	6
341,	1
342,	9
343,	3
344,	2
345,	1
346,	3
347,	8
348,	8
349,	3
350,	1
351,	1
352,	2
353,	9
354,	3
355,	2
356,	8
357,	3
358,	6
359,	8
360,	5
361,	6
362,	1
363,	2
364,	6
365,	2
366,	10
367,	0
368,	4
369,	1
370,	4
371,	8
372,	5
373,	2
374,	5
375,	0
376,	2
377,	0
378,	0
379,	7
380,	8
381,	1
382,	1
383,	3
384,	0
385,	7
386,	1
387,	5
388,	4
389,	1
390,	4
391,	3
392,	2
393,	4
394,	6
395,	1
396,	9
397,	6
398,	2
399,	0
400,	4
401,	4
402,	5
403,	5
404,	0
405,	7
406,	3
407,	7
408,	7
409,	3
410,	3
411,	1
412,	6
413,	5
414,	3
415,	6
416,	0
417,	3
418,	10
419,	0
420,	1
421,	1
422,	5
423,	0
424,	11
425,	4
426,	8
427,	9
428,	6
429,	3
430,	7
431,	0
432,	8
433,	1
434,	8
435,	1
436,	4
437,	3
438,	1
439,	3
440,	0
441,	4
442,	0
443,	1
444,	0
445,	5
446,	10
447,	2
448,	2
449,	7
450,	10
451,	1
452,	6
453,	1
454,	0
455,	1
456,	2
457,	2
458,	5
459,	7
460,	9
461,	4
462,	6
463,	4
464,	0
465,	3
466,	3
467,	1
468,	0
469,	0
470,	0
471,	5
472,	2
473,	2
474,	6
475,	5
476,	7
477,	0
478,	2
479,	7
480,	8
481,	3
482,	5
483,	3
484,	5
485,	6
486,	1
487,	6
488,	5
489,	5
490,	6
491,	10
492,	0
493,	5
494,	8
495,	4
496,	7
497,	9
498,	3
499,	8
