Instance: /home/gabriel/Documents/ufrgs/courses/oc/trab/instances/cmb01
Vertices: 500
Colors: 12
NumIterations: 1
Alpha: 0.950000
Is Factible?: false
Conflicts: 6
Solution Value: 157007.421875
Vertex,	Color
0,	0
1,	1
2,	0
3,	1
4,	2
5,	0
6,	0
7,	0
8,	2
9,	1
10,	3
11,	0
12,	1
13,	0
14,	1
15,	0
16,	1
17,	2
18,	1
19,	0
20,	9
21,	0
22,	1
23,	1
24,	0
25,	1
26,	5
27,	0
28,	0
29,	1
30,	1
31,	0
32,	2
33,	0
34,	4
35,	0
36,	0
37,	0
38,	1
39,	0
40,	0
41,	1
42,	2
43,	2
44,	1
45,	0
46,	0
47,	1
48,	1
49,	0
50,	2
51,	1
52,	1
53,	2
54,	2
55,	0
56,	0
57,	4
58,	1
59,	0
60,	0
61,	1
62,	1
63,	1
64,	1
65,	1
66,	1
67,	3
68,	2
69,	0
70,	3
71,	2
72,	2
73,	1
74,	4
75,	0
76,	2
77,	2
78,	1
79,	3
80,	3
81,	2
82,	1
83,	2
84,	0
85,	0
86,	2
87,	1
88,	3
89,	4
90,	4
91,	3
92,	0
93,	1
94,	3
95,	3
96,	3
97,	3
98,	3
99,	1
100,	6
101,	2
102,	3
103,	4
104,	2
105,	4
106,	3
107,	4
108,	2
109,	2
110,	2
111,	3
112,	1
113,	0
114,	2
115,	0
116,	1
117,	4
118,	3
119,	5
120,	2
121,	4
122,	4
123,	2
124,	2
125,	2
126,	2
127,	3
128,	1
129,	5
130,	0
131,	3
132,	6
133,	2
134,	3
135,	1
136,	3
137,	6
138,	5
139,	0
140,	0
141,	3
142,	1
143,	3
144,	5
145,	1
146,	5
147,	4
148,	7
149,	0
150,	5
151,	6
152,	0
153,	2
154,	3
155,	3
156,	10
157,	4
158,	2
159,	1
160,	3
161,	5
162,	7
163,	5
164,	6
165,	5
166,	0
167,	1
168,	5
169,	3
170,	5
171,	4
172,	2
173,	2
174,	1
175,	1
176,	2
177,	8
178,	5
179,	9
180,	3
181,	2
182,	6
183,	9
184,	4
185,	5
186,	4
187,	0
188,	3
189,	6
190,	5
191,	2
192,	4
193,	3
194,	5
195,	4
196,	3
197,	1
198,	2
199,	3
200,	1
201,	3
202,	5
203,	6
204,	6
205,	1
206,	3
207,	2
208,	1
209,	5
210,	5
211,	0
212,	9
213,	4
214,	4
215,	3
216,	4
217,	4
218,	6
219,	10
220,	7
221,	1
222,	5
223,	3
224,	4
225,	0
226,	6
227,	4
228,	0
229,	3
230,	1
231,	5
232,	5
233,	6
234,	1
235,	5
236,	5
237,	6
238,	4
239,	1
240,	1
241,	2
242,	7
243,	4
244,	7
245,	1
246,	4
247,	6
248,	7
249,	2
250,	2
251,	2
252,	4
253,	3
254,	7
255,	2
256,	3
257,	2
258,	5
259,	2
260,	6
261,	2
262,	4
263,	11
264,	4
265,	1
266,	5
267,	6
268,	6
269,	10
270,	7
271,	5
272,	7
273,	6
274,	8
275,	2
276,	8
277,	2
278,	5
279,	1
280,	2
281,	4
282,	6
283,	2
284,	8
285,	4
286,	6
287,	4
288,	3
289,	1
290,	2
291,	4
292,	6
293,	2
294,	8
295,	3
296,	6
297,	7
298,	2
299,	4
300,	4
301,	1
302,	6
303,	4
304,	0
305,	5
306,	2
307,	8
308,	3
309,	6
310,	8
311,	3
312,	2
313,	8
314,	7
315,	6
316,	6
317,	3
318,	3
319,	3
320,	3
321,	1
322,	9
323,	7
324,	6
325,	5
326,	3
327,	3
328,	7
329,	6
330,	1
331,	7
332,	5
333,	3
334,	9
335,	0
336,	5
337,	9
338,	5
339,	7
340,	4
341,	5
342,	7
343,	1
344,	1
345,	3
346,	7
347,	10
348,	7
349,	0
350,	2
351,	0
352,	9
353,	7
354,	4
355,	6
356,	10
357,	8
358,	7
359,	4
360,	7
361,	5
362,	5
363,	0
364,	8
365,	8
366,	6
367,	4
368,	7
369,	6
370,	8
371,	5
372,	3
373,	4
374,	4
375,	6
376,	8
377,	9
378,	4
379,	5
380,	9
381,	5
382,	2
383,	3
384,	3
385,	4
386,	8
387,	8
388,	8
389,	7
390,	7
391,	0
392,	5
393,	8
394,	9
395,	0
396,	10
397,	7
398,	2
399,	8
400,	7
401,	6
402,	9
403,	4
404,	5
405,	9
406,	6
407,	3
408,	0
409,	7
410,	7
411,	4
412,	4
413,	6
414,	5
415,	10
416,	9
417,	5
418,	9
419,	4
420,	9
421,	6
422,	8
423,	10
424,	8
425,	7
426,	10
427,	6
428,	1
429,	5
430,	10
431,	6
432,	7
433,	6
434,	5
435,	6
436,	5
437,	6
438,	5
439,	10
440,	11
441,	9
442,	0
443,	3
444,	3
445,	8
446,	10
447,	2
448,	4
449,	7
450,	10
451,	6
452,	7
453,	10
454,	4
455,	6
456,	9
457,	0
458,	11
459,	0
460,	11
461,	2
462,	8
463,	7
464,	8
465,	7
466,	9
467,	5
468,	7
469,	6
470,	8
471,	9
472,	7
473,	3
474,	8
475,	11
476,	1
477,	0
478,	5
479,	3
480,	10
481,	4
482,	10
483,	6
484,	9
485,	9
486,	8
487,	8
488,	7
489,	0
490,	6
491,	9
492,	11
493,	10
494,	11
495,	7
496,	10
497,	6
498,	6
499,	4
