Instance: /home/gabriel/Documents/ufrgs/courses/oc/trab/instances/cmb01
Vertices: 500
Colors: 12
NumIterations: 1
Alpha: 0.650000
Is Factible?: false
Conflicts: 6
Solution Value: 160109.375000
Vertex,	Color
0,	1
1,	0
2,	3
3,	1
4,	0
5,	6
6,	1
7,	0
8,	4
9,	4
10,	0
11,	1
12,	0
13,	4
14,	7
15,	1
16,	6
17,	4
18,	6
19,	0
20,	1
21,	1
22,	4
23,	2
24,	2
25,	0
26,	6
27,	3
28,	2
29,	2
30,	0
31,	0
32,	1
33,	0
34,	5
35,	7
36,	1
37,	4
38,	2
39,	4
40,	1
41,	8
42,	3
43,	8
44,	2
45,	0
46,	0
47,	4
48,	1
49,	0
50,	0
51,	8
52,	0
53,	3
54,	2
55,	2
56,	0
57,	0
58,	1
59,	1
60,	3
61,	1
62,	1
63,	0
64,	0
65,	2
66,	2
67,	1
68,	5
69,	3
70,	8
71,	3
72,	5
73,	0
74,	3
75,	0
76,	5
77,	2
78,	3
79,	2
80,	2
81,	1
82,	4
83,	1
84,	1
85,	0
86,	2
87,	9
88,	4
89,	1
90,	2
91,	3
92,	4
93,	1
94,	6
95,	4
96,	5
97,	4
98,	9
99,	1
100,	5
101,	6
102,	5
103,	2
104,	0
105,	3
106,	5
107,	1
108,	0
109,	0
110,	2
111,	6
112,	1
113,	3
114,	6
115,	2
116,	0
117,	3
118,	0
119,	5
120,	2
121,	6
122,	2
123,	0
124,	5
125,	1
126,	2
127,	2
128,	2
129,	1
130,	0
131,	0
132,	11
133,	2
134,	3
135,	3
136,	0
137,	1
138,	7
139,	0
140,	0
141,	2
142,	6
143,	2
144,	5
145,	4
146,	0
147,	5
148,	10
149,	0
150,	6
151,	4
152,	3
153,	1
154,	2
155,	8
156,	10
157,	5
158,	2
159,	0
160,	3
161,	6
162,	7
163,	0
164,	1
165,	4
166,	3
167,	0
168,	0
169,	2
170,	1
171,	2
172,	1
173,	0
174,	1
175,	4
176,	1
177,	3
178,	1
179,	8
180,	8
181,	2
182,	0
183,	5
184,	5
185,	3
186,	1
187,	0
188,	5
189,	0
190,	1
191,	5
192,	1
193,	1
194,	3
195,	1
196,	2
197,	2
198,	3
199,	4
200,	0
201,	2
202,	1
203,	2
204,	4
205,	4
206,	1
207,	2
208,	4
209,	3
210,	4
211,	1
212,	11
213,	5
214,	4
215,	2
216,	1
217,	4
218,	4
219,	4
220,	4
221,	0
222,	2
223,	3
224,	4
225,	2
226,	7
227,	4
228,	3
229,	5
230,	5
231,	3
232,	2
233,	8
234,	1
235,	9
236,	9
237,	2
238,	2
239,	4
240,	1
241,	1
242,	6
243,	1
244,	6
245,	3
246,	6
247,	5
248,	4
249,	4
250,	2
251,	2
252,	4
253,	3
254,	7
255,	4
256,	3
257,	3
258,	3
259,	1
260,	7
261,	3
262,	6
263,	8
264,	7
265,	1
266,	2
267,	6
268,	6
269,	5
270,	7
271,	5
272,	4
273,	5
274,	2
275,	0
276,	7
277,	5
278,	5
279,	0
280,	1
281,	3
282,	6
283,	2
284,	8
285,	4
286,	3
287,	5
288,	2
289,	5
290,	1
291,	3
292,	5
293,	5
294,	6
295,	2
296,	4
297,	10
298,	3
299,	5
300,	10
301,	3
302,	6
303,	3
304,	0
305,	3
306,	2
307,	7
308,	5
309,	6
310,	7
311,	2
312,	2
313,	6
314,	6
315,	5
316,	5
317,	3
318,	1
319,	2
320,	5
321,	3
322,	5
323,	9
324,	8
325,	3
326,	5
327,	3
328,	7
329,	7
330,	1
331,	6
332,	4
333,	7
334,	7
335,	8
336,	7
337,	8
338,	6
339,	4
340,	8
341,	9
342,	6
343,	8
344,	1
345,	7
346,	10
347,	9
348,	6
349,	6
350,	4
351,	2
352,	9
353,	8
354,	4
355,	2
356,	0
357,	7
358,	6
359,	10
360,	8
361,	3
362,	4
363,	1
364,	7
365,	9
366,	4
367,	6
368,	7
369,	6
370,	4
371,	2
372,	4
373,	6
374,	5
375,	5
376,	8
377,	6
378,	6
379,	6
380,	8
381,	3
382,	1
383,	2
384,	4
385,	3
386,	10
387,	9
388,	7
389,	7
390,	6
391,	3
392,	3
393,	8
394,	3
395,	1
396,	9
397,	7
398,	4
399,	9
400,	8
401,	2
402,	3
403,	5
404,	4
405,	0
406,	5
407,	3
408,	0
409,	7
410,	8
411,	4
412,	3
413,	4
414,	5
415,	11
416,	10
417,	4
418,	9
419,	5
420,	9
421,	1
422,	7
423,	5
424,	7
425,	6
426,	10
427,	7
428,	0
429,	6
430,	8
431,	7
432,	1
433,	6
434,	6
435,	10
436,	6
437,	4
438,	7
439,	7
440,	2
441,	8
442,	0
443,	11
444,	3
445,	3
446,	10
447,	5
448,	3
449,	10
450,	11
451,	0
452,	7
453,	10
454,	4
455,	6
456,	8
457,	0
458,	7
459,	0
460,	9
461,	4
462,	9
463,	7
464,	3
465,	7
466,	9
467,	5
468,	9
469,	6
470,	8
471,	10
472,	7
473,	1
474,	7
475,	11
476,	8
477,	1
478,	5
479,	11
480,	9
481,	4
482,	10
483,	4
484,	8
485,	6
486,	7
487,	8
488,	7
489,	5
490,	4
491,	8
492,	11
493,	10
494,	8
495,	9
496,	10
497,	9
498,	6
499,	5
