Instance: /home/gabriel/Documents/ufrgs/courses/oc/trab/instances/cmb01
Vertices: 500
Colors: 12
NumIterations: 10
Alpha: 0.050000
Is Factible?: false
Conflicts: 4
Solution Value: 152600.125000
Vertex,	Color
0,	5
1,	7
2,	7
3,	6
4,	4
5,	4
6,	9
7,	4
8,	4
9,	1
10,	4
11,	2
12,	6
13,	1
14,	11
15,	4
16,	4
17,	5
18,	1
19,	10
20,	4
21,	1
22,	2
23,	3
24,	2
25,	1
26,	6
27,	6
28,	7
29,	5
30,	1
31,	7
32,	4
33,	1
34,	8
35,	8
36,	8
37,	2
38,	6
39,	3
40,	1
41,	6
42,	9
43,	2
44,	4
45,	10
46,	2
47,	9
48,	11
49,	0
50,	8
51,	11
52,	2
53,	0
54,	5
55,	4
56,	3
57,	0
58,	5
59,	0
60,	9
61,	7
62,	7
63,	5
64,	0
65,	5
66,	5
67,	7
68,	4
69,	3
70,	1
71,	1
72,	2
73,	1
74,	4
75,	7
76,	10
77,	2
78,	5
79,	1
80,	1
81,	8
82,	2
83,	2
84,	7
85,	4
86,	8
87,	9
88,	11
89,	11
90,	4
91,	1
92,	3
93,	0
94,	10
95,	4
96,	6
97,	0
98,	9
99,	2
100,	1
101,	5
102,	5
103,	1
104,	0
105,	2
106,	2
107,	4
108,	1
109,	1
110,	1
111,	5
112,	6
113,	9
114,	11
115,	9
116,	8
117,	7
118,	5
119,	6
120,	4
121,	4
122,	2
123,	8
124,	8
125,	4
126,	6
127,	0
128,	0
129,	0
130,	2
131,	2
132,	8
133,	9
134,	5
135,	0
136,	5
137,	8
138,	5
139,	3
140,	2
141,	9
142,	6
143,	2
144,	6
145,	6
146,	0
147,	0
148,	9
149,	1
150,	2
151,	1
152,	4
153,	1
154,	0
155,	9
156,	5
157,	1
158,	3
159,	5
160,	7
161,	6
162,	11
163,	7
164,	3
165,	9
166,	3
167,	1
168,	3
169,	1
170,	3
171,	3
172,	1
173,	0
174,	1
175,	4
176,	4
177,	3
178,	6
179,	4
180,	2
181,	1
182,	7
183,	1
184,	1
185,	5
186,	11
187,	1
188,	2
189,	8
190,	0
191,	10
192,	6
193,	3
194,	7
195,	0
196,	4
197,	6
198,	10
199,	1
200,	2
201,	2
202,	5
203,	8
204,	2
205,	1
206,	3
207,	1
208,	3
209,	2
210,	3
211,	1
212,	7
213,	5
214,	9
215,	4
216,	0
217,	1
218,	3
219,	2
220,	1
221,	0
222,	1
223,	0
224,	3
225,	2
226,	6
227,	4
228,	0
229,	2
230,	6
231,	10
232,	9
233,	6
234,	3
235,	6
236,	3
237,	8
238,	3
239,	3
240,	0
241,	0
242,	4
243,	3
244,	1
245,	0
246,	7
247,	4
248,	5
249,	1
250,	8
251,	0
252,	3
253,	5
254,	5
255,	0
256,	0
257,	1
258,	6
259,	5
260,	3
261,	0
262,	4
263,	0
264,	7
265,	5
266,	2
267,	6
268,	8
269,	11
270,	10
271,	6
272,	3
273,	1
274,	5
275,	3
276,	10
277,	3
278,	5
279,	0
280,	4
281,	1
282,	8
283,	1
284,	10
285,	3
286,	5
287,	6
288,	4
289,	3
290,	0
291,	0
292,	2
293,	7
294,	3
295,	8
296,	3
297,	0
298,	4
299,	1
300,	10
301,	4
302,	8
303,	4
304,	4
305,	3
306,	4
307,	9
308,	5
309,	2
310,	6
311,	5
312,	7
313,	1
314,	4
315,	8
316,	3
317,	0
318,	4
319,	5
320,	5
321,	7
322,	6
323,	4
324,	2
325,	7
326,	0
327,	7
328,	0
329,	7
330,	1
331,	3
332,	3
333,	7
334,	7
335,	3
336,	5
337,	6
338,	1
339,	0
340,	5
341,	9
342,	6
343,	7
344,	0
345,	1
346,	7
347,	6
348,	2
349,	2
350,	1
351,	2
352,	3
353,	7
354,	7
355,	2
356,	8
357,	7
358,	4
359,	4
360,	1
361,	2
362,	5
363,	8
364,	0
365,	8
366,	2
367,	6
368,	0
369,	1
370,	0
371,	7
372,	0
373,	2
374,	4
375,	2
376,	9
377,	4
378,	0
379,	3
380,	4
381,	1
382,	2
383,	3
384,	2
385,	0
386,	5
387,	0
388,	10
389,	0
390,	10
391,	3
392,	3
393,	8
394,	3
395,	0
396,	5
397,	0
398,	2
399,	5
400,	9
401,	0
402,	3
403,	3
404,	5
405,	2
406,	1
407,	5
408,	9
409,	0
410,	0
411,	2
412,	2
413,	3
414,	4
415,	6
416,	2
417,	1
418,	7
419,	5
420,	3
421,	6
422,	2
423,	3
424,	3
425,	3
426,	7
427,	2
428,	1
429,	1
430,	2
431,	3
432,	4
433,	7
434,	2
435,	0
436,	0
437,	5
438,	3
439,	2
440,	8
441,	2
442,	5
443,	7
444,	0
445,	6
446,	10
447,	2
448,	1
449,	7
450,	5
451,	8
452,	1
453,	3
454,	0
455,	2
456,	8
457,	6
458,	7
459,	6
460,	2
461,	4
462,	2
463,	3
464,	7
465,	5
466,	8
467,	7
468,	4
469,	3
470,	5
471,	5
472,	6
473,	1
474,	4
475,	8
476,	7
477,	1
478,	6
479,	6
480,	4
481,	4
482,	6
483,	6
484,	2
485,	5
486,	8
487,	8
488,	6
489,	7
490,	3
491,	7
492,	8
493,	8
494,	8
495,	9
496,	9
497,	8
498,	7
499,	9
