Instance: /home/gabriel/Documents/ufrgs/courses/oc/trab/instances/cmb01
Vertices: 500
Colors: 12
NumIterations: 100
Alpha: 0.250000
Is Factible?: false
Conflicts: 3
Solution Value: 175536.328125
Vertex,	Color
0,	2
1,	0
2,	8
3,	1
4,	1
5,	3
6,	6
7,	1
8,	11
9,	7
10,	5
11,	4
12,	5
13,	9
14,	1
15,	4
16,	6
17,	1
18,	6
19,	6
20,	1
21,	0
22,	0
23,	8
24,	2
25,	4
26,	7
27,	4
28,	0
29,	0
30,	0
31,	0
32,	4
33,	3
34,	5
35,	3
36,	4
37,	2
38,	6
39,	0
40,	1
41,	6
42,	2
43,	5
44,	3
45,	4
46,	1
47,	6
48,	8
49,	0
50,	4
51,	8
52,	5
53,	7
54,	4
55,	0
56,	0
57,	2
58,	0
59,	0
60,	8
61,	0
62,	4
63,	3
64,	2
65,	1
66,	0
67,	2
68,	1
69,	2
70,	6
71,	2
72,	5
73,	0
74,	2
75,	4
76,	3
77,	1
78,	2
79,	5
80,	2
81,	2
82,	11
83,	4
84,	2
85,	0
86,	4
87,	2
88,	2
89,	7
90,	1
91,	5
92,	1
93,	6
94,	7
95,	3
96,	4
97,	3
98,	11
99,	1
100,	5
101,	1
102,	0
103,	0
104,	2
105,	1
106,	0
107,	0
108,	2
109,	2
110,	5
111,	3
112,	1
113,	9
114,	3
115,	4
116,	0
117,	10
118,	0
119,	0
120,	2
121,	4
122,	4
123,	4
124,	5
125,	4
126,	9
127,	7
128,	3
129,	7
130,	1
131,	1
132,	2
133,	8
134,	5
135,	4
136,	3
137,	8
138,	10
139,	5
140,	2
141,	3
142,	1
143,	11
144,	9
145,	4
146,	6
147,	9
148,	4
149,	0
150,	2
151,	6
152,	2
153,	9
154,	6
155,	7
156,	7
157,	6
158,	2
159,	0
160,	6
161,	3
162,	3
163,	0
164,	2
165,	0
166,	10
167,	1
168,	5
169,	2
170,	7
171,	3
172,	4
173,	5
174,	2
175,	4
176,	3
177,	9
178,	0
179,	5
180,	7
181,	2
182,	7
183,	5
184,	6
185,	8
186,	7
187,	3
188,	1
189,	0
190,	1
191,	3
192,	0
193,	4
194,	0
195,	0
196,	1
197,	2
198,	6
199,	6
200,	1
201,	5
202,	8
203,	4
204,	7
205,	1
206,	7
207,	4
208,	2
209,	4
210,	7
211,	0
212,	6
213,	3
214,	9
215,	6
216,	0
217,	4
218,	0
219,	6
220,	3
221,	6
222,	0
223,	4
224,	0
225,	4
226,	2
227,	10
228,	3
229,	5
230,	3
231,	2
232,	6
233,	3
234,	3
235,	9
236,	2
237,	1
238,	1
239,	3
240,	1
241,	5
242,	4
243,	3
244,	1
245,	2
246,	7
247,	1
248,	8
249,	4
250,	0
251,	2
252,	0
253,	10
254,	7
255,	4
256,	4
257,	6
258,	1
259,	10
260,	6
261,	3
262,	2
263,	5
264,	6
265,	5
266,	1
267,	1
268,	7
269,	3
270,	1
271,	4
272,	1
273,	2
274,	3
275,	1
276,	9
277,	1
278,	3
279,	0
280,	2
281,	2
282,	7
283,	3
284,	9
285,	1
286,	0
287,	3
288,	2
289,	1
290,	4
291,	5
292,	3
293,	5
294,	2
295,	2
296,	7
297,	4
298,	1
299,	2
300,	4
301,	1
302,	7
303,	3
304,	2
305,	0
306,	0
307,	7
308,	5
309,	5
310,	6
311,	9
312,	4
313,	3
314,	5
315,	1
316,	7
317,	0
318,	5
319,	4
320,	3
321,	9
322,	5
323,	5
324,	3
325,	1
326,	2
327,	3
328,	0
329,	6
330,	0
331,	1
332,	4
333,	5
334,	5
335,	1
336,	1
337,	9
338,	5
339,	4
340,	0
341,	7
342,	7
343,	6
344,	1
345,	1
346,	9
347,	6
348,	1
349,	7
350,	1
351,	0
352,	5
353,	11
354,	2
355,	5
356,	0
357,	6
358,	2
359,	4
360,	1
361,	0
362,	1
363,	4
364,	3
365,	4
366,	3
367,	4
368,	9
369,	0
370,	6
371,	1
372,	4
373,	6
374,	2
375,	9
376,	2
377,	0
378,	5
379,	6
380,	4
381,	1
382,	0
383,	2
384,	5
385,	3
386,	3
387,	0
388,	3
389,	2
390,	6
391,	0
392,	4
393,	8
394,	5
395,	0
396,	7
397,	5
398,	10
399,	8
400,	6
401,	2
402,	2
403,	2
404,	5
405,	4
406,	7
407,	0
408,	10
409,	8
410,	7
411,	6
412,	6
413,	5
414,	7
415,	8
416,	6
417,	3
418,	5
419,	1
420,	8
421,	4
422,	3
423,	8
424,	8
425,	6
426,	4
427,	7
428,	0
429,	6
430,	6
431,	2
432,	0
433,	3
434,	5
435,	10
436,	6
437,	4
438,	5
439,	6
440,	11
441,	10
442,	10
443,	3
444,	3
445,	8
446,	10
447,	2
448,	0
449,	0
450,	8
451,	7
452,	6
453,	8
454,	4
455,	5
456,	5
457,	9
458,	9
459,	8
460,	9
461,	5
462,	7
463,	6
464,	8
465,	6
466,	8
467,	2
468,	7
469,	4
470,	8
471,	8
472,	8
473,	3
474,	8
475,	11
476,	3
477,	0
478,	4
479,	10
480,	5
481,	1
482,	9
483,	5
484,	9
485,	7
486,	3
487,	9
488,	6
489,	7
490,	3
491,	5
492,	11
493,	5
494,	11
495,	8
496,	10
497,	6
498,	6
499,	3
