Instance: /home/gabriel/Documents/ufrgs/courses/oc/trab/instances/cmb01
Vertices: 500
Colors: 12
NumIterations: 1
Alpha: 0.650000
Is Factible?: false
Conflicts: 8
Solution Value: 159662.640625
Vertex,	Color
0,	3
1,	0
2,	3
3,	0
4,	1
5,	1
6,	3
7,	3
8,	2
9,	3
10,	4
11,	2
12,	0
13,	5
14,	2
15,	2
16,	6
17,	0
18,	7
19,	4
20,	8
21,	1
22,	2
23,	6
24,	3
25,	1
26,	10
27,	3
28,	4
29,	1
30,	0
31,	1
32,	6
33,	1
34,	3
35,	1
36,	3
37,	0
38,	0
39,	9
40,	1
41,	3
42,	1
43,	6
44,	0
45,	3
46,	0
47,	0
48,	4
49,	0
50,	6
51,	5
52,	2
53,	1
54,	1
55,	0
56,	1
57,	3
58,	1
59,	0
60,	5
61,	1
62,	1
63,	1
64,	3
65,	6
66,	1
67,	3
68,	6
69,	1
70,	1
71,	0
72,	3
73,	0
74,	7
75,	2
76,	1
77,	5
78,	0
79,	8
80,	1
81,	11
82,	4
83,	3
84,	3
85,	8
86,	2
87,	2
88,	3
89,	3
90,	0
91,	2
92,	1
93,	5
94,	11
95,	1
96,	3
97,	3
98,	4
99,	2
100,	4
101,	5
102,	5
103,	9
104,	2
105,	4
106,	2
107,	1
108,	2
109,	4
110,	1
111,	11
112,	3
113,	10
114,	1
115,	2
116,	3
117,	3
118,	0
119,	4
120,	2
121,	3
122,	2
123,	1
124,	1
125,	3
126,	2
127,	6
128,	2
129,	4
130,	0
131,	2
132,	2
133,	0
134,	4
135,	4
136,	4
137,	1
138,	7
139,	2
140,	0
141,	0
142,	9
143,	7
144,	4
145,	2
146,	5
147,	0
148,	10
149,	0
150,	6
151,	2
152,	3
153,	0
154,	3
155,	5
156,	2
157,	2
158,	2
159,	1
160,	1
161,	6
162,	2
163,	6
164,	7
165,	5
166,	3
167,	2
168,	2
169,	0
170,	4
171,	1
172,	8
173,	5
174,	2
175,	1
176,	1
177,	5
178,	5
179,	6
180,	5
181,	3
182,	2
183,	6
184,	4
185,	4
186,	3
187,	0
188,	3
189,	2
190,	6
191,	2
192,	2
193,	3
194,	0
195,	1
196,	0
197,	2
198,	11
199,	5
200,	0
201,	7
202,	4
203,	6
204,	0
205,	5
206,	0
207,	5
208,	4
209,	1
210,	0
211,	2
212,	3
213,	1
214,	5
215,	0
216,	2
217,	2
218,	4
219,	10
220,	5
221,	0
222,	6
223,	4
224,	1
225,	1
226,	3
227,	6
228,	0
229,	6
230,	0
231,	7
232,	4
233,	5
234,	2
235,	5
236,	6
237,	4
238,	6
239,	1
240,	2
241,	8
242,	8
243,	5
244,	7
245,	2
246,	1
247,	5
248,	5
249,	0
250,	1
251,	5
252,	4
253,	0
254,	10
255,	4
256,	1
257,	1
258,	3
259,	0
260,	2
261,	3
262,	0
263,	8
264,	5
265,	2
266,	6
267,	6
268,	6
269,	6
270,	7
271,	3
272,	9
273,	7
274,	6
275,	2
276,	1
277,	1
278,	4
279,	4
280,	1
281,	3
282,	6
283,	4
284,	5
285,	5
286,	5
287,	2
288,	0
289,	2
290,	2
291,	0
292,	4
293,	4
294,	7
295,	4
296,	8
297,	8
298,	0
299,	2
300,	1
301,	1
302,	5
303,	5
304,	1
305,	0
306,	3
307,	7
308,	5
309,	7
310,	7
311,	3
312,	2
313,	6
314,	8
315,	3
316,	2
317,	1
318,	5
319,	2
320,	2
321,	8
322,	4
323,	5
324,	7
325,	4
326,	3
327,	4
328,	5
329,	7
330,	3
331,	6
332,	4
333,	7
334,	7
335,	3
336,	6
337,	8
338,	10
339,	4
340,	7
341,	2
342,	5
343,	2
344,	2
345,	7
346,	5
347,	0
348,	6
349,	5
350,	4
351,	1
352,	9
353,	3
354,	4
355,	4
356,	7
357,	7
358,	5
359,	3
360,	8
361,	3
362,	1
363,	8
364,	6
365,	8
366,	4
367,	4
368,	8
369,	4
370,	6
371,	3
372,	6
373,	4
374,	4
375,	5
376,	7
377,	7
378,	5
379,	3
380,	8
381,	0
382,	2
383,	3
384,	5
385,	6
386,	8
387,	6
388,	5
389,	10
390,	7
391,	1
392,	2
393,	9
394,	8
395,	2
396,	5
397,	9
398,	2
399,	9
400,	7
401,	3
402,	1
403,	4
404,	5
405,	8
406,	8
407,	6
408,	0
409,	9
410,	8
411,	0
412,	7
413,	7
414,	5
415,	0
416,	10
417,	4
418,	9
419,	4
420,	10
421,	6
422,	8
423,	4
424,	9
425,	7
426,	11
427,	6
428,	6
429,	7
430,	8
431,	6
432,	9
433,	4
434,	5
435,	2
436,	6
437,	4
438,	6
439,	7
440,	10
441,	4
442,	11
443,	3
444,	1
445,	9
446,	10
447,	7
448,	4
449,	8
450,	0
451,	4
452,	7
453,	8
454,	4
455,	5
456,	9
457,	0
458,	11
459,	0
460,	8
461,	2
462,	3
463,	7
464,	7
465,	6
466,	4
467,	3
468,	8
469,	4
470,	8
471,	9
472,	7
473,	5
474,	8
475,	10
476,	9
477,	1
478,	6
479,	0
480,	8
481,	4
482,	10
483,	5
484,	8
485,	8
486,	4
487,	9
488,	6
489,	4
490,	6
491,	9
492,	0
493,	4
494,	11
495,	9
496,	9
497,	9
498,	4
499,	9
