Instance: /home/gabriel/Documents/ufrgs/courses/oc/trab/instances/cmb01
Vertices: 500
Colors: 12
NumIterations: 100
Alpha: 0.850000
Is Factible?: false
Conflicts: 3
Solution Value: 175138.937500
Vertex,	Color
0,	5
1,	0
2,	0
3,	2
4,	1
5,	3
6,	0
7,	2
8,	1
9,	4
10,	0
11,	1
12,	0
13,	0
14,	1
15,	2
16,	6
17,	2
18,	6
19,	0
20,	1
21,	0
22,	1
23,	3
24,	2
25,	1
26,	1
27,	3
28,	1
29,	1
30,	0
31,	0
32,	1
33,	1
34,	4
35,	0
36,	2
37,	0
38,	1
39,	3
40,	1
41,	3
42,	0
43,	8
44,	1
45,	4
46,	0
47,	1
48,	2
49,	0
50,	0
51,	1
52,	1
53,	2
54,	0
55,	0
56,	5
57,	5
58,	2
59,	0
60,	1
61,	1
62,	1
63,	0
64,	2
65,	2
66,	1
67,	2
68,	1
69,	1
70,	4
71,	2
72,	0
73,	1
74,	2
75,	1
76,	3
77,	5
78,	2
79,	3
80,	0
81,	0
82,	4
83,	8
84,	2
85,	0
86,	2
87,	0
88,	5
89,	1
90,	2
91,	3
92,	0
93,	0
94,	3
95,	0
96,	1
97,	0
98,	5
99,	2
100,	4
101,	4
102,	4
103,	3
104,	2
105,	4
106,	2
107,	4
108,	2
109,	2
110,	3
111,	2
112,	0
113,	5
114,	5
115,	2
116,	1
117,	1
118,	1
119,	3
120,	1
121,	2
122,	0
123,	5
124,	5
125,	1
126,	2
127,	0
128,	2
129,	5
130,	2
131,	2
132,	4
133,	0
134,	4
135,	1
136,	3
137,	5
138,	7
139,	4
140,	1
141,	3
142,	1
143,	2
144,	5
145,	3
146,	6
147,	3
148,	5
149,	0
150,	4
151,	4
152,	0
153,	2
154,	3
155,	2
156,	2
157,	0
158,	2
159,	3
160,	2
161,	4
162,	6
163,	5
164,	6
165,	6
166,	1
167,	0
168,	5
169,	4
170,	3
171,	3
172,	1
173,	3
174,	1
175,	2
176,	2
177,	9
178,	5
179,	6
180,	0
181,	0
182,	7
183,	6
184,	5
185,	4
186,	2
187,	0
188,	3
189,	3
190,	5
191,	2
192,	2
193,	3
194,	4
195,	2
196,	2
197,	1
198,	1
199,	1
200,	1
201,	4
202,	4
203,	0
204,	6
205,	1
206,	2
207,	6
208,	3
209,	4
210,	3
211,	3
212,	8
213,	6
214,	1
215,	4
216,	5
217,	2
218,	5
219,	8
220,	2
221,	0
222,	5
223,	3
224,	3
225,	3
226,	6
227,	5
228,	1
229,	3
230,	1
231,	4
232,	4
233,	6
234,	1
235,	6
236,	3
237,	5
238,	2
239,	1
240,	1
241,	0
242,	7
243,	4
244,	3
245,	0
246,	4
247,	5
248,	4
249,	3
250,	2
251,	1
252,	2
253,	3
254,	7
255,	3
256,	4
257,	1
258,	3
259,	2
260,	6
261,	3
262,	2
263,	10
264,	4
265,	1
266,	5
267,	4
268,	6
269,	10
270,	6
271,	5
272,	5
273,	7
274,	8
275,	0
276,	7
277,	5
278,	3
279,	1
280,	0
281,	4
282,	9
283,	2
284,	5
285,	4
286,	6
287,	5
288,	3
289,	5
290,	3
291,	3
292,	6
293,	5
294,	9
295,	0
296,	5
297,	8
298,	4
299,	3
300,	2
301,	1
302,	4
303,	4
304,	1
305,	4
306,	2
307,	7
308,	3
309,	6
310,	3
311,	2
312,	2
313,	6
314,	7
315,	3
316,	7
317,	3
318,	2
319,	2
320,	4
321,	5
322,	6
323,	6
324,	7
325,	5
326,	6
327,	6
328,	6
329,	6
330,	0
331,	8
332,	3
333,	8
334,	7
335,	1
336,	6
337,	7
338,	4
339,	3
340,	8
341,	4
342,	5
343,	9
344,	4
345,	7
346,	9
347,	8
348,	7
349,	7
350,	5
351,	2
352,	9
353,	8
354,	4
355,	4
356,	0
357,	8
358,	4
359,	11
360,	7
361,	6
362,	5
363,	7
364,	8
365,	8
366,	7
367,	8
368,	6
369,	3
370,	9
371,	3
372,	4
373,	5
374,	4
375,	5
376,	7
377,	6
378,	7
379,	3
380,	8
381,	2
382,	2
383,	3
384,	5
385,	4
386,	7
387,	9
388,	2
389,	7
390,	6
391,	0
392,	3
393,	7
394,	8
395,	2
396,	9
397,	9
398,	3
399,	8
400,	7
401,	2
402,	7
403,	5
404,	5
405,	10
406,	4
407,	5
408,	0
409,	3
410,	7
411,	3
412,	7
413,	6
414,	10
415,	11
416,	6
417,	4
418,	10
419,	4
420,	8
421,	6
422,	5
423,	8
424,	6
425,	7
426,	10
427,	7
428,	6
429,	6
430,	8
431,	6
432,	10
433,	0
434,	8
435,	5
436,	6
437,	2
438,	6
439,	7
440,	0
441,	7
442,	0
443,	11
444,	3
445,	8
446,	11
447,	2
448,	4
449,	8
450,	9
451,	4
452,	8
453,	9
454,	4
455,	7
456,	8
457,	11
458,	6
459,	0
460,	9
461,	3
462,	2
463,	8
464,	7
465,	9
466,	8
467,	5
468,	8
469,	6
470,	8
471,	9
472,	7
473,	2
474,	7
475,	11
476,	8
477,	0
478,	6
479,	10
480,	8
481,	4
482,	9
483,	4
484,	8
485,	6
486,	5
487,	2
488,	4
489,	7
490,	4
491,	8
492,	11
493,	10
494,	11
495,	8
496,	9
497,	4
498,	6
499,	5
