Instance: /home/gabriel/Documents/ufrgs/courses/oc/trab/instances/cmb01
Vertices: 500
Colors: 12
NumIterations: 1
Alpha: 0.250000
Is Factible?: false
Conflicts: 7
Solution Value: 169931.906250
Vertex,	Color
0,	1
1,	2
2,	8
3,	0
4,	0
5,	3
6,	9
7,	2
8,	10
9,	3
10,	1
11,	1
12,	0
13,	1
14,	5
15,	1
16,	10
17,	1
18,	10
19,	4
20,	4
21,	5
22,	8
23,	4
24,	3
25,	6
26,	10
27,	7
28,	9
29,	0
30,	0
31,	2
32,	2
33,	2
34,	0
35,	1
36,	4
37,	0
38,	3
39,	8
40,	3
41,	7
42,	7
43,	4
44,	0
45,	0
46,	3
47,	4
48,	2
49,	7
50,	6
51,	2
52,	1
53,	5
54,	0
55,	7
56,	6
57,	3
58,	4
59,	0
60,	9
61,	3
62,	5
63,	5
64,	4
65,	1
66,	0
67,	2
68,	6
69,	7
70,	4
71,	1
72,	4
73,	7
74,	0
75,	3
76,	4
77,	6
78,	5
79,	8
80,	4
81,	8
82,	2
83,	8
84,	1
85,	3
86,	4
87,	9
88,	3
89,	3
90,	5
91,	4
92,	1
93,	7
94,	9
95,	7
96,	2
97,	1
98,	1
99,	10
100,	4
101,	9
102,	5
103,	8
104,	2
105,	5
106,	5
107,	6
108,	2
109,	6
110,	5
111,	2
112,	8
113,	9
114,	6
115,	8
116,	3
117,	7
118,	0
119,	3
120,	3
121,	5
122,	2
123,	2
124,	8
125,	4
126,	7
127,	1
128,	2
129,	4
130,	2
131,	1
132,	3
133,	2
134,	3
135,	9
136,	3
137,	3
138,	6
139,	3
140,	2
141,	3
142,	4
143,	8
144,	6
145,	0
146,	0
147,	2
148,	4
149,	1
150,	5
151,	10
152,	3
153,	3
154,	3
155,	2
156,	2
157,	9
158,	4
159,	1
160,	6
161,	7
162,	1
163,	4
164,	5
165,	5
166,	2
167,	4
168,	3
169,	5
170,	2
171,	1
172,	3
173,	6
174,	0
175,	9
176,	4
177,	3
178,	5
179,	0
180,	2
181,	1
182,	1
183,	10
184,	5
185,	0
186,	1
187,	1
188,	2
189,	8
190,	2
191,	8
192,	6
193,	4
194,	0
195,	5
196,	2
197,	3
198,	11
199,	5
200,	1
201,	6
202,	10
203,	2
204,	0
205,	1
206,	1
207,	6
208,	2
209,	5
210,	6
211,	2
212,	7
213,	0
214,	6
215,	3
216,	4
217,	1
218,	6
219,	4
220,	2
221,	1
222,	4
223,	5
224,	6
225,	4
226,	0
227,	1
228,	1
229,	3
230,	3
231,	2
232,	3
233,	3
234,	0
235,	4
236,	11
237,	1
238,	4
239,	1
240,	5
241,	3
242,	3
243,	2
244,	4
245,	4
246,	2
247,	9
248,	0
249,	3
250,	2
251,	3
252,	2
253,	6
254,	5
255,	2
256,	5
257,	5
258,	4
259,	0
260,	6
261,	4
262,	4
263,	11
264,	2
265,	6
266,	6
267,	0
268,	1
269,	6
270,	11
271,	4
272,	2
273,	6
274,	0
275,	1
276,	1
277,	4
278,	1
279,	0
280,	2
281,	2
282,	9
283,	10
284,	6
285,	2
286,	2
287,	3
288,	0
289,	1
290,	4
291,	6
292,	0
293,	8
294,	1
295,	1
296,	6
297,	5
298,	0
299,	2
300,	5
301,	4
302,	0
303,	4
304,	1
305,	2
306,	0
307,	1
308,	2
309,	1
310,	1
311,	1
312,	0
313,	3
314,	4
315,	4
316,	9
317,	3
318,	0
319,	0
320,	7
321,	1
322,	3
323,	1
324,	7
325,	4
326,	2
327,	0
328,	2
329,	0
330,	1
331,	2
332,	1
333,	8
334,	6
335,	1
336,	5
337,	8
338,	3
339,	2
340,	7
341,	3
342,	6
343,	2
344,	0
345,	7
346,	2
347,	5
348,	6
349,	1
350,	5
351,	0
352,	6
353,	5
354,	6
355,	3
356,	8
357,	6
358,	4
359,	2
360,	6
361,	6
362,	0
363,	1
364,	6
365,	8
366,	6
367,	4
368,	3
369,	7
370,	0
371,	2
372,	2
373,	0
374,	0
375,	0
376,	2
377,	9
378,	4
379,	3
380,	7
381,	2
382,	0
383,	2
384,	6
385,	4
386,	5
387,	7
388,	6
389,	4
390,	3
391,	1
392,	2
393,	6
394,	10
395,	3
396,	9
397,	3
398,	6
399,	8
400,	3
401,	3
402,	11
403,	3
404,	6
405,	2
406,	5
407,	7
408,	0
409,	6
410,	5
411,	0
412,	0
413,	1
414,	7
415,	0
416,	0
417,	3
418,	7
419,	6
420,	0
421,	3
422,	7
423,	8
424,	10
425,	5
426,	10
427,	4
428,	4
429,	5
430,	9
431,	8
432,	8
433,	8
434,	5
435,	7
436,	5
437,	5
438,	4
439,	9
440,	9
441,	3
442,	7
443,	6
444,	3
445,	5
446,	11
447,	2
448,	2
449,	5
450,	1
451,	3
452,	5
453,	5
454,	3
455,	6
456,	7
457,	0
458,	11
459,	0
460,	10
461,	7
462,	4
463,	5
464,	8
465,	4
466,	7
467,	5
468,	5
469,	1
470,	4
471,	8
472,	6
473,	2
474,	8
475,	9
476,	7
477,	1
478,	8
479,	0
480,	9
481,	5
482,	8
483,	6
484,	7
485,	7
486,	8
487,	8
488,	7
489,	5
490,	5
491,	7
492,	11
493,	8
494,	0
495,	6
496,	11
497,	0
498,	5
499,	9
