Instance: /home/gabriel/Documents/ufrgs/courses/oc/trab/instances/cmb01
Vertices: 500
Colors: 12
NumIterations: 100
Alpha: 0.500000
Is Factible?: false
Conflicts: 5
Solution Value: 147731.671875
Vertex,	Color
0,	2
1,	3
2,	1
3,	1
4,	1
5,	0
6,	0
7,	8
8,	4
9,	0
10,	3
11,	1
12,	0
13,	4
14,	5
15,	2
16,	3
17,	3
18,	4
19,	3
20,	8
21,	2
22,	4
23,	3
24,	5
25,	4
26,	1
27,	1
28,	4
29,	1
30,	3
31,	0
32,	6
33,	1
34,	7
35,	2
36,	0
37,	2
38,	7
39,	9
40,	0
41,	1
42,	6
43,	9
44,	0
45,	1
46,	0
47,	6
48,	10
49,	0
50,	3
51,	2
52,	3
53,	1
54,	2
55,	4
56,	3
57,	0
58,	6
59,	0
60,	2
61,	5
62,	3
63,	0
64,	4
65,	3
66,	4
67,	3
68,	8
69,	6
70,	0
71,	1
72,	3
73,	8
74,	3
75,	2
76,	0
77,	1
78,	1
79,	9
80,	0
81,	3
82,	1
83,	1
84,	3
85,	1
86,	1
87,	3
88,	4
89,	3
90,	8
91,	1
92,	0
93,	0
94,	1
95,	2
96,	3
97,	2
98,	3
99,	6
100,	7
101,	4
102,	3
103,	9
104,	1
105,	3
106,	1
107,	5
108,	2
109,	4
110,	2
111,	0
112,	2
113,	4
114,	8
115,	1
116,	0
117,	8
118,	6
119,	7
120,	0
121,	1
122,	1
123,	7
124,	7
125,	6
126,	9
127,	0
128,	1
129,	2
130,	0
131,	1
132,	6
133,	3
134,	0
135,	4
136,	7
137,	3
138,	7
139,	0
140,	1
141,	9
142,	2
143,	5
144,	4
145,	3
146,	2
147,	4
148,	5
149,	1
150,	4
151,	6
152,	10
153,	1
154,	1
155,	4
156,	0
157,	6
158,	5
159,	2
160,	3
161,	5
162,	2
163,	1
164,	6
165,	4
166,	4
167,	1
168,	0
169,	7
170,	3
171,	6
172,	1
173,	1
174,	0
175,	6
176,	1
177,	5
178,	2
179,	7
180,	2
181,	2
182,	9
183,	4
184,	6
185,	7
186,	0
187,	0
188,	9
189,	5
190,	0
191,	9
192,	2
193,	1
194,	0
195,	10
196,	1
197,	4
198,	4
199,	2
200,	1
201,	3
202,	1
203,	2
204,	7
205,	2
206,	0
207,	4
208,	0
209,	2
210,	6
211,	0
212,	0
213,	6
214,	2
215,	6
216,	1
217,	1
218,	5
219,	11
220,	5
221,	1
222,	5
223,	3
224,	2
225,	1
226,	1
227,	5
228,	0
229,	2
230,	0
231,	3
232,	4
233,	2
234,	1
235,	2
236,	8
237,	6
238,	1
239,	6
240,	0
241,	0
242,	2
243,	6
244,	6
245,	3
246,	6
247,	1
248,	0
249,	0
250,	3
251,	1
252,	5
253,	2
254,	5
255,	1
256,	1
257,	0
258,	2
259,	4
260,	5
261,	0
262,	3
263,	4
264,	5
265,	1
266,	4
267,	7
268,	4
269,	8
270,	10
271,	2
272,	3
273,	1
274,	8
275,	3
276,	2
277,	5
278,	1
279,	1
280,	2
281,	2
282,	2
283,	2
284,	4
285,	3
286,	2
287,	5
288,	4
289,	3
290,	1
291,	3
292,	4
293,	7
294,	7
295,	0
296,	5
297,	5
298,	3
299,	0
300,	1
301,	2
302,	4
303,	1
304,	6
305,	5
306,	2
307,	3
308,	3
309,	6
310,	6
311,	2
312,	0
313,	4
314,	2
315,	2
316,	11
317,	3
318,	5
319,	3
320,	3
321,	3
322,	5
323,	5
324,	5
325,	1
326,	4
327,	5
328,	8
329,	5
330,	2
331,	5
332,	5
333,	3
334,	7
335,	2
336,	2
337,	6
338,	6
339,	6
340,	6
341,	6
342,	4
343,	11
344,	2
345,	8
346,	5
347,	3
348,	7
349,	5
350,	4
351,	4
352,	5
353,	6
354,	4
355,	3
356,	7
357,	9
358,	5
359,	10
360,	7
361,	5
362,	3
363,	7
364,	6
365,	7
366,	5
367,	7
368,	7
369,	4
370,	3
371,	4
372,	3
373,	7
374,	2
375,	1
376,	6
377,	5
378,	7
379,	5
380,	6
381,	2
382,	1
383,	3
384,	4
385,	6
386,	8
387,	0
388,	2
389,	8
390,	4
391,	5
392,	3
393,	7
394,	10
395,	0
396,	8
397,	8
398,	6
399,	8
400,	8
401,	4
402,	2
403,	4
404,	6
405,	8
406,	8
407,	3
408,	11
409,	9
410,	5
411,	1
412,	6
413,	6
414,	9
415,	10
416,	8
417,	7
418,	9
419,	5
420,	9
421,	7
422,	6
423,	7
424,	5
425,	5
426,	10
427,	7
428,	1
429,	2
430,	9
431,	5
432,	9
433,	7
434,	6
435,	4
436,	7
437,	2
438,	7
439,	7
440,	5
441,	7
442,	0
443,	8
444,	3
445,	9
446,	10
447,	3
448,	4
449,	8
450,	9
451,	6
452,	7
453,	10
454,	4
455,	9
456,	8
457,	10
458,	11
459,	0
460,	10
461,	8
462,	3
463,	8
464,	5
465,	4
466,	9
467,	5
468,	9
469,	2
470,	8
471,	8
472,	7
473,	3
474,	8
475,	10
476,	9
477,	2
478,	6
479,	9
480,	8
481,	4
482,	10
483,	6
484,	8
485,	8
486,	7
487,	9
488,	6
489,	7
490,	4
491,	9
492,	11
493,	7
494,	11
495,	9
496,	10
497,	4
498,	7
499,	9
