Instance: /home/gabriel/Documents/ufrgs/courses/oc/trab/instances/cmb03
Vertices: 1000
Colors: 18
NumIterations: 100
Alpha: 0.850000
Is Factible?: false
Conflicts: 5
Solution Value: 223264.328125
Vertex,	Color
0,	3
1,	1
2,	1
3,	2
4,	0
5,	11
6,	2
7,	1
8,	4
9,	2
10,	2
11,	0
12,	0
13,	0
14,	0
15,	6
16,	0
17,	6
18,	3
19,	4
20,	0
21,	0
22,	4
23,	6
24,	8
25,	0
26,	0
27,	1
28,	0
29,	8
30,	4
31,	5
32,	0
33,	12
34,	1
35,	5
36,	7
37,	2
38,	2
39,	2
40,	2
41,	1
42,	7
43,	5
44,	0
45,	0
46,	3
47,	2
48,	16
49,	0
50,	1
51,	2
52,	0
53,	3
54,	0
55,	2
56,	0
57,	1
58,	2
59,	1
60,	1
61,	0
62,	3
63,	0
64,	3
65,	3
66,	1
67,	0
68,	2
69,	3
70,	1
71,	1
72,	2
73,	1
74,	3
75,	1
76,	0
77,	0
78,	3
79,	1
80,	3
81,	4
82,	0
83,	5
84,	0
85,	1
86,	5
87,	0
88,	1
89,	4
90,	2
91,	12
92,	1
93,	1
94,	1
95,	0
96,	7
97,	4
98,	1
99,	0
100,	3
101,	0
102,	1
103,	5
104,	4
105,	2
106,	0
107,	1
108,	0
109,	0
110,	0
111,	0
112,	4
113,	0
114,	2
115,	1
116,	2
117,	1
118,	3
119,	0
120,	2
121,	1
122,	2
123,	0
124,	3
125,	1
126,	0
127,	2
128,	2
129,	0
130,	8
131,	4
132,	1
133,	6
134,	8
135,	3
136,	0
137,	0
138,	2
139,	4
140,	1
141,	3
142,	1
143,	0
144,	1
145,	1
146,	1
147,	2
148,	13
149,	4
150,	5
151,	0
152,	3
153,	1
154,	5
155,	4
156,	4
157,	0
158,	6
159,	1
160,	0
161,	0
162,	8
163,	3
164,	4
165,	0
166,	3
167,	1
168,	0
169,	3
170,	5
171,	0
172,	0
173,	4
174,	0
175,	1
176,	1
177,	3
178,	0
179,	2
180,	6
181,	5
182,	1
183,	0
184,	3
185,	1
186,	1
187,	3
188,	1
189,	2
190,	0
191,	4
192,	2
193,	1
194,	2
195,	1
196,	3
197,	10
198,	3
199,	4
200,	0
201,	0
202,	3
203,	1
204,	6
205,	2
206,	2
207,	1
208,	1
209,	3
210,	2
211,	4
212,	8
213,	3
214,	5
215,	5
216,	2
217,	1
218,	1
219,	10
220,	4
221,	1
222,	2
223,	1
224,	2
225,	1
226,	4
227,	2
228,	11
229,	1
230,	8
231,	3
232,	7
233,	1
234,	2
235,	2
236,	2
237,	2
238,	2
239,	2
240,	3
241,	7
242,	0
243,	2
244,	2
245,	5
246,	2
247,	15
248,	4
249,	2
250,	4
251,	6
252,	3
253,	1
254,	3
255,	1
256,	3
257,	1
258,	5
259,	3
260,	0
261,	4
262,	8
263,	1
264,	0
265,	2
266,	2
267,	5
268,	3
269,	4
270,	3
271,	4
272,	5
273,	1
274,	6
275,	4
276,	3
277,	5
278,	2
279,	9
280,	2
281,	2
282,	2
283,	7
284,	3
285,	2
286,	1
287,	3
288,	8
289,	6
290,	0
291,	3
292,	5
293,	2
294,	9
295,	2
296,	5
297,	7
298,	2
299,	4
300,	3
301,	0
302,	8
303,	0
304,	5
305,	3
306,	4
307,	5
308,	1
309,	1
310,	4
311,	4
312,	4
313,	2
314,	3
315,	4
316,	5
317,	6
318,	5
319,	3
320,	5
321,	3
322,	5
323,	4
324,	10
325,	3
326,	0
327,	4
328,	6
329,	0
330,	8
331,	5
332,	6
333,	0
334,	7
335,	7
336,	5
337,	4
338,	4
339,	11
340,	3
341,	7
342,	5
343,	7
344,	3
345,	5
346,	0
347,	1
348,	4
349,	4
350,	9
351,	8
352,	7
353,	12
354,	2
355,	2
356,	2
357,	1
358,	6
359,	4
360,	6
361,	6
362,	3
363,	7
364,	3
365,	1
366,	4
367,	3
368,	6
369,	2
370,	0
371,	2
372,	5
373,	4
374,	6
375,	6
376,	3
377,	7
378,	3
379,	5
380,	4
381,	3
382,	9
383,	8
384,	2
385,	3
386,	7
387,	10
388,	11
389,	6
390,	4
391,	5
392,	5
393,	3
394,	6
395,	3
396,	1
397,	2
398,	1
399,	3
400,	6
401,	4
402,	5
403,	2
404,	6
405,	3
406,	0
407,	7
408,	7
409,	4
410,	5
411,	9
412,	5
413,	3
414,	5
415,	6
416,	7
417,	7
418,	10
419,	4
420,	2
421,	3
422,	5
423,	1
424,	4
425,	7
426,	8
427,	8
428,	4
429,	6
430,	6
431,	10
432,	5
433,	5
434,	9
435,	8
436,	4
437,	4
438,	4
439,	5
440,	6
441,	7
442,	5
443,	5
444,	6
445,	6
446,	3
447,	6
448,	3
449,	4
450,	7
451,	5
452,	1
453,	7
454,	6
455,	8
456,	7
457,	6
458,	1
459,	0
460,	7
461,	8
462,	0
463,	10
464,	5
465,	0
466,	4
467,	7
468,	6
469,	2
470,	0
471,	5
472,	8
473,	0
474,	7
475,	10
476,	5
477,	6
478,	12
479,	3
480,	7
481,	1
482,	7
483,	8
484,	9
485,	10
486,	5
487,	3
488,	0
489,	4
490,	7
491,	6
492,	8
493,	8
494,	2
495,	7
496,	4
497,	8
498,	5
499,	5
500,	6
501,	2
502,	9
503,	4
504,	9
505,	6
506,	6
507,	8
508,	4
509,	5
510,	7
511,	8
512,	4
513,	9
514,	7
515,	10
516,	5
517,	4
518,	8
519,	8
520,	10
521,	3
522,	6
523,	5
524,	6
525,	9
526,	8
527,	6
528,	7
529,	9
530,	9
531,	3
532,	1
533,	5
534,	5
535,	8
536,	3
537,	4
538,	5
539,	5
540,	10
541,	4
542,	5
543,	10
544,	6
545,	5
546,	9
547,	6
548,	9
549,	5
550,	1
551,	4
552,	11
553,	8
554,	7
555,	6
556,	7
557,	7
558,	5
559,	8
560,	9
561,	7
562,	11
563,	6
564,	11
565,	7
566,	7
567,	9
568,	7
569,	0
570,	5
571,	10
572,	11
573,	6
574,	4
575,	8
576,	1
577,	7
578,	8
579,	5
580,	2
581,	7
582,	3
583,	5
584,	11
585,	1
586,	9
587,	8
588,	10
589,	1
590,	9
591,	7
592,	6
593,	4
594,	8
595,	5
596,	7
597,	12
598,	12
599,	11
600,	5
601,	2
602,	6
603,	3
604,	11
605,	5
606,	6
607,	9
608,	12
609,	2
610,	4
611,	9
612,	7
613,	8
614,	10
615,	13
616,	7
617,	9
618,	9
619,	7
620,	14
621,	7
622,	3
623,	6
624,	4
625,	1
626,	4
627,	12
628,	7
629,	10
630,	11
631,	5
632,	8
633,	7
634,	8
635,	10
636,	5
637,	3
638,	4
639,	8
640,	8
641,	8
642,	8
643,	4
644,	12
645,	0
646,	8
647,	11
648,	6
649,	13
650,	7
651,	3
652,	10
653,	6
654,	12
655,	12
656,	14
657,	11
658,	10
659,	5
660,	10
661,	10
662,	10
663,	9
664,	12
665,	4
666,	1
667,	7
668,	13
669,	9
670,	10
671,	5
672,	12
673,	14
674,	8
675,	3
676,	15
677,	10
678,	6
679,	11
680,	13
681,	11
682,	1
683,	13
684,	6
685,	12
686,	9
687,	9
688,	6
689,	12
690,	9
691,	9
692,	2
693,	2
694,	8
695,	11
696,	14
697,	12
698,	7
699,	4
700,	7
701,	10
702,	10
703,	9
704,	14
705,	5
706,	6
707,	6
708,	8
709,	0
710,	17
711,	9
712,	16
713,	12
714,	2
715,	6
716,	9
717,	8
718,	9
719,	5
720,	4
721,	6
722,	10
723,	6
724,	3
725,	11
726,	11
727,	8
728,	13
729,	3
730,	8
731,	10
732,	6
733,	11
734,	10
735,	11
736,	11
737,	10
738,	4
739,	9
740,	7
741,	10
742,	11
743,	10
744,	13
745,	13
746,	12
747,	12
748,	15
749,	9
750,	8
751,	9
752,	11
753,	8
754,	11
755,	7
756,	2
757,	8
758,	9
759,	2
760,	8
761,	12
762,	10
763,	12
764,	8
765,	17
766,	11
767,	7
768,	7
769,	11
770,	2
771,	8
772,	9
773,	14
774,	2
775,	6
776,	12
777,	8
778,	9
779,	13
780,	8
781,	12
782,	14
783,	7
784,	8
785,	10
786,	3
787,	10
788,	15
789,	14
790,	11
791,	12
792,	7
793,	14
794,	2
795,	9
796,	8
797,	13
798,	13
799,	11
800,	13
801,	14
802,	10
803,	12
804,	11
805,	8
806,	8
807,	13
808,	8
809,	9
810,	13
811,	6
812,	7
813,	6
814,	9
815,	16
816,	9
817,	5
818,	17
819,	11
820,	8
821,	11
822,	11
823,	5
824,	7
825,	13
826,	6
827,	10
828,	0
829,	15
830,	9
831,	15
832,	10
833,	13
834,	8
835,	15
836,	16
837,	14
838,	10
839,	7
840,	3
841,	6
842,	6
843,	9
844,	8
845,	6
846,	12
847,	7
848,	13
849,	2
850,	13
851,	12
852,	11
853,	9
854,	3
855,	8
856,	15
857,	10
858,	12
859,	9
860,	11
861,	11
862,	10
863,	17
864,	9
865,	11
866,	11
867,	9
868,	9
869,	10
870,	6
871,	13
872,	11
873,	11
874,	8
875,	7
876,	11
877,	12
878,	11
879,	10
880,	12
881,	12
882,	1
883,	15
884,	0
885,	12
886,	15
887,	10
888,	12
889,	3
890,	4
891,	14
892,	13
893,	9
894,	8
895,	8
896,	3
897,	10
898,	13
899,	12
900,	12
901,	14
902,	10
903,	10
904,	9
905,	14
906,	14
907,	16
908,	8
909,	15
910,	10
911,	6
912,	4
913,	8
914,	13
915,	1
916,	4
917,	12
918,	3
919,	10
920,	10
921,	10
922,	4
923,	14
924,	7
925,	14
926,	4
927,	11
928,	8
929,	5
930,	13
931,	6
932,	3
933,	4
934,	12
935,	10
936,	11
937,	11
938,	13
939,	9
940,	16
941,	13
942,	15
943,	14
944,	16
945,	12
946,	11
947,	12
948,	15
949,	11
950,	16
951,	10
952,	6
953,	10
954,	15
955,	10
956,	7
957,	15
958,	13
959,	14
960,	6
961,	16
962,	0
963,	11
964,	17
965,	8
966,	9
967,	14
968,	12
969,	7
970,	13
971,	0
972,	14
973,	9
974,	13
975,	10
976,	13
977,	11
978,	0
979,	14
980,	9
981,	13
982,	9
983,	0
984,	9
985,	14
986,	0
987,	13
988,	15
989,	10
990,	12
991,	17
992,	17
993,	10
994,	6
995,	16
996,	11
997,	9
998,	14
999,	6
