Instance: /home/gabriel/Documents/ufrgs/courses/oc/trab/instances/cmb01
Vertices: 500
Colors: 12
NumIterations: 10000
Alpha: 0.850000
Is Factible?: false
Conflicts: 1
Solution Value: 157675.515625
Vertex,	Color
0,	1
1,	1
2,	6
3,	0
4,	3
5,	0
6,	1
7,	0
8,	0
9,	0
10,	3
11,	2
12,	0
13,	4
14,	4
15,	3
16,	4
17,	2
18,	4
19,	1
20,	9
21,	0
22,	2
23,	2
24,	1
25,	0
26,	2
27,	0
28,	1
29,	0
30,	0
31,	0
32,	3
33,	0
34,	4
35,	1
36,	0
37,	0
38,	1
39,	11
40,	0
41,	0
42,	0
43,	0
44,	1
45,	1
46,	1
47,	0
48,	0
49,	2
50,	2
51,	1
52,	1
53,	1
54,	1
55,	0
56,	1
57,	4
58,	1
59,	0
60,	4
61,	2
62,	0
63,	0
64,	1
65,	1
66,	0
67,	3
68,	1
69,	1
70,	0
71,	2
72,	2
73,	4
74,	2
75,	2
76,	0
77,	1
78,	1
79,	11
80,	6
81,	6
82,	5
83,	3
84,	0
85,	1
86,	2
87,	1
88,	6
89,	3
90,	3
91,	2
92,	0
93,	0
94,	2
95,	3
96,	2
97,	2
98,	5
99,	3
100,	6
101,	3
102,	2
103,	4
104,	2
105,	3
106,	2
107,	3
108,	1
109,	0
110,	9
111,	10
112,	0
113,	4
114,	2
115,	5
116,	1
117,	7
118,	1
119,	2
120,	3
121,	3
122,	1
123,	1
124,	1
125,	5
126,	2
127,	0
128,	0
129,	5
130,	0
131,	2
132,	3
133,	1
134,	4
135,	1
136,	3
137,	10
138,	9
139,	1
140,	1
141,	0
142,	3
143,	2
144,	2
145,	1
146,	3
147,	4
148,	6
149,	0
150,	5
151,	5
152,	4
153,	2
154,	2
155,	4
156,	4
157,	6
158,	1
159,	3
160,	2
161,	5
162,	7
163,	5
164,	6
165,	5
166,	4
167,	1
168,	2
169,	3
170,	5
171,	5
172,	4
173,	2
174,	2
175,	1
176,	2
177,	8
178,	5
179,	10
180,	3
181,	3
182,	7
183,	4
184,	0
185,	2
186,	3
187,	0
188,	5
189,	4
190,	4
191,	4
192,	2
193,	2
194,	4
195,	2
196,	2
197,	1
198,	6
199,	4
200,	2
201,	2
202,	5
203,	5
204,	3
205,	4
206,	3
207,	6
208,	1
209,	3
210,	2
211,	0
212,	6
213,	4
214,	3
215,	3
216,	4
217,	5
218,	6
219,	6
220,	6
221,	1
222,	7
223,	3
224,	5
225,	0
226,	5
227,	6
228,	0
229,	6
230,	3
231,	3
232,	1
233,	3
234,	1
235,	2
236,	9
237,	6
238,	2
239,	0
240,	1
241,	1
242,	7
243,	3
244,	8
245,	1
246,	5
247,	6
248,	6
249,	4
250,	3
251,	5
252,	4
253,	4
254,	7
255,	5
256,	5
257,	6
258,	5
259,	1
260,	6
261,	3
262,	6
263,	11
264,	4
265,	1
266,	5
267,	3
268,	8
269,	4
270,	8
271,	5
272,	5
273,	9
274,	9
275,	1
276,	8
277,	6
278,	5
279,	3
280,	3
281,	4
282,	3
283,	3
284,	7
285,	4
286,	3
287,	6
288,	2
289,	3
290,	2
291,	2
292,	6
293,	4
294,	8
295,	3
296,	6
297,	5
298,	2
299,	3
300,	3
301,	1
302,	4
303,	4
304,	1
305,	6
306,	2
307,	7
308,	3
309,	6
310,	5
311,	3
312,	2
313,	7
314,	7
315,	4
316,	6
317,	2
318,	2
319,	1
320,	2
321,	6
322,	10
323,	7
324,	7
325,	4
326,	2
327,	5
328,	5
329,	6
330,	0
331,	5
332,	2
333,	7
334,	8
335,	0
336,	3
337,	8
338,	4
339,	5
340,	5
341,	9
342,	6
343,	11
344,	3
345,	7
346,	7
347,	5
348,	7
349,	6
350,	4
351,	0
352,	10
353,	7
354,	4
355,	5
356,	7
357,	9
358,	5
359,	0
360,	7
361,	6
362,	1
363,	6
364,	8
365,	8
366,	7
367,	9
368,	7
369,	4
370,	0
371,	3
372,	5
373,	8
374,	4
375,	6
376,	8
377,	4
378,	5
379,	5
380,	1
381,	3
382,	2
383,	3
384,	2
385,	4
386,	7
387,	8
388,	7
389,	8
390,	7
391,	4
392,	3
393,	7
394,	9
395,	4
396,	10
397,	9
398,	5
399,	8
400,	7
401,	1
402,	8
403,	5
404,	5
405,	9
406,	7
407,	3
408,	9
409,	9
410,	8
411,	5
412,	7
413,	6
414,	11
415,	0
416,	9
417,	5
418,	9
419,	6
420,	10
421,	6
422,	5
423,	10
424,	9
425,	7
426,	11
427,	5
428,	6
429,	3
430,	9
431,	8
432,	1
433,	6
434,	7
435,	8
436,	5
437,	4
438,	7
439,	7
440,	2
441,	8
442,	10
443,	0
444,	3
445,	9
446,	10
447,	2
448,	4
449,	11
450,	1
451,	6
452,	7
453,	10
454,	4
455,	6
456,	8
457,	0
458,	5
459,	10
460,	11
461,	2
462,	7
463,	7
464,	6
465,	4
466,	9
467,	5
468,	7
469,	6
470,	2
471,	8
472,	7
473,	3
474,	8
475,	8
476,	0
477,	0
478,	6
479,	11
480,	10
481,	4
482,	10
483,	4
484,	8
485,	11
486,	6
487,	7
488,	7
489,	0
490,	4
491,	9
492,	0
493,	9
494,	6
495,	8
496,	10
497,	6
498,	6
499,	9
