Instance: /home/gabriel/Documents/ufrgs/courses/oc/trab/instances/cmb10
Vertices: 4000
Colors: 82
NumIterations: 1
Alpha: 1.000000
Is Factible?: false
Conflicts: 305
Solution Value: 950065.937500
Vertex,	Color
0,	2
1,	2
2,	8
3,	17
4,	4
5,	2
6,	6
7,	4
8,	4
9,	8
10,	4
11,	15
12,	62
13,	74
14,	5
15,	77
16,	14
17,	7
18,	4
19,	5
20,	51
21,	10
22,	13
23,	3
24,	13
25,	7
26,	6
27,	7
28,	3
29,	8
30,	13
31,	3
32,	9
33,	2
34,	2
35,	9
36,	71
37,	78
38,	3
39,	7
40,	6
41,	3
42,	3
43,	15
44,	3
45,	27
46,	8
47,	10
48,	7
49,	0
50,	6
51,	9
52,	30
53,	2
54,	2
55,	13
56,	5
57,	1
58,	16
59,	29
60,	11
61,	11
62,	72
63,	2
64,	16
65,	33
66,	7
67,	3
68,	4
69,	11
70,	16
71,	6
72,	3
73,	7
74,	8
75,	7
76,	6
77,	16
78,	2
79,	4
80,	2
81,	14
82,	5
83,	70
84,	9
85,	4
86,	5
87,	8
88,	9
89,	3
90,	32
91,	2
92,	5
93,	3
94,	7
95,	3
96,	3
97,	2
98,	11
99,	5
100,	4
101,	6
102,	1
103,	6
104,	17
105,	21
106,	2
107,	17
108,	2
109,	40
110,	5
111,	58
112,	4
113,	5
114,	12
115,	4
116,	6
117,	29
118,	7
119,	6
120,	6
121,	5
122,	21
123,	17
124,	12
125,	2
126,	15
127,	1
128,	7
129,	7
130,	9
131,	2
132,	6
133,	76
134,	15
135,	22
136,	5
137,	12
138,	7
139,	10
140,	13
141,	4
142,	11
143,	6
144,	17
145,	4
146,	2
147,	24
148,	8
149,	73
150,	2
151,	4
152,	2
153,	3
154,	7
155,	1
156,	3
157,	3
158,	27
159,	5
160,	8
161,	14
162,	3
163,	6
164,	4
165,	2
166,	4
167,	6
168,	4
169,	5
170,	4
171,	7
172,	5
173,	9
174,	2
175,	8
176,	1
177,	6
178,	0
179,	5
180,	9
181,	2
182,	24
183,	9
184,	5
185,	9
186,	10
187,	7
188,	3
189,	4
190,	12
191,	6
192,	7
193,	5
194,	7
195,	42
196,	7
197,	14
198,	0
199,	2
200,	6
201,	6
202,	36
203,	4
204,	4
205,	7
206,	8
207,	8
208,	7
209,	4
210,	80
211,	11
212,	9
213,	9
214,	7
215,	6
216,	8
217,	4
218,	19
219,	3
220,	3
221,	9
222,	12
223,	36
224,	4
225,	13
226,	1
227,	7
228,	4
229,	3
230,	3
231,	15
232,	6
233,	36
234,	1
235,	9
236,	11
237,	4
238,	21
239,	5
240,	13
241,	10
242,	8
243,	3
244,	11
245,	10
246,	20
247,	4
248,	2
249,	14
250,	6
251,	5
252,	8
253,	5
254,	12
255,	5
256,	6
257,	2
258,	9
259,	10
260,	11
261,	12
262,	7
263,	5
264,	3
265,	8
266,	5
267,	1
268,	5
269,	2
270,	6
271,	4
272,	13
273,	7
274,	12
275,	15
276,	28
277,	37
278,	7
279,	8
280,	11
281,	5
282,	7
283,	2
284,	2
285,	11
286,	65
287,	6
288,	66
289,	3
290,	15
291,	5
292,	12
293,	60
294,	13
295,	4
296,	3
297,	2
298,	3
299,	6
300,	4
301,	12
302,	4
303,	3
304,	1
305,	4
306,	5
307,	6
308,	69
309,	3
310,	4
311,	11
312,	23
313,	1
314,	16
315,	74
316,	5
317,	7
318,	9
319,	80
320,	1
321,	2
322,	8
323,	12
324,	7
325,	9
326,	7
327,	5
328,	11
329,	6
330,	9
331,	10
332,	2
333,	11
334,	3
335,	14
336,	16
337,	14
338,	8
339,	5
340,	6
341,	8
342,	9
343,	7
344,	10
345,	2
346,	23
347,	2
348,	4
349,	3
350,	2
351,	12
352,	11
353,	61
354,	13
355,	10
356,	46
357,	5
358,	13
359,	7
360,	6
361,	23
362,	8
363,	1
364,	9
365,	9
366,	12
367,	8
368,	21
369,	7
370,	10
371,	15
372,	10
373,	3
374,	67
375,	18
376,	19
377,	16
378,	8
379,	10
380,	3
381,	11
382,	14
383,	7
384,	8
385,	9
386,	17
387,	24
388,	9
389,	13
390,	7
391,	15
392,	14
393,	4
394,	10
395,	44
396,	22
397,	4
398,	5
399,	4
400,	5
401,	18
402,	19
403,	11
404,	13
405,	16
406,	8
407,	13
408,	18
409,	10
410,	10
411,	10
412,	12
413,	25
414,	8
415,	7
416,	20
417,	6
418,	3
419,	11
420,	3
421,	14
422,	12
423,	13
424,	18
425,	8
426,	18
427,	17
428,	6
429,	8
430,	8
431,	7
432,	10
433,	15
434,	9
435,	5
436,	15
437,	5
438,	11
439,	2
440,	4
441,	21
442,	8
443,	5
444,	6
445,	5
446,	5
447,	10
448,	19
449,	21
450,	16
451,	69
452,	16
453,	14
454,	17
455,	12
456,	10
457,	11
458,	15
459,	69
460,	12
461,	74
462,	13
463,	2
464,	20
465,	4
466,	10
467,	14
468,	16
469,	10
470,	21
471,	12
472,	81
473,	5
474,	5
475,	8
476,	13
477,	16
478,	12
479,	15
480,	3
481,	18
482,	8
483,	12
484,	4
485,	10
486,	4
487,	10
488,	16
489,	22
490,	23
491,	6
492,	13
493,	13
494,	49
495,	11
496,	10
497,	14
498,	15
499,	8
500,	9
501,	31
502,	4
503,	10
504,	14
505,	9
506,	12
507,	7
508,	13
509,	67
510,	6
511,	6
512,	11
513,	49
514,	13
515,	16
516,	12
517,	19
518,	7
519,	13
520,	3
521,	15
522,	17
523,	15
524,	13
525,	20
526,	15
527,	20
528,	6
529,	17
530,	11
531,	14
532,	1
533,	19
534,	20
535,	22
536,	13
537,	15
538,	12
539,	55
540,	10
541,	2
542,	18
543,	22
544,	13
545,	16
546,	11
547,	19
548,	18
549,	9
550,	22
551,	17
552,	16
553,	19
554,	14
555,	17
556,	71
557,	7
558,	5
559,	20
560,	17
561,	18
562,	31
563,	18
564,	8
565,	69
566,	22
567,	10
568,	18
569,	12
570,	17
571,	6
572,	7
573,	18
574,	22
575,	4
576,	24
577,	12
578,	11
579,	17
580,	14
581,	13
582,	30
583,	20
584,	16
585,	0
586,	0
587,	9
588,	10
589,	14
590,	8
591,	13
592,	6
593,	4
594,	18
595,	19
596,	11
597,	17
598,	13
599,	18
600,	22
601,	13
602,	18
603,	8
604,	5
605,	1
606,	27
607,	15
608,	11
609,	15
610,	15
611,	4
612,	19
613,	10
614,	16
615,	7
616,	10
617,	13
618,	9
619,	12
620,	23
621,	18
622,	15
623,	13
624,	19
625,	7
626,	21
627,	21
628,	21
629,	20
630,	21
631,	16
632,	28
633,	16
634,	20
635,	3
636,	2
637,	25
638,	7
639,	14
640,	11
641,	13
642,	11
643,	10
644,	17
645,	15
646,	16
647,	5
648,	8
649,	11
650,	23
651,	6
652,	21
653,	5
654,	5
655,	25
656,	14
657,	13
658,	3
659,	26
660,	8
661,	16
662,	11
663,	8
664,	20
665,	12
666,	7
667,	35
668,	14
669,	26
670,	17
671,	15
672,	24
673,	23
674,	14
675,	9
676,	13
677,	9
678,	14
679,	13
680,	8
681,	11
682,	21
683,	21
684,	15
685,	12
686,	3
687,	12
688,	15
689,	5
690,	10
691,	6
692,	14
693,	24
694,	22
695,	14
696,	11
697,	19
698,	15
699,	20
700,	13
701,	12
702,	20
703,	21
704,	14
705,	15
706,	10
707,	13
708,	16
709,	20
710,	9
711,	21
712,	18
713,	18
714,	13
715,	13
716,	13
717,	23
718,	79
719,	20
720,	16
721,	15
722,	19
723,	18
724,	12
725,	9
726,	21
727,	23
728,	79
729,	25
730,	26
731,	16
732,	17
733,	24
734,	7
735,	28
736,	2
737,	22
738,	19
739,	6
740,	17
741,	9
742,	9
743,	18
744,	7
745,	22
746,	15
747,	23
748,	20
749,	19
750,	24
751,	10
752,	5
753,	8
754,	18
755,	24
756,	19
757,	17
758,	14
759,	16
760,	12
761,	8
762,	14
763,	26
764,	12
765,	13
766,	23
767,	19
768,	10
769,	20
770,	19
771,	17
772,	19
773,	10
774,	14
775,	30
776,	11
777,	15
778,	15
779,	22
780,	9
781,	2
782,	14
783,	13
784,	14
785,	23
786,	14
787,	19
788,	6
789,	27
790,	12
791,	16
792,	16
793,	6
794,	13
795,	17
796,	21
797,	21
798,	9
799,	24
800,	10
801,	19
802,	18
803,	10
804,	24
805,	9
806,	20
807,	14
808,	10
809,	11
810,	18
811,	10
812,	9
813,	22
814,	16
815,	14
816,	21
817,	15
818,	10
819,	5
820,	22
821,	46
822,	29
823,	16
824,	12
825,	6
826,	22
827,	11
828,	11
829,	24
830,	18
831,	20
832,	9
833,	17
834,	27
835,	21
836,	9
837,	24
838,	11
839,	29
840,	12
841,	16
842,	22
843,	17
844,	19
845,	23
846,	20
847,	20
848,	21
849,	18
850,	14
851,	14
852,	15
853,	19
854,	24
855,	14
856,	29
857,	15
858,	6
859,	11
860,	22
861,	18
862,	25
863,	27
864,	17
865,	12
866,	17
867,	32
868,	25
869,	26
870,	25
871,	10
872,	18
873,	26
874,	30
875,	12
876,	19
877,	20
878,	27
879,	26
880,	20
881,	23
882,	18
883,	81
884,	6
885,	17
886,	13
887,	29
888,	20
889,	15
890,	24
891,	8
892,	19
893,	28
894,	11
895,	32
896,	26
897,	26
898,	22
899,	28
900,	10
901,	16
902,	25
903,	14
904,	4
905,	23
906,	8
907,	16
908,	14
909,	21
910,	1
911,	17
912,	21
913,	12
914,	21
915,	22
916,	32
917,	24
918,	17
919,	26
920,	16
921,	27
922,	31
923,	30
924,	16
925,	16
926,	16
927,	6
928,	3
929,	27
930,	26
931,	17
932,	20
933,	30
934,	12
935,	34
936,	18
937,	32
938,	26
939,	25
940,	16
941,	30
942,	31
943,	28
944,	23
945,	15
946,	30
947,	20
948,	20
949,	5
950,	23
951,	24
952,	17
953,	6
954,	29
955,	18
956,	26
957,	30
958,	1
959,	26
960,	23
961,	19
962,	19
963,	18
964,	21
965,	35
966,	28
967,	29
968,	19
969,	3
970,	22
971,	23
972,	24
973,	17
974,	2
975,	28
976,	9
977,	17
978,	23
979,	25
980,	22
981,	30
982,	26
983,	23
984,	25
985,	21
986,	6
987,	24
988,	17
989,	24
990,	23
991,	13
992,	24
993,	17
994,	21
995,	17
996,	22
997,	16
998,	15
999,	18
1000,	25
1001,	17
1002,	22
1003,	28
1004,	22
1005,	28
1006,	32
1007,	23
1008,	26
1009,	24
1010,	21
1011,	21
1012,	11
1013,	13
1014,	17
1015,	19
1016,	18
1017,	15
1018,	31
1019,	6
1020,	20
1021,	31
1022,	11
1023,	27
1024,	25
1025,	24
1026,	18
1027,	27
1028,	22
1029,	6
1030,	19
1031,	27
1032,	20
1033,	12
1034,	21
1035,	23
1036,	5
1037,	11
1038,	26
1039,	23
1040,	29
1041,	27
1042,	18
1043,	18
1044,	24
1045,	24
1046,	6
1047,	24
1048,	33
1049,	37
1050,	31
1051,	36
1052,	26
1053,	29
1054,	33
1055,	11
1056,	26
1057,	11
1058,	14
1059,	13
1060,	22
1061,	31
1062,	16
1063,	15
1064,	30
1065,	25
1066,	22
1067,	34
1068,	22
1069,	26
1070,	21
1071,	17
1072,	22
1073,	24
1074,	19
1075,	17
1076,	29
1077,	22
1078,	27
1079,	34
1080,	21
1081,	35
1082,	37
1083,	15
1084,	14
1085,	31
1086,	34
1087,	35
1088,	25
1089,	14
1090,	23
1091,	23
1092,	22
1093,	20
1094,	19
1095,	21
1096,	15
1097,	17
1098,	30
1099,	24
1100,	25
1101,	29
1102,	25
1103,	23
1104,	31
1105,	24
1106,	18
1107,	10
1108,	26
1109,	25
1110,	24
1111,	28
1112,	27
1113,	25
1114,	33
1115,	26
1116,	25
1117,	35
1118,	32
1119,	18
1120,	43
1121,	24
1122,	25
1123,	25
1124,	27
1125,	6
1126,	38
1127,	26
1128,	32
1129,	28
1130,	29
1131,	22
1132,	17
1133,	19
1134,	29
1135,	22
1136,	27
1137,	26
1138,	21
1139,	23
1140,	23
1141,	19
1142,	26
1143,	35
1144,	29
1145,	9
1146,	25
1147,	33
1148,	28
1149,	22
1150,	15
1151,	35
1152,	22
1153,	24
1154,	8
1155,	33
1156,	22
1157,	19
1158,	10
1159,	29
1160,	26
1161,	27
1162,	30
1163,	24
1164,	23
1165,	30
1166,	20
1167,	28
1168,	29
1169,	14
1170,	20
1171,	0
1172,	27
1173,	13
1174,	24
1175,	11
1176,	32
1177,	12
1178,	30
1179,	33
1180,	31
1181,	28
1182,	17
1183,	16
1184,	19
1185,	70
1186,	34
1187,	35
1188,	20
1189,	30
1190,	25
1191,	6
1192,	36
1193,	22
1194,	6
1195,	34
1196,	31
1197,	16
1198,	33
1199,	14
1200,	25
1201,	29
1202,	25
1203,	20
1204,	28
1205,	20
1206,	18
1207,	19
1208,	31
1209,	20
1210,	25
1211,	25
1212,	30
1213,	27
1214,	32
1215,	45
1216,	28
1217,	30
1218,	15
1219,	25
1220,	28
1221,	26
1222,	27
1223,	29
1224,	34
1225,	15
1226,	15
1227,	40
1228,	28
1229,	20
1230,	32
1231,	28
1232,	26
1233,	22
1234,	21
1235,	26
1236,	32
1237,	27
1238,	25
1239,	24
1240,	17
1241,	28
1242,	29
1243,	25
1244,	33
1245,	32
1246,	35
1247,	28
1248,	29
1249,	13
1250,	37
1251,	27
1252,	37
1253,	28
1254,	28
1255,	31
1256,	36
1257,	27
1258,	79
1259,	36
1260,	32
1261,	27
1262,	27
1263,	3
1264,	26
1265,	36
1266,	37
1267,	38
1268,	19
1269,	34
1270,	41
1271,	16
1272,	32
1273,	13
1274,	39
1275,	22
1276,	38
1277,	23
1278,	11
1279,	19
1280,	31
1281,	26
1282,	39
1283,	28
1284,	15
1285,	25
1286,	28
1287,	32
1288,	29
1289,	34
1290,	31
1291,	37
1292,	21
1293,	32
1294,	29
1295,	35
1296,	31
1297,	19
1298,	34
1299,	33
1300,	30
1301,	35
1302,	37
1303,	18
1304,	35
1305,	40
1306,	14
1307,	30
1308,	34
1309,	28
1310,	14
1311,	38
1312,	4
1313,	27
1314,	32
1315,	39
1316,	9
1317,	0
1318,	41
1319,	39
1320,	33
1321,	36
1322,	31
1323,	23
1324,	21
1325,	12
1326,	31
1327,	34
1328,	22
1329,	28
1330,	42
1331,	33
1332,	37
1333,	33
1334,	25
1335,	29
1336,	20
1337,	21
1338,	22
1339,	21
1340,	36
1341,	21
1342,	9
1343,	18
1344,	26
1345,	32
1346,	30
1347,	29
1348,	34
1349,	29
1350,	19
1351,	35
1352,	16
1353,	23
1354,	42
1355,	32
1356,	37
1357,	26
1358,	41
1359,	34
1360,	36
1361,	32
1362,	18
1363,	0
1364,	36
1365,	27
1366,	7
1367,	30
1368,	34
1369,	27
1370,	30
1371,	27
1372,	38
1373,	30
1374,	14
1375,	42
1376,	19
1377,	37
1378,	24
1379,	24
1380,	22
1381,	29
1382,	31
1383,	28
1384,	20
1385,	35
1386,	0
1387,	20
1388,	30
1389,	33
1390,	18
1391,	20
1392,	21
1393,	11
1394,	25
1395,	36
1396,	33
1397,	25
1398,	9
1399,	15
1400,	25
1401,	23
1402,	50
1403,	39
1404,	33
1405,	36
1406,	32
1407,	30
1408,	29
1409,	11
1410,	27
1411,	36
1412,	29
1413,	40
1414,	34
1415,	29
1416,	32
1417,	27
1418,	31
1419,	37
1420,	21
1421,	45
1422,	34
1423,	21
1424,	43
1425,	13
1426,	39
1427,	33
1428,	30
1429,	36
1430,	30
1431,	30
1432,	14
1433,	23
1434,	27
1435,	25
1436,	31
1437,	23
1438,	29
1439,	24
1440,	28
1441,	31
1442,	31
1443,	9
1444,	32
1445,	32
1446,	17
1447,	12
1448,	30
1449,	40
1450,	34
1451,	30
1452,	35
1453,	22
1454,	27
1455,	18
1456,	34
1457,	39
1458,	14
1459,	34
1460,	39
1461,	24
1462,	30
1463,	21
1464,	29
1465,	31
1466,	25
1467,	30
1468,	31
1469,	35
1470,	34
1471,	38
1472,	23
1473,	38
1474,	33
1475,	23
1476,	42
1477,	45
1478,	20
1479,	33
1480,	43
1481,	24
1482,	41
1483,	29
1484,	8
1485,	31
1486,	32
1487,	35
1488,	15
1489,	24
1490,	33
1491,	41
1492,	27
1493,	31
1494,	33
1495,	37
1496,	7
1497,	42
1498,	26
1499,	39
1500,	28
1501,	15
1502,	34
1503,	19
1504,	28
1505,	43
1506,	37
1507,	41
1508,	36
1509,	35
1510,	38
1511,	43
1512,	25
1513,	16
1514,	22
1515,	33
1516,	36
1517,	27
1518,	33
1519,	26
1520,	24
1521,	37
1522,	28
1523,	42
1524,	31
1525,	33
1526,	24
1527,	35
1528,	40
1529,	35
1530,	34
1531,	37
1532,	28
1533,	33
1534,	40
1535,	25
1536,	37
1537,	46
1538,	34
1539,	28
1540,	29
1541,	19
1542,	41
1543,	31
1544,	30
1545,	36
1546,	24
1547,	43
1548,	32
1549,	34
1550,	37
1551,	31
1552,	21
1553,	2
1554,	35
1555,	13
1556,	31
1557,	38
1558,	35
1559,	39
1560,	38
1561,	27
1562,	20
1563,	29
1564,	42
1565,	41
1566,	39
1567,	37
1568,	36
1569,	24
1570,	34
1571,	45
1572,	34
1573,	29
1574,	26
1575,	41
1576,	26
1577,	28
1578,	12
1579,	32
1580,	28
1581,	35
1582,	35
1583,	43
1584,	16
1585,	22
1586,	44
1587,	26
1588,	26
1589,	12
1590,	31
1591,	38
1592,	34
1593,	35
1594,	27
1595,	21
1596,	39
1597,	39
1598,	38
1599,	38
1600,	29
1601,	36
1602,	36
1603,	42
1604,	46
1605,	40
1606,	34
1607,	37
1608,	38
1609,	61
1610,	40
1611,	27
1612,	35
1613,	29
1614,	27
1615,	40
1616,	3
1617,	40
1618,	38
1619,	26
1620,	9
1621,	48
1622,	40
1623,	32
1624,	23
1625,	28
1626,	17
1627,	28
1628,	38
1629,	25
1630,	34
1631,	17
1632,	35
1633,	27
1634,	16
1635,	36
1636,	39
1637,	43
1638,	35
1639,	44
1640,	46
1641,	30
1642,	28
1643,	32
1644,	20
1645,	37
1646,	44
1647,	30
1648,	39
1649,	39
1650,	40
1651,	11
1652,	32
1653,	36
1654,	39
1655,	33
1656,	41
1657,	39
1658,	42
1659,	26
1660,	29
1661,	41
1662,	41
1663,	42
1664,	36
1665,	1
1666,	22
1667,	20
1668,	44
1669,	36
1670,	35
1671,	40
1672,	38
1673,	37
1674,	41
1675,	46
1676,	17
1677,	40
1678,	34
1679,	45
1680,	38
1681,	42
1682,	41
1683,	33
1684,	36
1685,	35
1686,	36
1687,	51
1688,	36
1689,	39
1690,	31
1691,	2
1692,	39
1693,	40
1694,	4
1695,	35
1696,	41
1697,	45
1698,	37
1699,	30
1700,	38
1701,	36
1702,	35
1703,	41
1704,	23
1705,	52
1706,	31
1707,	36
1708,	42
1709,	41
1710,	32
1711,	23
1712,	33
1713,	32
1714,	35
1715,	39
1716,	43
1717,	45
1718,	32
1719,	32
1720,	50
1721,	52
1722,	18
1723,	13
1724,	44
1725,	42
1726,	35
1727,	27
1728,	47
1729,	44
1730,	48
1731,	38
1732,	31
1733,	33
1734,	46
1735,	17
1736,	29
1737,	39
1738,	33
1739,	37
1740,	39
1741,	28
1742,	45
1743,	29
1744,	31
1745,	36
1746,	30
1747,	46
1748,	39
1749,	44
1750,	40
1751,	32
1752,	44
1753,	43
1754,	42
1755,	41
1756,	29
1757,	21
1758,	49
1759,	34
1760,	40
1761,	48
1762,	44
1763,	33
1764,	53
1765,	32
1766,	40
1767,	29
1768,	42
1769,	44
1770,	20
1771,	37
1772,	40
1773,	51
1774,	47
1775,	46
1776,	44
1777,	23
1778,	44
1779,	42
1780,	38
1781,	26
1782,	44
1783,	45
1784,	28
1785,	36
1786,	45
1787,	20
1788,	48
1789,	37
1790,	43
1791,	45
1792,	38
1793,	18
1794,	32
1795,	55
1796,	36
1797,	31
1798,	22
1799,	26
1800,	24
1801,	31
1802,	42
1803,	40
1804,	41
1805,	39
1806,	43
1807,	38
1808,	32
1809,	37
1810,	27
1811,	32
1812,	48
1813,	46
1814,	33
1815,	39
1816,	46
1817,	34
1818,	41
1819,	36
1820,	43
1821,	37
1822,	37
1823,	42
1824,	35
1825,	50
1826,	44
1827,	37
1828,	38
1829,	37
1830,	45
1831,	15
1832,	46
1833,	42
1834,	39
1835,	45
1836,	29
1837,	47
1838,	41
1839,	53
1840,	37
1841,	31
1842,	46
1843,	38
1844,	49
1845,	42
1846,	44
1847,	42
1848,	45
1849,	45
1850,	49
1851,	37
1852,	44
1853,	45
1854,	45
1855,	47
1856,	44
1857,	41
1858,	36
1859,	10
1860,	22
1861,	9
1862,	32
1863,	35
1864,	54
1865,	33
1866,	49
1867,	43
1868,	44
1869,	44
1870,	49
1871,	44
1872,	40
1873,	39
1874,	25
1875,	42
1876,	32
1877,	30
1878,	41
1879,	43
1880,	45
1881,	47
1882,	42
1883,	44
1884,	27
1885,	49
1886,	45
1887,	40
1888,	46
1889,	38
1890,	38
1891,	45
1892,	36
1893,	48
1894,	40
1895,	51
1896,	55
1897,	47
1898,	47
1899,	46
1900,	53
1901,	47
1902,	37
1903,	41
1904,	47
1905,	38
1906,	55
1907,	38
1908,	37
1909,	32
1910,	43
1911,	30
1912,	31
1913,	39
1914,	54
1915,	49
1916,	42
1917,	49
1918,	45
1919,	40
1920,	50
1921,	50
1922,	45
1923,	46
1924,	51
1925,	41
1926,	34
1927,	47
1928,	3
1929,	30
1930,	42
1931,	57
1932,	5
1933,	38
1934,	48
1935,	43
1936,	41
1937,	30
1938,	53
1939,	47
1940,	51
1941,	50
1942,	51
1943,	40
1944,	37
1945,	35
1946,	29
1947,	43
1948,	43
1949,	52
1950,	29
1951,	24
1952,	51
1953,	48
1954,	40
1955,	43
1956,	49
1957,	38
1958,	48
1959,	25
1960,	45
1961,	26
1962,	33
1963,	30
1964,	44
1965,	46
1966,	41
1967,	34
1968,	62
1969,	28
1970,	42
1971,	53
1972,	30
1973,	49
1974,	48
1975,	43
1976,	38
1977,	46
1978,	33
1979,	47
1980,	42
1981,	39
1982,	35
1983,	43
1984,	39
1985,	33
1986,	7
1987,	39
1988,	23
1989,	40
1990,	42
1991,	50
1992,	37
1993,	43
1994,	34
1995,	54
1996,	40
1997,	26
1998,	56
1999,	39
2000,	36
2001,	49
2002,	44
2003,	42
2004,	47
2005,	18
2006,	52
2007,	48
2008,	47
2009,	36
2010,	51
2011,	50
2012,	50
2013,	31
2014,	46
2015,	47
2016,	50
2017,	33
2018,	38
2019,	46
2020,	28
2021,	46
2022,	42
2023,	37
2024,	53
2025,	50
2026,	54
2027,	43
2028,	41
2029,	47
2030,	51
2031,	40
2032,	43
2033,	44
2034,	52
2035,	61
2036,	59
2037,	46
2038,	49
2039,	33
2040,	38
2041,	41
2042,	19
2043,	38
2044,	36
2045,	59
2046,	43
2047,	45
2048,	35
2049,	42
2050,	41
2051,	40
2052,	43
2053,	38
2054,	49
2055,	53
2056,	34
2057,	50
2058,	19
2059,	42
2060,	46
2061,	25
2062,	50
2063,	43
2064,	47
2065,	48
2066,	40
2067,	16
2068,	52
2069,	20
2070,	44
2071,	11
2072,	52
2073,	39
2074,	44
2075,	49
2076,	49
2077,	50
2078,	52
2079,	51
2080,	57
2081,	52
2082,	41
2083,	40
2084,	60
2085,	46
2086,	21
2087,	51
2088,	58
2089,	43
2090,	28
2091,	52
2092,	48
2093,	33
2094,	17
2095,	31
2096,	45
2097,	49
2098,	48
2099,	46
2100,	34
2101,	36
2102,	50
2103,	39
2104,	22
2105,	49
2106,	49
2107,	48
2108,	31
2109,	50
2110,	36
2111,	5
2112,	45
2113,	45
2114,	49
2115,	51
2116,	54
2117,	44
2118,	56
2119,	53
2120,	50
2121,	55
2122,	50
2123,	44
2124,	46
2125,	50
2126,	42
2127,	26
2128,	47
2129,	53
2130,	55
2131,	51
2132,	47
2133,	51
2134,	38
2135,	43
2136,	65
2137,	48
2138,	55
2139,	42
2140,	18
2141,	54
2142,	47
2143,	46
2144,	48
2145,	47
2146,	39
2147,	44
2148,	43
2149,	48
2150,	41
2151,	19
2152,	54
2153,	45
2154,	53
2155,	39
2156,	50
2157,	20
2158,	57
2159,	44
2160,	55
2161,	52
2162,	54
2163,	60
2164,	54
2165,	47
2166,	27
2167,	18
2168,	44
2169,	34
2170,	45
2171,	43
2172,	54
2173,	59
2174,	42
2175,	58
2176,	53
2177,	48
2178,	55
2179,	53
2180,	52
2181,	43
2182,	52
2183,	42
2184,	40
2185,	40
2186,	48
2187,	41
2188,	47
2189,	54
2190,	48
2191,	52
2192,	37
2193,	40
2194,	47
2195,	57
2196,	33
2197,	31
2198,	57
2199,	45
2200,	28
2201,	54
2202,	53
2203,	47
2204,	43
2205,	56
2206,	51
2207,	48
2208,	51
2209,	46
2210,	58
2211,	24
2212,	52
2213,	52
2214,	44
2215,	36
2216,	50
2217,	50
2218,	48
2219,	47
2220,	81
2221,	46
2222,	31
2223,	52
2224,	48
2225,	51
2226,	50
2227,	54
2228,	56
2229,	59
2230,	55
2231,	38
2232,	44
2233,	59
2234,	49
2235,	32
2236,	48
2237,	44
2238,	57
2239,	58
2240,	51
2241,	40
2242,	63
2243,	63
2244,	61
2245,	35
2246,	46
2247,	46
2248,	56
2249,	50
2250,	54
2251,	53
2252,	56
2253,	57
2254,	63
2255,	24
2256,	58
2257,	57
2258,	53
2259,	50
2260,	55
2261,	29
2262,	58
2263,	51
2264,	35
2265,	61
2266,	27
2267,	26
2268,	51
2269,	62
2270,	59
2271,	57
2272,	62
2273,	56
2274,	45
2275,	21
2276,	22
2277,	53
2278,	43
2279,	41
2280,	52
2281,	54
2282,	6
2283,	54
2284,	70
2285,	50
2286,	15
2287,	60
2288,	63
2289,	15
2290,	52
2291,	53
2292,	20
2293,	53
2294,	45
2295,	62
2296,	55
2297,	50
2298,	4
2299,	38
2300,	48
2301,	26
2302,	49
2303,	54
2304,	56
2305,	52
2306,	65
2307,	59
2308,	41
2309,	61
2310,	46
2311,	54
2312,	57
2313,	57
2314,	47
2315,	45
2316,	41
2317,	46
2318,	55
2319,	30
2320,	51
2321,	55
2322,	49
2323,	47
2324,	60
2325,	49
2326,	48
2327,	58
2328,	58
2329,	49
2330,	7
2331,	66
2332,	52
2333,	45
2334,	44
2335,	67
2336,	52
2337,	31
2338,	52
2339,	37
2340,	6
2341,	46
2342,	56
2343,	46
2344,	48
2345,	55
2346,	41
2347,	61
2348,	10
2349,	52
2350,	53
2351,	51
2352,	54
2353,	30
2354,	53
2355,	45
2356,	54
2357,	69
2358,	16
2359,	29
2360,	68
2361,	44
2362,	61
2363,	51
2364,	56
2365,	36
2366,	49
2367,	48
2368,	56
2369,	40
2370,	56
2371,	19
2372,	36
2373,	55
2374,	43
2375,	26
2376,	55
2377,	55
2378,	57
2379,	48
2380,	47
2381,	58
2382,	52
2383,	54
2384,	40
2385,	38
2386,	35
2387,	36
2388,	53
2389,	49
2390,	50
2391,	46
2392,	62
2393,	60
2394,	51
2395,	49
2396,	50
2397,	54
2398,	51
2399,	54
2400,	59
2401,	43
2402,	49
2403,	66
2404,	60
2405,	39
2406,	41
2407,	54
2408,	63
2409,	55
2410,	43
2411,	49
2412,	59
2413,	47
2414,	58
2415,	58
2416,	57
2417,	56
2418,	64
2419,	49
2420,	42
2421,	59
2422,	60
2423,	55
2424,	42
2425,	53
2426,	58
2427,	58
2428,	45
2429,	57
2430,	55
2431,	60
2432,	60
2433,	52
2434,	27
2435,	61
2436,	64
2437,	44
2438,	34
2439,	55
2440,	44
2441,	46
2442,	45
2443,	55
2444,	57
2445,	61
2446,	57
2447,	40
2448,	48
2449,	52
2450,	34
2451,	41
2452,	56
2453,	58
2454,	58
2455,	51
2456,	61
2457,	59
2458,	50
2459,	50
2460,	53
2461,	56
2462,	63
2463,	52
2464,	64
2465,	66
2466,	54
2467,	58
2468,	34
2469,	46
2470,	52
2471,	52
2472,	60
2473,	51
2474,	55
2475,	60
2476,	51
2477,	62
2478,	58
2479,	72
2480,	65
2481,	68
2482,	37
2483,	56
2484,	3
2485,	64
2486,	50
2487,	56
2488,	58
2489,	49
2490,	39
2491,	60
2492,	59
2493,	47
2494,	53
2495,	47
2496,	63
2497,	61
2498,	61
2499,	65
2500,	50
2501,	56
2502,	63
2503,	42
2504,	67
2505,	41
2506,	58
2507,	28
2508,	28
2509,	41
2510,	59
2511,	62
2512,	56
2513,	60
2514,	57
2515,	38
2516,	56
2517,	46
2518,	57
2519,	22
2520,	47
2521,	63
2522,	59
2523,	52
2524,	36
2525,	46
2526,	48
2527,	58
2528,	57
2529,	41
2530,	47
2531,	64
2532,	34
2533,	56
2534,	8
2535,	59
2536,	10
2537,	47
2538,	61
2539,	56
2540,	58
2541,	67
2542,	62
2543,	70
2544,	39
2545,	59
2546,	46
2547,	53
2548,	64
2549,	54
2550,	49
2551,	29
2552,	60
2553,	62
2554,	47
2555,	65
2556,	61
2557,	43
2558,	7
2559,	70
2560,	69
2561,	31
2562,	54
2563,	69
2564,	50
2565,	62
2566,	60
2567,	63
2568,	60
2569,	47
2570,	61
2571,	49
2572,	24
2573,	51
2574,	61
2575,	65
2576,	64
2577,	43
2578,	67
2579,	59
2580,	60
2581,	58
2582,	55
2583,	29
2584,	66
2585,	59
2586,	45
2587,	43
2588,	67
2589,	42
2590,	61
2591,	58
2592,	57
2593,	56
2594,	4
2595,	57
2596,	70
2597,	63
2598,	54
2599,	46
2600,	62
2601,	62
2602,	58
2603,	62
2604,	23
2605,	59
2606,	63
2607,	52
2608,	58
2609,	42
2610,	66
2611,	23
2612,	5
2613,	55
2614,	51
2615,	52
2616,	41
2617,	62
2618,	66
2619,	53
2620,	62
2621,	57
2622,	66
2623,	65
2624,	3
2625,	59
2626,	48
2627,	40
2628,	4
2629,	64
2630,	67
2631,	69
2632,	60
2633,	57
2634,	53
2635,	62
2636,	59
2637,	58
2638,	57
2639,	57
2640,	39
2641,	51
2642,	50
2643,	33
2644,	54
2645,	55
2646,	52
2647,	58
2648,	66
2649,	56
2650,	51
2651,	17
2652,	60
2653,	50
2654,	65
2655,	48
2656,	44
2657,	60
2658,	48
2659,	48
2660,	50
2661,	57
2662,	71
2663,	66
2664,	48
2665,	71
2666,	59
2667,	55
2668,	54
2669,	48
2670,	66
2671,	49
2672,	61
2673,	62
2674,	61
2675,	60
2676,	44
2677,	54
2678,	64
2679,	34
2680,	62
2681,	60
2682,	45
2683,	58
2684,	65
2685,	48
2686,	64
2687,	30
2688,	61
2689,	68
2690,	12
2691,	47
2692,	63
2693,	66
2694,	61
2695,	47
2696,	64
2697,	54
2698,	64
2699,	71
2700,	64
2701,	59
2702,	51
2703,	68
2704,	63
2705,	59
2706,	49
2707,	61
2708,	54
2709,	63
2710,	65
2711,	40
2712,	66
2713,	68
2714,	53
2715,	14
2716,	64
2717,	49
2718,	67
2719,	64
2720,	29
2721,	57
2722,	55
2723,	69
2724,	62
2725,	57
2726,	33
2727,	67
2728,	63
2729,	53
2730,	65
2731,	60
2732,	44
2733,	49
2734,	62
2735,	70
2736,	66
2737,	51
2738,	57
2739,	27
2740,	63
2741,	58
2742,	66
2743,	64
2744,	50
2745,	50
2746,	46
2747,	72
2748,	71
2749,	65
2750,	69
2751,	25
2752,	32
2753,	49
2754,	35
2755,	40
2756,	64
2757,	51
2758,	62
2759,	39
2760,	55
2761,	55
2762,	52
2763,	50
2764,	55
2765,	45
2766,	51
2767,	67
2768,	63
2769,	63
2770,	54
2771,	50
2772,	62
2773,	67
2774,	68
2775,	47
2776,	56
2777,	27
2778,	55
2779,	38
2780,	53
2781,	56
2782,	72
2783,	53
2784,	64
2785,	51
2786,	62
2787,	53
2788,	27
2789,	61
2790,	59
2791,	59
2792,	71
2793,	73
2794,	65
2795,	73
2796,	22
2797,	61
2798,	47
2799,	69
2800,	51
2801,	68
2802,	55
2803,	64
2804,	69
2805,	54
2806,	56
2807,	35
2808,	63
2809,	69
2810,	76
2811,	65
2812,	59
2813,	68
2814,	58
2815,	31
2816,	60
2817,	61
2818,	73
2819,	38
2820,	59
2821,	66
2822,	73
2823,	61
2824,	73
2825,	53
2826,	65
2827,	27
2828,	56
2829,	44
2830,	69
2831,	64
2832,	70
2833,	70
2834,	61
2835,	58
2836,	60
2837,	61
2838,	67
2839,	60
2840,	71
2841,	63
2842,	23
2843,	45
2844,	59
2845,	55
2846,	67
2847,	67
2848,	70
2849,	68
2850,	61
2851,	37
2852,	65
2853,	70
2854,	69
2855,	58
2856,	63
2857,	48
2858,	52
2859,	65
2860,	66
2861,	48
2862,	68
2863,	67
2864,	34
2865,	66
2866,	57
2867,	70
2868,	60
2869,	30
2870,	64
2871,	43
2872,	74
2873,	36
2874,	67
2875,	54
2876,	41
2877,	19
2878,	57
2879,	67
2880,	55
2881,	24
2882,	53
2883,	74
2884,	45
2885,	68
2886,	50
2887,	56
2888,	69
2889,	63
2890,	66
2891,	47
2892,	68
2893,	67
2894,	69
2895,	76
2896,	74
2897,	41
2898,	30
2899,	53
2900,	26
2901,	60
2902,	56
2903,	68
2904,	69
2905,	68
2906,	57
2907,	75
2908,	34
2909,	72
2910,	47
2911,	64
2912,	55
2913,	74
2914,	57
2915,	32
2916,	56
2917,	71
2918,	59
2919,	71
2920,	52
2921,	48
2922,	75
2923,	75
2924,	46
2925,	72
2926,	73
2927,	72
2928,	70
2929,	21
2930,	68
2931,	73
2932,	69
2933,	70
2934,	63
2935,	72
2936,	73
2937,	52
2938,	65
2939,	67
2940,	76
2941,	59
2942,	72
2943,	74
2944,	64
2945,	75
2946,	75
2947,	62
2948,	67
2949,	45
2950,	65
2951,	63
2952,	77
2953,	78
2954,	68
2955,	74
2956,	54
2957,	73
2958,	57
2959,	73
2960,	69
2961,	65
2962,	65
2963,	49
2964,	38
2965,	62
2966,	75
2967,	64
2968,	69
2969,	61
2970,	65
2971,	48
2972,	47
2973,	59
2974,	71
2975,	77
2976,	68
2977,	50
2978,	60
2979,	69
2980,	54
2981,	74
2982,	69
2983,	70
2984,	66
2985,	72
2986,	58
2987,	67
2988,	56
2989,	24
2990,	53
2991,	53
2992,	70
2993,	68
2994,	64
2995,	39
2996,	71
2997,	58
2998,	72
2999,	47
3000,	58
3001,	59
3002,	56
3003,	64
3004,	65
3005,	64
3006,	69
3007,	34
3008,	25
3009,	72
3010,	69
3011,	62
3012,	71
3013,	62
3014,	63
3015,	63
3016,	69
3017,	65
3018,	70
3019,	62
3020,	61
3021,	72
3022,	70
3023,	59
3024,	66
3025,	73
3026,	76
3027,	70
3028,	79
3029,	70
3030,	74
3031,	74
3032,	23
3033,	62
3034,	74
3035,	59
3036,	37
3037,	62
3038,	72
3039,	36
3040,	77
3041,	76
3042,	60
3043,	41
3044,	58
3045,	16
3046,	65
3047,	79
3048,	71
3049,	49
3050,	70
3051,	61
3052,	54
3053,	34
3054,	77
3055,	81
3056,	62
3057,	75
3058,	71
3059,	71
3060,	55
3061,	77
3062,	65
3063,	59
3064,	60
3065,	71
3066,	59
3067,	72
3068,	71
3069,	47
3070,	79
3071,	78
3072,	70
3073,	29
3074,	65
3075,	72
3076,	71
3077,	68
3078,	76
3079,	76
3080,	69
3081,	26
3082,	68
3083,	64
3084,	71
3085,	67
3086,	40
3087,	78
3088,	72
3089,	73
3090,	63
3091,	76
3092,	33
3093,	74
3094,	21
3095,	61
3096,	75
3097,	71
3098,	43
3099,	53
3100,	75
3101,	38
3102,	64
3103,	58
3104,	71
3105,	76
3106,	73
3107,	56
3108,	63
3109,	50
3110,	74
3111,	74
3112,	61
3113,	71
3114,	71
3115,	53
3116,	71
3117,	79
3118,	71
3119,	8
3120,	73
3121,	54
3122,	42
3123,	55
3124,	78
3125,	73
3126,	73
3127,	51
3128,	51
3129,	17
3130,	71
3131,	60
3132,	56
3133,	75
3134,	49
3135,	59
3136,	72
3137,	70
3138,	67
3139,	66
3140,	77
3141,	72
3142,	57
3143,	60
3144,	64
3145,	63
3146,	57
3147,	81
3148,	70
3149,	79
3150,	67
3151,	9
3152,	74
3153,	67
3154,	72
3155,	74
3156,	75
3157,	62
3158,	52
3159,	74
3160,	55
3161,	73
3162,	34
3163,	81
3164,	74
3165,	61
3166,	73
3167,	61
3168,	50
3169,	65
3170,	64
3171,	43
3172,	62
3173,	69
3174,	74
3175,	80
3176,	72
3177,	75
3178,	76
3179,	66
3180,	68
3181,	72
3182,	70
3183,	40
3184,	53
3185,	80
3186,	79
3187,	78
3188,	61
3189,	72
3190,	50
3191,	62
3192,	54
3193,	31
3194,	80
3195,	68
3196,	10
3197,	78
3198,	81
3199,	64
3200,	70
3201,	70
3202,	55
3203,	37
3204,	78
3205,	76
3206,	63
3207,	39
3208,	7
3209,	74
3210,	79
3211,	73
3212,	72
3213,	65
3214,	65
3215,	73
3216,	62
3217,	11
3218,	49
3219,	72
3220,	38
3221,	80
3222,	29
3223,	75
3224,	77
3225,	73
3226,	80
3227,	68
3228,	66
3229,	79
3230,	55
3231,	78
3232,	68
3233,	77
3234,	62
3235,	75
3236,	57
3237,	78
3238,	81
3239,	67
3240,	76
3241,	2
3242,	67
3243,	70
3244,	75
3245,	79
3246,	78
3247,	77
3248,	68
3249,	72
3250,	78
3251,	2
3252,	73
3253,	53
3254,	80
3255,	81
3256,	77
3257,	74
3258,	69
3259,	39
3260,	78
3261,	68
3262,	9
3263,	76
3264,	70
3265,	72
3266,	77
3267,	73
3268,	66
3269,	60
3270,	20
3271,	72
3272,	66
3273,	66
3274,	20
3275,	8
3276,	58
3277,	77
3278,	10
3279,	20
3280,	49
3281,	63
3282,	74
3283,	66
3284,	50
3285,	65
3286,	75
3287,	64
3288,	81
3289,	75
3290,	71
3291,	71
3292,	77
3293,	67
3294,	56
3295,	76
3296,	69
3297,	60
3298,	66
3299,	69
3300,	70
3301,	16
3302,	68
3303,	32
3304,	75
3305,	43
3306,	76
3307,	77
3308,	64
3309,	80
3310,	80
3311,	75
3312,	11
3313,	12
3314,	75
3315,	49
3316,	72
3317,	79
3318,	60
3319,	74
3320,	56
3321,	74
3322,	14
3323,	78
3324,	76
3325,	33
3326,	54
3327,	59
3328,	5
3329,	81
3330,	6
3331,	78
3332,	73
3333,	67
3334,	70
3335,	77
3336,	81
3337,	64
3338,	73
3339,	4
3340,	74
3341,	78
3342,	58
3343,	70
3344,	75
3345,	58
3346,	41
3347,	77
3348,	77
3349,	81
3350,	13
3351,	60
3352,	79
3353,	63
3354,	73
3355,	79
3356,	76
3357,	65
3358,	79
3359,	52
3360,	62
3361,	43
3362,	71
3363,	78
3364,	80
3365,	54
3366,	75
3367,	79
3368,	74
3369,	80
3370,	77
3371,	79
3372,	65
3373,	39
3374,	72
3375,	69
3376,	73
3377,	59
3378,	4
3379,	31
3380,	76
3381,	81
3382,	66
3383,	57
3384,	67
3385,	2
3386,	18
3387,	50
3388,	80
3389,	8
3390,	67
3391,	74
3392,	77
3393,	73
3394,	53
3395,	42
3396,	62
3397,	75
3398,	76
3399,	64
3400,	63
3401,	72
3402,	67
3403,	51
3404,	2
3405,	9
3406,	58
3407,	77
3408,	10
3409,	75
3410,	72
3411,	72
3412,	79
3413,	6
3414,	67
3415,	31
3416,	80
3417,	14
3418,	70
3419,	63
3420,	62
3421,	68
3422,	59
3423,	81
3424,	80
3425,	73
3426,	1
3427,	8
3428,	77
3429,	50
3430,	76
3431,	81
3432,	76
3433,	71
3434,	79
3435,	2
3436,	80
3437,	60
3438,	31
3439,	77
3440,	10
3441,	57
3442,	67
3443,	2
3444,	5
3445,	75
3446,	9
3447,	22
3448,	76
3449,	68
3450,	77
3451,	4
3452,	78
3453,	66
3454,	77
3455,	65
3456,	26
3457,	81
3458,	52
3459,	20
3460,	50
3461,	65
3462,	66
3463,	48
3464,	26
3465,	71
3466,	25
3467,	27
3468,	46
3469,	51
3470,	59
3471,	40
3472,	74
3473,	52
3474,	57
3475,	78
3476,	34
3477,	79
3478,	10
3479,	43
3480,	5
3481,	79
3482,	67
3483,	46
3484,	2
3485,	80
3486,	18
3487,	5
3488,	19
3489,	12
3490,	1
3491,	79
3492,	69
3493,	77
3494,	70
3495,	10
3496,	72
3497,	14
3498,	16
3499,	6
3500,	68
3501,	7
3502,	67
3503,	14
3504,	16
3505,	60
3506,	62
3507,	4
3508,	59
3509,	25
3510,	78
3511,	26
3512,	73
3513,	7
3514,	25
3515,	13
3516,	65
3517,	68
3518,	7
3519,	1
3520,	68
3521,	3
3522,	69
3523,	4
3524,	76
3525,	5
3526,	11
3527,	12
3528,	39
3529,	79
3530,	25
3531,	69
3532,	72
3533,	79
3534,	19
3535,	68
3536,	6
3537,	6
3538,	56
3539,	74
3540,	61
3541,	1
3542,	66
3543,	68
3544,	31
3545,	77
3546,	5
3547,	76
3548,	3
3549,	8
3550,	61
3551,	10
3552,	13
3553,	42
3554,	59
3555,	64
3556,	75
3557,	10
3558,	25
3559,	24
3560,	77
3561,	57
3562,	78
3563,	24
3564,	72
3565,	79
3566,	80
3567,	56
3568,	78
3569,	11
3570,	58
3571,	76
3572,	80
3573,	6
3574,	60
3575,	28
3576,	80
3577,	55
3578,	69
3579,	17
3580,	78
3581,	46
3582,	3
3583,	73
3584,	25
3585,	1
3586,	71
3587,	80
3588,	3
3589,	2
3590,	1
3591,	5
3592,	76
3593,	81
3594,	9
3595,	11
3596,	51
3597,	68
3598,	7
3599,	13
3600,	13
3601,	80
3602,	40
3603,	75
3604,	9
3605,	80
3606,	79
3607,	71
3608,	32
3609,	19
3610,	8
3611,	78
3612,	11
3613,	1
3614,	78
3615,	36
3616,	77
3617,	3
3618,	12
3619,	13
3620,	46
3621,	55
3622,	78
3623,	8
3624,	14
3625,	3
3626,	65
3627,	81
3628,	23
3629,	13
3630,	70
3631,	46
3632,	34
3633,	15
3634,	72
3635,	11
3636,	2
3637,	12
3638,	1
3639,	3
3640,	39
3641,	56
3642,	24
3643,	66
3644,	81
3645,	12
3646,	23
3647,	71
3648,	3
3649,	75
3650,	66
3651,	78
3652,	67
3653,	24
3654,	14
3655,	80
3656,	7
3657,	53
3658,	8
3659,	74
3660,	23
3661,	2
3662,	77
3663,	70
3664,	27
3665,	1
3666,	76
3667,	81
3668,	3
3669,	75
3670,	61
3671,	41
3672,	7
3673,	79
3674,	63
3675,	2
3676,	1
3677,	4
3678,	52
3679,	20
3680,	13
3681,	69
3682,	7
3683,	4
3684,	76
3685,	9
3686,	18
3687,	47
3688,	81
3689,	20
3690,	76
3691,	64
3692,	9
3693,	66
3694,	11
3695,	72
3696,	75
3697,	78
3698,	9
3699,	56
3700,	73
3701,	6
3702,	81
3703,	77
3704,	39
3705,	8
3706,	3
3707,	18
3708,	48
3709,	80
3710,	3
3711,	81
3712,	4
3713,	32
3714,	10
3715,	5
3716,	14
3717,	11
3718,	14
3719,	63
3720,	19
3721,	63
3722,	7
3723,	10
3724,	2
3725,	53
3726,	50
3727,	1
3728,	78
3729,	52
3730,	28
3731,	12
3732,	23
3733,	5
3734,	1
3735,	67
3736,	71
3737,	49
3738,	20
3739,	1
3740,	79
3741,	79
3742,	35
3743,	8
3744,	3
3745,	3
3746,	7
3747,	8
3748,	5
3749,	23
3750,	5
3751,	3
3752,	53
3753,	75
3754,	5
3755,	70
3756,	6
3757,	27
3758,	60
3759,	24
3760,	71
3761,	8
3762,	74
3763,	77
3764,	51
3765,	19
3766,	4
3767,	37
3768,	3
3769,	9
3770,	71
3771,	78
3772,	36
3773,	78
3774,	79
3775,	5
3776,	76
3777,	4
3778,	81
3779,	16
3780,	14
3781,	32
3782,	70
3783,	80
3784,	66
3785,	81
3786,	32
3787,	16
3788,	19
3789,	2
3790,	6
3791,	28
3792,	58
3793,	68
3794,	66
3795,	68
3796,	4
3797,	80
3798,	4
3799,	2
3800,	14
3801,	80
3802,	1
3803,	68
3804,	79
3805,	81
3806,	75
3807,	74
3808,	57
3809,	17
3810,	67
3811,	65
3812,	3
3813,	12
3814,	59
3815,	69
3816,	21
3817,	12
3818,	1
3819,	52
3820,	3
3821,	57
3822,	39
3823,	18
3824,	73
3825,	54
3826,	77
3827,	1
3828,	2
3829,	2
3830,	78
3831,	40
3832,	15
3833,	8
3834,	28
3835,	77
3836,	51
3837,	80
3838,	1
3839,	1
3840,	1
3841,	68
3842,	8
3843,	1
3844,	1
3845,	71
3846,	21
3847,	80
3848,	20
3849,	8
3850,	2
3851,	21
3852,	1
3853,	81
3854,	53
3855,	61
3856,	4
3857,	2
3858,	27
3859,	73
3860,	1
3861,	22
3862,	59
3863,	74
3864,	3
3865,	1
3866,	8
3867,	39
3868,	57
3869,	14
3870,	80
3871,	25
3872,	9
3873,	63
3874,	80
3875,	15
3876,	18
3877,	72
3878,	1
3879,	4
3880,	31
3881,	74
3882,	1
3883,	7
3884,	33
3885,	12
3886,	1
3887,	25
3888,	0
3889,	78
3890,	12
3891,	10
3892,	2
3893,	26
3894,	70
3895,	53
3896,	7
3897,	1
3898,	8
3899,	0
3900,	2
3901,	12
3902,	76
3903,	10
3904,	73
3905,	7
3906,	32
3907,	33
3908,	8
3909,	1
3910,	11
3911,	0
3912,	15
3913,	1
3914,	5
3915,	1
3916,	2
3917,	1
3918,	69
3919,	1
3920,	54
3921,	49
3922,	52
3923,	78
3924,	75
3925,	73
3926,	0
3927,	0
3928,	43
3929,	3
3930,	73
3931,	74
3932,	18
3933,	30
3934,	63
3935,	12
3936,	75
3937,	3
3938,	81
3939,	77
3940,	0
3941,	80
3942,	2
3943,	0
3944,	0
3945,	0
3946,	40
3947,	70
3948,	76
3949,	39
3950,	1
3951,	65
3952,	5
3953,	19
3954,	64
3955,	0
3956,	1
3957,	0
3958,	4
3959,	2
3960,	0
3961,	0
3962,	8
3963,	0
3964,	7
3965,	0
3966,	70
3967,	0
3968,	0
3969,	72
3970,	0
3971,	17
3972,	0
3973,	18
3974,	0
3975,	0
3976,	39
3977,	80
3978,	0
3979,	75
3980,	0
3981,	0
3982,	9
3983,	0
3984,	0
3985,	79
3986,	81
3987,	0
3988,	0
3989,	0
3990,	80
3991,	19
3992,	0
3993,	81
3994,	0
3995,	0
3996,	0
3997,	0
3998,	0
3999,	0
