Instance: /home/gabriel/Documents/ufrgs/courses/oc/trab/instances/cmb04
Vertices: 1000
Colors: 32
NumIterations: 100
Alpha: 0.850000
Is Factible?: false
Conflicts: 90
Solution Value: 319713.093750
Vertex,	Color
0,	16
1,	2
2,	2
3,	8
4,	4
5,	3
6,	8
7,	4
8,	8
9,	1
10,	4
11,	2
12,	25
13,	3
14,	6
15,	17
16,	7
17,	10
18,	5
19,	12
20,	9
21,	5
22,	17
23,	29
24,	1
25,	5
26,	8
27,	11
28,	1
29,	1
30,	3
31,	6
32,	2
33,	16
34,	8
35,	3
36,	1
37,	5
38,	10
39,	3
40,	15
41,	5
42,	12
43,	4
44,	3
45,	5
46,	10
47,	5
48,	4
49,	13
50,	0
51,	6
52,	27
53,	4
54,	1
55,	19
56,	6
57,	1
58,	1
59,	9
60,	3
61,	2
62,	7
63,	25
64,	5
65,	0
66,	5
67,	4
68,	8
69,	6
70,	4
71,	13
72,	4
73,	7
74,	3
75,	3
76,	3
77,	7
78,	29
79,	3
80,	14
81,	1
82,	11
83,	14
84,	2
85,	9
86,	1
87,	4
88,	3
89,	3
90,	2
91,	2
92,	4
93,	3
94,	11
95,	3
96,	3
97,	4
98,	31
99,	9
100,	1
101,	2
102,	2
103,	5
104,	3
105,	3
106,	5
107,	3
108,	23
109,	0
110,	6
111,	2
112,	10
113,	5
114,	10
115,	11
116,	27
117,	9
118,	10
119,	5
120,	9
121,	18
122,	5
123,	3
124,	5
125,	1
126,	2
127,	8
128,	4
129,	8
130,	2
131,	0
132,	1
133,	2
134,	15
135,	25
136,	2
137,	2
138,	1
139,	10
140,	3
141,	26
142,	3
143,	3
144,	3
145,	2
146,	5
147,	18
148,	3
149,	6
150,	2
151,	5
152,	20
153,	3
154,	4
155,	6
156,	2
157,	5
158,	14
159,	4
160,	8
161,	31
162,	2
163,	4
164,	2
165,	11
166,	1
167,	1
168,	5
169,	4
170,	11
171,	1
172,	17
173,	11
174,	1
175,	9
176,	2
177,	7
178,	4
179,	3
180,	7
181,	7
182,	8
183,	3
184,	6
185,	2
186,	5
187,	2
188,	1
189,	5
190,	9
191,	7
192,	0
193,	10
194,	6
195,	8
196,	20
197,	13
198,	6
199,	19
200,	6
201,	3
202,	6
203,	3
204,	5
205,	10
206,	2
207,	1
208,	17
209,	17
210,	3
211,	12
212,	3
213,	8
214,	7
215,	18
216,	12
217,	12
218,	7
219,	6
220,	1
221,	4
222,	15
223,	5
224,	16
225,	8
226,	3
227,	0
228,	1
229,	2
230,	4
231,	7
232,	3
233,	3
234,	8
235,	6
236,	8
237,	12
238,	7
239,	10
240,	4
241,	9
242,	8
243,	9
244,	7
245,	8
246,	2
247,	0
248,	6
249,	14
250,	10
251,	4
252,	1
253,	13
254,	16
255,	10
256,	12
257,	12
258,	7
259,	7
260,	14
261,	12
262,	9
263,	12
264,	7
265,	21
266,	14
267,	14
268,	6
269,	16
270,	3
271,	10
272,	8
273,	11
274,	16
275,	9
276,	26
277,	14
278,	9
279,	8
280,	9
281,	0
282,	6
283,	6
284,	12
285,	6
286,	12
287,	16
288,	5
289,	16
290,	6
291,	9
292,	7
293,	6
294,	7
295,	15
296,	5
297,	5
298,	4
299,	14
300,	11
301,	23
302,	8
303,	6
304,	8
305,	9
306,	5
307,	20
308,	3
309,	6
310,	6
311,	12
312,	5
313,	9
314,	7
315,	18
316,	4
317,	10
318,	9
319,	8
320,	14
321,	2
322,	6
323,	13
324,	7
325,	12
326,	18
327,	12
328,	7
329,	8
330,	8
331,	11
332,	9
333,	10
334,	10
335,	13
336,	18
337,	20
338,	11
339,	15
340,	13
341,	13
342,	19
343,	11
344,	12
345,	10
346,	10
347,	22
348,	13
349,	14
350,	9
351,	11
352,	11
353,	20
354,	10
355,	21
356,	5
357,	6
358,	11
359,	14
360,	16
361,	19
362,	11
363,	7
364,	18
365,	13
366,	7
367,	15
368,	8
369,	5
370,	16
371,	16
372,	22
373,	9
374,	6
375,	16
376,	17
377,	15
378,	15
379,	10
380,	7
381,	8
382,	15
383,	7
384,	21
385,	13
386,	4
387,	16
388,	11
389,	7
390,	17
391,	23
392,	11
393,	15
394,	22
395,	9
396,	23
397,	15
398,	16
399,	17
400,	14
401,	16
402,	14
403,	20
404,	13
405,	9
406,	13
407,	28
408,	19
409,	15
410,	17
411,	12
412,	11
413,	14
414,	15
415,	4
416,	4
417,	18
418,	16
419,	14
420,	14
421,	17
422,	11
423,	8
424,	15
425,	12
426,	12
427,	21
428,	13
429,	16
430,	12
431,	22
432,	18
433,	15
434,	17
435,	9
436,	11
437,	17
438,	11
439,	21
440,	16
441,	10
442,	17
443,	18
444,	8
445,	15
446,	22
447,	14
448,	22
449,	18
450,	13
451,	22
452,	13
453,	8
454,	24
455,	17
456,	19
457,	13
458,	9
459,	18
460,	9
461,	4
462,	17
463,	18
464,	19
465,	20
466,	7
467,	28
468,	18
469,	8
470,	16
471,	5
472,	24
473,	7
474,	14
475,	12
476,	21
477,	15
478,	18
479,	27
480,	20
481,	14
482,	13
483,	8
484,	9
485,	16
486,	20
487,	27
488,	13
489,	2
490,	20
491,	19
492,	20
493,	11
494,	8
495,	10
496,	26
497,	12
498,	22
499,	13
500,	17
501,	21
502,	18
503,	13
504,	20
505,	21
506,	13
507,	8
508,	7
509,	10
510,	25
511,	13
512,	18
513,	19
514,	20
515,	15
516,	2
517,	11
518,	10
519,	17
520,	16
521,	10
522,	9
523,	13
524,	24
525,	15
526,	12
527,	12
528,	14
529,	2
530,	9
531,	22
532,	17
533,	2
534,	1
535,	6
536,	22
537,	28
538,	21
539,	21
540,	14
541,	24
542,	13
543,	15
544,	24
545,	18
546,	13
547,	16
548,	9
549,	12
550,	23
551,	27
552,	21
553,	25
554,	25
555,	30
556,	13
557,	12
558,	14
559,	21
560,	8
561,	24
562,	23
563,	9
564,	2
565,	7
566,	24
567,	17
568,	19
569,	18
570,	17
571,	22
572,	9
573,	14
574,	11
575,	20
576,	23
577,	23
578,	9
579,	17
580,	12
581,	14
582,	11
583,	15
584,	27
585,	11
586,	19
587,	22
588,	23
589,	11
590,	17
591,	26
592,	19
593,	26
594,	22
595,	9
596,	10
597,	15
598,	19
599,	15
600,	18
601,	23
602,	19
603,	21
604,	18
605,	10
606,	23
607,	21
608,	25
609,	23
610,	25
611,	19
612,	17
613,	24
614,	22
615,	16
616,	20
617,	12
618,	25
619,	18
620,	14
621,	26
622,	22
623,	0
624,	14
625,	25
626,	10
627,	4
628,	17
629,	28
630,	20
631,	10
632,	8
633,	23
634,	18
635,	18
636,	26
637,	11
638,	20
639,	17
640,	24
641,	29
642,	24
643,	15
644,	15
645,	16
646,	19
647,	25
648,	16
649,	18
650,	14
651,	5
652,	28
653,	17
654,	25
655,	30
656,	26
657,	25
658,	23
659,	16
660,	28
661,	23
662,	19
663,	21
664,	30
665,	29
666,	21
667,	18
668,	19
669,	19
670,	27
671,	26
672,	24
673,	7
674,	29
675,	22
676,	28
677,	25
678,	29
679,	30
680,	7
681,	19
682,	29
683,	24
684,	15
685,	18
686,	14
687,	21
688,	10
689,	12
690,	23
691,	27
692,	26
693,	20
694,	21
695,	22
696,	21
697,	15
698,	27
699,	7
700,	22
701,	24
702,	23
703,	26
704,	31
705,	18
706,	4
707,	14
708,	28
709,	26
710,	13
711,	23
712,	16
713,	25
714,	21
715,	28
716,	28
717,	4
718,	31
719,	28
720,	31
721,	24
722,	24
723,	24
724,	24
725,	23
726,	26
727,	11
728,	23
729,	21
730,	29
731,	20
732,	24
733,	25
734,	23
735,	25
736,	27
737,	20
738,	6
739,	11
740,	28
741,	29
742,	27
743,	21
744,	22
745,	25
746,	20
747,	28
748,	29
749,	7
750,	27
751,	5
752,	20
753,	30
754,	31
755,	13
756,	26
757,	26
758,	27
759,	27
760,	22
761,	26
762,	17
763,	20
764,	26
765,	30
766,	28
767,	17
768,	31
769,	16
770,	30
771,	16
772,	23
773,	10
774,	2
775,	28
776,	19
777,	22
778,	25
779,	27
780,	31
781,	26
782,	11
783,	9
784,	20
785,	24
786,	27
787,	6
788,	2
789,	6
790,	29
791,	25
792,	20
793,	19
794,	21
795,	13
796,	5
797,	15
798,	16
799,	30
800,	29
801,	1
802,	27
803,	12
804,	28
805,	1
806,	29
807,	27
808,	20
809,	30
810,	27
811,	26
812,	15
813,	21
814,	31
815,	26
816,	12
817,	19
818,	20
819,	4
820,	29
821,	18
822,	20
823,	29
824,	31
825,	31
826,	1
827,	0
828,	22
829,	29
830,	27
831,	23
832,	22
833,	25
834,	31
835,	20
836,	25
837,	13
838,	9
839,	7
840,	12
841,	7
842,	30
843,	7
844,	6
845,	28
846,	25
847,	21
848,	28
849,	24
850,	30
851,	18
852,	23
853,	22
854,	26
855,	23
856,	21
857,	11
858,	21
859,	2
860,	29
861,	2
862,	23
863,	29
864,	27
865,	31
866,	20
867,	2
868,	25
869,	19
870,	24
871,	28
872,	16
873,	0
874,	22
875,	4
876,	19
877,	1
878,	28
879,	18
880,	27
881,	1
882,	10
883,	26
884,	31
885,	30
886,	30
887,	26
888,	30
889,	11
890,	27
891,	7
892,	5
893,	27
894,	15
895,	4
896,	31
897,	29
898,	21
899,	5
900,	14
901,	4
902,	18
903,	25
904,	24
905,	14
906,	4
907,	10
908,	22
909,	30
910,	10
911,	26
912,	1
913,	11
914,	11
915,	30
916,	30
917,	31
918,	0
919,	11
920,	24
921,	8
922,	10
923,	0
924,	26
925,	24
926,	2
927,	2
928,	26
929,	8
930,	6
931,	19
932,	30
933,	21
934,	1
935,	4
936,	10
937,	12
938,	2
939,	26
940,	31
941,	21
942,	3
943,	28
944,	28
945,	6
946,	29
947,	23
948,	15
949,	6
950,	2
951,	31
952,	0
953,	26
954,	1
955,	13
956,	0
957,	1
958,	0
959,	0
960,	0
961,	27
962,	24
963,	17
964,	29
965,	27
966,	29
967,	31
968,	30
969,	25
970,	19
971,	2
972,	29
973,	3
974,	30
975,	31
976,	7
977,	0
978,	0
979,	0
980,	0
981,	0
982,	25
983,	5
984,	22
985,	0
986,	0
987,	0
988,	30
989,	7
990,	21
991,	30
992,	17
993,	0
994,	19
995,	31
996,	0
997,	0
998,	0
999,	22
