Instance: /home/gabriel/Documents/ufrgs/courses/oc/trab/instances/cmb01
Vertices: 500
Colors: 12
NumIterations: 1000
Alpha: 0.250000
Is Factible?: false
Conflicts: 2
Solution Value: 155611.812500
Vertex,	Color
0,	3
1,	3
2,	1
3,	3
4,	7
5,	5
6,	1
7,	0
8,	7
9,	6
10,	5
11,	0
12,	0
13,	5
14,	3
15,	2
16,	9
17,	2
18,	9
19,	2
20,	1
21,	1
22,	1
23,	2
24,	5
25,	3
26,	4
27,	6
28,	0
29,	1
30,	1
31,	6
32,	6
33,	6
34,	1
35,	5
36,	8
37,	4
38,	3
39,	3
40,	2
41,	5
42,	2
43,	2
44,	0
45,	8
46,	5
47,	4
48,	6
49,	1
50,	0
51,	6
52,	0
53,	3
54,	8
55,	1
56,	0
57,	1
58,	1
59,	0
60,	6
61,	1
62,	3
63,	1
64,	3
65,	0
66,	1
67,	4
68,	1
69,	7
70,	5
71,	3
72,	1
73,	5
74,	3
75,	1
76,	6
77,	7
78,	4
79,	5
80,	7
81,	2
82,	4
83,	4
84,	2
85,	0
86,	3
87,	5
88,	11
89,	1
90,	6
91,	2
92,	6
93,	2
94,	11
95,	0
96,	0
97,	1
98,	4
99,	8
100,	5
101,	7
102,	4
103,	9
104,	1
105,	8
106,	2
107,	3
108,	2
109,	9
110,	7
111,	6
112,	1
113,	9
114,	8
115,	10
116,	1
117,	1
118,	4
119,	1
120,	7
121,	11
122,	9
123,	2
124,	2
125,	5
126,	2
127,	5
128,	0
129,	3
130,	2
131,	2
132,	8
133,	8
134,	3
135,	3
136,	4
137,	0
138,	10
139,	1
140,	5
141,	10
142,	6
143,	1
144,	0
145,	4
146,	2
147,	4
148,	4
149,	10
150,	6
151,	0
152,	5
153,	2
154,	4
155,	6
156,	6
157,	4
158,	2
159,	0
160,	0
161,	0
162,	3
163,	0
164,	6
165,	5
166,	6
167,	1
168,	4
169,	5
170,	0
171,	6
172,	1
173,	5
174,	0
175,	2
176,	0
177,	3
178,	2
179,	11
180,	4
181,	0
182,	10
183,	4
184,	6
185,	1
186,	4
187,	2
188,	5
189,	1
190,	7
191,	5
192,	3
193,	1
194,	1
195,	1
196,	6
197,	2
198,	7
199,	1
200,	2
201,	0
202,	0
203,	0
204,	5
205,	0
206,	4
207,	3
208,	1
209,	7
210,	3
211,	0
212,	7
213,	1
214,	7
215,	5
216,	4
217,	1
218,	5
219,	7
220,	3
221,	1
222,	0
223,	3
224,	3
225,	0
226,	6
227,	10
228,	3
229,	4
230,	1
231,	6
232,	8
233,	2
234,	1
235,	11
236,	4
237,	2
238,	2
239,	1
240,	0
241,	8
242,	8
243,	2
244,	2
245,	1
246,	3
247,	3
248,	4
249,	4
250,	4
251,	0
252,	2
253,	8
254,	3
255,	10
256,	10
257,	4
258,	4
259,	2
260,	1
261,	0
262,	2
263,	5
264,	5
265,	1
266,	6
267,	8
268,	6
269,	1
270,	8
271,	2
272,	0
273,	0
274,	4
275,	2
276,	10
277,	0
278,	0
279,	0
280,	4
281,	3
282,	4
283,	2
284,	3
285,	5
286,	1
287,	3
288,	2
289,	0
290,	2
291,	3
292,	5
293,	2
294,	6
295,	3
296,	4
297,	10
298,	2
299,	2
300,	4
301,	1
302,	6
303,	6
304,	0
305,	3
306,	0
307,	4
308,	4
309,	6
310,	0
311,	2
312,	3
313,	5
314,	2
315,	9
316,	4
317,	3
318,	4
319,	3
320,	4
321,	3
322,	1
323,	2
324,	0
325,	2
326,	4
327,	2
328,	9
329,	1
330,	0
331,	7
332,	3
333,	1
334,	7
335,	2
336,	2
337,	7
338,	8
339,	4
340,	8
341,	4
342,	5
343,	8
344,	1
345,	7
346,	3
347,	2
348,	8
349,	1
350,	0
351,	4
352,	3
353,	8
354,	5
355,	5
356,	7
357,	3
358,	4
359,	2
360,	7
361,	4
362,	0
363,	4
364,	3
365,	6
366,	5
367,	4
368,	6
369,	7
370,	5
371,	5
372,	6
373,	6
374,	5
375,	7
376,	5
377,	4
378,	7
379,	1
380,	4
381,	2
382,	3
383,	0
384,	0
385,	2
386,	7
387,	7
388,	7
389,	2
390,	8
391,	1
392,	6
393,	11
394,	7
395,	2
396,	0
397,	1
398,	0
399,	8
400,	4
401,	5
402,	6
403,	7
404,	0
405,	11
406,	6
407,	2
408,	10
409,	8
410,	6
411,	3
412,	4
413,	4
414,	5
415,	0
416,	9
417,	5
418,	10
419,	0
420,	9
421,	6
422,	3
423,	3
424,	3
425,	2
426,	10
427,	3
428,	6
429,	4
430,	8
431,	6
432,	3
433,	1
434,	5
435,	9
436,	6
437,	3
438,	2
439,	5
440,	2
441,	0
442,	11
443,	1
444,	4
445,	8
446,	9
447,	2
448,	3
449,	7
450,	8
451,	5
452,	7
453,	7
454,	4
455,	7
456,	9
457,	0
458,	9
459,	6
460,	9
461,	0
462,	3
463,	6
464,	9
465,	6
466,	7
467,	6
468,	7
469,	3
470,	3
471,	9
472,	8
473,	2
474,	3
475,	11
476,	9
477,	2
478,	7
479,	10
480,	7
481,	1
482,	10
483,	5
484,	8
485,	8
486,	7
487,	7
488,	5
489,	7
490,	6
491,	9
492,	11
493,	8
494,	10
495,	9
496,	9
497,	9
498,	5
499,	11
