Instance: /home/gabriel/Documents/ufrgs/courses/oc/trab/instances/cmb07
Vertices: 2000
Colors: 32
NumIterations: 100
Alpha: 0.850000
Is Factible?: false
Conflicts: 128
Solution Value: 272249.593750
Vertex,	Color
0,	11
1,	11
2,	3
3,	0
4,	2
5,	0
6,	13
7,	11
8,	6
9,	1
10,	5
11,	2
12,	6
13,	11
14,	13
15,	1
16,	2
17,	3
18,	9
19,	2
20,	1
21,	3
22,	2
23,	12
24,	0
25,	10
26,	4
27,	4
28,	10
29,	2
30,	3
31,	17
32,	0
33,	6
34,	1
35,	12
36,	2
37,	2
38,	15
39,	6
40,	2
41,	0
42,	6
43,	5
44,	1
45,	0
46,	2
47,	2
48,	0
49,	3
50,	0
51,	9
52,	18
53,	15
54,	12
55,	0
56,	6
57,	13
58,	2
59,	7
60,	3
61,	1
62,	12
63,	4
64,	3
65,	0
66,	4
67,	5
68,	2
69,	1
70,	6
71,	4
72,	0
73,	7
74,	7
75,	2
76,	5
77,	13
78,	10
79,	1
80,	6
81,	5
82,	0
83,	1
84,	9
85,	8
86,	7
87,	2
88,	4
89,	14
90,	2
91,	3
92,	3
93,	1
94,	3
95,	4
96,	16
97,	9
98,	3
99,	0
100,	5
101,	8
102,	5
103,	0
104,	7
105,	6
106,	18
107,	4
108,	5
109,	1
110,	2
111,	0
112,	9
113,	1
114,	7
115,	0
116,	4
117,	17
118,	0
119,	6
120,	0
121,	11
122,	2
123,	7
124,	2
125,	3
126,	0
127,	17
128,	2
129,	2
130,	3
131,	5
132,	0
133,	15
134,	5
135,	0
136,	5
137,	4
138,	3
139,	6
140,	4
141,	2
142,	4
143,	5
144,	4
145,	6
146,	13
147,	11
148,	18
149,	1
150,	5
151,	4
152,	9
153,	0
154,	3
155,	4
156,	0
157,	2
158,	5
159,	3
160,	2
161,	14
162,	1
163,	3
164,	4
165,	4
166,	1
167,	4
168,	2
169,	6
170,	5
171,	4
172,	0
173,	4
174,	4
175,	2
176,	0
177,	0
178,	1
179,	3
180,	14
181,	2
182,	4
183,	2
184,	5
185,	0
186,	4
187,	0
188,	8
189,	2
190,	7
191,	4
192,	2
193,	7
194,	2
195,	0
196,	0
197,	3
198,	1
199,	10
200,	8
201,	4
202,	5
203,	4
204,	0
205,	15
206,	2
207,	3
208,	4
209,	3
210,	13
211,	1
212,	4
213,	7
214,	4
215,	3
216,	18
217,	2
218,	7
219,	10
220,	0
221,	7
222,	11
223,	1
224,	2
225,	13
226,	12
227,	1
228,	20
229,	6
230,	14
231,	1
232,	1
233,	5
234,	7
235,	0
236,	3
237,	5
238,	5
239,	5
240,	6
241,	3
242,	0
243,	10
244,	9
245,	1
246,	2
247,	3
248,	11
249,	1
250,	3
251,	2
252,	16
253,	3
254,	8
255,	9
256,	4
257,	4
258,	13
259,	7
260,	0
261,	11
262,	2
263,	1
264,	0
265,	8
266,	6
267,	3
268,	7
269,	2
270,	6
271,	7
272,	1
273,	5
274,	8
275,	7
276,	5
277,	7
278,	7
279,	0
280,	8
281,	1
282,	5
283,	5
284,	9
285,	3
286,	4
287,	8
288,	5
289,	5
290,	7
291,	1
292,	2
293,	7
294,	0
295,	0
296,	9
297,	0
298,	3
299,	7
300,	2
301,	7
302,	1
303,	2
304,	6
305,	1
306,	2
307,	3
308,	3
309,	13
310,	7
311,	1
312,	1
313,	4
314,	3
315,	11
316,	10
317,	17
318,	0
319,	0
320,	7
321,	3
322,	9
323,	12
324,	5
325,	8
326,	5
327,	12
328,	17
329,	1
330,	9
331,	5
332,	6
333,	10
334,	0
335,	5
336,	0
337,	11
338,	5
339,	0
340,	6
341,	2
342,	1
343,	22
344,	7
345,	7
346,	1
347,	10
348,	4
349,	8
350,	7
351,	12
352,	11
353,	2
354,	0
355,	3
356,	7
357,	2
358,	9
359,	4
360,	5
361,	4
362,	1
363,	3
364,	6
365,	0
366,	0
367,	8
368,	6
369,	1
370,	3
371,	7
372,	18
373,	7
374,	1
375,	9
376,	4
377,	3
378,	3
379,	9
380,	3
381,	4
382,	14
383,	8
384,	19
385,	5
386,	6
387,	4
388,	2
389,	7
390,	1
391,	6
392,	3
393,	0
394,	3
395,	20
396,	2
397,	2
398,	3
399,	4
400,	1
401,	1
402,	2
403,	8
404,	3
405,	5
406,	5
407,	4
408,	10
409,	11
410,	6
411,	6
412,	8
413,	8
414,	6
415,	4
416,	2
417,	3
418,	1
419,	3
420,	13
421,	6
422,	2
423,	9
424,	5
425,	1
426,	4
427,	1
428,	13
429,	10
430,	0
431,	12
432,	2
433,	5
434,	9
435,	7
436,	7
437,	8
438,	12
439,	1
440,	11
441,	8
442,	3
443,	2
444,	7
445,	9
446,	4
447,	10
448,	5
449,	4
450,	13
451,	3
452,	0
453,	5
454,	6
455,	4
456,	12
457,	0
458,	7
459,	15
460,	4
461,	10
462,	12
463,	5
464,	1
465,	9
466,	0
467,	1
468,	14
469,	4
470,	10
471,	9
472,	4
473,	3
474,	13
475,	6
476,	4
477,	6
478,	0
479,	8
480,	9
481,	4
482,	1
483,	12
484,	5
485,	6
486,	0
487,	9
488,	2
489,	0
490,	11
491,	9
492,	3
493,	3
494,	0
495,	8
496,	9
497,	1
498,	18
499,	1
500,	1
501,	3
502,	8
503,	1
504,	7
505,	15
506,	2
507,	8
508,	13
509,	2
510,	12
511,	7
512,	1
513,	7
514,	11
515,	13
516,	19
517,	10
518,	3
519,	7
520,	17
521,	0
522,	4
523,	7
524,	14
525,	6
526,	2
527,	8
528,	8
529,	10
530,	2
531,	4
532,	10
533,	4
534,	13
535,	0
536,	1
537,	8
538,	2
539,	4
540,	5
541,	7
542,	11
543,	8
544,	9
545,	13
546,	5
547,	8
548,	10
549,	5
550,	17
551,	11
552,	4
553,	9
554,	12
555,	8
556,	6
557,	11
558,	5
559,	6
560,	7
561,	5
562,	7
563,	12
564,	5
565,	4
566,	7
567,	8
568,	11
569,	16
570,	0
571,	3
572,	1
573,	16
574,	8
575,	1
576,	9
577,	3
578,	5
579,	4
580,	5
581,	14
582,	2
583,	3
584,	0
585,	13
586,	12
587,	4
588,	9
589,	1
590,	10
591,	0
592,	10
593,	10
594,	6
595,	7
596,	8
597,	3
598,	6
599,	4
600,	2
601,	11
602,	2
603,	3
604,	0
605,	15
606,	20
607,	5
608,	11
609,	5
610,	1
611,	15
612,	15
613,	1
614,	8
615,	14
616,	1
617,	3
618,	11
619,	8
620,	13
621,	8
622,	6
623,	8
624,	9
625,	5
626,	8
627,	4
628,	2
629,	6
630,	5
631,	15
632,	10
633,	13
634,	11
635,	16
636,	6
637,	9
638,	10
639,	0
640,	6
641,	6
642,	4
643,	3
644,	13
645,	2
646,	16
647,	6
648,	15
649,	16
650,	19
651,	16
652,	13
653,	8
654,	11
655,	5
656,	8
657,	5
658,	8
659,	14
660,	12
661,	4
662,	9
663,	13
664,	4
665,	14
666,	9
667,	3
668,	9
669,	14
670,	1
671,	0
672,	8
673,	9
674,	13
675,	3
676,	14
677,	9
678,	14
679,	8
680,	13
681,	7
682,	10
683,	6
684,	7
685,	15
686,	0
687,	8
688,	0
689,	8
690,	3
691,	10
692,	14
693,	7
694,	4
695,	5
696,	6
697,	14
698,	14
699,	8
700,	7
701,	8
702,	7
703,	13
704,	8
705,	12
706,	19
707,	9
708,	11
709,	7
710,	10
711,	13
712,	12
713,	14
714,	2
715,	9
716,	8
717,	10
718,	7
719,	9
720,	18
721,	12
722,	10
723,	2
724,	11
725,	12
726,	14
727,	12
728,	12
729,	8
730,	6
731,	9
732,	8
733,	6
734,	8
735,	2
736,	9
737,	2
738,	6
739,	9
740,	6
741,	18
742,	7
743,	10
744,	20
745,	16
746,	4
747,	2
748,	10
749,	10
750,	11
751,	2
752,	12
753,	7
754,	8
755,	8
756,	6
757,	9
758,	10
759,	6
760,	7
761,	15
762,	5
763,	10
764,	8
765,	5
766,	19
767,	11
768,	12
769,	13
770,	8
771,	11
772,	10
773,	16
774,	6
775,	15
776,	11
777,	10
778,	1
779,	14
780,	14
781,	16
782,	12
783,	0
784,	23
785,	11
786,	9
787,	17
788,	15
789,	3
790,	8
791,	6
792,	8
793,	11
794,	16
795,	8
796,	15
797,	8
798,	7
799,	14
800,	14
801,	10
802,	13
803,	13
804,	2
805,	10
806,	4
807,	17
808,	9
809,	9
810,	12
811,	13
812,	6
813,	6
814,	13
815,	12
816,	5
817,	2
818,	10
819,	1
820,	5
821,	10
822,	9
823,	13
824,	13
825,	9
826,	12
827,	13
828,	1
829,	0
830,	11
831,	6
832,	12
833,	11
834,	19
835,	10
836,	10
837,	17
838,	15
839,	9
840,	16
841,	13
842,	10
843,	14
844,	10
845,	11
846,	13
847,	10
848,	15
849,	3
850,	18
851,	10
852,	14
853,	10
854,	16
855,	11
856,	6
857,	9
858,	10
859,	12
860,	3
861,	8
862,	11
863,	17
864,	5
865,	17
866,	10
867,	11
868,	15
869,	11
870,	16
871,	10
872,	13
873,	6
874,	7
875,	13
876,	11
877,	3
878,	13
879,	12
880,	17
881,	10
882,	7
883,	1
884,	11
885,	3
886,	15
887,	14
888,	9
889,	1
890,	7
891,	14
892,	17
893,	4
894,	11
895,	13
896,	12
897,	8
898,	10
899,	12
900,	7
901,	11
902,	13
903,	15
904,	11
905,	6
906,	14
907,	19
908,	10
909,	8
910,	18
911,	14
912,	11
913,	13
914,	10
915,	5
916,	11
917,	7
918,	14
919,	15
920,	6
921,	9
922,	22
923,	19
924,	20
925,	12
926,	7
927,	19
928,	17
929,	11
930,	10
931,	0
932,	22
933,	8
934,	9
935,	15
936,	11
937,	14
938,	14
939,	9
940,	15
941,	12
942,	16
943,	1
944,	13
945,	18
946,	6
947,	17
948,	12
949,	9
950,	0
951,	11
952,	17
953,	15
954,	13
955,	13
956,	17
957,	9
958,	13
959,	7
960,	13
961,	16
962,	10
963,	18
964,	12
965,	24
966,	13
967,	7
968,	5
969,	16
970,	19
971,	9
972,	18
973,	14
974,	20
975,	14
976,	16
977,	12
978,	3
979,	12
980,	21
981,	15
982,	10
983,	15
984,	14
985,	21
986,	4
987,	16
988,	17
989,	14
990,	11
991,	19
992,	14
993,	20
994,	10
995,	15
996,	7
997,	18
998,	4
999,	12
1000,	12
1001,	13
1002,	6
1003,	21
1004,	21
1005,	14
1006,	19
1007,	5
1008,	16
1009,	12
1010,	4
1011,	18
1012,	6
1013,	11
1014,	15
1015,	14
1016,	14
1017,	21
1018,	21
1019,	5
1020,	6
1021,	15
1022,	17
1023,	17
1024,	6
1025,	21
1026,	17
1027,	15
1028,	17
1029,	16
1030,	14
1031,	19
1032,	19
1033,	14
1034,	16
1035,	3
1036,	14
1037,	4
1038,	20
1039,	6
1040,	4
1041,	19
1042,	12
1043,	19
1044,	10
1045,	11
1046,	24
1047,	11
1048,	0
1049,	14
1050,	15
1051,	9
1052,	16
1053,	14
1054,	9
1055,	20
1056,	15
1057,	17
1058,	16
1059,	6
1060,	13
1061,	20
1062,	18
1063,	8
1064,	19
1065,	12
1066,	19
1067,	23
1068,	12
1069,	20
1070,	9
1071,	14
1072,	8
1073,	6
1074,	0
1075,	9
1076,	14
1077,	15
1078,	15
1079,	10
1080,	20
1081,	8
1082,	13
1083,	10
1084,	16
1085,	11
1086,	18
1087,	18
1088,	17
1089,	18
1090,	12
1091,	15
1092,	16
1093,	16
1094,	15
1095,	18
1096,	8
1097,	21
1098,	2
1099,	9
1100,	12
1101,	10
1102,	11
1103,	16
1104,	21
1105,	9
1106,	10
1107,	14
1108,	15
1109,	17
1110,	17
1111,	13
1112,	21
1113,	18
1114,	16
1115,	18
1116,	26
1117,	19
1118,	14
1119,	1
1120,	21
1121,	11
1122,	3
1123,	5
1124,	22
1125,	15
1126,	16
1127,	15
1128,	17
1129,	18
1130,	17
1131,	11
1132,	18
1133,	16
1134,	5
1135,	21
1136,	11
1137,	18
1138,	10
1139,	23
1140,	15
1141,	17
1142,	9
1143,	12
1144,	13
1145,	21
1146,	4
1147,	10
1148,	16
1149,	14
1150,	22
1151,	16
1152,	23
1153,	17
1154,	7
1155,	15
1156,	16
1157,	18
1158,	19
1159,	3
1160,	19
1161,	20
1162,	9
1163,	15
1164,	10
1165,	15
1166,	17
1167,	11
1168,	20
1169,	18
1170,	15
1171,	10
1172,	11
1173,	17
1174,	12
1175,	18
1176,	14
1177,	3
1178,	22
1179,	14
1180,	11
1181,	19
1182,	16
1183,	21
1184,	18
1185,	16
1186,	2
1187,	19
1188,	10
1189,	20
1190,	1
1191,	16
1192,	13
1193,	18
1194,	12
1195,	2
1196,	21
1197,	19
1198,	16
1199,	22
1200,	26
1201,	26
1202,	9
1203,	21
1204,	14
1205,	16
1206,	17
1207,	3
1208,	12
1209,	23
1210,	12
1211,	13
1212,	10
1213,	14
1214,	22
1215,	3
1216,	14
1217,	22
1218,	21
1219,	19
1220,	18
1221,	14
1222,	18
1223,	13
1224,	15
1225,	22
1226,	14
1227,	16
1228,	15
1229,	16
1230,	20
1231,	23
1232,	17
1233,	17
1234,	21
1235,	20
1236,	11
1237,	23
1238,	8
1239,	19
1240,	20
1241,	19
1242,	14
1243,	11
1244,	15
1245,	19
1246,	19
1247,	20
1248,	18
1249,	12
1250,	18
1251,	16
1252,	22
1253,	18
1254,	12
1255,	20
1256,	23
1257,	19
1258,	16
1259,	22
1260,	5
1261,	4
1262,	22
1263,	22
1264,	12
1265,	23
1266,	17
1267,	16
1268,	6
1269,	24
1270,	13
1271,	13
1272,	23
1273,	1
1274,	16
1275,	18
1276,	13
1277,	15
1278,	19
1279,	17
1280,	12
1281,	13
1282,	25
1283,	15
1284,	15
1285,	12
1286,	23
1287,	15
1288,	19
1289,	23
1290,	14
1291,	20
1292,	5
1293,	19
1294,	14
1295,	26
1296,	13
1297,	24
1298,	19
1299,	0
1300,	20
1301,	19
1302,	25
1303,	22
1304,	24
1305,	22
1306,	19
1307,	21
1308,	19
1309,	12
1310,	17
1311,	19
1312,	16
1313,	17
1314,	18
1315,	21
1316,	18
1317,	2
1318,	20
1319,	16
1320,	23
1321,	26
1322,	0
1323,	23
1324,	16
1325,	15
1326,	9
1327,	21
1328,	23
1329,	22
1330,	18
1331,	17
1332,	13
1333,	24
1334,	23
1335,	14
1336,	17
1337,	26
1338,	19
1339,	16
1340,	17
1341,	20
1342,	22
1343,	20
1344,	18
1345,	25
1346,	21
1347,	9
1348,	19
1349,	20
1350,	20
1351,	7
1352,	21
1353,	17
1354,	21
1355,	20
1356,	21
1357,	19
1358,	12
1359,	21
1360,	12
1361,	6
1362,	22
1363,	23
1364,	27
1365,	25
1366,	23
1367,	15
1368,	12
1369,	7
1370,	17
1371,	13
1372,	21
1373,	14
1374,	21
1375,	11
1376,	16
1377,	20
1378,	15
1379,	26
1380,	22
1381,	16
1382,	14
1383,	24
1384,	21
1385,	21
1386,	5
1387,	14
1388,	11
1389,	16
1390,	20
1391,	22
1392,	17
1393,	25
1394,	20
1395,	18
1396,	30
1397,	15
1398,	21
1399,	24
1400,	22
1401,	21
1402,	22
1403,	24
1404,	25
1405,	17
1406,	19
1407,	25
1408,	23
1409,	18
1410,	20
1411,	23
1412,	4
1413,	17
1414,	15
1415,	23
1416,	9
1417,	28
1418,	22
1419,	4
1420,	18
1421,	27
1422,	20
1423,	6
1424,	23
1425,	18
1426,	25
1427,	22
1428,	18
1429,	20
1430,	19
1431,	17
1432,	23
1433,	21
1434,	17
1435,	24
1436,	21
1437,	10
1438,	25
1439,	17
1440,	21
1441,	8
1442,	20
1443,	18
1444,	9
1445,	13
1446,	20
1447,	26
1448,	23
1449,	18
1450,	11
1451,	22
1452,	21
1453,	22
1454,	17
1455,	21
1456,	20
1457,	16
1458,	25
1459,	24
1460,	18
1461,	22
1462,	20
1463,	8
1464,	17
1465,	18
1466,	23
1467,	27
1468,	21
1469,	24
1470,	20
1471,	28
1472,	25
1473,	27
1474,	21
1475,	4
1476,	11
1477,	22
1478,	13
1479,	8
1480,	25
1481,	24
1482,	24
1483,	24
1484,	23
1485,	14
1486,	26
1487,	16
1488,	20
1489,	21
1490,	15
1491,	19
1492,	12
1493,	28
1494,	22
1495,	9
1496,	0
1497,	11
1498,	29
1499,	10
1500,	25
1501,	21
1502,	26
1503,	16
1504,	20
1505,	12
1506,	23
1507,	15
1508,	22
1509,	23
1510,	1
1511,	22
1512,	18
1513,	18
1514,	13
1515,	12
1516,	24
1517,	29
1518,	28
1519,	26
1520,	16
1521,	22
1522,	26
1523,	25
1524,	20
1525,	22
1526,	16
1527,	19
1528,	22
1529,	24
1530,	14
1531,	20
1532,	17
1533,	22
1534,	27
1535,	17
1536,	20
1537,	3
1538,	15
1539,	20
1540,	23
1541,	26
1542,	24
1543,	24
1544,	24
1545,	4
1546,	23
1547,	25
1548,	20
1549,	21
1550,	17
1551,	18
1552,	23
1553,	20
1554,	22
1555,	25
1556,	24
1557,	24
1558,	16
1559,	25
1560,	3
1561,	19
1562,	19
1563,	22
1564,	16
1565,	23
1566,	31
1567,	22
1568,	16
1569,	19
1570,	26
1571,	4
1572,	1
1573,	16
1574,	26
1575,	30
1576,	22
1577,	11
1578,	27
1579,	10
1580,	27
1581,	25
1582,	24
1583,	24
1584,	11
1585,	22
1586,	22
1587,	22
1588,	25
1589,	25
1590,	8
1591,	6
1592,	28
1593,	27
1594,	25
1595,	31
1596,	24
1597,	30
1598,	19
1599,	23
1600,	20
1601,	22
1602,	31
1603,	15
1604,	0
1605,	26
1606,	27
1607,	22
1608,	18
1609,	21
1610,	19
1611,	26
1612,	23
1613,	20
1614,	11
1615,	31
1616,	25
1617,	27
1618,	28
1619,	25
1620,	19
1621,	21
1622,	27
1623,	24
1624,	24
1625,	24
1626,	25
1627,	21
1628,	18
1629,	24
1630,	24
1631,	19
1632,	27
1633,	26
1634,	26
1635,	21
1636,	19
1637,	23
1638,	0
1639,	18
1640,	24
1641,	30
1642,	24
1643,	24
1644,	27
1645,	1
1646,	15
1647,	25
1648,	23
1649,	26
1650,	26
1651,	25
1652,	24
1653,	25
1654,	24
1655,	0
1656,	23
1657,	21
1658,	22
1659,	26
1660,	28
1661,	13
1662,	25
1663,	29
1664,	28
1665,	7
1666,	20
1667,	27
1668,	20
1669,	18
1670,	26
1671,	17
1672,	22
1673,	25
1674,	12
1675,	16
1676,	24
1677,	26
1678,	22
1679,	15
1680,	29
1681,	19
1682,	10
1683,	17
1684,	28
1685,	19
1686,	8
1687,	23
1688,	28
1689,	25
1690,	24
1691,	14
1692,	26
1693,	28
1694,	24
1695,	29
1696,	29
1697,	22
1698,	4
1699,	27
1700,	0
1701,	27
1702,	26
1703,	5
1704,	18
1705,	19
1706,	24
1707,	25
1708,	19
1709,	15
1710,	21
1711,	26
1712,	24
1713,	28
1714,	25
1715,	0
1716,	29
1717,	26
1718,	27
1719,	27
1720,	12
1721,	7
1722,	28
1723,	28
1724,	15
1725,	23
1726,	17
1727,	27
1728,	15
1729,	26
1730,	21
1731,	16
1732,	29
1733,	22
1734,	25
1735,	28
1736,	18
1737,	29
1738,	0
1739,	20
1740,	25
1741,	28
1742,	25
1743,	26
1744,	25
1745,	24
1746,	24
1747,	27
1748,	24
1749,	20
1750,	25
1751,	17
1752,	25
1753,	29
1754,	17
1755,	21
1756,	26
1757,	20
1758,	28
1759,	28
1760,	29
1761,	24
1762,	26
1763,	0
1764,	22
1765,	12
1766,	27
1767,	27
1768,	12
1769,	14
1770,	23
1771,	24
1772,	30
1773,	12
1774,	30
1775,	29
1776,	20
1777,	23
1778,	25
1779,	23
1780,	22
1781,	21
1782,	19
1783,	30
1784,	25
1785,	25
1786,	18
1787,	30
1788,	6
1789,	10
1790,	23
1791,	17
1792,	22
1793,	26
1794,	19
1795,	28
1796,	28
1797,	25
1798,	19
1799,	31
1800,	23
1801,	27
1802,	25
1803,	7
1804,	30
1805,	15
1806,	19
1807,	20
1808,	28
1809,	26
1810,	7
1811,	29
1812,	26
1813,	14
1814,	19
1815,	20
1816,	19
1817,	28
1818,	24
1819,	23
1820,	24
1821,	17
1822,	27
1823,	26
1824,	28
1825,	19
1826,	18
1827,	6
1828,	29
1829,	24
1830,	24
1831,	29
1832,	2
1833,	0
1834,	25
1835,	25
1836,	27
1837,	29
1838,	23
1839,	24
1840,	12
1841,	27
1842,	28
1843,	26
1844,	27
1845,	27
1846,	26
1847,	29
1848,	21
1849,	29
1850,	28
1851,	30
1852,	26
1853,	29
1854,	27
1855,	0
1856,	24
1857,	28
1858,	26
1859,	26
1860,	29
1861,	23
1862,	23
1863,	26
1864,	18
1865,	26
1866,	8
1867,	6
1868,	30
1869,	27
1870,	31
1871,	22
1872,	29
1873,	26
1874,	30
1875,	25
1876,	31
1877,	26
1878,	28
1879,	0
1880,	0
1881,	25
1882,	17
1883,	28
1884,	10
1885,	27
1886,	14
1887,	0
1888,	28
1889,	31
1890,	0
1891,	29
1892,	31
1893,	21
1894,	24
1895,	22
1896,	27
1897,	30
1898,	0
1899,	28
1900,	27
1901,	27
1902,	23
1903,	14
1904,	29
1905,	6
1906,	26
1907,	31
1908,	14
1909,	30
1910,	26
1911,	28
1912,	28
1913,	0
1914,	25
1915,	23
1916,	31
1917,	4
1918,	0
1919,	27
1920,	22
1921,	28
1922,	12
1923,	25
1924,	24
1925,	19
1926,	0
1927,	28
1928,	0
1929,	27
1930,	9
1931,	18
1932,	27
1933,	17
1934,	17
1935,	27
1936,	30
1937,	26
1938,	31
1939,	23
1940,	29
1941,	28
1942,	28
1943,	23
1944,	31
1945,	0
1946,	18
1947,	28
1948,	30
1949,	0
1950,	29
1951,	27
1952,	30
1953,	13
1954,	21
1955,	28
1956,	31
1957,	17
1958,	5
1959,	12
1960,	15
1961,	19
1962,	9
1963,	30
1964,	29
1965,	31
1966,	13
1967,	31
1968,	3
1969,	27
1970,	0
1971,	29
1972,	24
1973,	24
1974,	25
1975,	0
1976,	23
1977,	18
1978,	0
1979,	14
1980,	30
1981,	20
1982,	20
1983,	0
1984,	30
1985,	31
1986,	28
1987,	0
1988,	0
1989,	0
1990,	29
1991,	0
1992,	0
1993,	26
1994,	0
1995,	0
1996,	20
1997,	27
1998,	0
1999,	0
