Instance: /home/gabriel/Documents/ufrgs/courses/oc/trab/instances/cmb01
Vertices: 500
Colors: 12
NumIterations: 1
Alpha: 0.650000
Is Factible?: false
Conflicts: 7
Solution Value: 172795.984375
Vertex,	Color
0,	5
1,	0
2,	1
3,	2
4,	2
5,	6
6,	1
7,	2
8,	2
9,	5
10,	3
11,	1
12,	1
13,	5
14,	0
15,	4
16,	2
17,	2
18,	6
19,	0
20,	7
21,	0
22,	2
23,	4
24,	0
25,	2
26,	1
27,	4
28,	2
29,	0
30,	0
31,	1
32,	2
33,	1
34,	3
35,	4
36,	2
37,	4
38,	0
39,	4
40,	1
41,	3
42,	3
43,	1
44,	1
45,	6
46,	2
47,	0
48,	2
49,	4
50,	3
51,	9
52,	4
53,	3
54,	0
55,	0
56,	0
57,	1
58,	3
59,	0
60,	1
61,	1
62,	2
63,	4
64,	2
65,	2
66,	0
67,	4
68,	8
69,	7
70,	3
71,	0
72,	0
73,	1
74,	10
75,	6
76,	3
77,	6
78,	3
79,	5
80,	0
81,	5
82,	10
83,	1
84,	4
85,	0
86,	4
87,	0
88,	5
89,	3
90,	2
91,	3
92,	0
93,	1
94,	6
95,	1
96,	1
97,	1
98,	4
99,	3
100,	7
101,	0
102,	0
103,	5
104,	2
105,	2
106,	2
107,	3
108,	1
109,	2
110,	1
111,	5
112,	3
113,	11
114,	0
115,	4
116,	0
117,	8
118,	2
119,	7
120,	5
121,	6
122,	0
123,	2
124,	2
125,	1
126,	2
127,	2
128,	1
129,	5
130,	3
131,	3
132,	1
133,	0
134,	1
135,	0
136,	2
137,	1
138,	4
139,	0
140,	1
141,	3
142,	0
143,	3
144,	5
145,	2
146,	2
147,	2
148,	7
149,	0
150,	5
151,	0
152,	5
153,	0
154,	2
155,	3
156,	1
157,	0
158,	3
159,	3
160,	2
161,	6
162,	7
163,	4
164,	5
165,	3
166,	0
167,	0
168,	8
169,	0
170,	8
171,	3
172,	3
173,	3
174,	5
175,	9
176,	2
177,	2
178,	0
179,	3
180,	1
181,	2
182,	2
183,	3
184,	0
185,	2
186,	4
187,	0
188,	1
189,	9
190,	5
191,	3
192,	1
193,	0
194,	4
195,	3
196,	1
197,	5
198,	2
199,	1
200,	3
201,	4
202,	1
203,	0
204,	4
205,	1
206,	4
207,	3
208,	3
209,	3
210,	0
211,	0
212,	10
213,	1
214,	3
215,	4
216,	4
217,	4
218,	4
219,	10
220,	5
221,	0
222,	4
223,	3
224,	4
225,	3
226,	5
227,	9
228,	1
229,	5
230,	1
231,	3
232,	8
233,	5
234,	0
235,	4
236,	2
237,	7
238,	4
239,	5
240,	0
241,	3
242,	7
243,	1
244,	7
245,	0
246,	0
247,	9
248,	6
249,	2
250,	2
251,	3
252,	1
253,	1
254,	7
255,	1
256,	5
257,	1
258,	4
259,	4
260,	4
261,	2
262,	3
263,	9
264,	1
265,	5
266,	6
267,	6
268,	6
269,	8
270,	8
271,	4
272,	5
273,	5
274,	4
275,	0
276,	0
277,	5
278,	4
279,	0
280,	0
281,	2
282,	6
283,	3
284,	10
285,	1
286,	1
287,	6
288,	0
289,	2
290,	3
291,	4
292,	5
293,	1
294,	6
295,	5
296,	6
297,	1
298,	5
299,	3
300,	0
301,	2
302,	4
303,	3
304,	1
305,	0
306,	2
307,	7
308,	4
309,	6
310,	6
311,	2
312,	0
313,	7
314,	7
315,	6
316,	4
317,	1
318,	4
319,	1
320,	3
321,	5
322,	7
323,	8
324,	6
325,	5
326,	6
327,	6
328,	8
329,	6
330,	2
331,	6
332,	5
333,	7
334,	4
335,	7
336,	5
337,	7
338,	3
339,	1
340,	4
341,	9
342,	5
343,	4
344,	2
345,	7
346,	8
347,	10
348,	8
349,	7
350,	3
351,	5
352,	10
353,	7
354,	3
355,	5
356,	8
357,	9
358,	6
359,	11
360,	8
361,	6
362,	2
363,	7
364,	9
365,	7
366,	6
367,	6
368,	8
369,	5
370,	4
371,	6
372,	1
373,	4
374,	3
375,	2
376,	5
377,	7
378,	7
379,	2
380,	9
381,	3
382,	1
383,	3
384,	4
385,	3
386,	4
387,	6
388,	8
389,	6
390,	6
391,	1
392,	5
393,	6
394,	11
395,	1
396,	10
397,	8
398,	5
399,	7
400,	7
401,	0
402,	2
403,	5
404,	4
405,	8
406,	0
407,	5
408,	0
409,	8
410,	8
411,	4
412,	7
413,	4
414,	7
415,	10
416,	9
417,	7
418,	10
419,	2
420,	7
421,	5
422,	6
423,	9
424,	8
425,	7
426,	10
427,	7
428,	5
429,	6
430,	8
431,	7
432,	11
433,	8
434,	7
435,	9
436,	6
437,	4
438,	7
439,	8
440,	0
441,	7
442,	5
443,	8
444,	4
445,	4
446,	9
447,	8
448,	2
449,	11
450,	6
451,	9
452,	8
453,	10
454,	4
455,	8
456,	9
457,	10
458,	0
459,	0
460,	10
461,	5
462,	2
463,	9
464,	6
465,	4
466,	7
467,	1
468,	9
469,	6
470,	4
471,	8
472,	7
473,	3
474,	7
475,	8
476,	8
477,	0
478,	5
479,	9
480,	9
481,	3
482,	10
483,	4
484,	8
485,	9
486,	10
487,	9
488,	5
489,	6
490,	4
491,	8
492,	11
493,	8
494,	0
495,	4
496,	10
497,	5
498,	6
499,	9
