Instance: /home/gabriel/Documents/ufrgs/courses/oc/trab/instances/cmb01
Vertices: 500
Colors: 12
NumIterations: 1
Alpha: 0.250000
Is Factible?: false
Conflicts: 5
Solution Value: 169253.656250
Vertex,	Color
0,	4
1,	1
2,	7
3,	1
4,	2
5,	0
6,	4
7,	2
8,	2
9,	2
10,	6
11,	2
12,	0
13,	9
14,	8
15,	2
16,	9
17,	3
18,	9
19,	6
20,	9
21,	3
22,	7
23,	9
24,	4
25,	0
26,	6
27,	6
28,	6
29,	1
30,	0
31,	2
32,	5
33,	2
34,	7
35,	6
36,	3
37,	1
38,	4
39,	4
40,	4
41,	5
42,	8
43,	3
44,	0
45,	3
46,	0
47,	0
48,	5
49,	9
50,	4
51,	7
52,	4
53,	0
54,	5
55,	2
56,	3
57,	4
58,	3
59,	1
60,	10
61,	1
62,	2
63,	0
64,	0
65,	1
66,	1
67,	5
68,	9
69,	3
70,	7
71,	2
72,	0
73,	1
74,	5
75,	3
76,	3
77,	6
78,	8
79,	7
80,	1
81,	6
82,	3
83,	6
84,	8
85,	2
86,	5
87,	5
88,	9
89,	5
90,	1
91,	6
92,	2
93,	7
94,	1
95,	2
96,	5
97,	6
98,	5
99,	4
100,	2
101,	0
102,	5
103,	7
104,	1
105,	1
106,	1
107,	0
108,	0
109,	3
110,	1
111,	7
112,	0
113,	10
114,	3
115,	4
116,	5
117,	1
118,	0
119,	2
120,	2
121,	8
122,	6
123,	1
124,	6
125,	6
126,	6
127,	5
128,	5
129,	0
130,	4
131,	1
132,	2
133,	1
134,	5
135,	2
136,	3
137,	0
138,	6
139,	0
140,	1
141,	2
142,	4
143,	5
144,	0
145,	1
146,	0
147,	8
148,	3
149,	0
150,	0
151,	3
152,	6
153,	1
154,	1
155,	7
156,	6
157,	10
158,	2
159,	0
160,	3
161,	11
162,	11
163,	1
164,	5
165,	1
166,	2
167,	0
168,	3
169,	1
170,	2
171,	2
172,	0
173,	1
174,	6
175,	4
176,	2
177,	2
178,	1
179,	11
180,	9
181,	3
182,	3
183,	3
184,	3
185,	7
186,	9
187,	4
188,	1
189,	4
190,	4
191,	7
192,	4
193,	0
194,	4
195,	0
196,	1
197,	0
198,	8
199,	7
200,	0
201,	3
202,	7
203,	2
204,	1
205,	7
206,	2
207,	5
208,	2
209,	0
210,	9
211,	0
212,	8
213,	5
214,	2
215,	8
216,	2
217,	4
218,	1
219,	4
220,	6
221,	0
222,	1
223,	0
224,	1
225,	0
226,	8
227,	4
228,	7
229,	5
230,	3
231,	2
232,	3
233,	1
234,	5
235,	5
236,	3
237,	1
238,	1
239,	2
240,	0
241,	4
242,	6
243,	0
244,	11
245,	0
246,	5
247,	3
248,	2
249,	2
250,	1
251,	0
252,	3
253,	4
254,	1
255,	1
256,	7
257,	8
258,	5
259,	2
260,	3
261,	2
262,	4
263,	10
264,	7
265,	0
266,	4
267,	3
268,	2
269,	9
270,	0
271,	1
272,	11
273,	6
274,	5
275,	5
276,	0
277,	3
278,	2
279,	1
280,	2
281,	2
282,	2
283,	3
284,	11
285,	4
286,	1
287,	5
288,	0
289,	3
290,	0
291,	1
292,	4
293,	4
294,	2
295,	0
296,	8
297,	2
298,	1
299,	0
300,	0
301,	1
302,	7
303,	2
304,	6
305,	6
306,	1
307,	7
308,	2
309,	5
310,	9
311,	4
312,	2
313,	3
314,	6
315,	5
316,	3
317,	1
318,	1
319,	1
320,	2
321,	10
322,	4
323,	10
324,	6
325,	3
326,	5
327,	1
328,	7
329,	0
330,	0
331,	9
332,	3
333,	9
334,	7
335,	5
336,	4
337,	0
338,	8
339,	1
340,	3
341,	3
342,	6
343,	4
344,	1
345,	4
346,	7
347,	8
348,	4
349,	4
350,	0
351,	1
352,	1
353,	0
354,	3
355,	3
356,	6
357,	5
358,	3
359,	10
360,	3
361,	1
362,	1
363,	5
364,	0
365,	3
366,	6
367,	5
368,	10
369,	4
370,	5
371,	1
372,	3
373,	5
374,	2
375,	0
376,	0
377,	4
378,	4
379,	3
380,	7
381,	0
382,	0
383,	2
384,	5
385,	4
386,	8
387,	8
388,	6
389,	2
390,	8
391,	4
392,	2
393,	6
394,	10
395,	3
396,	5
397,	5
398,	7
399,	4
400,	6
401,	7
402,	0
403,	5
404,	3
405,	1
406,	6
407,	3
408,	6
409,	7
410,	7
411,	1
412,	4
413,	3
414,	2
415,	8
416,	5
417,	1
418,	9
419,	9
420,	2
421,	6
422,	5
423,	2
424,	8
425,	4
426,	8
427,	8
428,	0
429,	5
430,	6
431,	7
432,	11
433,	6
434,	7
435,	11
436,	4
437,	5
438,	4
439,	7
440,	10
441,	9
442,	7
443,	9
444,	3
445,	5
446,	10
447,	4
448,	6
449,	8
450,	0
451,	1
452,	6
453,	8
454,	3
455,	7
456,	8
457,	8
458,	2
459,	0
460,	9
461,	3
462,	6
463,	4
464,	5
465,	4
466,	7
467,	5
468,	11
469,	2
470,	7
471,	8
472,	8
473,	4
474,	10
475,	10
476,	9
477,	2
478,	6
479,	11
480,	10
481,	5
482,	10
483,	4
484,	8
485,	9
486,	10
487,	10
488,	6
489,	6
490,	6
491,	7
492,	0
493,	7
494,	9
495,	8
496,	11
497,	0
498,	4
499,	9
