Instance: /home/gabriel/Documents/ufrgs/courses/oc/trab/instances/cmb01
Vertices: 500
Colors: 12
NumIterations: 1
Alpha: 0.650000
Is Factible?: false
Conflicts: 6
Solution Value: 191985.500000
Vertex,	Color
0,	4
1,	1
2,	4
3,	2
4,	6
5,	3
6,	4
7,	4
8,	2
9,	1
10,	4
11,	0
12,	2
13,	6
14,	1
15,	6
16,	2
17,	5
18,	2
19,	1
20,	8
21,	3
22,	2
23,	1
24,	4
25,	0
26,	5
27,	1
28,	2
29,	0
30,	0
31,	0
32,	0
33,	0
34,	6
35,	4
36,	3
37,	5
38,	1
39,	8
40,	1
41,	0
42,	4
43,	3
44,	1
45,	6
46,	2
47,	1
48,	6
49,	3
50,	3
51,	2
52,	1
53,	4
54,	1
55,	0
56,	0
57,	6
58,	9
59,	0
60,	1
61,	2
62,	2
63,	0
64,	5
65,	4
66,	0
67,	1
68,	7
69,	2
70,	5
71,	1
72,	8
73,	4
74,	3
75,	1
76,	0
77,	3
78,	6
79,	8
80,	5
81,	3
82,	2
83,	11
84,	2
85,	5
86,	3
87,	6
88,	2
89,	1
90,	2
91,	6
92,	2
93,	4
94,	5
95,	2
96,	1
97,	3
98,	2
99,	1
100,	4
101,	0
102,	1
103,	8
104,	0
105,	3
106,	5
107,	0
108,	1
109,	3
110,	0
111,	7
112,	2
113,	1
114,	0
115,	1
116,	1
117,	11
118,	2
119,	4
120,	1
121,	0
122,	1
123,	2
124,	2
125,	5
126,	0
127,	7
128,	1
129,	0
130,	0
131,	0
132,	4
133,	4
134,	4
135,	2
136,	1
137,	3
138,	1
139,	0
140,	0
141,	1
142,	0
143,	3
144,	3
145,	2
146,	3
147,	6
148,	3
149,	2
150,	0
151,	5
152,	7
153,	1
154,	4
155,	2
156,	1
157,	7
158,	3
159,	3
160,	6
161,	3
162,	4
163,	8
164,	1
165,	0
166,	0
167,	0
168,	2
169,	0
170,	2
171,	5
172,	1
173,	6
174,	2
175,	2
176,	0
177,	10
178,	0
179,	7
180,	7
181,	3
182,	8
183,	2
184,	1
185,	3
186,	4
187,	0
188,	1
189,	3
190,	2
191,	0
192,	0
193,	0
194,	4
195,	5
196,	2
197,	0
198,	4
199,	3
200,	0
201,	0
202,	5
203,	1
204,	6
205,	3
206,	3
207,	8
208,	1
209,	3
210,	8
211,	1
212,	6
213,	2
214,	9
215,	1
216,	3
217,	1
218,	3
219,	3
220,	7
221,	0
222,	4
223,	4
224,	1
225,	0
226,	1
227,	5
228,	1
229,	3
230,	5
231,	6
232,	6
233,	3
234,	1
235,	5
236,	6
237,	3
238,	1
239,	5
240,	1
241,	2
242,	7
243,	4
244,	4
245,	3
246,	0
247,	6
248,	5
249,	3
250,	2
251,	0
252,	1
253,	5
254,	0
255,	5
256,	4
257,	0
258,	2
259,	7
260,	4
261,	1
262,	8
263,	9
264,	3
265,	1
266,	5
267,	0
268,	5
269,	7
270,	6
271,	7
272,	2
273,	6
274,	7
275,	1
276,	5
277,	6
278,	3
279,	0
280,	2
281,	2
282,	5
283,	4
284,	6
285,	3
286,	2
287,	4
288,	3
289,	4
290,	0
291,	5
292,	5
293,	2
294,	10
295,	4
296,	5
297,	4
298,	1
299,	1
300,	7
301,	2
302,	3
303,	4
304,	4
305,	1
306,	2
307,	5
308,	3
309,	5
310,	8
311,	2
312,	1
313,	7
314,	7
315,	3
316,	4
317,	2
318,	3
319,	5
320,	3
321,	5
322,	6
323,	8
324,	3
325,	6
326,	3
327,	5
328,	8
329,	7
330,	2
331,	7
332,	3
333,	6
334,	8
335,	8
336,	7
337,	7
338,	6
339,	5
340,	1
341,	9
342,	5
343,	10
344,	1
345,	4
346,	7
347,	10
348,	5
349,	4
350,	4
351,	3
352,	9
353,	7
354,	4
355,	6
356,	9
357,	6
358,	3
359,	11
360,	6
361,	1
362,	2
363,	8
364,	3
365,	5
366,	3
367,	4
368,	8
369,	1
370,	6
371,	7
372,	4
373,	8
374,	3
375,	4
376,	7
377,	9
378,	3
379,	4
380,	8
381,	1
382,	3
383,	1
384,	5
385,	4
386,	10
387,	8
388,	7
389,	7
390,	7
391,	2
392,	5
393,	10
394,	8
395,	1
396,	9
397,	8
398,	3
399,	9
400,	4
401,	5
402,	8
403,	4
404,	4
405,	9
406,	5
407,	5
408,	0
409,	8
410,	5
411,	4
412,	6
413,	6
414,	8
415,	1
416,	9
417,	0
418,	9
419,	0
420,	10
421,	7
422,	6
423,	11
424,	7
425,	8
426,	9
427,	6
428,	0
429,	7
430,	9
431,	8
432,	11
433,	5
434,	4
435,	10
436,	8
437,	5
438,	7
439,	9
440,	3
441,	9
442,	0
443,	6
444,	3
445,	6
446,	10
447,	3
448,	2
449,	11
450,	10
451,	0
452,	7
453,	3
454,	4
455,	8
456,	9
457,	0
458,	11
459,	0
460,	10
461,	6
462,	5
463,	7
464,	8
465,	7
466,	3
467,	1
468,	5
469,	5
470,	8
471,	9
472,	7
473,	3
474,	6
475,	0
476,	5
477,	2
478,	6
479,	0
480,	8
481,	4
482,	8
483,	6
484,	9
485,	4
486,	9
487,	8
488,	6
489,	3
490,	5
491,	8
492,	11
493,	11
494,	7
495,	6
496,	9
497,	7
498,	6
499,	0
