Instance: /home/gabriel/Documents/ufrgs/courses/oc/trab/instances/cmb10
Vertices: 4000
Colors: 82
NumIterations: 1
Alpha: 0.850000
Is Factible?: false
Conflicts: 4525
Solution Value: 947131.625000
Vertex,	Color
0,	4
1,	4
2,	11
3,	13
4,	0
5,	3
6,	30
7,	19
8,	1
9,	4
10,	8
11,	7
12,	12
13,	28
14,	6
15,	21
16,	26
17,	8
18,	4
19,	3
20,	0
21,	3
22,	41
23,	16
24,	4
25,	2
26,	48
27,	1
28,	2
29,	15
30,	17
31,	18
32,	5
33,	6
34,	4
35,	34
36,	0
37,	7
38,	2
39,	0
40,	26
41,	7
42,	4
43,	5
44,	9
45,	3
46,	7
47,	16
48,	20
49,	17
50,	6
51,	12
52,	24
53,	2
54,	38
55,	1
56,	0
57,	20
58,	21
59,	5
60,	34
61,	2
62,	11
63,	1
64,	11
65,	32
66,	15
67,	15
68,	16
69,	7
70,	5
71,	0
72,	0
73,	8
74,	14
75,	35
76,	10
77,	1
78,	20
79,	8
80,	35
81,	11
82,	17
83,	32
84,	7
85,	18
86,	7
87,	4
88,	2
89,	6
90,	8
91,	2
92,	17
93,	21
94,	7
95,	20
96,	46
97,	1
98,	2
99,	39
100,	1
101,	3
102,	1
103,	46
104,	28
105,	2
106,	7
107,	15
108,	12
109,	6
110,	10
111,	19
112,	4
113,	1
114,	39
115,	1
116,	10
117,	11
118,	5
119,	8
120,	14
121,	10
122,	13
123,	2
124,	16
125,	0
126,	12
127,	7
128,	1
129,	21
130,	13
131,	1
132,	7
133,	24
134,	18
135,	23
136,	1
137,	23
138,	0
139,	37
140,	35
141,	5
142,	23
143,	3
144,	10
145,	67
146,	17
147,	6
148,	1
149,	2
150,	9
151,	13
152,	3
153,	3
154,	3
155,	8
156,	2
157,	8
158,	21
159,	10
160,	43
161,	29
162,	4
163,	19
164,	12
165,	1
166,	8
167,	12
168,	0
169,	59
170,	26
171,	27
172,	14
173,	1
174,	6
175,	16
176,	1
177,	15
178,	7
179,	40
180,	15
181,	16
182,	8
183,	21
184,	58
185,	10
186,	0
187,	1
188,	12
189,	16
190,	2
191,	2
192,	18
193,	6
194,	4
195,	28
196,	11
197,	7
198,	31
199,	11
200,	12
201,	0
202,	10
203,	11
204,	20
205,	31
206,	13
207,	16
208,	15
209,	22
210,	5
211,	38
212,	7
213,	27
214,	36
215,	6
216,	31
217,	0
218,	13
219,	49
220,	11
221,	15
222,	3
223,	5
224,	0
225,	1
226,	4
227,	2
228,	20
229,	4
230,	11
231,	19
232,	32
233,	23
234,	1
235,	5
236,	21
237,	0
238,	10
239,	25
240,	34
241,	29
242,	1
243,	11
244,	45
245,	1
246,	3
247,	1
248,	14
249,	2
250,	24
251,	3
252,	5
253,	25
254,	3
255,	32
256,	0
257,	9
258,	29
259,	6
260,	8
261,	21
262,	2
263,	41
264,	8
265,	18
266,	10
267,	9
268,	3
269,	6
270,	26
271,	7
272,	20
273,	31
274,	21
275,	2
276,	10
277,	0
278,	8
279,	0
280,	35
281,	3
282,	8
283,	27
284,	3
285,	1
286,	0
287,	40
288,	4
289,	11
290,	49
291,	4
292,	7
293,	0
294,	10
295,	10
296,	15
297,	21
298,	9
299,	27
300,	8
301,	9
302,	36
303,	37
304,	0
305,	42
306,	1
307,	6
308,	6
309,	23
310,	25
311,	18
312,	33
313,	19
314,	20
315,	3
316,	1
317,	16
318,	17
319,	8
320,	14
321,	19
322,	16
323,	10
324,	16
325,	20
326,	15
327,	16
328,	3
329,	35
330,	29
331,	2
332,	7
333,	10
334,	3
335,	4
336,	5
337,	10
338,	24
339,	3
340,	1
341,	6
342,	25
343,	3
344,	5
345,	32
346,	13
347,	11
348,	30
349,	8
350,	23
351,	16
352,	2
353,	9
354,	23
355,	14
356,	0
357,	10
358,	1
359,	0
360,	1
361,	14
362,	9
363,	1
364,	7
365,	9
366,	18
367,	0
368,	27
369,	5
370,	20
371,	36
372,	8
373,	46
374,	0
375,	13
376,	13
377,	9
378,	12
379,	2
380,	2
381,	2
382,	7
383,	1
384,	6
385,	12
386,	7
387,	8
388,	6
389,	9
390,	6
391,	0
392,	1
393,	29
394,	8
395,	20
396,	21
397,	5
398,	22
399,	13
400,	2
401,	7
402,	6
403,	4
404,	4
405,	18
406,	40
407,	4
408,	10
409,	6
410,	17
411,	13
412,	1
413,	8
414,	43
415,	38
416,	9
417,	1
418,	0
419,	22
420,	2
421,	4
422,	8
423,	8
424,	9
425,	19
426,	6
427,	9
428,	1
429,	24
430,	3
431,	15
432,	31
433,	0
434,	26
435,	5
436,	24
437,	20
438,	22
439,	15
440,	3
441,	17
442,	2
443,	16
444,	5
445,	10
446,	1
447,	8
448,	24
449,	26
450,	38
451,	4
452,	9
453,	38
454,	28
455,	11
456,	9
457,	27
458,	23
459,	30
460,	17
461,	5
462,	3
463,	1
464,	17
465,	3
466,	7
467,	5
468,	24
469,	16
470,	23
471,	19
472,	32
473,	5
474,	7
475,	18
476,	18
477,	16
478,	8
479,	50
480,	8
481,	29
482,	18
483,	29
484,	5
485,	37
486,	25
487,	2
488,	3
489,	15
490,	10
491,	10
492,	28
493,	11
494,	5
495,	29
496,	1
497,	18
498,	2
499,	32
500,	16
501,	34
502,	0
503,	8
504,	6
505,	2
506,	41
507,	20
508,	7
509,	25
510,	2
511,	3
512,	13
513,	21
514,	22
515,	66
516,	34
517,	4
518,	16
519,	0
520,	20
521,	3
522,	30
523,	51
524,	16
525,	24
526,	10
527,	15
528,	61
529,	30
530,	9
531,	52
532,	5
533,	61
534,	14
535,	12
536,	7
537,	8
538,	23
539,	0
540,	6
541,	17
542,	7
543,	11
544,	7
545,	43
546,	23
547,	37
548,	2
549,	12
550,	12
551,	11
552,	14
553,	0
554,	12
555,	9
556,	5
557,	6
558,	3
559,	23
560,	46
561,	28
562,	9
563,	30
564,	24
565,	1
566,	17
567,	7
568,	36
569,	15
570,	4
571,	30
572,	7
573,	14
574,	8
575,	11
576,	26
577,	13
578,	12
579,	19
580,	13
581,	21
582,	25
583,	4
584,	19
585,	3
586,	4
587,	5
588,	30
589,	10
590,	9
591,	1
592,	9
593,	41
594,	4
595,	22
596,	0
597,	16
598,	6
599,	8
600,	18
601,	6
602,	17
603,	23
604,	16
605,	9
606,	15
607,	26
608,	6
609,	5
610,	5
611,	4
612,	11
613,	14
614,	9
615,	31
616,	32
617,	23
618,	7
619,	16
620,	3
621,	38
622,	15
623,	1
624,	3
625,	2
626,	10
627,	18
628,	36
629,	0
630,	44
631,	3
632,	12
633,	2
634,	7
635,	16
636,	12
637,	19
638,	20
639,	8
640,	21
641,	14
642,	5
643,	3
644,	8
645,	45
646,	23
647,	6
648,	5
649,	50
650,	9
651,	43
652,	25
653,	13
654,	2
655,	1
656,	7
657,	20
658,	3
659,	34
660,	20
661,	57
662,	49
663,	10
664,	13
665,	15
666,	16
667,	18
668,	11
669,	14
670,	0
671,	14
672,	6
673,	21
674,	17
675,	21
676,	11
677,	23
678,	22
679,	50
680,	14
681,	3
682,	50
683,	9
684,	12
685,	21
686,	4
687,	4
688,	30
689,	21
690,	13
691,	34
692,	1
693,	4
694,	7
695,	0
696,	4
697,	20
698,	15
699,	26
700,	25
701,	38
702,	43
703,	13
704,	51
705,	12
706,	24
707,	3
708,	4
709,	14
710,	9
711,	0
712,	0
713,	27
714,	41
715,	19
716,	21
717,	12
718,	30
719,	26
720,	9
721,	2
722,	0
723,	11
724,	5
725,	11
726,	12
727,	34
728,	0
729,	19
730,	14
731,	22
732,	13
733,	56
734,	9
735,	9
736,	11
737,	14
738,	30
739,	8
740,	24
741,	22
742,	5
743,	26
744,	2
745,	10
746,	35
747,	28
748,	6
749,	14
750,	57
751,	4
752,	6
753,	12
754,	38
755,	27
756,	0
757,	44
758,	14
759,	7
760,	4
761,	5
762,	26
763,	1
764,	13
765,	8
766,	12
767,	3
768,	27
769,	28
770,	9
771,	4
772,	10
773,	9
774,	29
775,	12
776,	11
777,	23
778,	29
779,	5
780,	6
781,	9
782,	22
783,	5
784,	2
785,	18
786,	7
787,	0
788,	12
789,	23
790,	3
791,	5
792,	4
793,	15
794,	4
795,	29
796,	17
797,	14
798,	14
799,	22
800,	37
801,	24
802,	25
803,	0
804,	9
805,	11
806,	11
807,	13
808,	8
809,	9
810,	24
811,	21
812,	14
813,	2
814,	25
815,	0
816,	10
817,	4
818,	7
819,	3
820,	36
821,	29
822,	3
823,	14
824,	11
825,	17
826,	6
827,	2
828,	35
829,	28
830,	14
831,	19
832,	9
833,	11
834,	27
835,	6
836,	6
837,	10
838,	7
839,	30
840,	19
841,	18
842,	7
843,	12
844,	17
845,	6
846,	25
847,	25
848,	3
849,	11
850,	12
851,	2
852,	18
853,	16
854,	16
855,	0
856,	25
857,	14
858,	26
859,	11
860,	61
861,	14
862,	0
863,	11
864,	11
865,	4
866,	13
867,	48
868,	19
869,	6
870,	11
871,	16
872,	33
873,	29
874,	29
875,	17
876,	19
877,	32
878,	36
879,	15
880,	25
881,	12
882,	3
883,	14
884,	8
885,	36
886,	18
887,	31
888,	6
889,	18
890,	5
891,	10
892,	13
893,	38
894,	0
895,	19
896,	40
897,	27
898,	18
899,	22
900,	9
901,	9
902,	25
903,	11
904,	5
905,	21
906,	19
907,	5
908,	30
909,	33
910,	38
911,	16
912,	48
913,	14
914,	22
915,	29
916,	16
917,	30
918,	15
919,	33
920,	16
921,	30
922,	17
923,	29
924,	9
925,	34
926,	20
927,	13
928,	22
929,	12
930,	25
931,	22
932,	15
933,	17
934,	10
935,	63
936,	34
937,	33
938,	8
939,	12
940,	19
941,	18
942,	14
943,	15
944,	28
945,	9
946,	28
947,	7
948,	1
949,	10
950,	18
951,	7
952,	11
953,	18
954,	24
955,	17
956,	3
957,	20
958,	12
959,	6
960,	29
961,	12
962,	16
963,	43
964,	2
965,	20
966,	12
967,	24
968,	19
969,	15
970,	17
971,	8
972,	12
973,	11
974,	12
975,	8
976,	39
977,	55
978,	2
979,	12
980,	34
981,	11
982,	13
983,	28
984,	29
985,	5
986,	17
987,	29
988,	4
989,	0
990,	23
991,	20
992,	21
993,	16
994,	27
995,	9
996,	21
997,	10
998,	26
999,	4
1000,	50
1001,	19
1002,	30
1003,	5
1004,	29
1005,	14
1006,	37
1007,	11
1008,	9
1009,	27
1010,	18
1011,	31
1012,	3
1013,	6
1014,	11
1015,	14
1016,	25
1017,	20
1018,	15
1019,	20
1020,	15
1021,	30
1022,	1
1023,	38
1024,	6
1025,	37
1026,	33
1027,	10
1028,	43
1029,	15
1030,	15
1031,	23
1032,	15
1033,	45
1034,	31
1035,	13
1036,	22
1037,	34
1038,	44
1039,	12
1040,	18
1041,	28
1042,	20
1043,	15
1044,	17
1045,	10
1046,	8
1047,	36
1048,	24
1049,	22
1050,	32
1051,	53
1052,	9
1053,	23
1054,	25
1055,	2
1056,	23
1057,	20
1058,	32
1059,	23
1060,	10
1061,	44
1062,	16
1063,	12
1064,	47
1065,	26
1066,	16
1067,	26
1068,	6
1069,	37
1070,	6
1071,	15
1072,	18
1073,	23
1074,	4
1075,	4
1076,	18
1077,	26
1078,	22
1079,	35
1080,	17
1081,	33
1082,	36
1083,	10
1084,	10
1085,	7
1086,	30
1087,	19
1088,	21
1089,	28
1090,	33
1091,	13
1092,	18
1093,	24
1094,	29
1095,	27
1096,	15
1097,	2
1098,	17
1099,	22
1100,	13
1101,	19
1102,	26
1103,	28
1104,	12
1105,	18
1106,	12
1107,	6
1108,	22
1109,	5
1110,	22
1111,	2
1112,	21
1113,	33
1114,	11
1115,	27
1116,	17
1117,	26
1118,	51
1119,	15
1120,	31
1121,	24
1122,	12
1123,	12
1124,	19
1125,	30
1126,	32
1127,	13
1128,	3
1129,	13
1130,	27
1131,	36
1132,	34
1133,	22
1134,	17
1135,	20
1136,	20
1137,	24
1138,	5
1139,	17
1140,	18
1141,	33
1142,	18
1143,	27
1144,	52
1145,	7
1146,	25
1147,	19
1148,	29
1149,	40
1150,	47
1151,	27
1152,	18
1153,	8
1154,	19
1155,	15
1156,	24
1157,	16
1158,	8
1159,	29
1160,	16
1161,	28
1162,	20
1163,	49
1164,	24
1165,	21
1166,	13
1167,	47
1168,	9
1169,	2
1170,	31
1171,	16
1172,	45
1173,	10
1174,	8
1175,	2
1176,	17
1177,	23
1178,	22
1179,	42
1180,	23
1181,	22
1182,	28
1183,	9
1184,	35
1185,	12
1186,	23
1187,	14
1188,	6
1189,	34
1190,	10
1191,	7
1192,	39
1193,	5
1194,	12
1195,	17
1196,	19
1197,	17
1198,	10
1199,	15
1200,	26
1201,	33
1202,	13
1203,	25
1204,	14
1205,	49
1206,	9
1207,	9
1208,	17
1209,	13
1210,	15
1211,	16
1212,	36
1213,	20
1214,	13
1215,	37
1216,	50
1217,	35
1218,	20
1219,	37
1220,	15
1221,	24
1222,	37
1223,	17
1224,	24
1225,	6
1226,	6
1227,	47
1228,	22
1229,	47
1230,	39
1231,	13
1232,	18
1233,	15
1234,	11
1235,	38
1236,	33
1237,	35
1238,	16
1239,	22
1240,	26
1241,	41
1242,	20
1243,	38
1244,	32
1245,	14
1246,	22
1247,	28
1248,	10
1249,	10
1250,	28
1251,	20
1252,	30
1253,	25
1254,	18
1255,	0
1256,	20
1257,	36
1258,	29
1259,	42
1260,	45
1261,	16
1262,	35
1263,	21
1264,	34
1265,	66
1266,	40
1267,	39
1268,	32
1269,	48
1270,	45
1271,	16
1272,	32
1273,	36
1274,	12
1275,	18
1276,	28
1277,	13
1278,	20
1279,	36
1280,	5
1281,	27
1282,	53
1283,	8
1284,	5
1285,	16
1286,	29
1287,	18
1288,	21
1289,	18
1290,	8
1291,	19
1292,	27
1293,	26
1294,	27
1295,	19
1296,	26
1297,	18
1298,	21
1299,	27
1300,	28
1301,	27
1302,	25
1303,	17
1304,	26
1305,	30
1306,	21
1307,	26
1308,	51
1309,	47
1310,	7
1311,	28
1312,	26
1313,	18
1314,	21
1315,	34
1316,	20
1317,	23
1318,	21
1319,	17
1320,	38
1321,	57
1322,	21
1323,	17
1324,	17
1325,	36
1326,	14
1327,	34
1328,	13
1329,	16
1330,	43
1331,	21
1332,	26
1333,	22
1334,	12
1335,	2
1336,	10
1337,	9
1338,	14
1339,	19
1340,	35
1341,	28
1342,	7
1343,	11
1344,	24
1345,	23
1346,	13
1347,	19
1348,	45
1349,	28
1350,	15
1351,	27
1352,	31
1353,	17
1354,	38
1355,	32
1356,	47
1357,	19
1358,	41
1359,	38
1360,	22
1361,	55
1362,	27
1363,	19
1364,	32
1365,	36
1366,	15
1367,	28
1368,	22
1369,	38
1370,	31
1371,	30
1372,	19
1373,	30
1374,	13
1375,	33
1376,	26
1377,	19
1378,	19
1379,	17
1380,	28
1381,	19
1382,	32
1383,	40
1384,	7
1385,	34
1386,	22
1387,	13
1388,	13
1389,	25
1390,	19
1391,	15
1392,	14
1393,	26
1394,	6
1395,	31
1396,	53
1397,	24
1398,	46
1399,	12
1400,	14
1401,	12
1402,	31
1403,	59
1404,	29
1405,	52
1406,	4
1407,	24
1408,	27
1409,	22
1410,	21
1411,	15
1412,	14
1413,	25
1414,	48
1415,	30
1416,	27
1417,	21
1418,	20
1419,	19
1420,	12
1421,	37
1422,	26
1423,	27
1424,	31
1425,	8
1426,	26
1427,	19
1428,	18
1429,	31
1430,	21
1431,	20
1432,	62
1433,	21
1434,	24
1435,	33
1436,	20
1437,	23
1438,	25
1439,	34
1440,	6
1441,	32
1442,	24
1443,	3
1444,	33
1445,	26
1446,	7
1447,	20
1448,	39
1449,	39
1450,	26
1451,	51
1452,	31
1453,	25
1454,	16
1455,	35
1456,	22
1457,	11
1458,	56
1459,	39
1460,	41
1461,	24
1462,	29
1463,	22
1464,	29
1465,	18
1466,	28
1467,	38
1468,	21
1469,	38
1470,	26
1471,	32
1472,	22
1473,	30
1474,	40
1475,	37
1476,	35
1477,	6
1478,	33
1479,	29
1480,	34
1481,	34
1482,	27
1483,	42
1484,	43
1485,	20
1486,	3
1487,	28
1488,	15
1489,	23
1490,	26
1491,	33
1492,	2
1493,	22
1494,	19
1495,	42
1496,	40
1497,	40
1498,	8
1499,	36
1500,	13
1501,	13
1502,	22
1503,	23
1504,	44
1505,	65
1506,	39
1507,	53
1508,	36
1509,	27
1510,	63
1511,	33
1512,	25
1513,	23
1514,	9
1515,	23
1516,	25
1517,	21
1518,	10
1519,	19
1520,	16
1521,	26
1522,	14
1523,	35
1524,	21
1525,	39
1526,	10
1527,	24
1528,	34
1529,	29
1530,	39
1531,	33
1532,	27
1533,	16
1534,	58
1535,	29
1536,	62
1537,	48
1538,	23
1539,	24
1540,	14
1541,	47
1542,	24
1543,	35
1544,	25
1545,	29
1546,	30
1547,	36
1548,	40
1549,	34
1550,	42
1551,	30
1552,	22
1553,	11
1554,	34
1555,	14
1556,	31
1557,	11
1558,	28
1559,	24
1560,	42
1561,	39
1562,	50
1563,	13
1564,	32
1565,	28
1566,	54
1567,	23
1568,	32
1569,	24
1570,	27
1571,	49
1572,	37
1573,	20
1574,	18
1575,	2
1576,	42
1577,	31
1578,	22
1579,	5
1580,	24
1581,	44
1582,	28
1583,	31
1584,	23
1585,	18
1586,	19
1587,	53
1588,	39
1589,	20
1590,	15
1591,	5
1592,	29
1593,	20
1594,	31
1595,	19
1596,	34
1597,	32
1598,	38
1599,	19
1600,	43
1601,	30
1602,	31
1603,	54
1604,	53
1605,	33
1606,	33
1607,	18
1608,	41
1609,	51
1610,	35
1611,	47
1612,	17
1613,	32
1614,	31
1615,	33
1616,	4
1617,	31
1618,	42
1619,	20
1620,	24
1621,	30
1622,	38
1623,	23
1624,	28
1625,	30
1626,	26
1627,	15
1628,	38
1629,	35
1630,	27
1631,	28
1632,	5
1633,	34
1634,	16
1635,	33
1636,	30
1637,	31
1638,	35
1639,	58
1640,	28
1641,	37
1642,	30
1643,	47
1644,	25
1645,	20
1646,	36
1647,	29
1648,	41
1649,	35
1650,	43
1651,	28
1652,	33
1653,	35
1654,	27
1655,	42
1656,	31
1657,	50
1658,	40
1659,	17
1660,	17
1661,	58
1662,	42
1663,	43
1664,	40
1665,	5
1666,	12
1667,	22
1668,	8
1669,	27
1670,	27
1671,	31
1672,	30
1673,	48
1674,	32
1675,	48
1676,	13
1677,	56
1678,	44
1679,	37
1680,	46
1681,	40
1682,	44
1683,	34
1684,	25
1685,	32
1686,	21
1687,	58
1688,	40
1689,	36
1690,	21
1691,	51
1692,	36
1693,	26
1694,	4
1695,	33
1696,	33
1697,	42
1698,	27
1699,	11
1700,	24
1701,	21
1702,	32
1703,	36
1704,	22
1705,	50
1706,	31
1707,	28
1708,	35
1709,	30
1710,	32
1711,	31
1712,	44
1713,	39
1714,	36
1715,	40
1716,	42
1717,	47
1718,	32
1719,	30
1720,	50
1721,	44
1722,	27
1723,	39
1724,	7
1725,	47
1726,	49
1727,	42
1728,	46
1729,	39
1730,	52
1731,	28
1732,	61
1733,	45
1734,	36
1735,	20
1736,	31
1737,	24
1738,	35
1739,	45
1740,	25
1741,	23
1742,	38
1743,	38
1744,	28
1745,	28
1746,	30
1747,	48
1748,	56
1749,	41
1750,	32
1751,	27
1752,	9
1753,	43
1754,	37
1755,	64
1756,	24
1757,	24
1758,	38
1759,	30
1760,	38
1761,	52
1762,	45
1763,	31
1764,	59
1765,	36
1766,	36
1767,	44
1768,	38
1769,	46
1770,	25
1771,	36
1772,	42
1773,	35
1774,	68
1775,	45
1776,	48
1777,	25
1778,	35
1779,	42
1780,	39
1781,	27
1782,	68
1783,	54
1784,	28
1785,	28
1786,	36
1787,	21
1788,	54
1789,	54
1790,	46
1791,	40
1792,	43
1793,	44
1794,	51
1795,	67
1796,	42
1797,	31
1798,	25
1799,	39
1800,	29
1801,	18
1802,	19
1803,	57
1804,	26
1805,	36
1806,	45
1807,	40
1808,	27
1809,	43
1810,	19
1811,	48
1812,	40
1813,	41
1814,	51
1815,	47
1816,	41
1817,	54
1818,	31
1819,	43
1820,	40
1821,	33
1822,	41
1823,	35
1824,	58
1825,	35
1826,	43
1827,	48
1828,	36
1829,	23
1830,	49
1831,	57
1832,	52
1833,	43
1834,	35
1835,	44
1836,	15
1837,	36
1838,	37
1839,	43
1840,	35
1841,	25
1842,	43
1843,	24
1844,	77
1845,	45
1846,	32
1847,	46
1848,	39
1849,	39
1850,	39
1851,	29
1852,	41
1853,	33
1854,	44
1855,	51
1856,	38
1857,	40
1858,	41
1859,	37
1860,	29
1861,	42
1862,	34
1863,	26
1864,	47
1865,	36
1866,	53
1867,	50
1868,	48
1869,	42
1870,	17
1871,	45
1872,	25
1873,	5
1874,	16
1875,	35
1876,	27
1877,	17
1878,	39
1879,	57
1880,	37
1881,	40
1882,	41
1883,	28
1884,	44
1885,	52
1886,	43
1887,	59
1888,	39
1889,	34
1890,	31
1891,	37
1892,	48
1893,	41
1894,	44
1895,	53
1896,	40
1897,	45
1898,	32
1899,	52
1900,	47
1901,	25
1902,	23
1903,	11
1904,	49
1905,	41
1906,	49
1907,	29
1908,	34
1909,	3
1910,	31
1911,	26
1912,	51
1913,	37
1914,	41
1915,	51
1916,	38
1917,	35
1918,	38
1919,	23
1920,	46
1921,	55
1922,	39
1923,	50
1924,	41
1925,	33
1926,	40
1927,	53
1928,	3
1929,	49
1930,	51
1931,	39
1932,	41
1933,	38
1934,	58
1935,	48
1936,	40
1937,	34
1938,	55
1939,	59
1940,	38
1941,	40
1942,	49
1943,	26
1944,	28
1945,	38
1946,	32
1947,	39
1948,	39
1949,	55
1950,	36
1951,	27
1952,	59
1953,	33
1954,	60
1955,	46
1956,	40
1957,	38
1958,	68
1959,	22
1960,	42
1961,	43
1962,	32
1963,	22
1964,	42
1965,	32
1966,	49
1967,	42
1968,	61
1969,	26
1970,	18
1971,	43
1972,	29
1973,	38
1974,	44
1975,	41
1976,	43
1977,	42
1978,	17
1979,	51
1980,	37
1981,	27
1982,	35
1983,	43
1984,	34
1985,	35
1986,	11
1987,	34
1988,	46
1989,	39
1990,	35
1991,	15
1992,	30
1993,	33
1994,	30
1995,	39
1996,	33
1997,	42
1998,	45
1999,	34
2000,	41
2001,	46
2002,	60
2003,	36
2004,	53
2005,	25
2006,	54
2007,	62
2008,	39
2009,	44
2010,	48
2011,	60
2012,	51
2013,	21
2014,	48
2015,	47
2016,	39
2017,	40
2018,	29
2019,	50
2020,	32
2021,	47
2022,	31
2023,	42
2024,	51
2025,	52
2026,	53
2027,	34
2028,	33
2029,	48
2030,	50
2031,	37
2032,	32
2033,	41
2034,	53
2035,	48
2036,	56
2037,	46
2038,	49
2039,	21
2040,	24
2041,	33
2042,	42
2043,	52
2044,	42
2045,	40
2046,	45
2047,	39
2048,	32
2049,	37
2050,	47
2051,	54
2052,	49
2053,	36
2054,	47
2055,	46
2056,	30
2057,	41
2058,	3
2059,	35
2060,	42
2061,	33
2062,	54
2063,	31
2064,	46
2065,	44
2066,	48
2067,	41
2068,	53
2069,	53
2070,	41
2071,	4
2072,	55
2073,	23
2074,	36
2075,	48
2076,	49
2077,	46
2078,	46
2079,	45
2080,	44
2081,	51
2082,	26
2083,	38
2084,	50
2085,	46
2086,	44
2087,	56
2088,	69
2089,	33
2090,	45
2091,	47
2092,	45
2093,	62
2094,	16
2095,	40
2096,	37
2097,	43
2098,	37
2099,	42
2100,	31
2101,	28
2102,	40
2103,	34
2104,	17
2105,	50
2106,	46
2107,	46
2108,	51
2109,	53
2110,	46
2111,	14
2112,	31
2113,	32
2114,	45
2115,	72
2116,	52
2117,	55
2118,	53
2119,	44
2120,	46
2121,	40
2122,	55
2123,	32
2124,	41
2125,	66
2126,	37
2127,	40
2128,	61
2129,	54
2130,	41
2131,	53
2132,	17
2133,	46
2134,	40
2135,	45
2136,	41
2137,	56
2138,	52
2139,	37
2140,	23
2141,	11
2142,	48
2143,	45
2144,	38
2145,	44
2146,	30
2147,	35
2148,	41
2149,	39
2150,	45
2151,	21
2152,	56
2153,	44
2154,	60
2155,	58
2156,	42
2157,	25
2158,	53
2159,	37
2160,	54
2161,	63
2162,	42
2163,	60
2164,	52
2165,	53
2166,	29
2167,	49
2168,	34
2169,	37
2170,	37
2171,	33
2172,	58
2173,	55
2174,	33
2175,	65
2176,	41
2177,	44
2178,	60
2179,	47
2180,	53
2181,	39
2182,	49
2183,	39
2184,	44
2185,	43
2186,	43
2187,	0
2188,	38
2189,	67
2190,	50
2191,	60
2192,	43
2193,	37
2194,	54
2195,	55
2196,	22
2197,	36
2198,	46
2199,	40
2200,	44
2201,	55
2202,	44
2203,	57
2204,	24
2205,	58
2206,	13
2207,	39
2208,	33
2209,	39
2210,	62
2211,	24
2212,	74
2213,	48
2214,	46
2215,	9
2216,	54
2217,	40
2218,	45
2219,	56
2220,	30
2221,	42
2222,	31
2223,	51
2224,	49
2225,	56
2226,	49
2227,	50
2228,	55
2229,	54
2230,	49
2231,	44
2232,	44
2233,	48
2234,	41
2235,	30
2236,	43
2237,	43
2238,	45
2239,	47
2240,	48
2241,	39
2242,	66
2243,	45
2244,	59
2245,	31
2246,	42
2247,	49
2248,	57
2249,	50
2250,	55
2251,	51
2252,	46
2253,	48
2254,	63
2255,	21
2256,	56
2257,	52
2258,	55
2259,	48
2260,	47
2261,	42
2262,	51
2263,	46
2264,	33
2265,	58
2266,	25
2267,	24
2268,	55
2269,	58
2270,	69
2271,	65
2272,	52
2273,	62
2274,	41
2275,	3
2276,	18
2277,	47
2278,	39
2279,	49
2280,	52
2281,	37
2282,	15
2283,	56
2284,	65
2285,	49
2286,	14
2287,	57
2288,	55
2289,	41
2290,	43
2291,	40
2292,	22
2293,	53
2294,	41
2295,	56
2296,	45
2297,	55
2298,	28
2299,	43
2300,	48
2301,	38
2302,	42
2303,	51
2304,	56
2305,	50
2306,	64
2307,	74
2308,	32
2309,	61
2310,	29
2311,	55
2312,	55
2313,	57
2314,	43
2315,	43
2316,	46
2317,	37
2318,	47
2319,	29
2320,	47
2321,	44
2322,	49
2323,	45
2324,	54
2325,	55
2326,	42
2327,	61
2328,	62
2329,	52
2330,	1
2331,	64
2332,	55
2333,	39
2334,	45
2335,	32
2336,	53
2337,	33
2338,	53
2339,	51
2340,	10
2341,	44
2342,	57
2343,	47
2344,	49
2345,	60
2346,	66
2347,	63
2348,	6
2349,	51
2350,	22
2351,	48
2352,	38
2353,	21
2354,	57
2355,	61
2356,	57
2357,	49
2358,	14
2359,	31
2360,	66
2361,	4
2362,	55
2363,	50
2364,	47
2365,	45
2366,	52
2367,	27
2368,	52
2369,	44
2370,	32
2371,	47
2372,	46
2373,	57
2374,	41
2375,	27
2376,	59
2377,	49
2378,	52
2379,	47
2380,	43
2381,	63
2382,	30
2383,	48
2384,	32
2385,	31
2386,	37
2387,	11
2388,	47
2389,	37
2390,	51
2391,	42
2392,	63
2393,	54
2394,	46
2395,	60
2396,	51
2397,	45
2398,	44
2399,	52
2400,	63
2401,	39
2402,	51
2403,	62
2404,	54
2405,	33
2406,	44
2407,	67
2408,	61
2409,	54
2410,	52
2411,	41
2412,	61
2413,	46
2414,	56
2415,	57
2416,	7
2417,	60
2418,	58
2419,	48
2420,	51
2421,	61
2422,	59
2423,	54
2424,	37
2425,	50
2426,	37
2427,	63
2428,	44
2429,	61
2430,	62
2431,	56
2432,	61
2433,	50
2434,	25
2435,	73
2436,	70
2437,	40
2438,	13
2439,	49
2440,	30
2441,	42
2442,	34
2443,	51
2444,	61
2445,	50
2446,	55
2447,	53
2448,	51
2449,	23
2450,	44
2451,	54
2452,	60
2453,	56
2454,	58
2455,	52
2456,	47
2457,	52
2458,	48
2459,	49
2460,	54
2461,	60
2462,	54
2463,	58
2464,	62
2465,	56
2466,	41
2467,	45
2468,	35
2469,	46
2470,	54
2471,	42
2472,	59
2473,	35
2474,	53
2475,	53
2476,	55
2477,	52
2478,	56
2479,	68
2480,	59
2481,	57
2482,	37
2483,	59
2484,	67
2485,	60
2486,	55
2487,	67
2488,	48
2489,	47
2490,	41
2491,	64
2492,	51
2493,	35
2494,	41
2495,	58
2496,	69
2497,	72
2498,	60
2499,	57
2500,	38
2501,	58
2502,	66
2503,	46
2504,	70
2505,	58
2506,	35
2507,	24
2508,	26
2509,	35
2510,	61
2511,	18
2512,	45
2513,	53
2514,	62
2515,	63
2516,	70
2517,	47
2518,	59
2519,	13
2520,	33
2521,	69
2522,	67
2523,	47
2524,	54
2525,	39
2526,	43
2527,	54
2528,	51
2529,	56
2530,	54
2531,	78
2532,	46
2533,	61
2534,	25
2535,	64
2536,	59
2537,	58
2538,	59
2539,	47
2540,	54
2541,	51
2542,	60
2543,	72
2544,	40
2545,	55
2546,	35
2547,	48
2548,	60
2549,	48
2550,	53
2551,	33
2552,	39
2553,	66
2554,	46
2555,	64
2556,	49
2557,	20
2558,	48
2559,	40
2560,	70
2561,	33
2562,	57
2563,	68
2564,	62
2565,	60
2566,	64
2567,	64
2568,	58
2569,	51
2570,	59
2571,	66
2572,	27
2573,	49
2574,	56
2575,	65
2576,	65
2577,	25
2578,	63
2579,	64
2580,	50
2581,	53
2582,	43
2583,	43
2584,	81
2585,	45
2586,	42
2587,	48
2588,	65
2589,	77
2590,	58
2591,	54
2592,	50
2593,	51
2594,	57
2595,	66
2596,	57
2597,	54
2598,	59
2599,	48
2600,	68
2601,	68
2602,	43
2603,	66
2604,	32
2605,	52
2606,	62
2607,	58
2608,	58
2609,	52
2610,	62
2611,	28
2612,	10
2613,	63
2614,	70
2615,	56
2616,	31
2617,	42
2618,	68
2619,	47
2620,	65
2621,	59
2622,	31
2623,	66
2624,	0
2625,	61
2626,	50
2627,	39
2628,	4
2629,	44
2630,	69
2631,	65
2632,	63
2633,	54
2634,	50
2635,	62
2636,	61
2637,	49
2638,	47
2639,	57
2640,	53
2641,	52
2642,	51
2643,	46
2644,	68
2645,	57
2646,	52
2647,	53
2648,	74
2649,	58
2650,	49
2651,	11
2652,	50
2653,	37
2654,	68
2655,	70
2656,	54
2657,	56
2658,	5
2659,	46
2660,	65
2661,	57
2662,	59
2663,	67
2664,	41
2665,	67
2666,	52
2667,	75
2668,	54
2669,	63
2670,	56
2671,	52
2672,	60
2673,	67
2674,	59
2675,	62
2676,	54
2677,	64
2678,	64
2679,	28
2680,	64
2681,	50
2682,	60
2683,	62
2684,	60
2685,	50
2686,	50
2687,	29
2688,	64
2689,	59
2690,	17
2691,	36
2692,	56
2693,	66
2694,	60
2695,	46
2696,	64
2697,	53
2698,	62
2699,	64
2700,	60
2701,	52
2702,	44
2703,	64
2704,	60
2705,	52
2706,	53
2707,	68
2708,	54
2709,	70
2710,	67
2711,	37
2712,	66
2713,	66
2714,	56
2715,	54
2716,	67
2717,	56
2718,	62
2719,	64
2720,	38
2721,	59
2722,	58
2723,	66
2724,	58
2725,	64
2726,	49
2727,	70
2728,	45
2729,	50
2730,	62
2731,	56
2732,	43
2733,	49
2734,	59
2735,	75
2736,	63
2737,	61
2738,	57
2739,	19
2740,	59
2741,	72
2742,	63
2743,	65
2744,	74
2745,	50
2746,	46
2747,	73
2748,	63
2749,	63
2750,	71
2751,	37
2752,	39
2753,	52
2754,	36
2755,	56
2756,	55
2757,	51
2758,	59
2759,	34
2760,	61
2761,	50
2762,	57
2763,	50
2764,	55
2765,	47
2766,	48
2767,	61
2768,	60
2769,	65
2770,	62
2771,	40
2772,	68
2773,	71
2774,	72
2775,	56
2776,	59
2777,	34
2778,	42
2779,	57
2780,	70
2781,	59
2782,	72
2783,	21
2784,	76
2785,	36
2786,	64
2787,	45
2788,	28
2789,	67
2790,	25
2791,	63
2792,	75
2793,	72
2794,	56
2795,	69
2796,	34
2797,	79
2798,	57
2799,	67
2800,	55
2801,	72
2802,	67
2803,	58
2804,	76
2805,	54
2806,	65
2807,	30
2808,	68
2809,	79
2810,	69
2811,	62
2812,	61
2813,	72
2814,	55
2815,	34
2816,	57
2817,	69
2818,	64
2819,	44
2820,	54
2821,	65
2822,	71
2823,	57
2824,	71
2825,	52
2826,	73
2827,	25
2828,	59
2829,	46
2830,	74
2831,	52
2832,	79
2833,	63
2834,	56
2835,	67
2836,	61
2837,	63
2838,	73
2839,	59
2840,	71
2841,	65
2842,	9
2843,	47
2844,	63
2845,	50
2846,	61
2847,	60
2848,	47
2849,	6
2850,	60
2851,	38
2852,	61
2853,	67
2854,	63
2855,	56
2856,	51
2857,	26
2858,	53
2859,	66
2860,	57
2861,	47
2862,	73
2863,	79
2864,	30
2865,	67
2866,	56
2867,	69
2868,	53
2869,	35
2870,	57
2871,	65
2872,	70
2873,	33
2874,	70
2875,	54
2876,	45
2877,	54
2878,	59
2879,	63
2880,	56
2881,	73
2882,	55
2883,	70
2884,	40
2885,	66
2886,	23
2887,	64
2888,	64
2889,	63
2890,	62
2891,	58
2892,	71
2893,	62
2894,	71
2895,	73
2896,	71
2897,	8
2898,	35
2899,	44
2900,	59
2901,	53
2902,	54
2903,	72
2904,	69
2905,	69
2906,	52
2907,	69
2908,	30
2909,	68
2910,	38
2911,	63
2912,	40
2913,	0
2914,	69
2915,	20
2916,	42
2917,	73
2918,	61
2919,	67
2920,	44
2921,	45
2922,	76
2923,	74
2924,	57
2925,	75
2926,	75
2927,	68
2928,	78
2929,	46
2930,	68
2931,	71
2932,	63
2933,	70
2934,	54
2935,	71
2936,	69
2937,	41
2938,	62
2939,	67
2940,	78
2941,	50
2942,	68
2943,	75
2944,	41
2945,	75
2946,	73
2947,	65
2948,	49
2949,	55
2950,	64
2951,	58
2952,	58
2953,	76
2954,	65
2955,	65
2956,	59
2957,	79
2958,	66
2959,	0
2960,	66
2961,	62
2962,	73
2963,	48
2964,	74
2965,	67
2966,	77
2967,	53
2968,	69
2969,	45
2970,	72
2971,	48
2972,	80
2973,	60
2974,	69
2975,	81
2976,	65
2977,	47
2978,	62
2979,	68
2980,	15
2981,	78
2982,	62
2983,	72
2984,	65
2985,	70
2986,	74
2987,	70
2988,	55
2989,	60
2990,	7
2991,	63
2992,	75
2993,	64
2994,	59
2995,	68
2996,	75
2997,	58
2998,	76
2999,	53
3000,	53
3001,	61
3002,	58
3003,	68
3004,	60
3005,	70
3006,	71
3007,	40
3008,	23
3009,	74
3010,	63
3011,	22
3012,	76
3013,	58
3014,	60
3015,	54
3016,	71
3017,	61
3018,	72
3019,	64
3020,	49
3021,	66
3022,	68
3023,	61
3024,	65
3025,	71
3026,	0
3027,	73
3028,	0
3029,	70
3030,	70
3031,	73
3032,	43
3033,	55
3034,	74
3035,	63
3036,	35
3037,	62
3038,	65
3039,	33
3040,	77
3041,	75
3042,	58
3043,	63
3044,	59
3045,	20
3046,	62
3047,	77
3048,	70
3049,	50
3050,	64
3051,	64
3052,	49
3053,	69
3054,	81
3055,	72
3056,	58
3057,	76
3058,	77
3059,	65
3060,	36
3061,	78
3062,	58
3063,	49
3064,	70
3065,	69
3066,	63
3067,	69
3068,	69
3069,	41
3070,	74
3071,	43
3072,	65
3073,	56
3074,	66
3075,	69
3076,	72
3077,	65
3078,	72
3079,	70
3080,	66
3081,	2
3082,	66
3083,	60
3084,	68
3085,	68
3086,	37
3087,	43
3088,	67
3089,	0
3090,	60
3091,	71
3092,	38
3093,	73
3094,	33
3095,	68
3096,	55
3097,	66
3098,	56
3099,	66
3100,	74
3101,	37
3102,	59
3103,	56
3104,	68
3105,	39
3106,	71
3107,	49
3108,	64
3109,	46
3110,	75
3111,	80
3112,	71
3113,	71
3114,	65
3115,	60
3116,	68
3117,	79
3118,	63
3119,	0
3120,	72
3121,	48
3122,	55
3123,	62
3124,	76
3125,	78
3126,	70
3127,	57
3128,	45
3129,	0
3130,	69
3131,	55
3132,	51
3133,	71
3134,	41
3135,	47
3136,	77
3137,	77
3138,	67
3139,	61
3140,	75
3141,	71
3142,	57
3143,	63
3144,	53
3145,	69
3146,	59
3147,	0
3148,	74
3149,	77
3150,	64
3151,	0
3152,	74
3153,	64
3154,	73
3155,	66
3156,	65
3157,	65
3158,	58
3159,	76
3160,	60
3161,	55
3162,	71
3163,	72
3164,	8
3165,	56
3166,	62
3167,	60
3168,	57
3169,	65
3170,	55
3171,	44
3172,	63
3173,	60
3174,	76
3175,	78
3176,	76
3177,	70
3178,	76
3179,	73
3180,	76
3181,	76
3182,	0
3183,	30
3184,	81
3185,	78
3186,	77
3187,	74
3188,	71
3189,	76
3190,	50
3191,	52
3192,	62
3193,	70
3194,	71
3195,	69
3196,	73
3197,	78
3198,	0
3199,	66
3200,	72
3201,	64
3202,	51
3203,	39
3204,	79
3205,	76
3206,	68
3207,	43
3208,	0
3209,	73
3210,	77
3211,	69
3212,	73
3213,	66
3214,	69
3215,	74
3216,	66
3217,	18
3218,	57
3219,	75
3220,	51
3221,	72
3222,	42
3223,	75
3224,	70
3225,	69
3226,	78
3227,	74
3228,	62
3229,	80
3230,	73
3231,	55
3232,	80
3233,	66
3234,	72
3235,	77
3236,	57
3237,	75
3238,	0
3239,	55
3240,	66
3241,	57
3242,	68
3243,	64
3244,	78
3245,	74
3246,	61
3247,	45
3248,	69
3249,	72
3250,	79
3251,	0
3252,	75
3253,	62
3254,	0
3255,	79
3256,	56
3257,	77
3258,	77
3259,	69
3260,	77
3261,	75
3262,	80
3263,	80
3264,	64
3265,	73
3266,	80
3267,	80
3268,	66
3269,	61
3270,	81
3271,	68
3272,	37
3273,	63
3274,	73
3275,	61
3276,	43
3277,	75
3278,	0
3279,	79
3280,	52
3281,	54
3282,	60
3283,	65
3284,	40
3285,	49
3286,	74
3287,	71
3288,	80
3289,	74
3290,	78
3291,	68
3292,	74
3293,	71
3294,	53
3295,	81
3296,	66
3297,	70
3298,	69
3299,	64
3300,	67
3301,	81
3302,	65
3303,	47
3304,	71
3305,	47
3306,	75
3307,	0
3308,	55
3309,	0
3310,	0
3311,	76
3312,	0
3313,	4
3314,	73
3315,	49
3316,	75
3317,	77
3318,	59
3319,	72
3320,	14
3321,	74
3322,	0
3323,	78
3324,	76
3325,	28
3326,	52
3327,	75
3328,	0
3329,	77
3330,	0
3331,	78
3332,	67
3333,	61
3334,	73
3335,	80
3336,	80
3337,	72
3338,	78
3339,	80
3340,	75
3341,	77
3342,	53
3343,	64
3344,	74
3345,	53
3346,	39
3347,	75
3348,	77
3349,	0
3350,	71
3351,	45
3352,	81
3353,	65
3354,	70
3355,	0
3356,	67
3357,	66
3358,	78
3359,	74
3360,	59
3361,	63
3362,	75
3363,	79
3364,	0
3365,	23
3366,	0
3367,	69
3368,	73
3369,	47
3370,	81
3371,	68
3372,	74
3373,	53
3374,	67
3375,	79
3376,	69
3377,	49
3378,	0
3379,	0
3380,	80
3381,	81
3382,	67
3383,	81
3384,	71
3385,	80
3386,	22
3387,	51
3388,	0
3389,	0
3390,	66
3391,	73
3392,	24
3393,	67
3394,	29
3395,	27
3396,	66
3397,	34
3398,	72
3399,	65
3400,	63
3401,	45
3402,	73
3403,	69
3404,	74
3405,	81
3406,	71
3407,	79
3408,	76
3409,	51
3410,	68
3411,	74
3412,	71
3413,	0
3414,	62
3415,	0
3416,	57
3417,	76
3418,	70
3419,	55
3420,	66
3421,	73
3422,	70
3423,	0
3424,	0
3425,	71
3426,	79
3427,	80
3428,	74
3429,	68
3430,	81
3431,	80
3432,	76
3433,	67
3434,	75
3435,	0
3436,	0
3437,	65
3438,	47
3439,	80
3440,	0
3441,	78
3442,	63
3443,	0
3444,	0
3445,	70
3446,	0
3447,	0
3448,	67
3449,	58
3450,	0
3451,	0
3452,	75
3453,	64
3454,	79
3455,	78
3456,	81
3457,	71
3458,	45
3459,	79
3460,	50
3461,	71
3462,	79
3463,	38
3464,	0
3465,	66
3466,	43
3467,	76
3468,	0
3469,	58
3470,	79
3471,	61
3472,	71
3473,	51
3474,	56
3475,	76
3476,	43
3477,	78
3478,	79
3479,	0
3480,	0
3481,	74
3482,	68
3483,	50
3484,	0
3485,	0
3486,	0
3487,	67
3488,	0
3489,	0
3490,	0
3491,	0
3492,	77
3493,	0
3494,	75
3495,	0
3496,	79
3497,	0
3498,	80
3499,	0
3500,	72
3501,	80
3502,	77
3503,	0
3504,	0
3505,	48
3506,	67
3507,	0
3508,	57
3509,	49
3510,	77
3511,	79
3512,	72
3513,	77
3514,	80
3515,	81
3516,	70
3517,	72
3518,	79
3519,	0
3520,	71
3521,	0
3522,	81
3523,	81
3524,	77
3525,	0
3526,	76
3527,	0
3528,	0
3529,	0
3530,	0
3531,	69
3532,	34
3533,	72
3534,	0
3535,	67
3536,	0
3537,	0
3538,	76
3539,	79
3540,	50
3541,	75
3542,	64
3543,	72
3544,	15
3545,	80
3546,	0
3547,	80
3548,	77
3549,	0
3550,	74
3551,	78
3552,	0
3553,	44
3554,	60
3555,	54
3556,	77
3557,	0
3558,	0
3559,	0
3560,	77
3561,	62
3562,	76
3563,	51
3564,	74
3565,	0
3566,	73
3567,	72
3568,	77
3569,	0
3570,	69
3571,	74
3572,	81
3573,	0
3574,	29
3575,	78
3576,	78
3577,	60
3578,	68
3579,	0
3580,	76
3581,	47
3582,	81
3583,	76
3584,	0
3585,	59
3586,	72
3587,	73
3588,	0
3589,	0
3590,	0
3591,	80
3592,	75
3593,	78
3594,	0
3595,	81
3596,	60
3597,	66
3598,	0
3599,	0
3600,	0
3601,	58
3602,	39
3603,	72
3604,	67
3605,	79
3606,	74
3607,	68
3608,	32
3609,	0
3610,	0
3611,	70
3612,	0
3613,	0
3614,	78
3615,	0
3616,	0
3617,	79
3618,	0
3619,	0
3620,	79
3621,	51
3622,	0
3623,	21
3624,	0
3625,	0
3626,	0
3627,	80
3628,	62
3629,	0
3630,	65
3631,	0
3632,	0
3633,	0
3634,	73
3635,	0
3636,	0
3637,	81
3638,	0
3639,	0
3640,	0
3641,	44
3642,	0
3643,	29
3644,	0
3645,	0
3646,	0
3647,	80
3648,	0
3649,	54
3650,	81
3651,	76
3652,	70
3653,	0
3654,	0
3655,	0
3656,	0
3657,	55
3658,	0
3659,	76
3660,	54
3661,	0
3662,	72
3663,	0
3664,	0
3665,	0
3666,	81
3667,	0
3668,	0
3669,	70
3670,	64
3671,	0
3672,	0
3673,	0
3674,	62
3675,	0
3676,	0
3677,	0
3678,	55
3679,	0
3680,	13
3681,	69
3682,	81
3683,	0
3684,	71
3685,	0
3686,	0
3687,	26
3688,	0
3689,	77
3690,	0
3691,	65
3692,	76
3693,	67
3694,	0
3695,	70
3696,	74
3697,	65
3698,	0
3699,	45
3700,	78
3701,	0
3702,	0
3703,	80
3704,	0
3705,	0
3706,	0
3707,	0
3708,	58
3709,	69
3710,	36
3711,	81
3712,	0
3713,	0
3714,	0
3715,	0
3716,	0
3717,	78
3718,	0
3719,	74
3720,	78
3721,	52
3722,	0
3723,	0
3724,	0
3725,	54
3726,	50
3727,	0
3728,	81
3729,	0
3730,	0
3731,	0
3732,	0
3733,	0
3734,	80
3735,	58
3736,	0
3737,	31
3738,	0
3739,	0
3740,	81
3741,	0
3742,	0
3743,	0
3744,	0
3745,	0
3746,	26
3747,	0
3748,	0
3749,	0
3750,	0
3751,	0
3752,	50
3753,	78
3754,	0
3755,	61
3756,	0
3757,	0
3758,	64
3759,	0
3760,	70
3761,	0
3762,	0
3763,	59
3764,	49
3765,	0
3766,	0
3767,	0
3768,	0
3769,	0
3770,	73
3771,	76
3772,	27
3773,	0
3774,	0
3775,	0
3776,	73
3777,	0
3778,	0
3779,	0
3780,	0
3781,	0
3782,	73
3783,	75
3784,	66
3785,	73
3786,	0
3787,	0
3788,	0
3789,	0
3790,	0
3791,	0
3792,	33
3793,	67
3794,	68
3795,	74
3796,	0
3797,	0
3798,	0
3799,	0
3800,	7
3801,	0
3802,	0
3803,	0
3804,	0
3805,	80
3806,	0
3807,	75
3808,	57
3809,	0
3810,	61
3811,	31
3812,	0
3813,	0
3814,	40
3815,	75
3816,	0
3817,	0
3818,	0
3819,	57
3820,	0
3821,	54
3822,	39
3823,	0
3824,	76
3825,	59
3826,	77
3827,	49
3828,	34
3829,	0
3830,	59
3831,	33
3832,	72
3833,	0
3834,	64
3835,	76
3836,	0
3837,	48
3838,	0
3839,	0
3840,	0
3841,	71
3842,	0
3843,	0
3844,	0
3845,	0
3846,	0
3847,	71
3848,	0
3849,	0
3850,	0
3851,	0
3852,	0
3853,	0
3854,	59
3855,	0
3856,	81
3857,	0
3858,	0
3859,	72
3860,	0
3861,	0
3862,	54
3863,	79
3864,	0
3865,	0
3866,	0
3867,	43
3868,	52
3869,	0
3870,	0
3871,	0
3872,	0
3873,	78
3874,	0
3875,	0
3876,	0
3877,	61
3878,	0
3879,	0
3880,	0
3881,	77
3882,	0
3883,	0
3884,	0
3885,	0
3886,	0
3887,	0
3888,	0
3889,	78
3890,	0
3891,	0
3892,	0
3893,	0
3894,	61
3895,	54
3896,	0
3897,	0
3898,	0
3899,	0
3900,	0
3901,	0
3902,	72
3903,	0
3904,	70
3905,	81
3906,	0
3907,	0
3908,	0
3909,	0
3910,	0
3911,	79
3912,	0
3913,	0
3914,	0
3915,	0
3916,	0
3917,	0
3918,	67
3919,	0
3920,	68
3921,	34
3922,	72
3923,	70
3924,	0
3925,	77
3926,	0
3927,	0
3928,	41
3929,	0
3930,	60
3931,	68
3932,	0
3933,	0
3934,	60
3935,	0
3936,	75
3937,	0
3938,	80
3939,	64
3940,	80
3941,	0
3942,	0
3943,	0
3944,	0
3945,	0
3946,	0
3947,	74
3948,	63
3949,	0
3950,	0
3951,	81
3952,	0
3953,	0
3954,	65
3955,	0
3956,	0
3957,	0
3958,	0
3959,	0
3960,	0
3961,	0
3962,	0
3963,	0
3964,	52
3965,	0
3966,	68
3967,	0
3968,	0
3969,	0
3970,	0
3971,	0
3972,	0
3973,	0
3974,	0
3975,	0
3976,	34
3977,	0
3978,	0
3979,	0
3980,	0
3981,	42
3982,	65
3983,	0
3984,	0
3985,	57
3986,	78
3987,	78
3988,	0
3989,	0
3990,	0
3991,	0
3992,	0
3993,	0
3994,	0
3995,	0
3996,	0
3997,	0
3998,	77
3999,	0
