Instance: /home/gabriel/Documents/ufrgs/courses/oc/trab/instances/cmb01
Vertices: 500
Colors: 12
NumIterations: 1
Alpha: 0.950000
Is Factible?: false
Conflicts: 5
Solution Value: 161597.031250
Vertex,	Color
0,	2
1,	1
2,	0
3,	0
4,	1
5,	0
6,	1
7,	1
8,	3
9,	2
10,	1
11,	1
12,	0
13,	0
14,	1
15,	2
16,	2
17,	2
18,	5
19,	0
20,	1
21,	0
22,	2
23,	9
24,	1
25,	2
26,	0
27,	0
28,	0
29,	1
30,	0
31,	0
32,	2
33,	0
34,	3
35,	0
36,	0
37,	0
38,	2
39,	1
40,	1
41,	0
42,	0
43,	1
44,	1
45,	0
46,	0
47,	1
48,	0
49,	1
50,	1
51,	1
52,	1
53,	2
54,	0
55,	0
56,	1
57,	4
58,	1
59,	1
60,	1
61,	1
62,	0
63,	1
64,	2
65,	2
66,	1
67,	3
68,	5
69,	0
70,	0
71,	2
72,	1
73,	0
74,	4
75,	1
76,	1
77,	4
78,	1
79,	2
80,	2
81,	2
82,	1
83,	3
84,	2
85,	0
86,	3
87,	8
88,	2
89,	5
90,	3
91,	3
92,	0
93,	1
94,	3
95,	1
96,	2
97,	4
98,	0
99,	1
100,	3
101,	3
102,	1
103,	2
104,	2
105,	3
106,	2
107,	5
108,	0
109,	2
110,	1
111,	2
112,	0
113,	0
114,	2
115,	3
116,	1
117,	8
118,	0
119,	4
120,	2
121,	3
122,	3
123,	2
124,	2
125,	2
126,	2
127,	2
128,	2
129,	4
130,	0
131,	2
132,	7
133,	1
134,	4
135,	1
136,	3
137,	4
138,	6
139,	1
140,	1
141,	3
142,	1
143,	5
144,	4
145,	2
146,	5
147,	4
148,	4
149,	0
150,	5
151,	6
152,	0
153,	2
154,	2
155,	4
156,	0
157,	3
158,	3
159,	0
160,	3
161,	5
162,	8
163,	5
164,	6
165,	5
166,	0
167,	1
168,	3
169,	3
170,	6
171,	3
172,	1
173,	3
174,	1
175,	1
176,	2
177,	7
178,	5
179,	5
180,	4
181,	2
182,	5
183,	5
184,	0
185,	4
186,	4
187,	0
188,	2
189,	5
190,	4
191,	2
192,	3
193,	2
194,	4
195,	3
196,	2
197,	2
198,	3
199,	4
200,	1
201,	3
202,	5
203,	6
204,	5
205,	2
206,	3
207,	5
208,	1
209,	4
210,	4
211,	0
212,	9
213,	4
214,	3
215,	4
216,	3
217,	3
218,	6
219,	1
220,	7
221,	0
222,	5
223,	3
224,	3
225,	0
226,	3
227,	5
228,	0
229,	5
230,	2
231,	4
232,	6
233,	5
234,	1
235,	6
236,	6
237,	4
238,	2
239,	2
240,	1
241,	1
242,	6
243,	4
244,	7
245,	1
246,	5
247,	7
248,	6
249,	4
250,	3
251,	5
252,	5
253,	6
254,	7
255,	4
256,	2
257,	1
258,	4
259,	3
260,	6
261,	4
262,	5
263,	10
264,	4
265,	1
266,	5
267,	3
268,	6
269,	5
270,	7
271,	5
272,	6
273,	5
274,	8
275,	1
276,	9
277,	1
278,	6
279,	1
280,	2
281,	4
282,	6
283,	4
284,	8
285,	4
286,	6
287,	4
288,	4
289,	2
290,	3
291,	3
292,	6
293,	3
294,	8
295,	4
296,	6
297,	7
298,	4
299,	2
300,	4
301,	1
302,	5
303,	4
304,	1
305,	6
306,	2
307,	7
308,	3
309,	6
310,	7
311,	2
312,	2
313,	7
314,	6
315,	5
316,	6
317,	3
318,	3
319,	3
320,	4
321,	9
322,	7
323,	5
324,	6
325,	5
326,	2
327,	5
328,	7
329,	6
330,	0
331,	6
332,	2
333,	4
334,	8
335,	9
336,	6
337,	8
338,	5
339,	7
340,	5
341,	6
342,	6
343,	8
344,	3
345,	7
346,	8
347,	11
348,	7
349,	6
350,	4
351,	0
352,	9
353,	7
354,	4
355,	9
356,	9
357,	7
358,	5
359,	11
360,	7
361,	6
362,	3
363,	7
364,	8
365,	8
366,	6
367,	4
368,	9
369,	6
370,	8
371,	4
372,	4
373,	4
374,	4
375,	6
376,	8
377,	7
378,	5
379,	7
380,	1
381,	5
382,	2
383,	4
384,	5
385,	4
386,	8
387,	8
388,	9
389,	8
390,	7
391,	0
392,	5
393,	8
394,	9
395,	0
396,	10
397,	7
398,	3
399,	8
400,	7
401,	1
402,	1
403,	7
404,	5
405,	9
406,	2
407,	5
408,	0
409,	7
410,	7
411,	3
412,	8
413,	6
414,	5
415,	10
416,	9
417,	7
418,	9
419,	5
420,	3
421,	6
422,	8
423,	4
424,	7
425,	7
426,	10
427,	6
428,	1
429,	3
430,	9
431,	6
432,	11
433,	5
434,	6
435,	6
436,	5
437,	3
438,	6
439,	9
440,	3
441,	8
442,	0
443,	9
444,	3
445,	7
446,	10
447,	2
448,	4
449,	7
450,	10
451,	0
452,	7
453,	9
454,	3
455,	6
456,	9
457,	0
458,	11
459,	0
460,	10
461,	2
462,	8
463,	8
464,	3
465,	7
466,	7
467,	5
468,	6
469,	6
470,	3
471,	9
472,	8
473,	3
474,	8
475,	10
476,	9
477,	0
478,	7
479,	0
480,	9
481,	4
482,	9
483,	5
484,	8
485,	6
486,	7
487,	7
488,	7
489,	0
490,	6
491,	9
492,	11
493,	9
494,	10
495,	6
496,	9
497,	8
498,	6
499,	4
