Instance: /home/gabriel/Documents/ufrgs/courses/oc/trab/instances/cmb01
Vertices: 500
Colors: 12
NumIterations: 1
Alpha: 0.650000
Is Factible?: false
Conflicts: 5
Solution Value: 181608.046875
Vertex,	Color
0,	2
1,	0
2,	5
3,	2
4,	5
5,	1
6,	2
7,	2
8,	3
9,	2
10,	0
11,	1
12,	0
13,	0
14,	4
15,	2
16,	3
17,	0
18,	3
19,	1
20,	1
21,	0
22,	6
23,	0
24,	3
25,	6
26,	1
27,	2
28,	2
29,	0
30,	2
31,	0
32,	2
33,	1
34,	2
35,	0
36,	2
37,	2
38,	6
39,	10
40,	1
41,	1
42,	5
43,	1
44,	1
45,	3
46,	2
47,	5
48,	2
49,	7
50,	3
51,	10
52,	1
53,	3
54,	0
55,	2
56,	0
57,	3
58,	6
59,	0
60,	7
61,	1
62,	3
63,	4
64,	0
65,	8
66,	0
67,	1
68,	1
69,	5
70,	0
71,	0
72,	6
73,	1
74,	3
75,	0
76,	0
77,	8
78,	7
79,	3
80,	6
81,	2
82,	0
83,	1
84,	2
85,	0
86,	1
87,	7
88,	2
89,	7
90,	2
91,	3
92,	2
93,	5
94,	3
95,	4
96,	0
97,	4
98,	0
99,	6
100,	1
101,	1
102,	4
103,	11
104,	0
105,	8
106,	2
107,	1
108,	1
109,	6
110,	5
111,	2
112,	2
113,	0
114,	7
115,	4
116,	1
117,	5
118,	0
119,	4
120,	1
121,	1
122,	4
123,	6
124,	2
125,	1
126,	0
127,	5
128,	1
129,	3
130,	0
131,	2
132,	9
133,	0
134,	3
135,	3
136,	0
137,	8
138,	10
139,	2
140,	0
141,	5
142,	8
143,	2
144,	0
145,	0
146,	4
147,	3
148,	4
149,	0
150,	4
151,	6
152,	11
153,	0
154,	2
155,	4
156,	10
157,	1
158,	0
159,	1
160,	4
161,	3
162,	5
163,	4
164,	5
165,	8
166,	4
167,	1
168,	3
169,	0
170,	7
171,	2
172,	2
173,	0
174,	1
175,	0
176,	0
177,	4
178,	4
179,	3
180,	6
181,	5
182,	5
183,	1
184,	2
185,	3
186,	2
187,	0
188,	0
189,	1
190,	3
191,	0
192,	1
193,	3
194,	3
195,	2
196,	2
197,	1
198,	1
199,	4
200,	1
201,	3
202,	1
203,	4
204,	1
205,	4
206,	2
207,	1
208,	2
209,	3
210,	3
211,	2
212,	2
213,	1
214,	11
215,	3
216,	1
217,	6
218,	5
219,	6
220,	6
221,	0
222,	7
223,	3
224,	1
225,	3
226,	4
227,	1
228,	4
229,	1
230,	4
231,	3
232,	2
233,	4
234,	2
235,	5
236,	9
237,	1
238,	8
239,	2
240,	0
241,	3
242,	8
243,	3
244,	5
245,	6
246,	0
247,	4
248,	4
249,	2
250,	0
251,	4
252,	6
253,	0
254,	4
255,	5
256,	4
257,	1
258,	4
259,	3
260,	6
261,	3
262,	2
263,	7
264,	4
265,	1
266,	2
267,	6
268,	5
269,	7
270,	3
271,	5
272,	2
273,	7
274,	8
275,	0
276,	4
277,	7
278,	4
279,	1
280,	0
281,	2
282,	5
283,	6
284,	4
285,	4
286,	1
287,	5
288,	0
289,	7
290,	0
291,	3
292,	5
293,	8
294,	9
295,	2
296,	5
297,	6
298,	0
299,	3
300,	1
301,	2
302,	3
303,	4
304,	0
305,	3
306,	2
307,	7
308,	0
309,	6
310,	2
311,	1
312,	1
313,	6
314,	7
315,	1
316,	9
317,	3
318,	1
319,	2
320,	5
321,	5
322,	4
323,	7
324,	4
325,	4
326,	5
327,	4
328,	9
329,	6
330,	2
331,	9
332,	3
333,	2
334,	8
335,	5
336,	7
337,	6
338,	6
339,	6
340,	4
341,	9
342,	5
343,	10
344,	2
345,	6
346,	4
347,	6
348,	7
349,	3
350,	5
351,	1
352,	9
353,	4
354,	3
355,	6
356,	6
357,	9
358,	4
359,	2
360,	7
361,	6
362,	6
363,	5
364,	8
365,	7
366,	3
367,	4
368,	7
369,	6
370,	7
371,	3
372,	3
373,	5
374,	2
375,	5
376,	8
377,	4
378,	5
379,	3
380,	0
381,	0
382,	1
383,	3
384,	5
385,	7
386,	7
387,	7
388,	2
389,	9
390,	7
391,	3
392,	4
393,	8
394,	9
395,	6
396,	10
397,	6
398,	4
399,	8
400,	7
401,	6
402,	1
403,	5
404,	5
405,	10
406,	7
407,	4
408,	10
409,	9
410,	3
411,	1
412,	6
413,	5
414,	10
415,	0
416,	10
417,	5
418,	8
419,	1
420,	9
421,	7
422,	5
423,	9
424,	9
425,	6
426,	10
427,	5
428,	1
429,	4
430,	9
431,	4
432,	5
433,	5
434,	6
435,	5
436,	6
437,	2
438,	7
439,	6
440,	11
441,	8
442,	6
443,	2
444,	3
445,	7
446,	11
447,	3
448,	5
449,	10
450,	0
451,	7
452,	7
453,	10
454,	4
455,	6
456,	7
457,	0
458,	11
459,	8
460,	9
461,	3
462,	6
463,	7
464,	5
465,	7
466,	9
467,	1
468,	10
469,	4
470,	8
471,	8
472,	8
473,	5
474,	8
475,	10
476,	2
477,	2
478,	7
479,	0
480,	7
481,	4
482,	11
483,	4
484,	8
485,	9
486,	8
487,	6
488,	4
489,	6
490,	2
491,	9
492,	11
493,	10
494,	8
495,	9
496,	10
497,	6
498,	3
499,	9
