Instance: /home/gabriel/Documents/ufrgs/courses/oc/trab/instances/cmb01
Vertices: 500
Colors: 12
NumIterations: 1000
Alpha: 0.000000
Is Factible?: false
Conflicts: 3
Solution Value: 147218.656250
Vertex,	Color
0,	7
1,	7
2,	8
3,	0
4,	8
5,	7
6,	0
7,	0
8,	5
9,	7
10,	3
11,	3
12,	3
13,	3
14,	10
15,	2
16,	1
17,	3
18,	1
19,	2
20,	3
21,	0
22,	5
23,	9
24,	1
25,	3
26,	6
27,	9
28,	2
29,	2
30,	2
31,	4
32,	4
33,	5
34,	1
35,	2
36,	6
37,	7
38,	10
39,	6
40,	1
41,	0
42,	6
43,	6
44,	2
45,	0
46,	4
47,	9
48,	3
49,	7
50,	3
51,	8
52,	2
53,	4
54,	6
55,	3
56,	4
57,	3
58,	9
59,	2
60,	1
61,	1
62,	10
63,	6
64,	1
65,	2
66,	7
67,	1
68,	2
69,	4
70,	11
71,	8
72,	10
73,	8
74,	9
75,	5
76,	9
77,	2
78,	6
79,	4
80,	3
81,	3
82,	5
83,	11
84,	5
85,	4
86,	5
87,	4
88,	0
89,	10
90,	5
91,	7
92,	3
93,	1
94,	2
95,	2
96,	7
97,	7
98,	3
99,	6
100,	3
101,	1
102,	1
103,	9
104,	1
105,	2
106,	5
107,	10
108,	3
109,	6
110,	7
111,	9
112,	2
113,	0
114,	5
115,	7
116,	6
117,	8
118,	0
119,	6
120,	1
121,	4
122,	2
123,	0
124,	0
125,	5
126,	3
127,	3
128,	1
129,	1
130,	4
131,	1
132,	5
133,	1
134,	4
135,	2
136,	1
137,	3
138,	0
139,	5
140,	3
141,	4
142,	5
143,	10
144,	6
145,	2
146,	0
147,	1
148,	10
149,	9
150,	8
151,	10
152,	3
153,	4
154,	2
155,	3
156,	8
157,	2
158,	2
159,	2
160,	4
161,	10
162,	10
163,	0
164,	6
165,	3
166,	9
167,	3
168,	5
169,	5
170,	0
171,	2
172,	0
173,	9
174,	7
175,	3
176,	2
177,	1
178,	9
179,	4
180,	4
181,	0
182,	10
183,	1
184,	6
185,	3
186,	4
187,	1
188,	4
189,	8
190,	4
191,	3
192,	6
193,	1
194,	8
195,	11
196,	5
197,	1
198,	2
199,	8
200,	3
201,	4
202,	1
203,	5
204,	5
205,	0
206,	1
207,	6
208,	8
209,	7
210,	9
211,	0
212,	8
213,	3
214,	3
215,	1
216,	0
217,	4
218,	1
219,	6
220,	0
221,	3
222,	0
223,	4
224,	7
225,	5
226,	6
227,	8
228,	2
229,	0
230,	4
231,	8
232,	1
233,	7
234,	3
235,	10
236,	6
237,	5
238,	3
239,	7
240,	7
241,	4
242,	3
243,	6
244,	5
245,	0
246,	7
247,	3
248,	3
249,	0
250,	5
251,	0
252,	0
253,	7
254,	7
255,	9
256,	7
257,	0
258,	6
259,	6
260,	10
261,	4
262,	2
263,	4
264,	0
265,	1
266,	5
267,	4
268,	6
269,	9
270,	5
271,	2
272,	8
273,	5
274,	7
275,	3
276,	11
277,	1
278,	5
279,	1
280,	0
281,	6
282,	10
283,	2
284,	8
285,	0
286,	4
287,	1
288,	6
289,	2
290,	3
291,	2
292,	3
293,	1
294,	1
295,	7
296,	1
297,	7
298,	4
299,	1
300,	3
301,	5
302,	0
303,	0
304,	0
305,	5
306,	5
307,	4
308,	0
309,	6
310,	7
311,	8
312,	5
313,	0
314,	0
315,	9
316,	11
317,	5
318,	1
319,	1
320,	6
321,	6
322,	5
323,	1
324,	1
325,	0
326,	1
327,	3
328,	10
329,	8
330,	1
331,	5
332,	2
333,	7
334,	2
335,	3
336,	7
337,	6
338,	2
339,	5
340,	5
341,	5
342,	1
343,	8
344,	5
345,	10
346,	4
347,	7
348,	6
349,	5
350,	0
351,	0
352,	1
353,	8
354,	4
355,	4
356,	0
357,	11
358,	5
359,	11
360,	1
361,	0
362,	3
363,	3
364,	9
365,	6
366,	1
367,	2
368,	9
369,	2
370,	0
371,	2
372,	5
373,	7
374,	0
375,	10
376,	0
377,	4
378,	4
379,	4
380,	5
381,	4
382,	3
383,	0
384,	1
385,	6
386,	4
387,	6
388,	2
389,	4
390,	4
391,	2
392,	0
393,	9
394,	2
395,	4
396,	0
397,	4
398,	5
399,	5
400,	1
401,	1
402,	6
403,	6
404,	4
405,	7
406,	2
407,	7
408,	0
409,	0
410,	1
411,	3
412,	3
413,	1
414,	6
415,	4
416,	2
417,	3
418,	9
419,	0
420,	8
421,	7
422,	2
423,	6
424,	10
425,	6
426,	6
427,	3
428,	3
429,	5
430,	4
431,	1
432,	0
433,	6
434,	2
435,	6
436,	2
437,	3
438,	6
439,	1
440,	5
441,	6
442,	0
443,	8
444,	0
445,	7
446,	2
447,	0
448,	0
449,	7
450,	4
451,	5
452,	2
453,	3
454,	2
455,	6
456,	0
457,	11
458,	6
459,	7
460,	2
461,	0
462,	4
463,	4
464,	3
465,	6
466,	5
467,	3
468,	3
469,	5
470,	2
471,	0
472,	8
473,	1
474,	2
475,	7
476,	1
477,	0
478,	7
479,	4
480,	11
481,	2
482,	7
483,	2
484,	2
485,	8
486,	7
487,	6
488,	1
489,	5
490,	3
491,	9
492,	1
493,	7
494,	7
495,	1
496,	4
497,	8
498,	2
499,	6
