Instance: /home/gabriel/Documents/ufrgs/courses/oc/trab/instances/cmb01
Vertices: 500
Colors: 12
NumIterations: 1
Alpha: 0.250000
Is Factible?: false
Conflicts: 6
Solution Value: 151477.156250
Vertex,	Color
0,	4
1,	3
2,	4
3,	0
4,	0
5,	0
6,	7
7,	2
8,	3
9,	1
10,	5
11,	2
12,	4
13,	2
14,	1
15,	0
16,	6
17,	3
18,	2
19,	7
20,	6
21,	5
22,	1
23,	9
24,	5
25,	1
26,	2
27,	1
28,	3
29,	0
30,	1
31,	4
32,	2
33,	6
34,	4
35,	4
36,	8
37,	2
38,	6
39,	10
40,	0
41,	9
42,	0
43,	1
44,	0
45,	4
46,	5
47,	8
48,	9
49,	7
50,	7
51,	1
52,	1
53,	3
54,	3
55,	1
56,	2
57,	2
58,	5
59,	0
60,	8
61,	6
62,	6
63,	1
64,	4
65,	9
66,	4
67,	3
68,	2
69,	4
70,	11
71,	2
72,	5
73,	1
74,	5
75,	7
76,	8
77,	5
78,	3
79,	3
80,	2
81,	5
82,	0
83,	8
84,	3
85,	1
86,	6
87,	8
88,	4
89,	3
90,	3
91,	1
92,	0
93,	5
94,	3
95,	2
96,	6
97,	3
98,	0
99,	6
100,	1
101,	5
102,	2
103,	4
104,	1
105,	1
106,	0
107,	6
108,	2
109,	3
110,	5
111,	7
112,	0
113,	0
114,	1
115,	2
116,	7
117,	3
118,	0
119,	6
120,	6
121,	9
122,	9
123,	3
124,	1
125,	4
126,	1
127,	5
128,	1
129,	2
130,	5
131,	1
132,	8
133,	4
134,	4
135,	6
136,	0
137,	9
138,	5
139,	4
140,	3
141,	0
142,	7
143,	0
144,	3
145,	4
146,	1
147,	7
148,	1
149,	3
150,	5
151,	3
152,	2
153,	2
154,	7
155,	8
156,	4
157,	1
158,	8
159,	1
160,	1
161,	3
162,	10
163,	7
164,	8
165,	6
166,	6
167,	6
168,	5
169,	1
170,	3
171,	5
172,	1
173,	7
174,	5
175,	4
176,	4
177,	8
178,	8
179,	7
180,	2
181,	3
182,	7
183,	1
184,	0
185,	5
186,	0
187,	4
188,	2
189,	1
190,	0
191,	0
192,	1
193,	2
194,	6
195,	11
196,	3
197,	1
198,	2
199,	2
200,	1
201,	2
202,	8
203,	0
204,	6
205,	0
206,	6
207,	1
208,	0
209,	1
210,	10
211,	1
212,	11
213,	4
214,	3
215,	3
216,	3
217,	7
218,	0
219,	6
220,	3
221,	2
222,	5
223,	0
224,	3
225,	3
226,	1
227,	8
228,	0
229,	0
230,	4
231,	10
232,	4
233,	1
234,	1
235,	0
236,	9
237,	11
238,	6
239,	0
240,	1
241,	3
242,	7
243,	1
244,	3
245,	2
246,	4
247,	4
248,	4
249,	3
250,	7
251,	2
252,	4
253,	5
254,	8
255,	9
256,	7
257,	5
258,	3
259,	5
260,	3
261,	4
262,	2
263,	7
264,	6
265,	2
266,	1
267,	6
268,	5
269,	7
270,	10
271,	7
272,	1
273,	5
274,	2
275,	1
276,	11
277,	2
278,	0
279,	5
280,	3
281,	2
282,	0
283,	5
284,	5
285,	4
286,	0
287,	6
288,	2
289,	8
290,	1
291,	2
292,	3
293,	4
294,	10
295,	2
296,	9
297,	4
298,	0
299,	1
300,	6
301,	1
302,	2
303,	1
304,	3
305,	5
306,	3
307,	3
308,	1
309,	2
310,	9
311,	3
312,	1
313,	7
314,	7
315,	4
316,	1
317,	0
318,	0
319,	0
320,	0
321,	0
322,	3
323,	6
324,	8
325,	1
326,	0
327,	9
328,	5
329,	0
330,	0
331,	5
332,	0
333,	4
334,	5
335,	0
336,	5
337,	7
338,	1
339,	4
340,	2
341,	2
342,	3
343,	1
344,	4
345,	1
346,	7
347,	6
348,	2
349,	5
350,	5
351,	0
352,	4
353,	4
354,	5
355,	6
356,	0
357,	3
358,	0
359,	1
360,	3
361,	1
362,	4
363,	3
364,	4
365,	2
366,	3
367,	1
368,	2
369,	5
370,	0
371,	2
372,	0
373,	0
374,	3
375,	6
376,	8
377,	3
378,	0
379,	2
380,	4
381,	0
382,	2
383,	0
384,	1
385,	2
386,	7
387,	10
388,	3
389,	7
390,	2
391,	5
392,	1
393,	9
394,	5
395,	2
396,	10
397,	10
398,	1
399,	5
400,	7
401,	6
402,	7
403,	2
404,	1
405,	6
406,	6
407,	5
408,	5
409,	5
410,	7
411,	4
412,	5
413,	3
414,	8
415,	6
416,	5
417,	2
418,	6
419,	7
420,	9
421,	8
422,	4
423,	8
424,	6
425,	2
426,	6
427,	6
428,	4
429,	5
430,	8
431,	4
432,	0
433,	4
434,	4
435,	6
436,	5
437,	4
438,	5
439,	7
440,	8
441,	8
442,	10
443,	3
444,	2
445,	2
446,	9
447,	6
448,	2
449,	0
450,	11
451,	8
452,	7
453,	9
454,	3
455,	4
456,	3
457,	0
458,	2
459,	9
460,	10
461,	1
462,	4
463,	8
464,	7
465,	5
466,	7
467,	4
468,	11
469,	6
470,	6
471,	9
472,	8
473,	3
474,	9
475,	9
476,	8
477,	2
478,	8
479,	11
480,	7
481,	4
482,	9
483,	6
484,	8
485,	10
486,	8
487,	9
488,	5
489,	5
490,	4
491,	8
492,	11
493,	8
494,	9
495,	5
496,	10
497,	9
498,	3
499,	9
