Instance: /home/gabriel/Documents/ufrgs/courses/oc/trab/instances/cmb01
Vertices: 500
Colors: 12
NumIterations: 100
Alpha: 0.950000
Is Factible?: false
Conflicts: 2
Solution Value: 162620.562500
Vertex,	Color
0,	0
1,	1
2,	0
3,	0
4,	1
5,	0
6,	0
7,	1
8,	1
9,	0
10,	2
11,	1
12,	1
13,	0
14,	1
15,	0
16,	1
17,	2
18,	1
19,	0
20,	8
21,	0
22,	1
23,	2
24,	0
25,	1
26,	0
27,	0
28,	0
29,	2
30,	1
31,	0
32,	2
33,	0
34,	4
35,	0
36,	0
37,	0
38,	2
39,	10
40,	1
41,	0
42,	0
43,	10
44,	1
45,	2
46,	1
47,	1
48,	1
49,	0
50,	1
51,	1
52,	1
53,	2
54,	0
55,	0
56,	1
57,	4
58,	2
59,	0
60,	1
61,	0
62,	1
63,	1
64,	0
65,	2
66,	2
67,	0
68,	6
69,	1
70,	3
71,	2
72,	2
73,	1
74,	3
75,	1
76,	2
77,	2
78,	1
79,	3
80,	2
81,	0
82,	1
83,	0
84,	0
85,	1
86,	3
87,	1
88,	3
89,	5
90,	3
91,	3
92,	0
93,	1
94,	5
95,	1
96,	2
97,	3
98,	1
99,	2
100,	3
101,	2
102,	3
103,	3
104,	2
105,	4
106,	3
107,	5
108,	1
109,	2
110,	2
111,	4
112,	0
113,	2
114,	3
115,	0
116,	1
117,	5
118,	2
119,	5
120,	2
121,	4
122,	5
123,	2
124,	2
125,	2
126,	2
127,	3
128,	0
129,	4
130,	1
131,	2
132,	4
133,	1
134,	4
135,	1
136,	3
137,	4
138,	6
139,	0
140,	1
141,	5
142,	1
143,	11
144,	6
145,	1
146,	4
147,	4
148,	7
149,	0
150,	5
151,	6
152,	0
153,	2
154,	2
155,	4
156,	0
157,	3
158,	2
159,	3
160,	3
161,	6
162,	7
163,	5
164,	6
165,	6
166,	2
167,	1
168,	4
169,	3
170,	6
171,	4
172,	1
173,	3
174,	1
175,	1
176,	2
177,	8
178,	5
179,	9
180,	3
181,	2
182,	6
183,	3
184,	4
185,	4
186,	4
187,	0
188,	2
189,	5
190,	6
191,	2
192,	3
193,	2
194,	2
195,	3
196,	2
197,	5
198,	9
199,	3
200,	1
201,	3
202,	4
203,	5
204,	5
205,	2
206,	3
207,	2
208,	1
209,	4
210,	5
211,	2
212,	9
213,	4
214,	3
215,	4
216,	4
217,	4
218,	6
219,	2
220,	7
221,	0
222,	5
223,	3
224,	3
225,	0
226,	4
227,	5
228,	0
229,	6
230,	2
231,	5
232,	6
233,	5
234,	3
235,	5
236,	6
237,	8
238,	2
239,	2
240,	1
241,	1
242,	7
243,	3
244,	7
245,	1
246,	5
247,	5
248,	6
249,	4
250,	3
251,	2
252,	5
253,	2
254,	7
255,	2
256,	4
257,	3
258,	4
259,	4
260,	6
261,	4
262,	4
263,	10
264,	4
265,	3
266,	5
267,	5
268,	6
269,	6
270,	7
271,	5
272,	7
273,	6
274,	8
275,	1
276,	8
277,	3
278,	6
279,	1
280,	2
281,	4
282,	7
283,	3
284,	9
285,	4
286,	0
287,	5
288,	4
289,	2
290,	0
291,	4
292,	6
293,	3
294,	8
295,	3
296,	6
297,	7
298,	2
299,	2
300,	3
301,	1
302,	4
303,	3
304,	1
305,	6
306,	2
307,	7
308,	3
309,	6
310,	8
311,	2
312,	2
313,	7
314,	7
315,	6
316,	6
317,	0
318,	3
319,	3
320,	4
321,	5
322,	9
323,	6
324,	7
325,	5
326,	2
327,	5
328,	6
329,	6
330,	0
331,	6
332,	5
333,	7
334,	8
335,	0
336,	6
337,	9
338,	4
339,	7
340,	5
341,	6
342,	7
343,	1
344,	0
345,	7
346,	7
347,	11
348,	7
349,	0
350,	1
351,	3
352,	9
353,	7
354,	4
355,	4
356,	0
357,	8
358,	7
359,	11
360,	7
361,	6
362,	4
363,	7
364,	8
365,	5
366,	7
367,	4
368,	7
369,	6
370,	5
371,	5
372,	4
373,	4
374,	4
375,	6
376,	8
377,	9
378,	5
379,	5
380,	1
381,	5
382,	3
383,	2
384,	6
385,	4
386,	8
387,	8
388,	9
389,	7
390,	7
391,	0
392,	5
393,	8
394,	9
395,	0
396,	10
397,	8
398,	1
399,	8
400,	7
401,	6
402,	8
403,	7
404,	5
405,	9
406,	2
407,	5
408,	0
409,	8
410,	8
411,	3
412,	5
413,	6
414,	5
415,	0
416,	9
417,	7
418,	10
419,	5
420,	3
421,	7
422,	6
423,	9
424,	8
425,	8
426,	9
427,	6
428,	1
429,	3
430,	9
431,	6
432,	10
433,	7
434,	6
435,	6
436,	5
437,	3
438,	6
439,	10
440,	11
441,	9
442,	4
443,	6
444,	3
445,	3
446,	10
447,	2
448,	4
449,	7
450,	10
451,	5
452,	7
453,	7
454,	4
455,	6
456,	9
457,	0
458,	1
459,	0
460,	10
461,	5
462,	0
463,	8
464,	5
465,	7
466,	9
467,	6
468,	7
469,	3
470,	3
471,	8
472,	7
473,	4
474,	8
475,	11
476,	9
477,	0
478,	5
479,	11
480,	10
481,	4
482,	10
483,	6
484,	8
485,	9
486,	8
487,	8
488,	7
489,	0
490,	6
491,	9
492,	10
493,	11
494,	10
495,	7
496,	10
497,	9
498,	6
499,	9
