Instance: /home/gabriel/Documents/ufrgs/courses/oc/trab/instances/cmb01
Vertices: 500
Colors: 12
NumIterations: 10
Alpha: 0.050000
Is Factible?: false
Conflicts: 4
Solution Value: 151006.812500
Vertex,	Color
0,	6
1,	5
2,	6
3,	3
4,	1
5,	0
6,	0
7,	6
8,	5
9,	3
10,	8
11,	6
12,	1
13,	4
14,	4
15,	1
16,	9
17,	3
18,	11
19,	1
20,	3
21,	3
22,	3
23,	8
24,	2
25,	5
26,	7
27,	1
28,	11
29,	3
30,	1
31,	1
32,	7
33,	2
34,	8
35,	5
36,	1
37,	4
38,	4
39,	10
40,	2
41,	8
42,	3
43,	4
44,	2
45,	3
46,	5
47,	6
48,	1
49,	7
50,	1
51,	1
52,	0
53,	3
54,	0
55,	5
56,	1
57,	2
58,	0
59,	1
60,	7
61,	1
62,	5
63,	7
64,	1
65,	2
66,	3
67,	7
68,	11
69,	2
70,	1
71,	1
72,	4
73,	0
74,	2
75,	6
76,	8
77,	0
78,	3
79,	10
80,	0
81,	9
82,	1
83,	9
84,	3
85,	3
86,	5
87,	6
88,	10
89,	6
90,	8
91,	1
92,	5
93,	9
94,	4
95,	3
96,	7
97,	6
98,	1
99,	2
100,	5
101,	3
102,	4
103,	10
104,	0
105,	4
106,	4
107,	0
108,	5
109,	3
110,	0
111,	1
112,	4
113,	3
114,	8
115,	3
116,	0
117,	6
118,	2
119,	8
120,	8
121,	4
122,	7
123,	7
124,	6
125,	2
126,	3
127,	0
128,	3
129,	1
130,	2
131,	0
132,	7
133,	7
134,	6
135,	1
136,	2
137,	7
138,	0
139,	1
140,	5
141,	8
142,	9
143,	8
144,	8
145,	3
146,	0
147,	7
148,	8
149,	7
150,	2
151,	5
152,	5
153,	2
154,	1
155,	7
156,	6
157,	9
158,	9
159,	1
160,	3
161,	4
162,	9
163,	5
164,	4
165,	0
166,	2
167,	5
168,	3
169,	4
170,	1
171,	9
172,	4
173,	7
174,	6
175,	11
176,	5
177,	2
178,	1
179,	9
180,	7
181,	5
182,	6
183,	5
184,	5
185,	4
186,	8
187,	3
188,	3
189,	0
190,	0
191,	8
192,	0
193,	6
194,	4
195,	6
196,	7
197,	0
198,	3
199,	5
200,	0
201,	4
202,	3
203,	1
204,	2
205,	4
206,	8
207,	0
208,	5
209,	7
210,	3
211,	1
212,	3
213,	0
214,	5
215,	0
216,	0
217,	5
218,	5
219,	3
220,	2
221,	3
222,	2
223,	7
224,	6
225,	0
226,	9
227,	0
228,	2
229,	3
230,	3
231,	1
232,	1
233,	0
234,	8
235,	9
236,	2
237,	10
238,	2
239,	3
240,	4
241,	4
242,	5
243,	4
244,	3
245,	3
246,	8
247,	9
248,	5
249,	5
250,	1
251,	2
252,	5
253,	11
254,	0
255,	7
256,	1
257,	1
258,	7
259,	4
260,	0
261,	6
262,	0
263,	6
264,	1
265,	1
266,	3
267,	3
268,	4
269,	6
270,	2
271,	0
272,	5
273,	5
274,	10
275,	5
276,	8
277,	1
278,	8
279,	2
280,	1
281,	1
282,	9
283,	2
284,	2
285,	1
286,	2
287,	6
288,	1
289,	0
290,	0
291,	3
292,	6
293,	9
294,	4
295,	5
296,	7
297,	7
298,	4
299,	4
300,	11
301,	6
302,	1
303,	0
304,	8
305,	5
306,	1
307,	9
308,	3
309,	4
310,	1
311,	0
312,	2
313,	2
314,	7
315,	4
316,	6
317,	6
318,	2
319,	2
320,	3
321,	8
322,	0
323,	6
324,	10
325,	0
326,	3
327,	0
328,	7
329,	6
330,	4
331,	8
332,	4
333,	1
334,	4
335,	1
336,	8
337,	2
338,	9
339,	2
340,	11
341,	4
342,	5
343,	2
344,	2
345,	3
346,	2
347,	2
348,	0
349,	2
350,	4
351,	2
352,	11
353,	1
354,	0
355,	2
356,	11
357,	5
358,	7
359,	5
360,	2
361,	3
362,	0
363,	6
364,	9
365,	11
366,	0
367,	0
368,	5
369,	1
370,	2
371,	3
372,	6
373,	4
374,	8
375,	10
376,	7
377,	3
378,	1
379,	3
380,	10
381,	2
382,	1
383,	2
384,	4
385,	1
386,	7
387,	10
388,	8
389,	9
390,	0
391,	0
392,	5
393,	4
394,	2
395,	2
396,	6
397,	5
398,	4
399,	6
400,	5
401,	4
402,	10
403,	1
404,	0
405,	7
406,	2
407,	0
408,	8
409,	4
410,	4
411,	1
412,	10
413,	2
414,	4
415,	9
416,	2
417,	3
418,	10
419,	0
420,	6
421,	6
422,	4
423,	6
424,	0
425,	7
426,	2
427,	6
428,	0
429,	5
430,	6
431,	1
432,	3
433,	3
434,	2
435,	5
436,	4
437,	5
438,	0
439,	6
440,	4
441,	7
442,	1
443,	5
444,	1
445,	8
446,	5
447,	5
448,	1
449,	0
450,	3
451,	4
452,	5
453,	4
454,	0
455,	6
456,	8
457,	0
458,	5
459,	8
460,	2
461,	6
462,	1
463,	1
464,	0
465,	5
466,	3
467,	7
468,	6
469,	4
470,	4
471,	2
472,	2
473,	0
474,	8
475,	1
476,	2
477,	1
478,	2
479,	3
480,	8
481,	3
482,	10
483,	4
484,	4
485,	7
486,	8
487,	2
488,	6
489,	5
490,	3
491,	9
492,	10
493,	7
494,	8
495,	9
496,	9
497,	6
498,	4
499,	9
