Instance: /home/gabriel/Documents/ufrgs/courses/oc/trab/instances/cmb01
Vertices: 500
Colors: 12
NumIterations: 1
Alpha: 0.650000
Is Factible?: false
Conflicts: 7
Solution Value: 174899.328125
Vertex,	Color
0,	11
1,	0
2,	4
3,	1
4,	5
5,	5
6,	5
7,	0
8,	8
9,	6
10,	1
11,	0
12,	0
13,	5
14,	0
15,	1
16,	5
17,	6
18,	5
19,	5
20,	1
21,	0
22,	1
23,	10
24,	2
25,	1
26,	2
27,	1
28,	3
29,	1
30,	3
31,	4
32,	1
33,	1
34,	1
35,	3
36,	4
37,	0
38,	3
39,	6
40,	1
41,	2
42,	5
43,	4
44,	2
45,	6
46,	0
47,	7
48,	3
49,	5
50,	3
51,	8
52,	4
53,	5
54,	4
55,	0
56,	0
57,	5
58,	3
59,	0
60,	4
61,	1
62,	2
63,	0
64,	1
65,	2
66,	1
67,	2
68,	7
69,	0
70,	0
71,	1
72,	4
73,	0
74,	2
75,	1
76,	4
77,	4
78,	0
79,	5
80,	0
81,	9
82,	9
83,	1
84,	2
85,	5
86,	7
87,	0
88,	6
89,	10
90,	1
91,	1
92,	1
93,	5
94,	5
95,	0
96,	2
97,	2
98,	9
99,	3
100,	7
101,	0
102,	0
103,	2
104,	0
105,	0
106,	1
107,	3
108,	2
109,	2
110,	9
111,	8
112,	1
113,	2
114,	1
115,	7
116,	2
117,	1
118,	3
119,	7
120,	4
121,	11
122,	1
123,	4
124,	1
125,	2
126,	3
127,	4
128,	2
129,	3
130,	4
131,	1
132,	8
133,	0
134,	0
135,	2
136,	1
137,	2
138,	11
139,	1
140,	2
141,	3
142,	6
143,	8
144,	2
145,	0
146,	3
147,	3
148,	4
149,	7
150,	5
151,	0
152,	5
153,	1
154,	2
155,	2
156,	10
157,	1
158,	2
159,	2
160,	0
161,	4
162,	10
163,	4
164,	7
165,	3
166,	1
167,	3
168,	4
169,	2
170,	6
171,	1
172,	0
173,	1
174,	3
175,	3
176,	3
177,	1
178,	4
179,	5
180,	0
181,	2
182,	6
183,	7
184,	2
185,	3
186,	2
187,	0
188,	0
189,	4
190,	7
191,	6
192,	2
193,	2
194,	4
195,	5
196,	1
197,	3
198,	6
199,	7
200,	2
201,	5
202,	0
203,	1
204,	3
205,	2
206,	2
207,	2
208,	1
209,	5
210,	1
211,	0
212,	8
213,	2
214,	6
215,	2
216,	4
217,	0
218,	6
219,	4
220,	4
221,	0
222,	4
223,	1
224,	3
225,	0
226,	3
227,	4
228,	1
229,	2
230,	2
231,	4
232,	1
233,	3
234,	0
235,	1
236,	9
237,	1
238,	1
239,	1
240,	0
241,	0
242,	5
243,	4
244,	8
245,	4
246,	5
247,	3
248,	6
249,	3
250,	7
251,	5
252,	4
253,	10
254,	10
255,	2
256,	2
257,	1
258,	5
259,	3
260,	4
261,	3
262,	3
263,	6
264,	4
265,	0
266,	5
267,	9
268,	7
269,	4
270,	5
271,	2
272,	5
273,	3
274,	3
275,	1
276,	2
277,	4
278,	1
279,	0
280,	0
281,	4
282,	8
283,	6
284,	4
285,	4
286,	5
287,	4
288,	2
289,	4
290,	1
291,	1
292,	6
293,	3
294,	11
295,	4
296,	6
297,	2
298,	3
299,	3
300,	2
301,	1
302,	3
303,	4
304,	2
305,	6
306,	2
307,	7
308,	0
309,	6
310,	6
311,	2
312,	0
313,	8
314,	5
315,	2
316,	1
317,	1
318,	3
319,	1
320,	7
321,	3
322,	7
323,	5
324,	7
325,	4
326,	5
327,	8
328,	9
329,	5
330,	1
331,	5
332,	3
333,	3
334,	7
335,	9
336,	6
337,	7
338,	4
339,	2
340,	8
341,	9
342,	5
343,	3
344,	4
345,	7
346,	1
347,	9
348,	8
349,	6
350,	5
351,	0
352,	10
353,	7
354,	4
355,	5
356,	8
357,	9
358,	3
359,	7
360,	8
361,	6
362,	0
363,	8
364,	9
365,	6
366,	3
367,	3
368,	6
369,	6
370,	3
371,	2
372,	4
373,	2
374,	0
375,	6
376,	7
377,	8
378,	5
379,	3
380,	7
381,	2
382,	2
383,	3
384,	2
385,	4
386,	11
387,	8
388,	6
389,	9
390,	7
391,	4
392,	5
393,	7
394,	10
395,	4
396,	9
397,	9
398,	0
399,	9
400,	9
401,	2
402,	1
403,	5
404,	4
405,	9
406,	7
407,	4
408,	0
409,	9
410,	6
411,	3
412,	6
413,	6
414,	6
415,	3
416,	9
417,	6
418,	7
419,	3
420,	8
421,	5
422,	8
423,	8
424,	8
425,	6
426,	0
427,	6
428,	4
429,	5
430,	9
431,	1
432,	0
433,	5
434,	5
435,	5
436,	5
437,	3
438,	5
439,	6
440,	11
441,	6
442,	6
443,	7
444,	3
445,	7
446,	10
447,	2
448,	6
449,	0
450,	3
451,	10
452,	8
453,	8
454,	4
455,	5
456,	8
457,	4
458,	0
459,	0
460,	10
461,	3
462,	7
463,	9
464,	8
465,	6
466,	8
467,	7
468,	7
469,	5
470,	7
471,	6
472,	6
473,	2
474,	8
475,	10
476,	9
477,	1
478,	7
479,	0
480,	9
481,	4
482,	9
483,	4
484,	9
485,	6
486,	7
487,	8
488,	7
489,	5
490,	5
491,	9
492,	0
493,	11
494,	7
495,	3
496,	8
497,	5
498,	5
499,	5
