Instance: /home/gabriel/Documents/ufrgs/courses/oc/trab/instances/cmb01
Vertices: 500
Colors: 12
NumIterations: 1000
Alpha: 0.990000
Is Factible?: false
Conflicts: 2
Solution Value: 171818.484375
Vertex,	Color
0,	0
1,	1
2,	0
3,	0
4,	9
5,	0
6,	0
7,	1
8,	9
9,	0
10,	3
11,	1
12,	1
13,	0
14,	1
15,	2
16,	0
17,	2
18,	0
19,	0
20,	0
21,	0
22,	1
23,	1
24,	0
25,	1
26,	0
27,	0
28,	0
29,	1
30,	1
31,	0
32,	2
33,	0
34,	4
35,	1
36,	0
37,	0
38,	2
39,	3
40,	1
41,	0
42,	0
43,	0
44,	1
45,	2
46,	0
47,	2
48,	1
49,	0
50,	1
51,	0
52,	1
53,	2
54,	0
55,	0
56,	1
57,	4
58,	3
59,	0
60,	1
61,	0
62,	1
63,	1
64,	2
65,	2
66,	1
67,	3
68,	3
69,	1
70,	0
71,	2
72,	1
73,	0
74,	4
75,	1
76,	1
77,	4
78,	0
79,	10
80,	2
81,	2
82,	1
83,	3
84,	1
85,	0
86,	2
87,	1
88,	4
89,	1
90,	3
91,	3
92,	1
93,	1
94,	0
95,	1
96,	2
97,	3
98,	1
99,	4
100,	1
101,	0
102,	3
103,	9
104,	0
105,	5
106,	3
107,	5
108,	2
109,	2
110,	2
111,	5
112,	0
113,	1
114,	3
115,	2
116,	1
117,	7
118,	0
119,	5
120,	2
121,	3
122,	2
123,	3
124,	3
125,	2
126,	2
127,	4
128,	0
129,	4
130,	1
131,	2
132,	5
133,	1
134,	0
135,	1
136,	3
137,	5
138,	6
139,	0
140,	1
141,	2
142,	1
143,	4
144,	5
145,	2
146,	5
147,	4
148,	4
149,	0
150,	5
151,	6
152,	0
153,	2
154,	3
155,	4
156,	0
157,	3
158,	2
159,	1
160,	3
161,	5
162,	8
163,	5
164,	6
165,	4
166,	1
167,	0
168,	4
169,	3
170,	6
171,	4
172,	1
173,	3
174,	1
175,	1
176,	2
177,	7
178,	5
179,	10
180,	3
181,	2
182,	4
183,	2
184,	0
185,	3
186,	4
187,	0
188,	4
189,	5
190,	5
191,	2
192,	4
193,	2
194,	4
195,	3
196,	2
197,	2
198,	0
199,	3
200,	1
201,	3
202,	5
203,	2
204,	6
205,	2
206,	3
207,	5
208,	1
209,	4
210,	4
211,	2
212,	9
213,	4
214,	9
215,	4
216,	3
217,	2
218,	6
219,	4
220,	7
221,	0
222,	5
223,	3
224,	3
225,	0
226,	4
227,	5
228,	1
229,	5
230,	2
231,	4
232,	6
233,	5
234,	3
235,	6
236,	8
237,	4
238,	3
239,	2
240,	1
241,	1
242,	7
243,	3
244,	7
245,	1
246,	5
247,	6
248,	6
249,	2
250,	3
251,	6
252,	2
253,	7
254,	7
255,	3
256,	5
257,	2
258,	4
259,	3
260,	6
261,	3
262,	7
263,	10
264,	4
265,	3
266,	5
267,	7
268,	6
269,	3
270,	8
271,	5
272,	6
273,	5
274,	7
275,	1
276,	9
277,	6
278,	6
279,	1
280,	0
281,	4
282,	5
283,	2
284,	11
285,	4
286,	0
287,	4
288,	3
289,	2
290,	3
291,	4
292,	6
293,	2
294,	8
295,	4
296,	7
297,	6
298,	2
299,	2
300,	3
301,	1
302,	5
303,	4
304,	1
305,	5
306,	2
307,	7
308,	3
309,	6
310,	8
311,	2
312,	2
313,	7
314,	7
315,	5
316,	6
317,	0
318,	3
319,	2
320,	4
321,	1
322,	8
323,	6
324,	6
325,	5
326,	4
327,	3
328,	4
329,	6
330,	0
331,	6
332,	5
333,	8
334,	8
335,	7
336,	6
337,	7
338,	5
339,	7
340,	5
341,	8
342,	6
343,	7
344,	1
345,	8
346,	8
347,	8
348,	7
349,	0
350,	1
351,	0
352,	10
353,	7
354,	4
355,	4
356,	9
357,	9
358,	5
359,	11
360,	7
361,	6
362,	6
363,	7
364,	7
365,	7
366,	6
367,	4
368,	8
369,	6
370,	6
371,	4
372,	3
373,	4
374,	4
375,	5
376,	9
377,	5
378,	5
379,	3
380,	1
381,	1
382,	2
383,	3
384,	2
385,	4
386,	9
387,	9
388,	9
389,	7
390,	6
391,	0
392,	5
393,	8
394,	9
395,	0
396,	10
397,	8
398,	3
399,	8
400,	8
401,	6
402,	10
403,	4
404,	5
405,	8
406,	2
407,	3
408,	2
409,	8
410,	9
411,	3
412,	4
413,	6
414,	5
415,	11
416,	10
417,	5
418,	10
419,	5
420,	3
421,	6
422,	8
423,	5
424,	7
425,	7
426,	10
427,	6
428,	5
429,	4
430,	9
431,	6
432,	3
433,	6
434,	5
435,	6
436,	5
437,	4
438,	6
439,	9
440,	2
441,	8
442,	5
443,	3
444,	3
445,	3
446,	10
447,	3
448,	4
449,	9
450,	7
451,	10
452,	7
453,	5
454,	4
455,	6
456,	9
457,	11
458,	11
459,	2
460,	10
461,	2
462,	8
463,	7
464,	8
465,	6
466,	10
467,	5
468,	6
469,	6
470,	8
471,	9
472,	7
473,	3
474,	7
475,	11
476,	8
477,	2
478,	7
479,	2
480,	9
481,	4
482,	9
483,	5
484,	9
485,	6
486,	9
487,	8
488,	7
489,	4
490,	6
491,	8
492,	11
493,	8
494,	7
495,	7
496,	10
497,	10
498,	6
499,	4
