Instance: /home/gabriel/Documents/ufrgs/courses/oc/trab/instances/cmb01
Vertices: 500
Colors: 12
NumIterations: 1
Alpha: 0.650000
Is Factible?: false
Conflicts: 5
Solution Value: 175725.140625
Vertex,	Color
0,	2
1,	0
2,	4
3,	2
4,	1
5,	2
6,	2
7,	3
8,	1
9,	4
10,	1
11,	1
12,	5
13,	4
14,	0
15,	1
16,	8
17,	1
18,	10
19,	0
20,	8
21,	2
22,	5
23,	6
24,	0
25,	1
26,	1
27,	1
28,	5
29,	0
30,	1
31,	0
32,	2
33,	0
34,	5
35,	1
36,	5
37,	2
38,	4
39,	7
40,	0
41,	3
42,	5
43,	4
44,	1
45,	3
46,	1
47,	0
48,	10
49,	4
50,	1
51,	3
52,	0
53,	2
54,	2
55,	0
56,	1
57,	3
58,	2
59,	0
60,	7
61,	1
62,	0
63,	1
64,	3
65,	8
66,	0
67,	4
68,	2
69,	0
70,	0
71,	0
72,	3
73,	0
74,	6
75,	1
76,	2
77,	5
78,	3
79,	9
80,	0
81,	9
82,	3
83,	5
84,	4
85,	1
86,	3
87,	3
88,	4
89,	3
90,	3
91,	0
92,	1
93,	1
94,	5
95,	1
96,	7
97,	3
98,	6
99,	10
100,	6
101,	0
102,	0
103,	4
104,	0
105,	3
106,	2
107,	3
108,	1
109,	1
110,	2
111,	8
112,	2
113,	2
114,	4
115,	5
116,	0
117,	9
118,	6
119,	1
120,	0
121,	4
122,	1
123,	2
124,	0
125,	5
126,	6
127,	4
128,	2
129,	2
130,	4
131,	0
132,	1
133,	2
134,	2
135,	0
136,	6
137,	6
138,	11
139,	4
140,	0
141,	1
142,	3
143,	7
144,	1
145,	3
146,	4
147,	2
148,	3
149,	1
150,	6
151,	0
152,	1
153,	0
154,	1
155,	3
156,	2
157,	0
158,	2
159,	3
160,	3
161,	4
162,	7
163,	3
164,	4
165,	3
166,	6
167,	0
168,	6
169,	0
170,	8
171,	2
172,	1
173,	3
174,	3
175,	4
176,	3
177,	8
178,	5
179,	6
180,	7
181,	0
182,	6
183,	2
184,	0
185,	3
186,	1
187,	1
188,	3
189,	0
190,	5
191,	1
192,	3
193,	1
194,	2
195,	1
196,	1
197,	4
198,	0
199,	0
200,	4
201,	0
202,	7
203,	5
204,	3
205,	0
206,	1
207,	9
208,	7
209,	4
210,	2
211,	8
212,	7
213,	2
214,	11
215,	2
216,	2
217,	0
218,	5
219,	3
220,	5
221,	4
222,	6
223,	4
224,	1
225,	0
226,	3
227,	2
228,	2
229,	2
230,	1
231,	3
232,	5
233,	4
234,	1
235,	1
236,	1
237,	4
238,	0
239,	4
240,	0
241,	3
242,	6
243,	4
244,	6
245,	1
246,	4
247,	3
248,	4
249,	4
250,	3
251,	6
252,	2
253,	2
254,	5
255,	2
256,	6
257,	0
258,	3
259,	5
260,	2
261,	3
262,	7
263,	9
264,	1
265,	1
266,	5
267,	5
268,	7
269,	2
270,	8
271,	4
272,	2
273,	5
274,	5
275,	3
276,	4
277,	5
278,	7
279,	3
280,	1
281,	4
282,	6
283,	1
284,	4
285,	1
286,	6
287,	2
288,	1
289,	2
290,	6
291,	2
292,	5
293,	2
294,	8
295,	2
296,	7
297,	11
298,	4
299,	4
300,	0
301,	0
302,	4
303,	3
304,	0
305,	0
306,	3
307,	7
308,	4
309,	5
310,	7
311,	3
312,	1
313,	6
314,	6
315,	2
316,	5
317,	2
318,	2
319,	0
320,	4
321,	6
322,	1
323,	7
324,	4
325,	3
326,	2
327,	5
328,	3
329,	6
330,	2
331,	8
332,	2
333,	4
334,	8
335,	4
336,	6
337,	9
338,	5
339,	7
340,	6
341,	2
342,	4
343,	7
344,	5
345,	4
346,	7
347,	8
348,	7
349,	0
350,	5
351,	0
352,	10
353,	10
354,	1
355,	6
356,	3
357,	8
358,	4
359,	4
360,	7
361,	6
362,	5
363,	9
364,	8
365,	7
366,	4
367,	3
368,	6
369,	6
370,	8
371,	3
372,	8
373,	9
374,	6
375,	6
376,	7
377,	7
378,	4
379,	3
380,	7
381,	2
382,	3
383,	2
384,	4
385,	6
386,	6
387,	8
388,	5
389,	7
390,	5
391,	5
392,	5
393,	7
394,	8
395,	5
396,	10
397,	5
398,	0
399,	8
400,	5
401,	7
402,	1
403,	5
404,	4
405,	9
406,	0
407,	4
408,	11
409,	8
410,	6
411,	3
412,	6
413,	2
414,	7
415,	0
416,	9
417,	5
418,	10
419,	7
420,	9
421,	5
422,	6
423,	9
424,	7
425,	7
426,	8
427,	8
428,	5
429,	0
430,	9
431,	8
432,	9
433,	9
434,	6
435,	6
436,	6
437,	5
438,	5
439,	7
440,	11
441,	9
442,	3
443,	2
444,	3
445,	9
446,	11
447,	5
448,	4
449,	9
450,	10
451,	3
452,	6
453,	10
454,	4
455,	6
456,	10
457,	0
458,	9
459,	0
460,	10
461,	2
462,	5
463,	7
464,	5
465,	8
466,	8
467,	3
468,	8
469,	5
470,	3
471,	10
472,	7
473,	6
474,	7
475,	11
476,	8
477,	2
478,	8
479,	11
480,	10
481,	4
482,	10
483,	6
484,	8
485,	9
486,	8
487,	9
488,	7
489,	2
490,	5
491,	9
492,	10
493,	9
494,	11
495,	10
496,	10
497,	8
498,	5
499,	10
