Instance: /home/gabriel/Documents/ufrgs/courses/oc/trab/instances/cmb01
Vertices: 500
Colors: 12
NumIterations: 1
Alpha: 0.650000
Is Factible?: false
Conflicts: 4
Solution Value: 156631.265625
Vertex,	Color
0,	0
1,	3
2,	1
3,	0
4,	4
5,	4
6,	0
7,	0
8,	3
9,	4
10,	7
11,	0
12,	1
13,	6
14,	4
15,	0
16,	6
17,	1
18,	1
19,	4
20,	4
21,	1
22,	8
23,	7
24,	3
25,	2
26,	2
27,	1
28,	0
29,	0
30,	0
31,	1
32,	2
33,	1
34,	0
35,	0
36,	1
37,	4
38,	2
39,	2
40,	0
41,	1
42,	7
43,	5
44,	2
45,	1
46,	1
47,	2
48,	9
49,	2
50,	2
51,	1
52,	0
53,	1
54,	1
55,	0
56,	2
57,	1
58,	4
59,	0
60,	2
61,	0
62,	1
63,	2
64,	1
65,	3
66,	0
67,	3
68,	4
69,	0
70,	1
71,	1
72,	7
73,	1
74,	4
75,	0
76,	4
77,	3
78,	1
79,	1
80,	4
81,	3
82,	5
83,	5
84,	3
85,	0
86,	5
87,	9
88,	3
89,	4
90,	1
91,	5
92,	2
93,	1
94,	2
95,	3
96,	0
97,	4
98,	7
99,	5
100,	5
101,	3
102,	0
103,	11
104,	0
105,	0
106,	6
107,	5
108,	1
109,	6
110,	1
111,	9
112,	0
113,	4
114,	4
115,	2
116,	0
117,	4
118,	3
119,	0
120,	1
121,	9
122,	0
123,	9
124,	1
125,	3
126,	1
127,	3
128,	1
129,	4
130,	3
131,	0
132,	5
133,	0
134,	5
135,	2
136,	4
137,	10
138,	1
139,	2
140,	1
141,	3
142,	2
143,	7
144,	0
145,	0
146,	4
147,	1
148,	7
149,	0
150,	4
151,	10
152,	4
153,	1
154,	3
155,	2
156,	4
157,	1
158,	4
159,	4
160,	2
161,	3
162,	3
163,	3
164,	6
165,	2
166,	1
167,	1
168,	2
169,	0
170,	5
171,	2
172,	4
173,	0
174,	2
175,	4
176,	1
177,	9
178,	3
179,	1
180,	5
181,	4
182,	6
183,	0
184,	4
185,	2
186,	0
187,	0
188,	0
189,	3
190,	5
191,	0
192,	1
193,	4
194,	8
195,	4
196,	2
197,	2
198,	3
199,	4
200,	0
201,	6
202,	0
203,	5
204,	3
205,	3
206,	3
207,	7
208,	1
209,	2
210,	0
211,	0
212,	8
213,	6
214,	5
215,	3
216,	5
217,	2
218,	3
219,	8
220,	7
221,	1
222,	7
223,	5
224,	0
225,	4
226,	3
227,	10
228,	3
229,	3
230,	2
231,	5
232,	4
233,	5
234,	0
235,	7
236,	2
237,	0
238,	2
239,	1
240,	0
241,	2
242,	7
243,	2
244,	6
245,	2
246,	0
247,	2
248,	6
249,	2
250,	0
251,	7
252,	1
253,	5
254,	2
255,	3
256,	3
257,	1
258,	3
259,	7
260,	5
261,	3
262,	2
263,	6
264,	3
265,	0
266,	6
267,	8
268,	5
269,	6
270,	8
271,	5
272,	3
273,	2
274,	5
275,	0
276,	8
277,	4
278,	5
279,	0
280,	1
281,	1
282,	6
283,	4
284,	1
285,	3
286,	7
287,	5
288,	0
289,	3
290,	5
291,	2
292,	7
293,	6
294,	9
295,	3
296,	9
297,	7
298,	1
299,	1
300,	5
301,	1
302,	6
303,	2
304,	2
305,	5
306,	2
307,	7
308,	4
309,	6
310,	8
311,	6
312,	3
313,	5
314,	7
315,	8
316,	5
317,	1
318,	5
319,	2
320,	4
321,	1
322,	4
323,	9
324,	6
325,	5
326,	3
327,	3
328,	8
329,	6
330,	0
331,	6
332,	5
333,	3
334,	9
335,	6
336,	4
337,	8
338,	4
339,	3
340,	1
341,	5
342,	9
343,	6
344,	4
345,	8
346,	9
347,	10
348,	8
349,	6
350,	3
351,	3
352,	7
353,	7
354,	3
355,	5
356,	6
357,	7
358,	5
359,	0
360,	7
361,	5
362,	4
363,	7
364,	8
365,	9
366,	3
367,	2
368,	6
369,	7
370,	3
371,	0
372,	3
373,	9
374,	2
375,	5
376,	7
377,	5
378,	2
379,	4
380,	8
381,	4
382,	3
383,	2
384,	5
385,	4
386,	6
387,	8
388,	8
389,	8
390,	6
391,	1
392,	4
393,	7
394,	8
395,	4
396,	9
397,	8
398,	5
399,	8
400,	8
401,	3
402,	2
403,	4
404,	5
405,	9
406,	6
407,	4
408,	0
409,	7
410,	6
411,	5
412,	5
413,	4
414,	9
415,	10
416,	10
417,	7
418,	11
419,	5
420,	9
421,	7
422,	8
423,	9
424,	7
425,	6
426,	10
427,	6
428,	0
429,	3
430,	8
431,	6
432,	11
433,	6
434,	6
435,	8
436,	8
437,	4
438,	4
439,	7
440,	0
441,	6
442,	9
443,	4
444,	2
445,	9
446,	10
447,	2
448,	6
449,	11
450,	10
451,	4
452,	7
453,	8
454,	4
455,	6
456,	9
457,	7
458,	11
459,	10
460,	10
461,	2
462,	9
463,	8
464,	7
465,	9
466,	8
467,	5
468,	9
469,	6
470,	5
471,	10
472,	7
473,	3
474,	8
475,	10
476,	9
477,	1
478,	4
479,	10
480,	10
481,	5
482,	10
483,	5
484,	8
485,	11
486,	7
487,	9
488,	6
489,	6
490,	5
491,	7
492,	11
493,	9
494,	11
495,	8
496,	10
497,	4
498,	4
499,	5
