Instance: /home/gabriel/Documents/ufrgs/courses/oc/trab/instances/cmb01
Vertices: 500
Colors: 12
NumIterations: 1
Alpha: 0.650000
Is Factible?: false
Conflicts: 7
Solution Value: 186201.625000
Vertex,	Color
0,	0
1,	0
2,	4
3,	0
4,	4
5,	3
6,	0
7,	0
8,	1
9,	3
10,	5
11,	1
12,	0
13,	2
14,	3
15,	3
16,	6
17,	6
18,	5
19,	1
20,	3
21,	1
22,	5
23,	8
24,	2
25,	0
26,	5
27,	1
28,	0
29,	0
30,	0
31,	0
32,	3
33,	0
34,	2
35,	5
36,	8
37,	0
38,	3
39,	10
40,	0
41,	2
42,	6
43,	0
44,	2
45,	0
46,	1
47,	8
48,	1
49,	3
50,	1
51,	3
52,	3
53,	1
54,	3
55,	5
56,	1
57,	4
58,	4
59,	0
60,	5
61,	3
62,	0
63,	2
64,	0
65,	2
66,	0
67,	2
68,	4
69,	0
70,	6
71,	1
72,	0
73,	2
74,	1
75,	0
76,	1
77,	2
78,	0
79,	9
80,	4
81,	2
82,	3
83,	0
84,	0
85,	1
86,	7
87,	8
88,	3
89,	1
90,	0
91,	1
92,	2
93,	1
94,	2
95,	5
96,	4
97,	3
98,	6
99,	10
100,	3
101,	2
102,	3
103,	8
104,	0
105,	2
106,	0
107,	3
108,	1
109,	0
110,	0
111,	11
112,	3
113,	6
114,	2
115,	4
116,	1
117,	4
118,	0
119,	7
120,	2
121,	0
122,	4
123,	4
124,	0
125,	1
126,	8
127,	2
128,	2
129,	1
130,	0
131,	0
132,	0
133,	2
134,	2
135,	5
136,	0
137,	6
138,	5
139,	1
140,	0
141,	6
142,	5
143,	1
144,	1
145,	1
146,	3
147,	2
148,	3
149,	0
150,	2
151,	1
152,	2
153,	1
154,	4
155,	2
156,	6
157,	1
158,	1
159,	2
160,	4
161,	3
162,	1
163,	0
164,	1
165,	3
166,	2
167,	3
168,	4
169,	2
170,	7
171,	6
172,	1
173,	1
174,	2
175,	3
176,	2
177,	3
178,	4
179,	9
180,	7
181,	1
182,	1
183,	3
184,	2
185,	6
186,	2
187,	0
188,	2
189,	3
190,	7
191,	9
192,	3
193,	1
194,	3
195,	8
196,	0
197,	0
198,	1
199,	0
200,	0
201,	4
202,	3
203,	0
204,	2
205,	0
206,	2
207,	3
208,	2
209,	1
210,	3
211,	0
212,	7
213,	4
214,	3
215,	3
216,	1
217,	4
218,	5
219,	7
220,	2
221,	1
222,	4
223,	4
224,	1
225,	1
226,	2
227,	4
228,	0
229,	5
230,	4
231,	3
232,	1
233,	5
234,	2
235,	2
236,	4
237,	2
238,	3
239,	3
240,	3
241,	2
242,	5
243,	3
244,	6
245,	1
246,	3
247,	4
248,	2
249,	1
250,	2
251,	1
252,	6
253,	10
254,	5
255,	7
256,	7
257,	6
258,	5
259,	9
260,	4
261,	2
262,	4
263,	9
264,	3
265,	2
266,	5
267,	6
268,	5
269,	8
270,	5
271,	4
272,	8
273,	4
274,	4
275,	3
276,	6
277,	1
278,	5
279,	1
280,	1
281,	2
282,	5
283,	5
284,	4
285,	3
286,	9
287,	7
288,	1
289,	5
290,	1
291,	3
292,	5
293,	6
294,	11
295,	3
296,	5
297,	7
298,	3
299,	2
300,	4
301,	1
302,	6
303,	3
304,	0
305,	2
306,	2
307,	6
308,	1
309,	6
310,	6
311,	4
312,	1
313,	5
314,	1
315,	5
316,	8
317,	3
318,	0
319,	3
320,	4
321,	6
322,	7
323,	9
324,	9
325,	6
326,	2
327,	4
328,	5
329,	8
330,	2
331,	4
332,	4
333,	0
334,	7
335,	6
336,	3
337,	7
338,	7
339,	5
340,	7
341,	8
342,	6
343,	9
344,	0
345,	7
346,	9
347,	7
348,	6
349,	5
350,	1
351,	0
352,	8
353,	10
354,	4
355,	4
356,	1
357,	8
358,	6
359,	10
360,	7
361,	4
362,	4
363,	6
364,	3
365,	6
366,	3
367,	4
368,	6
369,	5
370,	2
371,	5
372,	3
373,	4
374,	6
375,	4
376,	7
377,	5
378,	6
379,	5
380,	7
381,	1
382,	3
383,	2
384,	4
385,	3
386,	9
387,	7
388,	10
389,	6
390,	8
391,	5
392,	3
393,	8
394,	5
395,	0
396,	10
397,	5
398,	7
399,	9
400,	5
401,	2
402,	11
403,	4
404,	4
405,	9
406,	1
407,	4
408,	0
409,	8
410,	7
411,	6
412,	4
413,	6
414,	7
415,	5
416,	9
417,	5
418,	8
419,	5
420,	8
421,	5
422,	6
423,	10
424,	8
425,	7
426,	9
427,	6
428,	2
429,	7
430,	8
431,	9
432,	1
433,	5
434,	5
435,	9
436,	6
437,	3
438,	8
439,	5
440,	2
441,	7
442,	3
443,	4
444,	4
445,	7
446,	11
447,	0
448,	5
449,	9
450,	0
451,	8
452,	7
453,	6
454,	4
455,	6
456,	8
457,	0
458,	11
459,	11
460,	10
461,	4
462,	8
463,	8
464,	7
465,	6
466,	8
467,	7
468,	6
469,	5
470,	7
471,	7
472,	6
473,	2
474,	10
475,	11
476,	9
477,	1
478,	7
479,	2
480,	9
481,	3
482,	9
483,	6
484,	9
485,	10
486,	7
487,	8
488,	7
489,	7
490,	5
491,	9
492,	11
493,	6
494,	11
495,	8
496,	10
497,	8
498,	5
499,	10
