Instance: /home/gabriel/Documents/ufrgs/courses/oc/trab/instances/cmb01
Vertices: 500
Colors: 12
NumIterations: 1
Alpha: 0.650000
Is Factible?: false
Conflicts: 5
Solution Value: 162259.390625
Vertex,	Color
0,	2
1,	1
2,	0
3,	3
4,	0
5,	7
6,	2
7,	6
8,	1
9,	3
10,	4
11,	1
12,	0
13,	2
14,	5
15,	0
16,	1
17,	0
18,	6
19,	0
20,	1
21,	2
22,	4
23,	6
24,	2
25,	6
26,	1
27,	3
28,	1
29,	0
30,	0
31,	0
32,	1
33,	1
34,	3
35,	4
36,	0
37,	1
38,	5
39,	7
40,	0
41,	0
42,	0
43,	5
44,	1
45,	1
46,	2
47,	2
48,	3
49,	7
50,	1
51,	3
52,	1
53,	0
54,	0
55,	1
56,	1
57,	0
58,	7
59,	0
60,	3
61,	0
62,	5
63,	0
64,	3
65,	10
66,	0
67,	1
68,	2
69,	1
70,	1
71,	2
72,	3
73,	6
74,	4
75,	2
76,	3
77,	4
78,	5
79,	4
80,	1
81,	8
82,	6
83,	0
84,	1
85,	0
86,	5
87,	0
88,	2
89,	3
90,	4
91,	3
92,	6
93,	3
94,	1
95,	2
96,	3
97,	0
98,	6
99,	5
100,	2
101,	2
102,	2
103,	7
104,	0
105,	5
106,	3
107,	4
108,	1
109,	1
110,	8
111,	8
112,	3
113,	1
114,	2
115,	1
116,	6
117,	10
118,	0
119,	4
120,	2
121,	0
122,	0
123,	0
124,	3
125,	3
126,	0
127,	7
128,	0
129,	2
130,	3
131,	0
132,	8
133,	2
134,	2
135,	5
136,	2
137,	9
138,	4
139,	1
140,	0
141,	1
142,	5
143,	3
144,	2
145,	0
146,	0
147,	0
148,	5
149,	0
150,	2
151,	2
152,	4
153,	2
154,	6
155,	3
156,	2
157,	4
158,	1
159,	0
160,	1
161,	5
162,	8
163,	1
164,	6
165,	5
166,	1
167,	3
168,	0
169,	0
170,	1
171,	3
172,	1
173,	3
174,	3
175,	6
176,	0
177,	3
178,	2
179,	6
180,	2
181,	2
182,	2
183,	2
184,	0
185,	5
186,	1
187,	0
188,	0
189,	1
190,	5
191,	0
192,	3
193,	2
194,	6
195,	2
196,	3
197,	1
198,	1
199,	1
200,	0
201,	1
202,	7
203,	4
204,	4
205,	1
206,	1
207,	5
208,	2
209,	4
210,	2
211,	2
212,	0
213,	4
214,	1
215,	8
216,	1
217,	6
218,	1
219,	5
220,	3
221,	2
222,	4
223,	2
224,	3
225,	0
226,	6
227,	3
228,	0
229,	5
230,	2
231,	4
232,	1
233,	4
234,	1
235,	3
236,	5
237,	11
238,	3
239,	5
240,	2
241,	0
242,	6
243,	3
244,	4
245,	0
246,	6
247,	2
248,	5
249,	5
250,	1
251,	2
252,	3
253,	3
254,	8
255,	1
256,	4
257,	1
258,	4
259,	4
260,	0
261,	4
262,	6
263,	7
264,	5
265,	0
266,	4
267,	6
268,	2
269,	7
270,	5
271,	6
272,	5
273,	4
274,	6
275,	1
276,	1
277,	8
278,	9
279,	4
280,	2
281,	3
282,	4
283,	2
284,	7
285,	5
286,	0
287,	4
288,	3
289,	2
290,	4
291,	5
292,	5
293,	5
294,	10
295,	3
296,	7
297,	4
298,	4
299,	2
300,	3
301,	3
302,	5
303,	3
304,	1
305,	5
306,	1
307,	8
308,	2
309,	4
310,	3
311,	3
312,	2
313,	8
314,	7
315,	7
316,	6
317,	4
318,	4
319,	1
320,	8
321,	4
322,	7
323,	9
324,	7
325,	5
326,	4
327,	4
328,	5
329,	6
330,	1
331,	7
332,	4
333,	1
334,	7
335,	3
336,	7
337,	7
338,	8
339,	6
340,	7
341,	5
342,	5
343,	7
344,	2
345,	6
346,	7
347,	9
348,	7
349,	2
350,	2
351,	0
352,	10
353,	9
354,	5
355,	4
356,	8
357,	8
358,	4
359,	11
360,	3
361,	5
362,	4
363,	5
364,	6
365,	9
366,	7
367,	6
368,	6
369,	2
370,	8
371,	1
372,	3
373,	4
374,	6
375,	6
376,	7
377,	7
378,	6
379,	4
380,	5
381,	3
382,	1
383,	2
384,	5
385,	3
386,	9
387,	10
388,	8
389,	9
390,	7
391,	0
392,	3
393,	10
394,	8
395,	3
396,	9
397,	8
398,	2
399,	8
400,	8
401,	4
402,	0
403,	6
404,	4
405,	8
406,	1
407,	4
408,	0
409,	10
410,	7
411,	3
412,	4
413,	7
414,	7
415,	9
416,	8
417,	7
418,	4
419,	4
420,	10
421,	7
422,	6
423,	10
424,	8
425,	8
426,	9
427,	6
428,	3
429,	7
430,	9
431,	6
432,	10
433,	8
434,	6
435,	5
436,	5
437,	4
438,	7
439,	9
440,	11
441,	10
442,	0
443,	4
444,	4
445,	6
446,	11
447,	5
448,	3
449,	8
450,	10
451,	11
452,	6
453,	5
454,	4
455,	6
456,	7
457,	9
458,	5
459,	9
460,	9
461,	7
462,	8
463,	8
464,	8
465,	7
466,	9
467,	4
468,	11
469,	6
470,	8
471,	9
472,	5
473,	1
474,	8
475,	11
476,	5
477,	2
478,	6
479,	11
480,	6
481,	3
482,	9
483,	5
484,	9
485,	10
486,	9
487,	8
488,	7
489,	6
490,	1
491,	9
492,	11
493,	10
494,	8
495,	8
496,	10
497,	6
498,	5
499,	4
