Instance: /home/gabriel/Documents/ufrgs/courses/oc/trab/instances/cmb01
Vertices: 500
Colors: 12
NumIterations: 1
Alpha: 0.650000
Is Factible?: false
Conflicts: 4
Solution Value: 156167.156250
Vertex,	Color
0,	5
1,	0
2,	0
3,	2
4,	2
5,	6
6,	5
7,	1
8,	2
9,	6
10,	1
11,	0
12,	3
13,	2
14,	7
15,	5
16,	2
17,	2
18,	2
19,	2
20,	2
21,	2
22,	10
23,	3
24,	2
25,	1
26,	6
27,	3
28,	0
29,	0
30,	0
31,	1
32,	0
33,	1
34,	0
35,	3
36,	1
37,	2
38,	3
39,	8
40,	0
41,	0
42,	5
43,	1
44,	3
45,	2
46,	5
47,	6
48,	9
49,	1
50,	1
51,	2
52,	0
53,	0
54,	3
55,	2
56,	5
57,	1
58,	1
59,	1
60,	2
61,	0
62,	2
63,	1
64,	4
65,	0
66,	1
67,	2
68,	2
69,	3
70,	5
71,	3
72,	1
73,	6
74,	1
75,	1
76,	3
77,	4
78,	3
79,	3
80,	3
81,	3
82,	7
83,	5
84,	0
85,	0
86,	2
87,	1
88,	2
89,	1
90,	2
91,	0
92,	5
93,	2
94,	8
95,	6
96,	0
97,	1
98,	6
99,	1
100,	6
101,	5
102,	4
103,	2
104,	0
105,	0
106,	0
107,	4
108,	0
109,	3
110,	3
111,	3
112,	3
113,	6
114,	1
115,	5
116,	0
117,	1
118,	0
119,	0
120,	0
121,	1
122,	4
123,	3
124,	3
125,	0
126,	7
127,	1
128,	0
129,	4
130,	2
131,	0
132,	5
133,	5
134,	7
135,	1
136,	4
137,	6
138,	3
139,	0
140,	0
141,	0
142,	5
143,	1
144,	4
145,	2
146,	2
147,	0
148,	4
149,	2
150,	4
151,	4
152,	8
153,	2
154,	0
155,	1
156,	2
157,	4
158,	3
159,	4
160,	5
161,	0
162,	9
163,	5
164,	3
165,	1
166,	0
167,	0
168,	1
169,	0
170,	2
171,	6
172,	2
173,	2
174,	1
175,	1
176,	1
177,	4
178,	4
179,	6
180,	4
181,	1
182,	4
183,	2
184,	3
185,	1
186,	1
187,	0
188,	4
189,	1
190,	2
191,	0
192,	0
193,	1
194,	1
195,	5
196,	6
197,	0
198,	5
199,	2
200,	0
201,	1
202,	4
203,	4
204,	8
205,	0
206,	7
207,	4
208,	3
209,	3
210,	4
211,	0
212,	5
213,	6
214,	10
215,	6
216,	0
217,	3
218,	2
219,	1
220,	4
221,	1
222,	5
223,	3
224,	1
225,	1
226,	7
227,	3
228,	2
229,	5
230,	5
231,	4
232,	9
233,	2
234,	0
235,	9
236,	5
237,	4
238,	1
239,	4
240,	1
241,	0
242,	1
243,	2
244,	5
245,	0
246,	4
247,	4
248,	3
249,	2
250,	3
251,	3
252,	4
253,	3
254,	4
255,	4
256,	3
257,	2
258,	3
259,	7
260,	6
261,	1
262,	3
263,	11
264,	5
265,	0
266,	2
267,	5
268,	5
269,	2
270,	7
271,	3
272,	6
273,	3
274,	8
275,	3
276,	7
277,	2
278,	2
279,	1
280,	1
281,	0
282,	8
283,	5
284,	7
285,	5
286,	0
287,	6
288,	5
289,	6
290,	4
291,	3
292,	6
293,	6
294,	8
295,	4
296,	2
297,	10
298,	3
299,	0
300,	7
301,	3
302,	7
303,	4
304,	1
305,	8
306,	3
307,	5
308,	1
309,	6
310,	6
311,	5
312,	2
313,	7
314,	5
315,	6
316,	6
317,	3
318,	2
319,	3
320,	4
321,	3
322,	9
323,	10
324,	8
325,	5
326,	4
327,	4
328,	6
329,	7
330,	3
331,	7
332,	3
333,	1
334,	6
335,	7
336,	4
337,	9
338,	9
339,	1
340,	7
341,	5
342,	3
343,	6
344,	4
345,	7
346,	4
347,	10
348,	5
349,	2
350,	2
351,	2
352,	9
353,	7
354,	4
355,	3
356,	3
357,	7
358,	7
359,	10
360,	4
361,	3
362,	6
363,	5
364,	8
365,	10
366,	8
367,	5
368,	5
369,	4
370,	8
371,	7
372,	9
373,	4
374,	7
375,	5
376,	6
377,	5
378,	5
379,	4
380,	7
381,	3
382,	2
383,	1
384,	8
385,	6
386,	8
387,	10
388,	8
389,	7
390,	6
391,	2
392,	5
393,	10
394,	8
395,	2
396,	6
397,	6
398,	4
399,	8
400,	5
401,	6
402,	3
403,	4
404,	4
405,	8
406,	2
407,	5
408,	0
409,	3
410,	7
411,	7
412,	8
413,	6
414,	10
415,	9
416,	9
417,	4
418,	9
419,	6
420,	7
421,	5
422,	7
423,	10
424,	7
425,	6
426,	8
427,	7
428,	0
429,	8
430,	8
431,	8
432,	0
433,	5
434,	3
435,	10
436,	4
437,	2
438,	4
439,	6
440,	11
441,	9
442,	0
443,	3
444,	1
445,	8
446,	9
447,	5
448,	0
449,	9
450,	3
451,	1
452,	7
453,	8
454,	4
455,	7
456,	7
457,	9
458,	11
459,	0
460,	10
461,	4
462,	8
463,	6
464,	8
465,	6
466,	7
467,	2
468,	8
469,	3
470,	8
471,	9
472,	8
473,	6
474,	7
475,	11
476,	8
477,	1
478,	4
479,	0
480,	10
481,	5
482,	10
483,	5
484,	9
485,	9
486,	8
487,	9
488,	4
489,	2
490,	4
491,	9
492,	9
493,	9
494,	11
495,	7
496,	8
497,	6
498,	1
499,	6
