Instance: /home/gabriel/Documents/ufrgs/courses/oc/trab/instances/cmb06
Vertices: 2000
Colors: 15
NumIterations: 100
Alpha: 0.850000
Is Factible?: false
Conflicts: 16
Solution Value: 525095.750000
Vertex,	Color
0,	1
1,	13
2,	1
3,	1
4,	4
5,	4
6,	6
7,	2
8,	1
9,	3
10,	0
11,	1
12,	1
13,	0
14,	1
15,	0
16,	3
17,	0
18,	0
19,	1
20,	2
21,	0
22,	2
23,	0
24,	1
25,	4
26,	1
27,	2
28,	3
29,	0
30,	1
31,	7
32,	0
33,	5
34,	2
35,	3
36,	5
37,	0
38,	3
39,	0
40,	0
41,	3
42,	2
43,	0
44,	4
45,	2
46,	4
47,	0
48,	1
49,	3
50,	4
51,	0
52,	1
53,	1
54,	0
55,	1
56,	1
57,	0
58,	0
59,	0
60,	1
61,	0
62,	0
63,	1
64,	2
65,	5
66,	14
67,	1
68,	3
69,	0
70,	1
71,	1
72,	0
73,	2
74,	2
75,	3
76,	0
77,	2
78,	0
79,	0
80,	3
81,	1
82,	3
83,	2
84,	2
85,	9
86,	0
87,	0
88,	0
89,	0
90,	1
91,	2
92,	4
93,	1
94,	0
95,	1
96,	5
97,	2
98,	2
99,	3
100,	3
101,	1
102,	0
103,	4
104,	3
105,	2
106,	0
107,	1
108,	1
109,	1
110,	0
111,	3
112,	6
113,	1
114,	3
115,	3
116,	5
117,	5
118,	1
119,	1
120,	6
121,	0
122,	2
123,	4
124,	2
125,	1
126,	0
127,	1
128,	0
129,	3
130,	1
131,	1
132,	0
133,	1
134,	1
135,	0
136,	1
137,	1
138,	0
139,	2
140,	9
141,	1
142,	2
143,	1
144,	0
145,	1
146,	0
147,	1
148,	3
149,	1
150,	1
151,	3
152,	0
153,	0
154,	2
155,	2
156,	0
157,	0
158,	0
159,	0
160,	8
161,	2
162,	1
163,	0
164,	0
165,	3
166,	3
167,	0
168,	0
169,	0
170,	1
171,	2
172,	0
173,	4
174,	0
175,	0
176,	1
177,	0
178,	2
179,	3
180,	0
181,	3
182,	0
183,	2
184,	2
185,	0
186,	5
187,	3
188,	8
189,	1
190,	3
191,	13
192,	4
193,	4
194,	0
195,	3
196,	2
197,	0
198,	5
199,	0
200,	2
201,	1
202,	3
203,	2
204,	1
205,	6
206,	2
207,	0
208,	0
209,	2
210,	0
211,	1
212,	2
213,	2
214,	1
215,	4
216,	2
217,	1
218,	7
219,	12
220,	0
221,	1
222,	3
223,	0
224,	2
225,	0
226,	2
227,	5
228,	0
229,	0
230,	1
231,	3
232,	2
233,	0
234,	6
235,	0
236,	12
237,	2
238,	0
239,	2
240,	2
241,	5
242,	0
243,	1
244,	2
245,	0
246,	1
247,	7
248,	0
249,	1
250,	0
251,	1
252,	10
253,	0
254,	0
255,	1
256,	0
257,	2
258,	0
259,	6
260,	1
261,	1
262,	0
263,	4
264,	2
265,	1
266,	2
267,	0
268,	6
269,	2
270,	5
271,	1
272,	3
273,	4
274,	1
275,	0
276,	2
277,	2
278,	3
279,	2
280,	1
281,	0
282,	0
283,	0
284,	1
285,	1
286,	0
287,	3
288,	0
289,	0
290,	1
291,	0
292,	2
293,	1
294,	7
295,	2
296,	1
297,	1
298,	4
299,	3
300,	3
301,	13
302,	2
303,	10
304,	3
305,	3
306,	1
307,	4
308,	4
309,	1
310,	1
311,	0
312,	1
313,	3
314,	0
315,	2
316,	12
317,	0
318,	1
319,	6
320,	4
321,	1
322,	0
323,	1
324,	6
325,	5
326,	1
327,	0
328,	1
329,	2
330,	2
331,	1
332,	0
333,	2
334,	0
335,	0
336,	0
337,	1
338,	3
339,	2
340,	0
341,	6
342,	1
343,	4
344,	1
345,	5
346,	1
347,	0
348,	4
349,	0
350,	1
351,	3
352,	3
353,	1
354,	1
355,	2
356,	4
357,	0
358,	2
359,	0
360,	1
361,	2
362,	1
363,	2
364,	0
365,	3
366,	1
367,	1
368,	5
369,	0
370,	1
371,	3
372,	3
373,	5
374,	1
375,	0
376,	0
377,	2
378,	5
379,	2
380,	1
381,	4
382,	1
383,	1
384,	4
385,	1
386,	4
387,	2
388,	2
389,	2
390,	0
391,	2
392,	0
393,	5
394,	7
395,	7
396,	1
397,	2
398,	2
399,	3
400,	3
401,	1
402,	1
403,	4
404,	1
405,	1
406,	3
407,	2
408,	5
409,	3
410,	4
411,	1
412,	1
413,	4
414,	4
415,	0
416,	3
417,	3
418,	2
419,	7
420,	2
421,	8
422,	2
423,	3
424,	8
425,	0
426,	0
427,	3
428,	1
429,	1
430,	4
431,	2
432,	4
433,	1
434,	4
435,	2
436,	0
437,	1
438,	2
439,	11
440,	0
441,	4
442,	2
443,	4
444,	2
445,	9
446,	4
447,	3
448,	2
449,	1
450,	3
451,	8
452,	4
453,	4
454,	0
455,	3
456,	2
457,	2
458,	2
459,	3
460,	4
461,	6
462,	2
463,	2
464,	1
465,	3
466,	4
467,	3
468,	5
469,	3
470,	1
471,	2
472,	3
473,	2
474,	0
475,	1
476,	2
477,	2
478,	1
479,	1
480,	5
481,	1
482,	1
483,	2
484,	1
485,	2
486,	0
487,	2
488,	5
489,	5
490,	4
491,	6
492,	0
493,	5
494,	1
495,	6
496,	4
497,	3
498,	3
499,	0
500,	3
501,	5
502,	1
503,	4
504,	6
505,	1
506,	4
507,	4
508,	4
509,	4
510,	5
511,	2
512,	4
513,	0
514,	1
515,	4
516,	0
517,	1
518,	1
519,	5
520,	1
521,	5
522,	8
523,	2
524,	9
525,	3
526,	5
527,	3
528,	5
529,	2
530,	2
531,	1
532,	1
533,	0
534,	5
535,	4
536,	5
537,	2
538,	2
539,	6
540,	2
541,	6
542,	5
543,	2
544,	3
545,	3
546,	9
547,	1
548,	3
549,	1
550,	1
551,	2
552,	5
553,	3
554,	3
555,	4
556,	2
557,	2
558,	0
559,	6
560,	1
561,	2
562,	1
563,	4
564,	5
565,	9
566,	4
567,	5
568,	3
569,	8
570,	7
571,	0
572,	1
573,	0
574,	3
575,	4
576,	1
577,	3
578,	3
579,	2
580,	2
581,	3
582,	5
583,	4
584,	3
585,	3
586,	2
587,	2
588,	5
589,	1
590,	4
591,	7
592,	2
593,	5
594,	5
595,	2
596,	5
597,	0
598,	7
599,	6
600,	3
601,	5
602,	0
603,	4
604,	6
605,	5
606,	4
607,	3
608,	5
609,	1
610,	0
611,	7
612,	2
613,	2
614,	3
615,	3
616,	2
617,	13
618,	3
619,	4
620,	4
621,	6
622,	3
623,	0
624,	1
625,	3
626,	4
627,	4
628,	4
629,	1
630,	3
631,	2
632,	3
633,	0
634,	5
635,	1
636,	2
637,	1
638,	6
639,	7
640,	2
641,	4
642,	3
643,	6
644,	3
645,	1
646,	4
647,	4
648,	5
649,	3
650,	3
651,	7
652,	4
653,	4
654,	3
655,	3
656,	6
657,	1
658,	1
659,	2
660,	3
661,	5
662,	4
663,	1
664,	2
665,	3
666,	8
667,	2
668,	4
669,	5
670,	5
671,	4
672,	4
673,	8
674,	3
675,	4
676,	4
677,	3
678,	3
679,	6
680,	1
681,	5
682,	0
683,	2
684,	3
685,	5
686,	5
687,	2
688,	2
689,	6
690,	6
691,	4
692,	6
693,	4
694,	8
695,	3
696,	3
697,	5
698,	7
699,	5
700,	3
701,	0
702,	1
703,	1
704,	5
705,	2
706,	4
707,	7
708,	9
709,	4
710,	7
711,	6
712,	5
713,	6
714,	4
715,	5
716,	7
717,	4
718,	4
719,	7
720,	6
721,	0
722,	7
723,	4
724,	5
725,	2
726,	7
727,	5
728,	5
729,	4
730,	4
731,	8
732,	5
733,	3
734,	3
735,	3
736,	0
737,	1
738,	5
739,	3
740,	7
741,	3
742,	7
743,	4
744,	5
745,	7
746,	3
747,	3
748,	3
749,	7
750,	0
751,	6
752,	2
753,	2
754,	2
755,	6
756,	3
757,	6
758,	3
759,	4
760,	3
761,	1
762,	1
763,	4
764,	5
765,	5
766,	4
767,	3
768,	4
769,	5
770,	1
771,	9
772,	7
773,	10
774,	1
775,	8
776,	2
777,	2
778,	5
779,	3
780,	5
781,	3
782,	2
783,	4
784,	2
785,	1
786,	4
787,	7
788,	5
789,	4
790,	7
791,	0
792,	7
793,	10
794,	0
795,	4
796,	6
797,	4
798,	3
799,	5
800,	3
801,	0
802,	5
803,	2
804,	4
805,	6
806,	3
807,	0
808,	8
809,	2
810,	6
811,	5
812,	3
813,	6
814,	5
815,	1
816,	4
817,	2
818,	2
819,	3
820,	4
821,	5
822,	2
823,	4
824,	8
825,	3
826,	6
827,	7
828,	2
829,	5
830,	4
831,	3
832,	5
833,	3
834,	5
835,	3
836,	2
837,	7
838,	1
839,	3
840,	5
841,	9
842,	7
843,	4
844,	5
845,	6
846,	0
847,	0
848,	3
849,	5
850,	6
851,	8
852,	12
853,	1
854,	6
855,	4
856,	5
857,	5
858,	2
859,	3
860,	4
861,	3
862,	1
863,	8
864,	4
865,	2
866,	4
867,	3
868,	2
869,	4
870,	7
871,	1
872,	6
873,	6
874,	2
875,	3
876,	6
877,	8
878,	4
879,	4
880,	6
881,	6
882,	3
883,	2
884,	5
885,	4
886,	3
887,	3
888,	2
889,	2
890,	8
891,	5
892,	8
893,	2
894,	5
895,	6
896,	4
897,	1
898,	4
899,	8
900,	6
901,	0
902,	6
903,	4
904,	7
905,	2
906,	8
907,	1
908,	7
909,	4
910,	9
911,	4
912,	2
913,	3
914,	8
915,	3
916,	8
917,	9
918,	8
919,	6
920,	4
921,	5
922,	7
923,	2
924,	4
925,	2
926,	7
927,	6
928,	6
929,	5
930,	3
931,	4
932,	9
933,	2
934,	4
935,	1
936,	9
937,	8
938,	12
939,	3
940,	8
941,	6
942,	10
943,	3
944,	0
945,	3
946,	5
947,	6
948,	1
949,	2
950,	9
951,	6
952,	3
953,	7
954,	7
955,	3
956,	5
957,	2
958,	4
959,	3
960,	7
961,	8
962,	7
963,	5
964,	7
965,	6
966,	10
967,	6
968,	4
969,	3
970,	8
971,	9
972,	7
973,	5
974,	1
975,	2
976,	6
977,	3
978,	4
979,	12
980,	2
981,	4
982,	8
983,	7
984,	6
985,	5
986,	7
987,	2
988,	5
989,	10
990,	9
991,	6
992,	4
993,	7
994,	1
995,	2
996,	1
997,	11
998,	5
999,	3
1000,	6
1001,	0
1002,	3
1003,	7
1004,	4
1005,	0
1006,	8
1007,	5
1008,	2
1009,	9
1010,	5
1011,	4
1012,	10
1013,	5
1014,	0
1015,	6
1016,	3
1017,	3
1018,	8
1019,	6
1020,	2
1021,	8
1022,	1
1023,	4
1024,	7
1025,	5
1026,	7
1027,	5
1028,	5
1029,	9
1030,	6
1031,	7
1032,	6
1033,	9
1034,	9
1035,	3
1036,	6
1037,	5
1038,	6
1039,	7
1040,	1
1041,	7
1042,	5
1043,	5
1044,	7
1045,	6
1046,	10
1047,	9
1048,	6
1049,	5
1050,	6
1051,	5
1052,	7
1053,	9
1054,	11
1055,	11
1056,	5
1057,	7
1058,	3
1059,	4
1060,	9
1061,	4
1062,	4
1063,	6
1064,	8
1065,	5
1066,	6
1067,	0
1068,	6
1069,	7
1070,	7
1071,	2
1072,	8
1073,	9
1074,	7
1075,	0
1076,	5
1077,	4
1078,	6
1079,	7
1080,	2
1081,	5
1082,	6
1083,	2
1084,	10
1085,	6
1086,	4
1087,	3
1088,	1
1089,	0
1090,	7
1091,	9
1092,	2
1093,	6
1094,	4
1095,	1
1096,	6
1097,	10
1098,	3
1099,	4
1100,	3
1101,	6
1102,	6
1103,	10
1104,	10
1105,	7
1106,	9
1107,	5
1108,	5
1109,	5
1110,	7
1111,	4
1112,	5
1113,	6
1114,	10
1115,	6
1116,	8
1117,	6
1118,	7
1119,	10
1120,	8
1121,	8
1122,	9
1123,	3
1124,	6
1125,	8
1126,	2
1127,	4
1128,	7
1129,	4
1130,	4
1131,	8
1132,	7
1133,	8
1134,	7
1135,	2
1136,	5
1137,	7
1138,	1
1139,	8
1140,	3
1141,	1
1142,	3
1143,	2
1144,	4
1145,	6
1146,	7
1147,	9
1148,	9
1149,	6
1150,	6
1151,	8
1152,	7
1153,	6
1154,	9
1155,	7
1156,	3
1157,	7
1158,	6
1159,	7
1160,	3
1161,	6
1162,	5
1163,	5
1164,	3
1165,	6
1166,	11
1167,	6
1168,	4
1169,	7
1170,	8
1171,	7
1172,	8
1173,	8
1174,	9
1175,	1
1176,	4
1177,	9
1178,	7
1179,	1
1180,	0
1181,	9
1182,	9
1183,	7
1184,	4
1185,	5
1186,	4
1187,	6
1188,	9
1189,	4
1190,	5
1191,	10
1192,	9
1193,	4
1194,	0
1195,	6
1196,	6
1197,	5
1198,	8
1199,	4
1200,	8
1201,	8
1202,	6
1203,	2
1204,	8
1205,	10
1206,	11
1207,	4
1208,	9
1209,	10
1210,	3
1211,	10
1212,	10
1213,	8
1214,	4
1215,	4
1216,	9
1217,	4
1218,	5
1219,	8
1220,	0
1221,	6
1222,	6
1223,	6
1224,	7
1225,	9
1226,	3
1227,	9
1228,	11
1229,	5
1230,	8
1231,	7
1232,	3
1233,	2
1234,	6
1235,	8
1236,	8
1237,	13
1238,	5
1239,	3
1240,	7
1241,	7
1242,	11
1243,	10
1244,	8
1245,	1
1246,	8
1247,	9
1248,	6
1249,	8
1250,	10
1251,	6
1252,	5
1253,	7
1254,	7
1255,	2
1256,	5
1257,	1
1258,	5
1259,	12
1260,	5
1261,	8
1262,	5
1263,	5
1264,	4
1265,	2
1266,	6
1267,	5
1268,	6
1269,	5
1270,	3
1271,	6
1272,	3
1273,	4
1274,	4
1275,	2
1276,	7
1277,	8
1278,	6
1279,	12
1280,	5
1281,	8
1282,	6
1283,	4
1284,	6
1285,	6
1286,	4
1287,	10
1288,	11
1289,	9
1290,	6
1291,	0
1292,	6
1293,	8
1294,	5
1295,	6
1296,	10
1297,	2
1298,	7
1299,	8
1300,	9
1301,	8
1302,	8
1303,	7
1304,	6
1305,	5
1306,	6
1307,	9
1308,	12
1309,	8
1310,	10
1311,	8
1312,	9
1313,	9
1314,	4
1315,	8
1316,	6
1317,	9
1318,	10
1319,	10
1320,	7
1321,	8
1322,	6
1323,	9
1324,	9
1325,	5
1326,	9
1327,	1
1328,	7
1329,	9
1330,	10
1331,	11
1332,	7
1333,	7
1334,	8
1335,	1
1336,	7
1337,	9
1338,	7
1339,	8
1340,	7
1341,	3
1342,	13
1343,	5
1344,	7
1345,	6
1346,	8
1347,	10
1348,	3
1349,	6
1350,	4
1351,	6
1352,	1
1353,	7
1354,	5
1355,	10
1356,	11
1357,	8
1358,	7
1359,	9
1360,	8
1361,	7
1362,	5
1363,	11
1364,	11
1365,	8
1366,	9
1367,	5
1368,	9
1369,	7
1370,	8
1371,	8
1372,	11
1373,	8
1374,	2
1375,	0
1376,	8
1377,	9
1378,	6
1379,	5
1380,	4
1381,	10
1382,	5
1383,	8
1384,	7
1385,	7
1386,	8
1387,	6
1388,	5
1389,	12
1390,	10
1391,	3
1392,	4
1393,	5
1394,	9
1395,	9
1396,	9
1397,	8
1398,	11
1399,	12
1400,	7
1401,	4
1402,	13
1403,	6
1404,	13
1405,	8
1406,	11
1407,	11
1408,	1
1409,	9
1410,	0
1411,	10
1412,	9
1413,	6
1414,	4
1415,	12
1416,	5
1417,	8
1418,	9
1419,	10
1420,	7
1421,	8
1422,	10
1423,	13
1424,	7
1425,	7
1426,	2
1427,	8
1428,	8
1429,	8
1430,	10
1431,	7
1432,	8
1433,	8
1434,	7
1435,	11
1436,	14
1437,	7
1438,	0
1439,	13
1440,	7
1441,	9
1442,	10
1443,	8
1444,	11
1445,	10
1446,	8
1447,	4
1448,	7
1449,	9
1450,	4
1451,	7
1452,	6
1453,	7
1454,	6
1455,	5
1456,	5
1457,	10
1458,	9
1459,	10
1460,	14
1461,	12
1462,	11
1463,	10
1464,	4
1465,	6
1466,	7
1467,	6
1468,	6
1469,	3
1470,	10
1471,	12
1472,	6
1473,	10
1474,	11
1475,	13
1476,	11
1477,	8
1478,	6
1479,	10
1480,	6
1481,	11
1482,	11
1483,	8
1484,	6
1485,	9
1486,	12
1487,	10
1488,	6
1489,	3
1490,	10
1491,	8
1492,	11
1493,	6
1494,	14
1495,	3
1496,	8
1497,	10
1498,	10
1499,	5
1500,	0
1501,	9
1502,	11
1503,	6
1504,	8
1505,	0
1506,	4
1507,	6
1508,	8
1509,	9
1510,	11
1511,	11
1512,	10
1513,	9
1514,	2
1515,	10
1516,	7
1517,	7
1518,	7
1519,	8
1520,	8
1521,	11
1522,	2
1523,	6
1524,	10
1525,	0
1526,	11
1527,	10
1528,	1
1529,	3
1530,	13
1531,	12
1532,	9
1533,	6
1534,	7
1535,	9
1536,	8
1537,	9
1538,	10
1539,	7
1540,	12
1541,	5
1542,	7
1543,	11
1544,	8
1545,	5
1546,	11
1547,	13
1548,	4
1549,	3
1550,	13
1551,	10
1552,	9
1553,	7
1554,	11
1555,	9
1556,	11
1557,	12
1558,	7
1559,	10
1560,	7
1561,	9
1562,	2
1563,	5
1564,	5
1565,	5
1566,	9
1567,	10
1568,	12
1569,	12
1570,	6
1571,	1
1572,	8
1573,	11
1574,	8
1575,	11
1576,	4
1577,	13
1578,	12
1579,	7
1580,	8
1581,	3
1582,	7
1583,	13
1584,	11
1585,	5
1586,	5
1587,	2
1588,	3
1589,	4
1590,	9
1591,	12
1592,	9
1593,	5
1594,	9
1595,	10
1596,	8
1597,	7
1598,	8
1599,	12
1600,	5
1601,	5
1602,	7
1603,	6
1604,	7
1605,	11
1606,	10
1607,	9
1608,	12
1609,	12
1610,	1
1611,	9
1612,	9
1613,	5
1614,	2
1615,	11
1616,	11
1617,	10
1618,	8
1619,	10
1620,	13
1621,	8
1622,	6
1623,	1
1624,	1
1625,	7
1626,	11
1627,	9
1628,	10
1629,	14
1630,	12
1631,	11
1632,	10
1633,	5
1634,	3
1635,	13
1636,	2
1637,	6
1638,	9
1639,	2
1640,	5
1641,	0
1642,	11
1643,	5
1644,	10
1645,	12
1646,	8
1647,	1
1648,	1
1649,	10
1650,	14
1651,	6
1652,	14
1653,	7
1654,	3
1655,	0
1656,	7
1657,	8
1658,	12
1659,	7
1660,	5
1661,	10
1662,	8
1663,	7
1664,	12
1665,	13
1666,	5
1667,	10
1668,	13
1669,	4
1670,	11
1671,	4
1672,	11
1673,	9
1674,	12
1675,	10
1676,	6
1677,	13
1678,	6
1679,	8
1680,	9
1681,	11
1682,	13
1683,	12
1684,	5
1685,	14
1686,	13
1687,	13
1688,	12
1689,	13
1690,	10
1691,	12
1692,	10
1693,	14
1694,	8
1695,	8
1696,	0
1697,	11
1698,	6
1699,	12
1700,	10
1701,	11
1702,	7
1703,	7
1704,	6
1705,	14
1706,	11
1707,	0
1708,	9
1709,	6
1710,	9
1711,	11
1712,	13
1713,	9
1714,	13
1715,	9
1716,	10
1717,	12
1718,	11
1719,	12
1720,	8
1721,	8
1722,	12
1723,	13
1724,	8
1725,	11
1726,	11
1727,	7
1728,	6
1729,	14
1730,	10
1731,	9
1732,	9
1733,	9
1734,	9
1735,	10
1736,	2
1737,	12
1738,	9
1739,	6
1740,	6
1741,	11
1742,	6
1743,	10
1744,	4
1745,	7
1746,	8
1747,	2
1748,	0
1749,	10
1750,	8
1751,	0
1752,	2
1753,	0
1754,	11
1755,	3
1756,	9
1757,	13
1758,	7
1759,	9
1760,	10
1761,	6
1762,	10
1763,	8
1764,	14
1765,	13
1766,	8
1767,	12
1768,	8
1769,	13
1770,	4
1771,	10
1772,	9
1773,	8
1774,	6
1775,	10
1776,	11
1777,	10
1778,	14
1779,	10
1780,	6
1781,	5
1782,	14
1783,	4
1784,	13
1785,	9
1786,	10
1787,	13
1788,	13
1789,	8
1790,	6
1791,	9
1792,	9
1793,	12
1794,	11
1795,	6
1796,	7
1797,	8
1798,	7
1799,	12
1800,	0
1801,	0
1802,	7
1803,	6
1804,	11
1805,	6
1806,	9
1807,	13
1808,	6
1809,	14
1810,	11
1811,	0
1812,	14
1813,	10
1814,	5
1815,	12
1816,	10
1817,	11
1818,	12
1819,	5
1820,	14
1821,	10
1822,	9
1823,	11
1824,	12
1825,	0
1826,	0
1827,	11
1828,	1
1829,	10
1830,	7
1831,	9
1832,	10
1833,	10
1834,	12
1835,	5
1836,	11
1837,	11
1838,	14
1839,	8
1840,	9
1841,	1
1842,	1
1843,	10
1844,	10
1845,	12
1846,	3
1847,	7
1848,	9
1849,	10
1850,	10
1851,	13
1852,	9
1853,	11
1854,	4
1855,	14
1856,	12
1857,	3
1858,	12
1859,	12
1860,	12
1861,	8
1862,	12
1863,	11
1864,	13
1865,	5
1866,	10
1867,	12
1868,	10
1869,	3
1870,	3
1871,	8
1872,	9
1873,	8
1874,	11
1875,	7
1876,	10
1877,	8
1878,	14
1879,	9
1880,	8
1881,	11
1882,	11
1883,	0
1884,	0
1885,	12
1886,	9
1887,	8
1888,	4
1889,	9
1890,	4
1891,	12
1892,	0
1893,	2
1894,	9
1895,	7
1896,	7
1897,	4
1898,	13
1899,	10
1900,	14
1901,	13
1902,	0
1903,	8
1904,	12
1905,	11
1906,	7
1907,	0
1908,	14
1909,	0
1910,	12
1911,	11
1912,	3
1913,	5
1914,	6
1915,	11
1916,	12
1917,	11
1918,	7
1919,	11
1920,	8
1921,	12
1922,	13
1923,	8
1924,	0
1925,	11
1926,	6
1927,	1
1928,	11
1929,	12
1930,	13
1931,	7
1932,	9
1933,	14
1934,	11
1935,	7
1936,	7
1937,	7
1938,	6
1939,	12
1940,	0
1941,	11
1942,	11
1943,	4
1944,	10
1945,	0
1946,	0
1947,	14
1948,	14
1949,	6
1950,	11
1951,	8
1952,	9
1953,	0
1954,	9
1955,	0
1956,	14
1957,	13
1958,	10
1959,	3
1960,	11
1961,	11
1962,	10
1963,	7
1964,	3
1965,	3
1966,	11
1967,	13
1968,	10
1969,	12
1970,	9
1971,	10
1972,	8
1973,	10
1974,	2
1975,	10
1976,	4
1977,	8
1978,	0
1979,	6
1980,	9
1981,	7
1982,	12
1983,	14
1984,	13
1985,	10
1986,	10
1987,	1
1988,	12
1989,	11
1990,	12
1991,	11
1992,	12
1993,	14
1994,	0
1995,	12
1996,	10
1997,	11
1998,	5
1999,	14
