Instance: /home/gabriel/Documents/ufrgs/courses/oc/trab/instances/cmb01
Vertices: 500
Colors: 12
NumIterations: 1
Alpha: 0.650000
Is Factible?: false
Conflicts: 8
Solution Value: 167318.390625
Vertex,	Color
0,	0
1,	9
2,	4
3,	1
4,	4
5,	5
6,	2
7,	1
8,	1
9,	6
10,	2
11,	1
12,	1
13,	0
14,	5
15,	0
16,	3
17,	0
18,	3
19,	0
20,	6
21,	0
22,	1
23,	3
24,	2
25,	3
26,	4
27,	2
28,	0
29,	1
30,	1
31,	1
32,	0
33,	1
34,	1
35,	1
36,	2
37,	0
38,	0
39,	6
40,	0
41,	3
42,	0
43,	6
44,	1
45,	9
46,	2
47,	0
48,	3
49,	9
50,	1
51,	6
52,	1
53,	6
54,	0
55,	1
56,	5
57,	2
58,	2
59,	0
60,	1
61,	1
62,	0
63,	1
64,	4
65,	0
66,	1
67,	0
68,	10
69,	0
70,	6
71,	3
72,	4
73,	1
74,	1
75,	0
76,	2
77,	9
78,	0
79,	7
80,	4
81,	4
82,	6
83,	1
84,	0
85,	1
86,	1
87,	8
88,	3
89,	4
90,	2
91,	4
92,	1
93,	1
94,	11
95,	1
96,	4
97,	0
98,	1
99,	4
100,	1
101,	7
102,	1
103,	9
104,	0
105,	8
106,	3
107,	4
108,	2
109,	0
110,	3
111,	2
112,	0
113,	5
114,	6
115,	0
116,	4
117,	8
118,	2
119,	3
120,	2
121,	2
122,	6
123,	2
124,	7
125,	6
126,	7
127,	4
128,	4
129,	5
130,	3
131,	2
132,	4
133,	6
134,	2
135,	3
136,	3
137,	2
138,	8
139,	3
140,	2
141,	3
142,	4
143,	6
144,	0
145,	2
146,	2
147,	4
148,	5
149,	3
150,	3
151,	0
152,	1
153,	6
154,	5
155,	5
156,	2
157,	7
158,	0
159,	3
160,	1
161,	2
162,	1
163,	4
164,	6
165,	1
166,	1
167,	0
168,	5
169,	0
170,	4
171,	3
172,	2
173,	4
174,	0
175,	11
176,	1
177,	5
178,	3
179,	2
180,	2
181,	4
182,	0
183,	0
184,	0
185,	4
186,	5
187,	0
188,	5
189,	3
190,	5
191,	7
192,	3
193,	4
194,	2
195,	3
196,	2
197,	7
198,	1
199,	1
200,	1
201,	7
202,	6
203,	6
204,	2
205,	0
206,	2
207,	6
208,	0
209,	3
210,	5
211,	3
212,	3
213,	6
214,	9
215,	4
216,	4
217,	3
218,	5
219,	2
220,	7
221,	2
222,	7
223,	3
224,	3
225,	3
226,	4
227,	1
228,	3
229,	2
230,	2
231,	4
232,	3
233,	3
234,	2
235,	5
236,	5
237,	1
238,	4
239,	5
240,	5
241,	0
242,	6
243,	1
244,	5
245,	3
246,	4
247,	7
248,	6
249,	1
250,	1
251,	7
252,	2
253,	3
254,	2
255,	7
256,	7
257,	2
258,	3
259,	2
260,	2
261,	3
262,	2
263,	7
264,	2
265,	1
266,	5
267,	5
268,	4
269,	9
270,	9
271,	4
272,	5
273,	9
274,	7
275,	4
276,	1
277,	9
278,	4
279,	1
280,	0
281,	1
282,	7
283,	2
284,	2
285,	2
286,	1
287,	4
288,	4
289,	3
290,	3
291,	0
292,	3
293,	1
294,	8
295,	7
296,	5
297,	7
298,	0
299,	2
300,	4
301,	1
302,	5
303,	4
304,	2
305,	3
306,	1
307,	8
308,	2
309,	5
310,	8
311,	3
312,	1
313,	7
314,	7
315,	5
316,	8
317,	0
318,	0
319,	2
320,	5
321,	3
322,	3
323,	5
324,	5
325,	4
326,	5
327,	3
328,	8
329,	5
330,	0
331,	6
332,	3
333,	7
334,	8
335,	1
336,	2
337,	8
338,	7
339,	6
340,	2
341,	5
342,	9
343,	6
344,	0
345,	1
346,	5
347,	0
348,	7
349,	2
350,	5
351,	0
352,	8
353,	5
354,	3
355,	6
356,	8
357,	9
358,	4
359,	3
360,	8
361,	6
362,	4
363,	5
364,	7
365,	6
366,	9
367,	2
368,	6
369,	3
370,	2
371,	4
372,	4
373,	5
374,	2
375,	4
376,	8
377,	6
378,	5
379,	4
380,	4
381,	3
382,	3
383,	2
384,	6
385,	4
386,	7
387,	10
388,	9
389,	7
390,	6
391,	1
392,	4
393,	6
394,	10
395,	2
396,	8
397,	8
398,	0
399,	9
400,	7
401,	6
402,	8
403,	4
404,	6
405,	9
406,	1
407,	3
408,	0
409,	3
410,	8
411,	2
412,	2
413,	6
414,	6
415,	10
416,	9
417,	6
418,	8
419,	7
420,	4
421,	4
422,	6
423,	6
424,	8
425,	5
426,	9
427,	8
428,	1
429,	3
430,	9
431,	10
432,	3
433,	6
434,	7
435,	9
436,	6
437,	2
438,	7
439,	6
440,	11
441,	7
442,	0
443,	3
444,	3
445,	10
446,	11
447,	4
448,	1
449,	9
450,	10
451,	4
452,	7
453,	8
454,	5
455,	5
456,	7
457,	0
458,	11
459,	0
460,	9
461,	3
462,	8
463,	7
464,	4
465,	8
466,	2
467,	0
468,	9
469,	5
470,	8
471,	9
472,	6
473,	4
474,	8
475,	10
476,	5
477,	2
478,	7
479,	0
480,	10
481,	4
482,	10
483,	5
484,	8
485,	8
486,	7
487,	9
488,	7
489,	7
490,	5
491,	9
492,	10
493,	8
494,	10
495,	9
496,	10
497,	5
498,	5
499,	7
