Instance: /home/gabriel/Documents/ufrgs/courses/oc/trab/instances/cmb01
Vertices: 500
Colors: 12
NumIterations: 100
Alpha: 0.950000
Is Factible?: false
Conflicts: 3
Solution Value: 155493.875000
Vertex,	Color
0,	2
1,	0
2,	0
3,	0
4,	0
5,	0
6,	2
7,	0
8,	0
9,	2
10,	3
11,	1
12,	0
13,	0
14,	1
15,	2
16,	1
17,	2
18,	1
19,	1
20,	0
21,	0
22,	0
23,	1
24,	1
25,	2
26,	0
27,	0
28,	0
29,	2
30,	0
31,	0
32,	2
33,	0
34,	4
35,	0
36,	3
37,	0
38,	1
39,	0
40,	1
41,	1
42,	0
43,	10
44,	1
45,	3
46,	0
47,	1
48,	3
49,	1
50,	2
51,	1
52,	1
53,	2
54,	1
55,	0
56,	3
57,	3
58,	2
59,	0
60,	3
61,	0
62,	0
63,	1
64,	2
65,	1
66,	2
67,	1
68,	4
69,	0
70,	2
71,	2
72,	2
73,	0
74,	4
75,	0
76,	1
77,	2
78,	0
79,	1
80,	2
81,	0
82,	3
83,	0
84,	1
85,	0
86,	1
87,	1
88,	4
89,	3
90,	3
91,	2
92,	2
93,	1
94,	1
95,	0
96,	1
97,	2
98,	3
99,	2
100,	4
101,	1
102,	1
103,	4
104,	0
105,	3
106,	2
107,	5
108,	1
109,	2
110,	2
111,	5
112,	0
113,	3
114,	2
115,	3
116,	1
117,	8
118,	0
119,	4
120,	1
121,	5
122,	2
123,	2
124,	2
125,	1
126,	2
127,	2
128,	1
129,	4
130,	1
131,	2
132,	6
133,	2
134,	4
135,	1
136,	3
137,	6
138,	5
139,	1
140,	1
141,	3
142,	1
143,	3
144,	4
145,	2
146,	4
147,	4
148,	7
149,	0
150,	5
151,	6
152,	0
153,	2
154,	2
155,	5
156,	0
157,	3
158,	3
159,	3
160,	3
161,	4
162,	8
163,	5
164,	6
165,	5
166,	1
167,	0
168,	3
169,	3
170,	4
171,	6
172,	2
173,	2
174,	1
175,	2
176,	2
177,	7
178,	5
179,	5
180,	3
181,	3
182,	6
183,	4
184,	3
185,	3
186,	3
187,	0
188,	2
189,	5
190,	4
191,	2
192,	4
193,	2
194,	4
195,	4
196,	2
197,	1
198,	10
199,	4
200,	1
201,	3
202,	5
203,	6
204,	5
205,	1
206,	3
207,	5
208,	2
209,	3
210,	4
211,	1
212,	9
213,	4
214,	3
215,	3
216,	4
217,	3
218,	6
219,	2
220,	5
221,	0
222,	5
223,	3
224,	3
225,	0
226,	6
227,	4
228,	1
229,	5
230,	3
231,	4
232,	5
233,	5
234,	2
235,	5
236,	6
237,	8
238,	1
239,	1
240,	1
241,	2
242,	7
243,	3
244,	7
245,	1
246,	5
247,	5
248,	6
249,	2
250,	3
251,	1
252,	5
253,	6
254,	7
255,	2
256,	4
257,	3
258,	4
259,	4
260,	6
261,	3
262,	5
263,	10
264,	4
265,	4
266,	5
267,	6
268,	7
269,	4
270,	7
271,	5
272,	7
273,	6
274,	8
275,	1
276,	9
277,	7
278,	7
279,	1
280,	0
281,	4
282,	6
283,	3
284,	5
285,	4
286,	0
287,	6
288,	4
289,	1
290,	2
291,	3
292,	6
293,	6
294,	8
295,	3
296,	6
297,	7
298,	0
299,	1
300,	3
301,	1
302,	4
303,	3
304,	3
305,	5
306,	2
307,	7
308,	3
309,	6
310,	6
311,	1
312,	2
313,	7
314,	3
315,	5
316,	6
317,	0
318,	2
319,	2
320,	4
321,	4
322,	9
323,	5
324,	6
325,	5
326,	2
327,	5
328,	7
329,	6
330,	0
331,	6
332,	6
333,	3
334,	8
335,	0
336,	5
337,	8
338,	5
339,	2
340,	4
341,	6
342,	6
343,	1
344,	1
345,	7
346,	7
347,	11
348,	7
349,	6
350,	4
351,	0
352,	9
353,	7
354,	4
355,	3
356,	0
357,	7
358,	5
359,	11
360,	7
361,	6
362,	4
363,	7
364,	8
365,	8
366,	4
367,	2
368,	8
369,	5
370,	5
371,	5
372,	4
373,	6
374,	4
375,	6
376,	7
377,	9
378,	5
379,	3
380,	9
381,	4
382,	2
383,	3
384,	2
385,	4
386,	8
387,	8
388,	5
389,	7
390,	7
391,	0
392,	3
393,	8
394,	9
395,	0
396,	10
397,	7
398,	1
399,	8
400,	7
401,	1
402,	8
403,	4
404,	5
405,	9
406,	2
407,	5
408,	0
409,	9
410,	8
411,	5
412,	8
413,	6
414,	5
415,	7
416,	9
417,	7
418,	10
419,	5
420,	9
421,	6
422,	5
423,	9
424,	7
425,	7
426,	10
427,	6
428,	5
429,	3
430,	9
431,	6
432,	11
433,	5
434,	7
435,	6
436,	5
437,	3
438,	5
439,	7
440,	10
441,	8
442,	0
443,	9
444,	3
445,	8
446,	10
447,	2
448,	4
449,	7
450,	11
451,	8
452,	7
453,	9
454,	4
455,	6
456,	9
457,	9
458,	0
459,	0
460,	10
461,	5
462,	8
463,	8
464,	6
465,	4
466,	9
467,	1
468,	6
469,	3
470,	8
471,	9
472,	7
473,	4
474,	8
475,	11
476,	1
477,	2
478,	8
479,	11
480,	9
481,	4
482,	9
483,	5
484,	7
485,	8
486,	9
487,	8
488,	7
489,	4
490,	6
491,	9
492,	11
493,	11
494,	10
495,	6
496,	9
497,	6
498,	6
499,	9
