Instance: /home/gabriel/Documents/ufrgs/courses/oc/trab/instances/cmb01
Vertices: 500
Colors: 12
NumIterations: 1
Alpha: 0.650000
Is Factible?: false
Conflicts: 4
Solution Value: 176629.812500
Vertex,	Color
0,	3
1,	4
2,	0
3,	0
4,	1
5,	3
6,	1
7,	0
8,	2
9,	4
10,	5
11,	2
12,	1
13,	0
14,	1
15,	1
16,	11
17,	0
18,	7
19,	1
20,	3
21,	1
22,	4
23,	4
24,	2
25,	3
26,	8
27,	0
28,	1
29,	0
30,	0
31,	3
32,	0
33,	0
34,	4
35,	5
36,	0
37,	0
38,	1
39,	2
40,	1
41,	8
42,	1
43,	3
44,	0
45,	4
46,	2
47,	3
48,	8
49,	6
50,	3
51,	0
52,	2
53,	2
54,	1
55,	1
56,	3
57,	0
58,	2
59,	0
60,	0
61,	1
62,	3
63,	3
64,	0
65,	1
66,	0
67,	1
68,	7
69,	1
70,	3
71,	0
72,	4
73,	0
74,	1
75,	0
76,	4
77,	1
78,	4
79,	10
80,	1
81,	1
82,	1
83,	2
84,	5
85,	0
86,	2
87,	8
88,	3
89,	4
90,	0
91,	4
92,	3
93,	3
94,	2
95,	2
96,	6
97,	8
98,	1
99,	5
100,	5
101,	3
102,	5
103,	6
104,	1
105,	1
106,	8
107,	2
108,	1
109,	3
110,	3
111,	9
112,	1
113,	4
114,	0
115,	5
116,	1
117,	4
118,	1
119,	6
120,	2
121,	10
122,	1
123,	2
124,	2
125,	1
126,	2
127,	5
128,	0
129,	5
130,	0
131,	2
132,	5
133,	1
134,	6
135,	6
136,	0
137,	8
138,	0
139,	2
140,	0
141,	5
142,	3
143,	1
144,	3
145,	1
146,	0
147,	0
148,	1
149,	0
150,	3
151,	3
152,	0
153,	4
154,	2
155,	5
156,	1
157,	2
158,	2
159,	0
160,	3
161,	0
162,	9
163,	1
164,	5
165,	7
166,	0
167,	0
168,	6
169,	0
170,	2
171,	2
172,	0
173,	6
174,	5
175,	4
176,	2
177,	4
178,	3
179,	11
180,	7
181,	2
182,	5
183,	10
184,	4
185,	2
186,	2
187,	0
188,	1
189,	2
190,	1
191,	1
192,	4
193,	3
194,	3
195,	5
196,	0
197,	1
198,	2
199,	3
200,	0
201,	2
202,	6
203,	5
204,	4
205,	3
206,	2
207,	6
208,	4
209,	1
210,	2
211,	1
212,	3
213,	2
214,	2
215,	2
216,	0
217,	4
218,	7
219,	3
220,	4
221,	0
222,	1
223,	3
224,	3
225,	0
226,	5
227,	0
228,	1
229,	5
230,	2
231,	2
232,	2
233,	5
234,	6
235,	2
236,	10
237,	3
238,	3
239,	2
240,	1
241,	1
242,	6
243,	2
244,	4
245,	1
246,	5
247,	5
248,	4
249,	2
250,	2
251,	3
252,	4
253,	3
254,	0
255,	2
256,	5
257,	2
258,	5
259,	2
260,	4
261,	3
262,	7
263,	10
264,	6
265,	1
266,	4
267,	4
268,	6
269,	6
270,	8
271,	9
272,	4
273,	6
274,	7
275,	3
276,	3
277,	4
278,	5
279,	1
280,	3
281,	4
282,	8
283,	4
284,	7
285,	3
286,	0
287,	6
288,	3
289,	4
290,	6
291,	1
292,	4
293,	7
294,	9
295,	3
296,	5
297,	6
298,	4
299,	4
300,	0
301,	1
302,	5
303,	3
304,	5
305,	9
306,	3
307,	5
308,	2
309,	4
310,	7
311,	4
312,	2
313,	8
314,	8
315,	6
316,	4
317,	3
318,	1
319,	2
320,	6
321,	5
322,	6
323,	7
324,	9
325,	4
326,	0
327,	6
328,	7
329,	7
330,	1
331,	7
332,	4
333,	1
334,	7
335,	7
336,	7
337,	6
338,	8
339,	4
340,	5
341,	10
342,	7
343,	8
344,	1
345,	8
346,	4
347,	9
348,	6
349,	2
350,	0
351,	0
352,	9
353,	7
354,	4
355,	3
356,	8
357,	9
358,	5
359,	11
360,	7
361,	6
362,	1
363,	8
364,	7
365,	0
366,	6
367,	5
368,	6
369,	5
370,	4
371,	7
372,	5
373,	7
374,	4
375,	6
376,	9
377,	6
378,	5
379,	6
380,	5
381,	0
382,	2
383,	5
384,	5
385,	6
386,	10
387,	8
388,	1
389,	7
390,	7
391,	2
392,	2
393,	9
394,	8
395,	4
396,	7
397,	10
398,	2
399,	8
400,	6
401,	5
402,	3
403,	5
404,	5
405,	9
406,	9
407,	4
408,	0
409,	10
410,	7
411,	4
412,	8
413,	7
414,	6
415,	6
416,	9
417,	6
418,	9
419,	5
420,	7
421,	7
422,	5
423,	11
424,	9
425,	6
426,	8
427,	8
428,	0
429,	7
430,	9
431,	10
432,	11
433,	6
434,	5
435,	11
436,	5
437,	2
438,	7
439,	8
440,	0
441,	8
442,	9
443,	7
444,	3
445,	9
446,	10
447,	2
448,	4
449,	6
450,	8
451,	0
452,	7
453,	6
454,	3
455,	3
456,	9
457,	0
458,	10
459,	8
460,	9
461,	4
462,	0
463,	7
464,	6
465,	7
466,	7
467,	1
468,	10
469,	3
470,	8
471,	9
472,	7
473,	5
474,	8
475,	8
476,	9
477,	2
478,	2
479,	11
480,	10
481,	4
482,	11
483,	4
484,	8
485,	9
486,	8
487,	9
488,	7
489,	1
490,	4
491,	9
492,	11
493,	3
494,	7
495,	4
496,	10
497,	9
498,	7
499,	9
