Instance: /home/gabriel/Documents/ufrgs/courses/oc/trab/instances/cmb01
Vertices: 500
Colors: 12
NumIterations: 1
Alpha: 0.650000
Is Factible?: false
Conflicts: 6
Solution Value: 170593.625000
Vertex,	Color
0,	3
1,	0
2,	1
3,	1
4,	5
5,	0
6,	0
7,	5
8,	2
9,	5
10,	3
11,	1
12,	0
13,	2
14,	4
15,	1
16,	4
17,	2
18,	4
19,	2
20,	8
21,	0
22,	7
23,	1
24,	2
25,	3
26,	1
27,	3
28,	1
29,	2
30,	0
31,	0
32,	1
33,	0
34,	5
35,	3
36,	3
37,	1
38,	1
39,	6
40,	2
41,	0
42,	0
43,	2
44,	1
45,	0
46,	0
47,	8
48,	4
49,	1
50,	5
51,	4
52,	5
53,	2
54,	0
55,	0
56,	4
57,	1
58,	3
59,	1
60,	6
61,	2
62,	2
63,	0
64,	0
65,	4
66,	2
67,	1
68,	7
69,	1
70,	3
71,	2
72,	7
73,	0
74,	0
75,	2
76,	3
77,	9
78,	0
79,	2
80,	3
81,	0
82,	3
83,	0
84,	1
85,	2
86,	2
87,	4
88,	2
89,	7
90,	2
91,	6
92,	5
93,	7
94,	1
95,	4
96,	1
97,	2
98,	10
99,	5
100,	1
101,	2
102,	2
103,	11
104,	0
105,	0
106,	0
107,	5
108,	0
109,	3
110,	6
111,	5
112,	3
113,	9
114,	0
115,	1
116,	0
117,	8
118,	2
119,	5
120,	0
121,	2
122,	4
123,	1
124,	1
125,	2
126,	2
127,	3
128,	0
129,	4
130,	0
131,	3
132,	2
133,	0
134,	3
135,	3
136,	3
137,	5
138,	2
139,	3
140,	0
141,	7
142,	4
143,	0
144,	2
145,	1
146,	4
147,	0
148,	5
149,	1
150,	4
151,	8
152,	3
153,	2
154,	2
155,	4
156,	1
157,	2
158,	4
159,	3
160,	4
161,	0
162,	4
163,	4
164,	6
165,	0
166,	0
167,	2
168,	1
169,	3
170,	4
171,	5
172,	3
173,	0
174,	1
175,	3
176,	2
177,	6
178,	4
179,	1
180,	1
181,	3
182,	7
183,	7
184,	2
185,	5
186,	1
187,	1
188,	0
189,	6
190,	7
191,	0
192,	0
193,	1
194,	3
195,	5
196,	1
197,	1
198,	8
199,	2
200,	3
201,	3
202,	5
203,	4
204,	0
205,	2
206,	1
207,	5
208,	0
209,	3
210,	1
211,	7
212,	8
213,	2
214,	0
215,	3
216,	1
217,	4
218,	3
219,	3
220,	6
221,	0
222,	4
223,	3
224,	3
225,	0
226,	8
227,	5
228,	4
229,	3
230,	1
231,	5
232,	3
233,	4
234,	1
235,	4
236,	8
237,	9
238,	1
239,	2
240,	2
241,	1
242,	6
243,	4
244,	10
245,	1
246,	0
247,	4
248,	3
249,	2
250,	0
251,	4
252,	1
253,	6
254,	1
255,	2
256,	2
257,	0
258,	0
259,	4
260,	6
261,	2
262,	1
263,	9
264,	4
265,	1
266,	5
267,	6
268,	7
269,	6
270,	6
271,	5
272,	1
273,	7
274,	11
275,	4
276,	3
277,	2
278,	7
279,	0
280,	0
281,	2
282,	6
283,	4
284,	5
285,	4
286,	6
287,	6
288,	3
289,	6
290,	0
291,	2
292,	6
293,	1
294,	10
295,	3
296,	7
297,	2
298,	4
299,	0
300,	4
301,	0
302,	7
303,	3
304,	1
305,	5
306,	1
307,	6
308,	0
309,	6
310,	5
311,	4
312,	2
313,	9
314,	4
315,	3
316,	6
317,	2
318,	3
319,	1
320,	6
321,	3
322,	8
323,	7
324,	6
325,	4
326,	1
327,	6
328,	7
329,	6
330,	1
331,	5
332,	5
333,	2
334,	7
335,	6
336,	5
337,	8
338,	5
339,	2
340,	5
341,	7
342,	4
343,	6
344,	1
345,	6
346,	4
347,	10
348,	7
349,	5
350,	3
351,	5
352,	10
353,	3
354,	5
355,	5
356,	5
357,	9
358,	5
359,	7
360,	7
361,	7
362,	1
363,	7
364,	9
365,	4
366,	6
367,	4
368,	3
369,	1
370,	8
371,	1
372,	7
373,	2
374,	6
375,	4
376,	5
377,	5
378,	5
379,	2
380,	3
381,	1
382,	2
383,	3
384,	1
385,	3
386,	7
387,	8
388,	3
389,	7
390,	6
391,	5
392,	4
393,	6
394,	9
395,	1
396,	7
397,	7
398,	5
399,	8
400,	7
401,	2
402,	8
403,	4
404,	3
405,	9
406,	6
407,	5
408,	0
409,	7
410,	4
411,	0
412,	5
413,	6
414,	5
415,	4
416,	9
417,	4
418,	10
419,	4
420,	9
421,	8
422,	6
423,	4
424,	6
425,	7
426,	8
427,	5
428,	3
429,	6
430,	8
431,	8
432,	10
433,	0
434,	7
435,	7
436,	7
437,	2
438,	5
439,	6
440,	0
441,	8
442,	11
443,	6
444,	4
445,	8
446,	10
447,	1
448,	2
449,	9
450,	10
451,	11
452,	7
453,	6
454,	4
455,	7
456,	8
457,	0
458,	2
459,	0
460,	10
461,	4
462,	6
463,	8
464,	3
465,	8
466,	8
467,	5
468,	9
469,	6
470,	8
471,	8
472,	8
473,	1
474,	8
475,	9
476,	10
477,	2
478,	8
479,	8
480,	9
481,	3
482,	10
483,	5
484,	8
485,	8
486,	9
487,	8
488,	4
489,	4
490,	6
491,	7
492,	10
493,	11
494,	11
495,	7
496,	10
497,	5
498,	6
499,	9
