Instance: /home/gabriel/Documents/ufrgs/courses/oc/trab/instances/cmb01
Vertices: 500
Colors: 12
NumIterations: 1000
Alpha: 0.250000
Is Factible?: false
Conflicts: 2
Solution Value: 162960.437500
Vertex,	Color
0,	4
1,	5
2,	7
3,	2
4,	3
5,	3
6,	7
7,	0
8,	3
9,	2
10,	3
11,	1
12,	4
13,	9
14,	1
15,	0
16,	4
17,	1
18,	6
19,	3
20,	2
21,	1
22,	8
23,	8
24,	2
25,	8
26,	4
27,	5
28,	5
29,	3
30,	5
31,	4
32,	6
33,	2
34,	6
35,	2
36,	0
37,	4
38,	8
39,	10
40,	1
41,	4
42,	8
43,	10
44,	0
45,	4
46,	4
47,	3
48,	9
49,	2
50,	4
51,	1
52,	0
53,	3
54,	7
55,	1
56,	5
57,	5
58,	5
59,	0
60,	7
61,	6
62,	5
63,	0
64,	2
65,	6
66,	5
67,	0
68,	10
69,	7
70,	4
71,	1
72,	5
73,	4
74,	1
75,	5
76,	5
77,	7
78,	3
79,	0
80,	8
81,	8
82,	11
83,	0
84,	7
85,	4
86,	4
87,	1
88,	0
89,	11
90,	3
91,	6
92,	6
93,	7
94,	2
95,	3
96,	2
97,	7
98,	3
99,	4
100,	1
101,	1
102,	5
103,	0
104,	1
105,	2
106,	4
107,	7
108,	2
109,	3
110,	2
111,	9
112,	7
113,	3
114,	1
115,	3
116,	1
117,	11
118,	5
119,	9
120,	4
121,	11
122,	1
123,	10
124,	5
125,	5
126,	0
127,	5
128,	0
129,	1
130,	2
131,	2
132,	1
133,	1
134,	9
135,	2
136,	5
137,	3
138,	5
139,	2
140,	3
141,	3
142,	2
143,	11
144,	3
145,	4
146,	0
147,	1
148,	3
149,	3
150,	1
151,	10
152,	9
153,	3
154,	5
155,	1
156,	2
157,	6
158,	1
159,	0
160,	1
161,	0
162,	1
163,	4
164,	5
165,	10
166,	2
167,	6
168,	0
169,	7
170,	6
171,	2
172,	3
173,	5
174,	0
175,	3
176,	0
177,	9
178,	6
179,	5
180,	8
181,	0
182,	5
183,	6
184,	4
185,	3
186,	5
187,	0
188,	8
189,	0
190,	9
191,	1
192,	0
193,	1
194,	0
195,	0
196,	2
197,	7
198,	2
199,	3
200,	0
201,	1
202,	8
203,	1
204,	4
205,	2
206,	0
207,	0
208,	4
209,	4
210,	2
211,	5
212,	7
213,	7
214,	7
215,	7
216,	0
217,	9
218,	3
219,	4
220,	0
221,	3
222,	4
223,	5
224,	1
225,	7
226,	0
227,	9
228,	2
229,	4
230,	2
231,	6
232,	7
233,	7
234,	6
235,	9
236,	8
237,	1
238,	4
239,	0
240,	1
241,	1
242,	0
243,	0
244,	3
245,	1
246,	2
247,	6
248,	6
249,	1
250,	3
251,	1
252,	0
253,	2
254,	1
255,	6
256,	4
257,	0
258,	1
259,	6
260,	6
261,	5
262,	11
263,	6
264,	2
265,	4
266,	3
267,	8
268,	3
269,	6
270,	4
271,	4
272,	1
273,	5
274,	0
275,	4
276,	4
277,	0
278,	2
279,	1
280,	1
281,	0
282,	2
283,	1
284,	0
285,	2
286,	0
287,	2
288,	5
289,	0
290,	1
291,	1
292,	9
293,	6
294,	5
295,	0
296,	4
297,	2
298,	1
299,	3
300,	1
301,	2
302,	6
303,	1
304,	3
305,	6
306,	0
307,	2
308,	3
309,	7
310,	6
311,	7
312,	4
313,	5
314,	0
315,	4
316,	5
317,	3
318,	6
319,	6
320,	5
321,	6
322,	3
323,	7
324,	2
325,	0
326,	3
327,	0
328,	5
329,	5
330,	1
331,	6
332,	3
333,	1
334,	4
335,	3
336,	0
337,	6
338,	0
339,	8
340,	8
341,	8
342,	1
343,	2
344,	5
345,	2
346,	9
347,	8
348,	8
349,	2
350,	2
351,	3
352,	6
353,	0
354,	2
355,	0
356,	5
357,	9
358,	0
359,	7
360,	6
361,	4
362,	3
363,	8
364,	0
365,	1
366,	2
367,	1
368,	1
369,	4
370,	4
371,	2
372,	7
373,	4
374,	4
375,	6
376,	4
377,	2
378,	1
379,	5
380,	4
381,	0
382,	3
383,	1
384,	0
385,	1
386,	2
387,	4
388,	7
389,	4
390,	3
391,	2
392,	4
393,	4
394,	6
395,	5
396,	10
397,	5
398,	1
399,	9
400,	8
401,	3
402,	9
403,	3
404,	0
405,	7
406,	7
407,	2
408,	8
409,	8
410,	4
411,	4
412,	6
413,	4
414,	5
415,	0
416,	6
417,	0
418,	6
419,	2
420,	7
421,	1
422,	5
423,	7
424,	2
425,	7
426,	9
427,	4
428,	3
429,	3
430,	7
431,	9
432,	10
433,	3
434,	6
435,	1
436,	1
437,	3
438,	0
439,	5
440,	3
441,	0
442,	5
443,	7
444,	2
445,	8
446,	10
447,	5
448,	3
449,	7
450,	10
451,	5
452,	7
453,	8
454,	4
455,	5
456,	2
457,	0
458,	11
459,	8
460,	10
461,	6
462,	1
463,	6
464,	1
465,	8
466,	3
467,	5
468,	8
469,	2
470,	4
471,	9
472,	7
473,	0
474,	8
475,	9
476,	9
477,	2
478,	8
479,	9
480,	8
481,	5
482,	3
483,	4
484,	7
485,	1
486,	6
487,	6
488,	6
489,	2
490,	6
491,	9
492,	10
493,	9
494,	8
495,	8
496,	8
497,	5
498,	5
499,	9
