Instance: /home/gabriel/Documents/ufrgs/courses/oc/trab/instances/cmb01
Vertices: 500
Colors: 12
NumIterations: 1000
Alpha: 0.850000
Is Factible?: false
Conflicts: 2
Solution Value: 148744.031250
Vertex,	Color
0,	2
1,	0
2,	2
3,	1
4,	3
5,	1
6,	2
7,	0
8,	10
9,	3
10,	0
11,	0
12,	0
13,	2
14,	1
15,	2
16,	7
17,	2
18,	2
19,	1
20,	0
21,	0
22,	0
23,	1
24,	1
25,	0
26,	1
27,	0
28,	1
29,	0
30,	0
31,	0
32,	2
33,	0
34,	4
35,	0
36,	3
37,	1
38,	2
39,	1
40,	1
41,	1
42,	1
43,	8
44,	1
45,	0
46,	2
47,	1
48,	2
49,	1
50,	0
51,	1
52,	2
53,	2
54,	1
55,	0
56,	0
57,	5
58,	2
59,	0
60,	0
61,	1
62,	0
63,	0
64,	1
65,	1
66,	0
67,	1
68,	4
69,	2
70,	7
71,	2
72,	1
73,	1
74,	5
75,	0
76,	0
77,	3
78,	0
79,	10
80,	3
81,	6
82,	5
83,	0
84,	0
85,	3
86,	1
87,	5
88,	4
89,	5
90,	3
91,	3
92,	6
93,	4
94,	7
95,	0
96,	5
97,	4
98,	1
99,	2
100,	8
101,	3
102,	4
103,	10
104,	0
105,	3
106,	2
107,	3
108,	1
109,	0
110,	2
111,	0
112,	3
113,	7
114,	0
115,	2
116,	0
117,	9
118,	1
119,	5
120,	2
121,	2
122,	2
123,	0
124,	6
125,	1
126,	2
127,	2
128,	1
129,	4
130,	0
131,	2
132,	6
133,	1
134,	6
135,	0
136,	4
137,	1
138,	3
139,	1
140,	0
141,	3
142,	1
143,	2
144,	4
145,	1
146,	4
147,	4
148,	8
149,	0
150,	4
151,	4
152,	3
153,	2
154,	1
155,	0
156,	2
157,	4
158,	1
159,	1
160,	4
161,	5
162,	9
163,	5
164,	6
165,	5
166,	2
167,	0
168,	4
169,	1
170,	4
171,	5
172,	2
173,	1
174,	1
175,	2
176,	2
177,	6
178,	5
179,	5
180,	3
181,	2
182,	4
183,	5
184,	2
185,	3
186,	4
187,	1
188,	2
189,	2
190,	7
191,	2
192,	4
193,	0
194,	3
195,	4
196,	3
197,	4
198,	3
199,	2
200,	1
201,	2
202,	4
203,	5
204,	3
205,	2
206,	3
207,	7
208,	7
209,	2
210,	3
211,	0
212,	8
213,	6
214,	3
215,	3
216,	4
217,	3
218,	5
219,	8
220,	3
221,	0
222,	5
223,	4
224,	3
225,	4
226,	4
227,	5
228,	2
229,	5
230,	2
231,	6
232,	6
233,	4
234,	1
235,	6
236,	6
237,	7
238,	3
239,	3
240,	1
241,	1
242,	6
243,	4
244,	7
245,	1
246,	3
247,	7
248,	6
249,	3
250,	1
251,	1
252,	3
253,	6
254,	7
255,	4
256,	4
257,	4
258,	5
259,	2
260,	0
261,	4
262,	3
263,	10
264,	3
265,	1
266,	5
267,	6
268,	7
269,	4
270,	8
271,	5
272,	6
273,	5
274,	9
275,	0
276,	7
277,	8
278,	8
279,	1
280,	3
281,	3
282,	7
283,	3
284,	9
285,	3
286,	6
287,	3
288,	5
289,	4
290,	1
291,	3
292,	6
293,	6
294,	9
295,	3
296,	7
297,	4
298,	3
299,	2
300,	3
301,	0
302,	5
303,	3
304,	0
305,	7
306,	3
307,	8
308,	4
309,	6
310,	5
311,	4
312,	1
313,	7
314,	6
315,	5
316,	6
317,	3
318,	1
319,	2
320,	4
321,	4
322,	5
323,	6
324,	7
325,	5
326,	2
327,	5
328,	8
329,	6
330,	2
331,	5
332,	5
333,	2
334,	8
335,	0
336,	6
337,	9
338,	5
339,	1
340,	4
341,	6
342,	4
343,	9
344,	1
345,	5
346,	2
347,	11
348,	7
349,	6
350,	2
351,	5
352,	10
353,	7
354,	2
355,	5
356,	8
357,	10
358,	5
359,	11
360,	7
361,	6
362,	6
363,	8
364,	9
365,	9
366,	6
367,	5
368,	8
369,	5
370,	7
371,	7
372,	3
373,	6
374,	3
375,	4
376,	9
377,	5
378,	5
379,	0
380,	8
381,	3
382,	2
383,	3
384,	4
385,	4
386,	9
387,	8
388,	3
389,	7
390,	8
391,	5
392,	4
393,	9
394,	10
395,	2
396,	8
397,	8
398,	4
399,	8
400,	7
401,	1
402,	0
403,	5
404,	4
405,	9
406,	4
407,	2
408,	0
409,	10
410,	5
411,	3
412,	6
413,	6
414,	11
415,	10
416,	9
417,	5
418,	10
419,	6
420,	3
421,	5
422,	7
423,	5
424,	7
425,	6
426,	10
427,	7
428,	1
429,	8
430,	9
431,	6
432,	11
433,	2
434,	6
435,	11
436,	6
437,	2
438,	6
439,	7
440,	8
441,	8
442,	1
443,	4
444,	4
445,	9
446,	10
447,	5
448,	5
449,	10
450,	11
451,	8
452,	7
453,	9
454,	4
455,	7
456,	8
457,	10
458,	11
459,	0
460,	10
461,	5
462,	9
463,	6
464,	3
465,	7
466,	5
467,	1
468,	9
469,	3
470,	8
471,	6
472,	6
473,	4
474,	6
475,	8
476,	9
477,	2
478,	6
479,	0
480,	9
481,	3
482,	10
483,	6
484,	8
485,	9
486,	6
487,	5
488,	3
489,	5
490,	4
491,	9
492,	11
493,	8
494,	6
495,	7
496,	8
497,	6
498,	6
499,	10
