Instance: /home/gabriel/Documents/ufrgs/courses/oc/trab/instances/cmb01
Vertices: 500
Colors: 12
NumIterations: 1
Alpha: 0.250000
Is Factible?: false
Conflicts: 3
Solution Value: 167839.375000
Vertex,	Color
0,	3
1,	6
2,	9
3,	0
4,	11
5,	4
6,	3
7,	1
8,	0
9,	2
10,	6
11,	0
12,	1
13,	7
14,	2
15,	4
16,	11
17,	3
18,	2
19,	3
20,	2
21,	2
22,	11
23,	4
24,	3
25,	6
26,	9
27,	2
28,	1
29,	0
30,	1
31,	2
32,	2
33,	8
34,	5
35,	3
36,	10
37,	8
38,	7
39,	3
40,	1
41,	0
42,	3
43,	4
44,	0
45,	3
46,	2
47,	6
48,	2
49,	4
50,	0
51,	2
52,	1
53,	3
54,	3
55,	1
56,	6
57,	5
58,	3
59,	0
60,	5
61,	1
62,	8
63,	4
64,	4
65,	3
66,	0
67,	4
68,	8
69,	7
70,	2
71,	0
72,	0
73,	9
74,	0
75,	5
76,	1
77,	1
78,	3
79,	1
80,	7
81,	0
82,	10
83,	3
84,	2
85,	1
86,	5
87,	4
88,	6
89,	0
90,	8
91,	4
92,	4
93,	6
94,	4
95,	6
96,	0
97,	3
98,	1
99,	2
100,	5
101,	1
102,	3
103,	9
104,	2
105,	4
106,	4
107,	0
108,	2
109,	0
110,	8
111,	4
112,	1
113,	8
114,	4
115,	5
116,	0
117,	7
118,	1
119,	1
120,	7
121,	3
122,	4
123,	5
124,	4
125,	0
126,	7
127,	4
128,	2
129,	7
130,	2
131,	1
132,	6
133,	1
134,	3
135,	1
136,	2
137,	2
138,	7
139,	4
140,	0
141,	10
142,	1
143,	0
144,	8
145,	6
146,	5
147,	4
148,	10
149,	5
150,	0
151,	9
152,	3
153,	5
154,	1
155,	7
156,	4
157,	8
158,	0
159,	7
160,	4
161,	1
162,	6
163,	0
164,	2
165,	6
166,	1
167,	0
168,	5
169,	1
170,	2
171,	4
172,	1
173,	9
174,	6
175,	2
176,	5
177,	11
178,	0
179,	8
180,	6
181,	4
182,	4
183,	8
184,	3
185,	3
186,	5
187,	0
188,	1
189,	2
190,	2
191,	7
192,	1
193,	0
194,	2
195,	3
196,	0
197,	1
198,	8
199,	6
200,	0
201,	2
202,	9
203,	10
204,	5
205,	3
206,	1
207,	0
208,	3
209,	3
210,	4
211,	7
212,	5
213,	3
214,	1
215,	0
216,	2
217,	2
218,	6
219,	10
220,	7
221,	0
222,	0
223,	2
224,	4
225,	0
226,	5
227,	0
228,	7
229,	3
230,	7
231,	8
232,	10
233,	5
234,	1
235,	0
236,	6
237,	5
238,	4
239,	5
240,	2
241,	7
242,	6
243,	2
244,	3
245,	2
246,	4
247,	2
248,	4
249,	4
250,	1
251,	1
252,	6
253,	9
254,	6
255,	2
256,	3
257,	6
258,	7
259,	1
260,	5
261,	4
262,	0
263,	3
264,	4
265,	1
266,	1
267,	1
268,	5
269,	3
270,	6
271,	0
272,	9
273,	2
274,	10
275,	3
276,	11
277,	1
278,	4
279,	0
280,	3
281,	2
282,	0
283,	3
284,	7
285,	4
286,	1
287,	6
288,	0
289,	3
290,	0
291,	4
292,	7
293,	8
294,	4
295,	2
296,	2
297,	0
298,	0
299,	2
300,	5
301,	3
302,	2
303,	1
304,	6
305,	0
306,	5
307,	5
308,	4
309,	5
310,	4
311,	6
312,	4
313,	5
314,	1
315,	0
316,	4
317,	6
318,	1
319,	1
320,	8
321,	8
322,	6
323,	2
324,	9
325,	5
326,	2
327,	0
328,	1
329,	1
330,	1
331,	8
332,	5
333,	7
334,	1
335,	1
336,	1
337,	5
338,	2
339,	0
340,	0
341,	6
342,	2
343,	7
344,	2
345,	5
346,	5
347,	5
348,	3
349,	0
350,	3
351,	1
352,	5
353,	2
354,	2
355,	1
356,	0
357,	8
358,	0
359,	5
360,	6
361,	5
362,	7
363,	0
364,	8
365,	10
366,	0
367,	3
368,	10
369,	1
370,	1
371,	10
372,	3
373,	4
374,	3
375,	3
376,	7
377,	6
378,	4
379,	5
380,	5
381,	5
382,	1
383,	2
384,	2
385,	3
386,	7
387,	8
388,	1
389,	9
390,	2
391,	4
392,	4
393,	9
394,	2
395,	2
396,	6
397,	5
398,	2
399,	3
400,	6
401,	6
402,	3
403,	3
404,	2
405,	3
406,	3
407,	0
408,	7
409,	7
410,	2
411,	3
412,	6
413,	3
414,	11
415,	10
416,	0
417,	2
418,	5
419,	3
420,	4
421,	8
422,	3
423,	10
424,	7
425,	6
426,	6
427,	4
428,	0
429,	6
430,	6
431,	7
432,	8
433,	1
434,	1
435,	7
436,	5
437,	1
438,	3
439,	5
440,	9
441,	3
442,	4
443,	11
444,	2
445,	8
446,	6
447,	1
448,	2
449,	10
450,	8
451,	9
452,	7
453,	7
454,	4
455,	7
456,	7
457,	10
458,	1
459,	0
460,	11
461,	5
462,	4
463,	3
464,	8
465,	4
466,	8
467,	4
468,	5
469,	7
470,	5
471,	11
472,	6
473,	1
474,	9
475,	11
476,	8
477,	1
478,	8
479,	7
480,	9
481,	5
482,	9
483,	7
484,	9
485,	8
486,	7
487,	8
488,	6
489,	6
490,	5
491,	8
492,	0
493,	10
494,	0
495,	8
496,	7
497,	8
498,	4
499,	6
