Instance: /home/gabriel/Documents/ufrgs/courses/oc/trab/instances/cmb01
Vertices: 500
Colors: 12
NumIterations: 10000
Alpha: 0.850000
Is Factible?: false
Conflicts: 1
Solution Value: 153821.234375
Vertex,	Color
0,	2
1,	1
2,	5
3,	0
4,	3
5,	0
6,	2
7,	2
8,	1
9,	1
10,	2
11,	1
12,	0
13,	1
14,	0
15,	0
16,	3
17,	1
18,	3
19,	1
20,	0
21,	0
22,	3
23,	9
24,	3
25,	0
26,	0
27,	0
28,	1
29,	3
30,	1
31,	0
32,	1
33,	0
34,	2
35,	5
36,	2
37,	0
38,	0
39,	0
40,	1
41,	3
42,	0
43,	3
44,	1
45,	1
46,	0
47,	0
48,	1
49,	0
50,	1
51,	6
52,	1
53,	1
54,	0
55,	0
56,	2
57,	2
58,	2
59,	0
60,	4
61,	3
62,	1
63,	2
64,	4
65,	3
66,	2
67,	1
68,	3
69,	0
70,	0
71,	0
72,	2
73,	2
74,	2
75,	1
76,	1
77,	4
78,	0
79,	4
80,	0
81,	5
82,	1
83,	1
84,	0
85,	2
86,	4
87,	2
88,	3
89,	2
90,	2
91,	1
92,	1
93,	2
94,	2
95,	3
96,	5
97,	3
98,	1
99,	5
100,	7
101,	3
102,	2
103,	4
104,	0
105,	5
106,	1
107,	4
108,	1
109,	1
110,	0
111,	1
112,	0
113,	0
114,	0
115,	4
116,	2
117,	2
118,	1
119,	3
120,	1
121,	1
122,	4
123,	3
124,	3
125,	2
126,	1
127,	5
128,	1
129,	3
130,	0
131,	2
132,	5
133,	1
134,	2
135,	4
136,	3
137,	10
138,	0
139,	0
140,	1
141,	0
142,	5
143,	11
144,	2
145,	1
146,	4
147,	3
148,	6
149,	0
150,	3
151,	2
152,	2
153,	0
154,	1
155,	4
156,	0
157,	1
158,	1
159,	3
160,	3
161,	5
162,	6
163,	5
164,	6
165,	5
166,	0
167,	1
168,	6
169,	4
170,	8
171,	3
172,	1
173,	1
174,	2
175,	1
176,	1
177,	7
178,	5
179,	7
180,	3
181,	2
182,	2
183,	3
184,	0
185,	5
186,	2
187,	0
188,	2
189,	6
190,	6
191,	2
192,	1
193,	3
194,	2
195,	2
196,	2
197,	4
198,	9
199,	2
200,	1
201,	3
202,	4
203,	4
204,	4
205,	2
206,	2
207,	4
208,	1
209,	4
210,	2
211,	4
212,	8
213,	4
214,	4
215,	5
216,	1
217,	4
218,	5
219,	8
220,	7
221,	0
222,	5
223,	3
224,	2
225,	0
226,	6
227,	5
228,	0
229,	3
230,	3
231,	6
232,	4
233,	5
234,	1
235,	2
236,	6
237,	7
238,	7
239,	2
240,	0
241,	1
242,	7
243,	2
244,	8
245,	2
246,	5
247,	4
248,	4
249,	3
250,	2
251,	3
252,	3
253,	6
254,	6
255,	0
256,	1
257,	1
258,	5
259,	7
260,	6
261,	4
262,	4
263,	9
264,	4
265,	1
266,	5
267,	3
268,	6
269,	3
270,	7
271,	5
272,	5
273,	4
274,	8
275,	4
276,	8
277,	1
278,	5
279,	2
280,	2
281,	1
282,	7
283,	3
284,	4
285,	4
286,	6
287,	5
288,	3
289,	4
290,	4
291,	2
292,	7
293,	3
294,	7
295,	2
296,	7
297,	5
298,	4
299,	1
300,	3
301,	2
302,	4
303,	4
304,	2
305,	0
306,	2
307,	6
308,	3
309,	6
310,	8
311,	3
312,	3
313,	7
314,	7
315,	3
316,	6
317,	3
318,	2
319,	3
320,	4
321,	4
322,	6
323,	6
324,	6
325,	5
326,	4
327,	5
328,	8
329,	6
330,	0
331,	8
332,	3
333,	7
334,	8
335,	6
336,	6
337,	8
338,	5
339,	7
340,	5
341,	6
342,	5
343,	0
344,	0
345,	6
346,	7
347,	10
348,	7
349,	6
350,	5
351,	0
352,	9
353,	7
354,	5
355,	5
356,	9
357,	9
358,	4
359,	11
360,	7
361,	8
362,	4
363,	7
364,	8
365,	4
366,	6
367,	4
368,	8
369,	6
370,	4
371,	5
372,	4
373,	5
374,	4
375,	6
376,	7
377,	6
378,	6
379,	5
380,	8
381,	0
382,	1
383,	3
384,	3
385,	5
386,	8
387,	8
388,	4
389,	8
390,	8
391,	2
392,	3
393,	7
394,	9
395,	0
396,	10
397,	7
398,	2
399,	8
400,	7
401,	3
402,	8
403,	5
404,	5
405,	9
406,	0
407,	5
408,	0
409,	9
410,	6
411,	5
412,	6
413,	6
414,	6
415,	9
416,	9
417,	1
418,	9
419,	4
420,	9
421,	6
422,	4
423,	10
424,	8
425,	7
426,	10
427,	5
428,	1
429,	7
430,	9
431,	6
432,	10
433,	5
434,	6
435,	7
436,	6
437,	5
438,	2
439,	9
440,	11
441,	7
442,	1
443,	8
444,	4
445,	5
446,	10
447,	3
448,	5
449,	9
450,	10
451,	11
452,	7
453,	8
454,	4
455,	6
456,	3
457,	9
458,	11
459,	10
460,	10
461,	4
462,	9
463,	7
464,	8
465,	4
466,	5
467,	1
468,	9
469,	6
470,	4
471,	10
472,	7
473,	2
474,	9
475,	11
476,	10
477,	2
478,	6
479,	0
480,	9
481,	5
482,	10
483,	6
484,	9
485,	9
486,	8
487,	3
488,	7
489,	0
490,	5
491,	10
492,	11
493,	9
494,	11
495,	5
496,	10
497,	8
498,	6
499,	5
