Instance: /home/gabriel/Documents/ufrgs/courses/oc/trab/instances/cmb01
Vertices: 500
Colors: 12
NumIterations: 1
Alpha: 0.650000
Is Factible?: false
Conflicts: 6
Solution Value: 154072.296875
Vertex,	Color
0,	1
1,	2
2,	2
3,	0
4,	3
5,	0
6,	0
7,	2
8,	6
9,	4
10,	0
11,	4
12,	0
13,	3
14,	3
15,	0
16,	4
17,	1
18,	7
19,	1
20,	8
21,	0
22,	4
23,	4
24,	2
25,	1
26,	3
27,	5
28,	2
29,	1
30,	0
31,	0
32,	6
33,	2
34,	5
35,	6
36,	0
37,	1
38,	5
39,	2
40,	1
41,	2
42,	1
43,	2
44,	1
45,	2
46,	0
47,	0
48,	8
49,	1
50,	0
51,	3
52,	3
53,	0
54,	1
55,	2
56,	2
57,	2
58,	1
59,	0
60,	3
61,	3
62,	2
63,	1
64,	2
65,	1
66,	1
67,	2
68,	1
69,	2
70,	2
71,	0
72,	3
73,	1
74,	5
75,	4
76,	5
77,	9
78,	1
79,	5
80,	7
81,	1
82,	10
83,	2
84,	4
85,	1
86,	3
87,	4
88,	2
89,	4
90,	2
91,	0
92,	0
93,	0
94,	9
95,	3
96,	5
97,	4
98,	3
99,	2
100,	8
101,	0
102,	3
103,	1
104,	2
105,	0
106,	1
107,	3
108,	2
109,	0
110,	0
111,	10
112,	0
113,	7
114,	1
115,	4
116,	0
117,	1
118,	2
119,	4
120,	3
121,	0
122,	0
123,	6
124,	1
125,	2
126,	2
127,	1
128,	1
129,	6
130,	7
131,	2
132,	10
133,	1
134,	1
135,	3
136,	3
137,	3
138,	5
139,	0
140,	2
141,	2
142,	4
143,	3
144,	0
145,	3
146,	3
147,	1
148,	3
149,	0
150,	4
151,	9
152,	8
153,	0
154,	1
155,	5
156,	4
157,	0
158,	0
159,	1
160,	1
161,	2
162,	6
163,	4
164,	7
165,	2
166,	0
167,	0
168,	0
169,	3
170,	5
171,	1
172,	2
173,	2
174,	1
175,	2
176,	2
177,	8
178,	5
179,	4
180,	6
181,	1
182,	6
183,	4
184,	1
185,	3
186,	7
187,	0
188,	10
189,	3
190,	5
191,	0
192,	1
193,	0
194,	0
195,	7
196,	2
197,	4
198,	0
199,	2
200,	1
201,	4
202,	0
203,	4
204,	4
205,	2
206,	2
207,	3
208,	5
209,	3
210,	4
211,	1
212,	4
213,	1
214,	9
215,	1
216,	4
217,	5
218,	3
219,	2
220,	6
221,	0
222,	8
223,	3
224,	1
225,	0
226,	4
227,	5
228,	1
229,	4
230,	5
231,	3
232,	3
233,	3
234,	2
235,	8
236,	5
237,	8
238,	2
239,	2
240,	3
241,	0
242,	6
243,	5
244,	10
245,	3
246,	4
247,	3
248,	4
249,	3
250,	3
251,	4
252,	2
253,	6
254,	6
255,	1
256,	10
257,	0
258,	1
259,	0
260,	6
261,	3
262,	6
263,	7
264,	5
265,	4
266,	4
267,	4
268,	7
269,	7
270,	5
271,	4
272,	1
273,	4
274,	8
275,	3
276,	6
277,	5
278,	5
279,	0
280,	0
281,	2
282,	7
283,	6
284,	2
285,	5
286,	4
287,	6
288,	3
289,	1
290,	4
291,	3
292,	7
293,	2
294,	9
295,	5
296,	6
297,	3
298,	3
299,	1
300,	2
301,	1
302,	4
303,	4
304,	2
305,	5
306,	2
307,	7
308,	3
309,	6
310,	7
311,	1
312,	1
313,	7
314,	6
315,	6
316,	7
317,	3
318,	1
319,	2
320,	3
321,	3
322,	5
323,	6
324,	9
325,	4
326,	3
327,	5
328,	7
329,	6
330,	0
331,	6
332,	3
333,	2
334,	9
335,	8
336,	3
337,	8
338,	5
339,	5
340,	5
341,	5
342,	5
343,	11
344,	2
345,	7
346,	6
347,	11
348,	7
349,	5
350,	4
351,	1
352,	10
353,	8
354,	7
355,	3
356,	6
357,	9
358,	5
359,	11
360,	8
361,	7
362,	1
363,	7
364,	9
365,	8
366,	6
367,	2
368,	5
369,	5
370,	4
371,	9
372,	4
373,	6
374,	2
375,	5
376,	8
377,	3
378,	6
379,	5
380,	2
381,	4
382,	2
383,	3
384,	4
385,	5
386,	8
387,	9
388,	6
389,	8
390,	6
391,	1
392,	3
393,	8
394,	7
395,	6
396,	9
397,	7
398,	9
399,	9
400,	5
401,	2
402,	10
403,	5
404,	4
405,	10
406,	8
407,	5
408,	0
409,	6
410,	7
411,	4
412,	3
413,	6
414,	6
415,	2
416,	10
417,	4
418,	10
419,	4
420,	9
421,	6
422,	4
423,	11
424,	7
425,	5
426,	10
427,	8
428,	3
429,	7
430,	8
431,	7
432,	1
433,	6
434,	6
435,	7
436,	4
437,	4
438,	7
439,	6
440,	3
441,	8
442,	0
443,	5
444,	3
445,	9
446,	11
447,	4
448,	6
449,	11
450,	9
451,	0
452,	7
453,	7
454,	5
455,	6
456,	8
457,	0
458,	11
459,	0
460,	10
461,	3
462,	8
463,	7
464,	7
465,	8
466,	3
467,	4
468,	10
469,	6
470,	8
471,	9
472,	7
473,	2
474,	8
475,	7
476,	7
477,	0
478,	8
479,	10
480,	9
481,	4
482,	11
483,	4
484,	8
485,	5
486,	10
487,	6
488,	5
489,	6
490,	5
491,	9
492,	11
493,	11
494,	0
495,	7
496,	10
497,	4
498,	0
499,	6
