Instance: /home/gabriel/Documents/ufrgs/courses/oc/trab/instances/cmb01
Vertices: 500
Colors: 12
NumIterations: 100
Alpha: 0.050000
Is Factible?: false
Conflicts: 2
Solution Value: 176972.093750
Vertex,	Color
0,	8
1,	0
2,	8
3,	2
4,	9
5,	1
6,	0
7,	8
8,	9
9,	1
10,	3
11,	3
12,	0
13,	7
14,	1
15,	7
16,	10
17,	6
18,	10
19,	9
20,	7
21,	2
22,	3
23,	2
24,	2
25,	7
26,	3
27,	6
28,	8
29,	8
30,	0
31,	5
32,	1
33,	1
34,	3
35,	6
36,	5
37,	1
38,	0
39,	6
40,	1
41,	2
42,	0
43,	2
44,	1
45,	5
46,	6
47,	5
48,	2
49,	10
50,	9
51,	9
52,	1
53,	0
54,	6
55,	1
56,	5
57,	0
58,	2
59,	4
60,	10
61,	8
62,	6
63,	3
64,	0
65,	7
66,	2
67,	7
68,	0
69,	7
70,	5
71,	0
72,	9
73,	5
74,	0
75,	0
76,	6
77,	4
78,	3
79,	10
80,	1
81,	3
82,	2
83,	8
84,	0
85,	2
86,	9
87,	5
88,	7
89,	9
90,	2
91,	5
92,	8
93,	0
94,	3
95,	3
96,	9
97,	7
98,	11
99,	5
100,	1
101,	5
102,	6
103,	10
104,	2
105,	1
106,	1
107,	9
108,	3
109,	5
110,	0
111,	5
112,	6
113,	5
114,	9
115,	1
116,	0
117,	3
118,	2
119,	7
120,	1
121,	2
122,	4
123,	1
124,	4
125,	1
126,	4
127,	2
128,	1
129,	5
130,	5
131,	3
132,	5
133,	0
134,	3
135,	5
136,	4
137,	4
138,	7
139,	0
140,	2
141,	8
142,	5
143,	9
144,	4
145,	6
146,	4
147,	8
148,	4
149,	8
150,	1
151,	0
152,	7
153,	0
154,	1
155,	1
156,	7
157,	4
158,	1
159,	3
160,	7
161,	7
162,	8
163,	0
164,	2
165,	1
166,	0
167,	7
168,	3
169,	8
170,	2
171,	2
172,	3
173,	8
174,	6
175,	2
176,	4
177,	1
178,	6
179,	9
180,	8
181,	3
182,	0
183,	0
184,	6
185,	1
186,	1
187,	3
188,	7
189,	7
190,	4
191,	4
192,	4
193,	3
194,	4
195,	3
196,	3
197,	0
198,	6
199,	8
200,	5
201,	2
202,	9
203,	9
204,	3
205,	4
206,	2
207,	4
208,	0
209,	2
210,	9
211,	3
212,	9
213,	2
214,	11
215,	4
216,	3
217,	6
218,	3
219,	9
220,	3
221,	0
222,	4
223,	5
224,	3
225,	1
226,	3
227,	2
228,	4
229,	2
230,	2
231,	7
232,	0
233,	7
234,	0
235,	7
236,	0
237,	1
238,	2
239,	6
240,	6
241,	2
242,	7
243,	4
244,	7
245,	3
246,	0
247,	8
248,	8
249,	8
250,	1
251,	4
252,	3
253,	2
254,	1
255,	2
256,	8
257,	0
258,	1
259,	8
260,	3
261,	4
262,	3
263,	6
264,	3
265,	0
266,	2
267,	8
268,	6
269,	8
270,	6
271,	2
272,	9
273,	5
274,	8
275,	3
276,	8
277,	7
278,	3
279,	0
280,	6
281,	0
282,	2
283,	4
284,	3
285,	3
286,	8
287,	5
288,	3
289,	7
290,	5
291,	1
292,	1
293,	0
294,	3
295,	4
296,	6
297,	7
298,	1
299,	1
300,	4
301,	4
302,	3
303,	0
304,	4
305,	1
306,	2
307,	7
308,	0
309,	7
310,	0
311,	6
312,	5
313,	4
314,	1
315,	4
316,	4
317,	1
318,	6
319,	3
320,	8
321,	3
322,	1
323,	0
324,	5
325,	5
326,	1
327,	3
328,	1
329,	2
330,	1
331,	1
332,	4
333,	0
334,	6
335,	2
336,	4
337,	3
338,	6
339,	2
340,	9
341,	0
342,	8
343,	6
344,	6
345,	3
346,	10
347,	1
348,	5
349,	4
350,	7
351,	1
352,	4
353,	10
354,	4
355,	4
356,	6
357,	8
358,	2
359,	0
360,	8
361,	5
362,	7
363,	5
364,	3
365,	7
366,	5
367,	2
368,	4
369,	0
370,	3
371,	7
372,	9
373,	6
374,	2
375,	2
376,	10
377,	5
378,	3
379,	0
380,	5
381,	0
382,	0
383,	1
384,	5
385,	5
386,	1
387,	6
388,	4
389,	2
390,	4
391,	4
392,	3
393,	8
394,	5
395,	3
396,	1
397,	3
398,	6
399,	6
400,	0
401,	2
402,	8
403,	0
404,	0
405,	1
406,	1
407,	3
408,	11
409,	6
410,	6
411,	0
412,	7
413,	1
414,	7
415,	2
416,	2
417,	1
418,	7
419,	1
420,	6
421,	6
422,	5
423,	4
424,	5
425,	3
426,	5
427,	4
428,	1
429,	8
430,	1
431,	2
432,	3
433,	5
434,	4
435,	11
436,	4
437,	0
438,	0
439,	4
440,	1
441,	3
442,	5
443,	0
444,	3
445,	0
446,	2
447,	1
448,	0
449,	11
450,	6
451,	1
452,	6
453,	4
454,	2
455,	2
456,	2
457,	11
458,	3
459,	4
460,	4
461,	3
462,	9
463,	0
464,	0
465,	6
466,	3
467,	4
468,	1
469,	0
470,	0
471,	2
472,	1
473,	1
474,	5
475,	9
476,	0
477,	0
478,	3
479,	11
480,	6
481,	4
482,	10
483,	1
484,	6
485,	8
486,	1
487,	5
488,	4
489,	2
490,	4
491,	10
492,	11
493,	6
494,	9
495,	8
496,	10
497,	2
498,	4
499,	10
