Instance: /home/gabriel/Documents/ufrgs/courses/oc/trab/instances/cmb01
Vertices: 500
Colors: 12
NumIterations: 1
Alpha: 0.650000
Is Factible?: false
Conflicts: 8
Solution Value: 177308.078125
Vertex,	Color
0,	3
1,	1
2,	1
3,	2
4,	1
5,	3
6,	0
7,	0
8,	2
9,	0
10,	1
11,	0
12,	0
13,	1
14,	10
15,	0
16,	2
17,	0
18,	2
19,	3
20,	10
21,	1
22,	0
23,	10
24,	4
25,	2
26,	4
27,	0
28,	3
29,	0
30,	0
31,	0
32,	1
33,	0
34,	1
35,	8
36,	0
37,	0
38,	8
39,	0
40,	1
41,	6
42,	5
43,	2
44,	2
45,	1
46,	1
47,	3
48,	7
49,	1
50,	4
51,	1
52,	0
53,	1
54,	1
55,	3
56,	1
57,	1
58,	2
59,	0
60,	3
61,	3
62,	3
63,	1
64,	1
65,	1
66,	0
67,	3
68,	2
69,	8
70,	10
71,	0
72,	5
73,	2
74,	5
75,	0
76,	5
77,	9
78,	5
79,	3
80,	5
81,	0
82,	1
83,	3
84,	7
85,	2
86,	3
87,	1
88,	0
89,	1
90,	2
91,	4
92,	3
93,	2
94,	9
95,	2
96,	0
97,	0
98,	0
99,	1
100,	5
101,	2
102,	5
103,	3
104,	0
105,	6
106,	0
107,	4
108,	1
109,	0
110,	1
111,	3
112,	0
113,	2
114,	0
115,	3
116,	2
117,	1
118,	1
119,	7
120,	3
121,	8
122,	3
123,	2
124,	2
125,	0
126,	7
127,	0
128,	0
129,	6
130,	2
131,	0
132,	8
133,	6
134,	2
135,	4
136,	0
137,	4
138,	11
139,	1
140,	3
141,	9
142,	0
143,	7
144,	2
145,	1
146,	1
147,	2
148,	5
149,	1
150,	7
151,	4
152,	1
153,	0
154,	6
155,	0
156,	2
157,	5
158,	0
159,	1
160,	2
161,	2
162,	5
163,	6
164,	2
165,	0
166,	0
167,	0
168,	2
169,	0
170,	4
171,	6
172,	6
173,	3
174,	2
175,	0
176,	5
177,	5
178,	5
179,	6
180,	5
181,	0
182,	4
183,	6
184,	4
185,	4
186,	5
187,	0
188,	8
189,	1
190,	3
191,	9
192,	0
193,	1
194,	5
195,	3
196,	2
197,	1
198,	2
199,	3
200,	0
201,	2
202,	3
203,	1
204,	4
205,	1
206,	2
207,	5
208,	3
209,	2
210,	2
211,	1
212,	8
213,	2
214,	0
215,	5
216,	1
217,	4
218,	3
219,	1
220,	3
221,	0
222,	6
223,	1
224,	5
225,	1
226,	8
227,	2
228,	2
229,	5
230,	2
231,	6
232,	7
233,	6
234,	1
235,	9
236,	6
237,	4
238,	3
239,	1
240,	2
241,	2
242,	7
243,	1
244,	6
245,	8
246,	4
247,	6
248,	3
249,	2
250,	3
251,	3
252,	8
253,	4
254,	11
255,	3
256,	3
257,	4
258,	3
259,	1
260,	4
261,	3
262,	5
263,	6
264,	4
265,	1
266,	3
267,	2
268,	7
269,	5
270,	6
271,	6
272,	2
273,	6
274,	5
275,	0
276,	11
277,	6
278,	4
279,	0
280,	1
281,	4
282,	1
283,	5
284,	6
285,	4
286,	3
287,	4
288,	3
289,	5
290,	1
291,	2
292,	5
293,	4
294,	7
295,	2
296,	5
297,	8
298,	3
299,	3
300,	4
301,	2
302,	5
303,	2
304,	7
305,	4
306,	3
307,	6
308,	4
309,	5
310,	6
311,	3
312,	1
313,	4
314,	7
315,	5
316,	4
317,	3
318,	3
319,	2
320,	3
321,	6
322,	6
323,	9
324,	7
325,	2
326,	4
327,	4
328,	8
329,	4
330,	0
331,	7
332,	5
333,	6
334,	7
335,	4
336,	6
337,	8
338,	5
339,	7
340,	5
341,	10
342,	4
343,	7
344,	1
345,	6
346,	7
347,	10
348,	6
349,	6
350,	5
351,	3
352,	9
353,	6
354,	5
355,	4
356,	0
357,	7
358,	4
359,	10
360,	8
361,	6
362,	7
363,	0
364,	9
365,	9
366,	6
367,	5
368,	7
369,	6
370,	8
371,	7
372,	2
373,	7
374,	6
375,	5
376,	8
377,	3
378,	3
379,	4
380,	6
381,	2
382,	3
383,	1
384,	5
385,	4
386,	8
387,	7
388,	9
389,	7
390,	7
391,	5
392,	2
393,	11
394,	0
395,	2
396,	10
397,	8
398,	4
399,	9
400,	7
401,	4
402,	11
403,	4
404,	4
405,	8
406,	4
407,	6
408,	0
409,	4
410,	7
411,	6
412,	6
413,	6
414,	7
415,	2
416,	5
417,	5
418,	9
419,	5
420,	10
421,	7
422,	6
423,	10
424,	7
425,	1
426,	9
427,	4
428,	0
429,	7
430,	8
431,	7
432,	1
433,	7
434,	5
435,	7
436,	5
437,	1
438,	6
439,	9
440,	4
441,	8
442,	0
443,	8
444,	2
445,	8
446,	10
447,	5
448,	4
449,	9
450,	2
451,	5
452,	7
453,	10
454,	4
455,	9
456,	8
457,	0
458,	8
459,	4
460,	11
461,	5
462,	8
463,	8
464,	8
465,	7
466,	3
467,	3
468,	9
469,	2
470,	3
471,	9
472,	7
473,	4
474,	9
475,	11
476,	6
477,	1
478,	6
479,	2
480,	9
481,	4
482,	10
483,	5
484,	9
485,	8
486,	9
487,	8
488,	4
489,	6
490,	4
491,	8
492,	11
493,	10
494,	11
495,	8
496,	10
497,	9
498,	5
499,	4
