Instance: /home/gabriel/Documents/ufrgs/courses/oc/trab/instances/cmb01
Vertices: 500
Colors: 12
NumIterations: 5000
Alpha: 0.300000
Is Factible?: false
Conflicts: 5
Solution Value: 144221.062500
Vertex,	Color
0,	2
1,	1
2,	6
3,	1
4,	3
5,	7
6,	1
7,	6
8,	4
9,	3
10,	1
11,	1
12,	8
13,	6
14,	1
15,	7
16,	2
17,	5
18,	9
19,	6
20,	5
21,	2
22,	1
23,	7
24,	7
25,	3
26,	8
27,	0
28,	7
29,	0
30,	0
31,	3
32,	2
33,	4
34,	4
35,	3
36,	7
37,	3
38,	5
39,	7
40,	2
41,	3
42,	4
43,	1
44,	3
45,	4
46,	1
47,	8
48,	2
49,	6
50,	0
51,	2
52,	5
53,	1
54,	0
55,	2
56,	6
57,	6
58,	5
59,	2
60,	2
61,	2
62,	9
63,	0
64,	4
65,	6
66,	5
67,	4
68,	5
69,	6
70,	3
71,	1
72,	1
73,	0
74,	2
75,	2
76,	2
77,	3
78,	7
79,	7
80,	0
81,	11
82,	1
83,	7
84,	9
85,	5
86,	0
87,	6
88,	7
89,	1
90,	3
91,	2
92,	4
93,	0
94,	8
95,	9
96,	5
97,	2
98,	6
99,	0
100,	11
101,	0
102,	8
103,	7
104,	0
105,	6
106,	1
107,	2
108,	1
109,	3
110,	0
111,	2
112,	3
113,	1
114,	5
115,	8
116,	7
117,	1
118,	1
119,	9
120,	0
121,	8
122,	8
123,	4
124,	1
125,	0
126,	8
127,	0
128,	0
129,	8
130,	3
131,	1
132,	0
133,	7
134,	5
135,	2
136,	3
137,	9
138,	10
139,	2
140,	2
141,	8
142,	7
143,	1
144,	3
145,	5
146,	3
147,	4
148,	6
149,	8
150,	4
151,	6
152,	3
153,	1
154,	4
155,	4
156,	2
157,	0
158,	4
159,	0
160,	5
161,	9
162,	2
163,	3
164,	0
165,	4
166,	3
167,	6
168,	3
169,	4
170,	4
171,	7
172,	5
173,	6
174,	5
175,	1
176,	2
177,	2
178,	7
179,	5
180,	6
181,	4
182,	6
183,	5
184,	0
185,	5
186,	4
187,	0
188,	1
189,	6
190,	5
191,	1
192,	0
193,	6
194,	3
195,	0
196,	3
197,	4
198,	3
199,	5
200,	3
201,	2
202,	0
203,	1
204,	0
205,	5
206,	4
207,	0
208,	4
209,	3
210,	9
211,	9
212,	4
213,	0
214,	6
215,	2
216,	4
217,	8
218,	3
219,	1
220,	7
221,	5
222,	1
223,	1
224,	3
225,	6
226,	3
227,	4
228,	7
229,	2
230,	1
231,	4
232,	2
233,	5
234,	1
235,	6
236,	7
237,	3
238,	3
239,	3
240,	5
241,	1
242,	2
243,	5
244,	0
245,	0
246,	7
247,	2
248,	1
249,	2
250,	0
251,	4
252,	2
253,	7
254,	8
255,	4
256,	4
257,	3
258,	1
259,	4
260,	10
261,	0
262,	10
263,	3
264,	4
265,	1
266,	0
267,	2
268,	1
269,	5
270,	3
271,	8
272,	7
273,	4
274,	4
275,	3
276,	6
277,	3
278,	5
279,	0
280,	2
281,	0
282,	1
283,	0
284,	5
285,	0
286,	6
287,	1
288,	0
289,	2
290,	2
291,	4
292,	1
293,	2
294,	2
295,	1
296,	3
297,	4
298,	2
299,	0
300,	11
301,	1
302,	6
303,	0
304,	2
305,	2
306,	1
307,	1
308,	0
309,	7
310,	1
311,	2
312,	0
313,	0
314,	2
315,	3
316,	10
317,	2
318,	2
319,	1
320,	0
321,	2
322,	5
323,	4
324,	6
325,	9
326,	4
327,	1
328,	9
329,	8
330,	1
331,	10
332,	2
333,	1
334,	2
335,	3
336,	3
337,	6
338,	0
339,	2
340,	0
341,	10
342,	2
343,	5
344,	0
345,	8
346,	7
347,	4
348,	5
349,	1
350,	5
351,	4
352,	5
353,	3
354,	4
355,	4
356,	0
357,	3
358,	0
359,	11
360,	6
361,	3
362,	4
363,	1
364,	1
365,	8
366,	1
367,	0
368,	5
369,	5
370,	4
371,	3
372,	5
373,	0
374,	1
375,	6
376,	3
377,	8
378,	0
379,	0
380,	7
381,	1
382,	3
383,	4
384,	4
385,	3
386,	8
387,	5
388,	7
389,	4
390,	5
391,	1
392,	0
393,	7
394,	8
395,	2
396,	5
397,	5
398,	3
399,	5
400,	2
401,	6
402,	6
403,	4
404,	3
405,	4
406,	5
407,	1
408,	10
409,	2
410,	7
411,	4
412,	8
413,	3
414,	7
415,	8
416,	2
417,	5
418,	5
419,	6
420,	8
421,	5
422,	3
423,	7
424,	6
425,	2
426,	10
427,	8
428,	3
429,	4
430,	9
431,	3
432,	0
433,	6
434,	5
435,	1
436,	7
437,	5
438,	4
439,	10
440,	10
441,	7
442,	0
443,	11
444,	5
445,	7
446,	9
447,	4
448,	5
449,	5
450,	9
451,	1
452,	5
453,	6
454,	2
455,	6
456,	7
457,	8
458,	9
459,	9
460,	10
461,	2
462,	2
463,	7
464,	7
465,	3
466,	8
467,	7
468,	9
469,	6
470,	9
471,	8
472,	8
473,	3
474,	7
475,	9
476,	8
477,	1
478,	6
479,	10
480,	9
481,	3
482,	10
483,	5
484,	9
485,	8
486,	6
487,	9
488,	6
489,	6
490,	5
491,	9
492,	11
493,	9
494,	9
495,	7
496,	9
497,	3
498,	5
499,	10
