Instance: /home/gabriel/Documents/ufrgs/courses/oc/trab/instances/cmb01
Vertices: 500
Colors: 12
NumIterations: 1000
Alpha: 0.850000
Is Factible?: false
Conflicts: 2
Solution Value: 160342.187500
Vertex,	Color
0,	0
1,	0
2,	1
3,	0
4,	1
5,	1
6,	0
7,	0
8,	1
9,	0
10,	2
11,	1
12,	0
13,	4
14,	0
15,	1
16,	9
17,	4
18,	10
19,	0
20,	7
21,	0
22,	1
23,	3
24,	1
25,	0
26,	1
27,	1
28,	2
29,	0
30,	0
31,	1
32,	3
33,	3
34,	3
35,	2
36,	1
37,	1
38,	3
39,	3
40,	1
41,	3
42,	0
43,	0
44,	1
45,	3
46,	1
47,	1
48,	9
49,	5
50,	0
51,	5
52,	1
53,	0
54,	3
55,	2
56,	1
57,	4
58,	0
59,	0
60,	2
61,	2
62,	0
63,	0
64,	2
65,	0
66,	0
67,	2
68,	4
69,	1
70,	3
71,	1
72,	0
73,	4
74,	0
75,	0
76,	0
77,	0
78,	0
79,	2
80,	1
81,	1
82,	1
83,	2
84,	0
85,	0
86,	3
87,	1
88,	3
89,	1
90,	2
91,	1
92,	1
93,	1
94,	2
95,	0
96,	3
97,	3
98,	1
99,	3
100,	6
101,	0
102,	3
103,	8
104,	0
105,	4
106,	3
107,	3
108,	1
109,	2
110,	3
111,	11
112,	0
113,	0
114,	0
115,	2
116,	0
117,	4
118,	3
119,	4
120,	2
121,	7
122,	1
123,	5
124,	5
125,	2
126,	2
127,	1
128,	0
129,	5
130,	0
131,	2
132,	5
133,	0
134,	4
135,	0
136,	3
137,	7
138,	0
139,	2
140,	2
141,	2
142,	1
143,	0
144,	4
145,	2
146,	4
147,	4
148,	1
149,	0
150,	5
151,	3
152,	4
153,	1
154,	5
155,	2
156,	1
157,	5
158,	2
159,	3
160,	3
161,	4
162,	5
163,	6
164,	7
165,	2
166,	1
167,	2
168,	2
169,	3
170,	5
171,	5
172,	2
173,	2
174,	1
175,	7
176,	2
177,	6
178,	5
179,	6
180,	5
181,	1
182,	6
183,	6
184,	3
185,	2
186,	2
187,	1
188,	3
189,	6
190,	4
191,	2
192,	0
193,	3
194,	4
195,	3
196,	2
197,	5
198,	4
199,	4
200,	1
201,	3
202,	3
203,	6
204,	6
205,	4
206,	2
207,	0
208,	1
209,	4
210,	4
211,	0
212,	9
213,	4
214,	6
215,	4
216,	2
217,	5
218,	6
219,	7
220,	0
221,	0
222,	6
223,	3
224,	2
225,	0
226,	3
227,	1
228,	0
229,	3
230,	2
231,	4
232,	4
233,	5
234,	2
235,	5
236,	5
237,	2
238,	2
239,	2
240,	0
241,	0
242,	7
243,	4
244,	6
245,	0
246,	3
247,	5
248,	4
249,	4
250,	1
251,	3
252,	2
253,	3
254,	6
255,	3
256,	4
257,	1
258,	5
259,	4
260,	6
261,	4
262,	6
263,	10
264,	4
265,	2
266,	5
267,	6
268,	6
269,	8
270,	9
271,	5
272,	5
273,	8
274,	8
275,	1
276,	8
277,	5
278,	3
279,	0
280,	2
281,	3
282,	6
283,	4
284,	8
285,	4
286,	7
287,	6
288,	4
289,	2
290,	1
291,	3
292,	6
293,	3
294,	11
295,	5
296,	6
297,	7
298,	4
299,	2
300,	2
301,	0
302,	4
303,	4
304,	2
305,	6
306,	3
307,	7
308,	4
309,	7
310,	5
311,	0
312,	1
313,	7
314,	7
315,	6
316,	6
317,	3
318,	4
319,	3
320,	4
321,	7
322,	9
323,	5
324,	8
325,	5
326,	1
327,	5
328,	6
329,	6
330,	0
331,	6
332,	3
333,	2
334,	8
335,	1
336,	5
337,	7
338,	4
339,	7
340,	2
341,	5
342,	5
343,	9
344,	4
345,	7
346,	9
347,	7
348,	7
349,	7
350,	4
351,	0
352,	10
353,	7
354,	5
355,	1
356,	1
357,	8
358,	5
359,	3
360,	8
361,	1
362,	7
363,	7
364,	8
365,	7
366,	8
367,	4
368,	6
369,	5
370,	3
371,	2
372,	4
373,	4
374,	4
375,	4
376,	7
377,	2
378,	6
379,	5
380,	9
381,	0
382,	3
383,	2
384,	3
385,	4
386,	7
387,	8
388,	8
389,	5
390,	7
391,	1
392,	2
393,	8
394,	7
395,	1
396,	9
397,	6
398,	4
399,	9
400,	8
401,	6
402,	11
403,	5
404,	5
405,	9
406,	9
407,	7
408,	0
409,	3
410,	7
411,	5
412,	7
413,	6
414,	5
415,	1
416,	9
417,	5
418,	10
419,	3
420,	8
421,	6
422,	8
423,	5
424,	8
425,	7
426,	9
427,	5
428,	1
429,	6
430,	9
431,	6
432,	3
433,	6
434,	6
435,	6
436,	5
437,	5
438,	5
439,	10
440,	2
441,	7
442,	4
443,	9
444,	3
445,	7
446,	10
447,	1
448,	6
449,	7
450,	10
451,	2
452,	8
453,	9
454,	4
455,	6
456,	8
457,	0
458,	10
459,	11
460,	10
461,	3
462,	8
463,	8
464,	8
465,	4
466,	8
467,	5
468,	9
469,	6
470,	3
471,	9
472,	7
473,	2
474,	8
475,	9
476,	9
477,	2
478,	7
479,	11
480,	9
481,	4
482,	10
483,	6
484,	9
485,	5
486,	6
487,	7
488,	7
489,	0
490,	6
491,	9
492,	10
493,	11
494,	8
495,	8
496,	9
497,	6
498,	6
499,	6
