Instance: /home/gabriel/Documents/ufrgs/courses/oc/trab/instances/cmb01
Vertices: 500
Colors: 12
NumIterations: 1000
Alpha: 0.950000
Is Factible?: false
Conflicts: 2
Solution Value: 168501.609375
Vertex,	Color
0,	1
1,	1
2,	0
3,	0
4,	2
5,	1
6,	1
7,	0
8,	2
9,	0
10,	4
11,	1
12,	1
13,	0
14,	2
15,	0
16,	1
17,	2
18,	1
19,	1
20,	0
21,	0
22,	0
23,	0
24,	0
25,	1
26,	0
27,	0
28,	0
29,	0
30,	2
31,	0
32,	2
33,	0
34,	4
35,	0
36,	0
37,	1
38,	2
39,	11
40,	1
41,	0
42,	0
43,	1
44,	1
45,	0
46,	2
47,	1
48,	4
49,	0
50,	0
51,	2
52,	1
53,	2
54,	1
55,	0
56,	2
57,	3
58,	2
59,	0
60,	2
61,	1
62,	1
63,	1
64,	2
65,	1
66,	0
67,	1
68,	3
69,	2
70,	0
71,	2
72,	0
73,	1
74,	4
75,	1
76,	2
77,	2
78,	1
79,	1
80,	6
81,	1
82,	0
83,	1
84,	0
85,	0
86,	1
87,	1
88,	5
89,	6
90,	2
91,	4
92,	0
93,	1
94,	5
95,	1
96,	3
97,	4
98,	0
99,	2
100,	3
101,	2
102,	2
103,	1
104,	2
105,	3
106,	4
107,	4
108,	1
109,	1
110,	2
111,	4
112,	0
113,	0
114,	2
115,	0
116,	0
117,	6
118,	3
119,	4
120,	1
121,	3
122,	3
123,	2
124,	2
125,	2
126,	2
127,	3
128,	0
129,	4
130,	0
131,	2
132,	7
133,	1
134,	1
135,	0
136,	3
137,	4
138,	6
139,	0
140,	1
141,	3
142,	1
143,	11
144,	4
145,	2
146,	4
147,	3
148,	8
149,	0
150,	6
151,	5
152,	0
153,	2
154,	8
155,	4
156,	1
157,	3
158,	3
159,	3
160,	3
161,	5
162,	7
163,	5
164,	6
165,	4
166,	0
167,	0
168,	3
169,	3
170,	6
171,	3
172,	2
173,	3
174,	1
175,	10
176,	2
177,	8
178,	5
179,	3
180,	3
181,	2
182,	5
183,	1
184,	0
185,	4
186,	3
187,	0
188,	3
189,	5
190,	4
191,	2
192,	3
193,	3
194,	4
195,	3
196,	2
197,	2
198,	3
199,	2
200,	1
201,	3
202,	5
203,	6
204,	5
205,	2
206,	3
207,	7
208,	1
209,	4
210,	4
211,	0
212,	9
213,	5
214,	2
215,	4
216,	4
217,	4
218,	7
219,	2
220,	7
221,	0
222,	7
223,	3
224,	4
225,	0
226,	5
227,	4
228,	1
229,	3
230,	2
231,	5
232,	6
233,	5
234,	1
235,	5
236,	5
237,	3
238,	0
239,	2
240,	2
241,	1
242,	6
243,	4
244,	8
245,	3
246,	4
247,	4
248,	6
249,	1
250,	2
251,	6
252,	5
253,	6
254,	6
255,	9
256,	4
257,	2
258,	4
259,	3
260,	6
261,	3
262,	6
263,	10
264,	4
265,	1
266,	5
267,	5
268,	6
269,	7
270,	7
271,	5
272,	7
273,	6
274,	6
275,	1
276,	8
277,	2
278,	6
279,	1
280,	0
281,	4
282,	6
283,	2
284,	8
285,	4
286,	5
287,	6
288,	3
289,	5
290,	3
291,	4
292,	5
293,	3
294,	8
295,	4
296,	3
297,	7
298,	2
299,	1
300,	4
301,	1
302,	4
303,	4
304,	2
305,	4
306,	2
307,	8
308,	3
309,	6
310,	7
311,	3
312,	3
313,	7
314,	6
315,	6
316,	6
317,	3
318,	3
319,	2
320,	3
321,	5
322,	8
323,	7
324,	7
325,	5
326,	3
327,	4
328,	8
329,	6
330,	0
331,	6
332,	3
333,	4
334,	8
335,	0
336,	5
337,	8
338,	6
339,	7
340,	5
341,	5
342,	4
343,	9
344,	1
345,	2
346,	8
347,	9
348,	7
349,	0
350,	2
351,	0
352,	9
353,	7
354,	4
355,	9
356,	9
357,	10
358,	6
359,	11
360,	7
361,	6
362,	5
363,	7
364,	10
365,	5
366,	7
367,	4
368,	7
369,	5
370,	7
371,	5
372,	5
373,	5
374,	4
375,	6
376,	8
377,	8
378,	7
379,	5
380,	10
381,	5
382,	2
383,	4
384,	3
385,	5
386,	8
387,	8
388,	8
389,	6
390,	7
391,	0
392,	5
393,	7
394,	9
395,	5
396,	10
397,	8
398,	2
399,	8
400,	7
401,	7
402,	4
403,	4
404,	5
405,	9
406,	2
407,	4
408,	2
409,	9
410,	8
411,	4
412,	7
413,	6
414,	10
415,	10
416,	9
417,	5
418,	9
419,	4
420,	9
421,	6
422,	8
423,	4
424,	8
425,	7
426,	10
427,	6
428,	6
429,	7
430,	9
431,	8
432,	11
433,	6
434,	5
435,	5
436,	5
437,	2
438,	2
439,	7
440,	0
441,	9
442,	0
443,	7
444,	4
445,	8
446,	10
447,	2
448,	4
449,	7
450,	10
451,	6
452,	6
453,	8
454,	3
455,	6
456,	8
457,	2
458,	3
459,	4
460,	11
461,	4
462,	8
463,	7
464,	3
465,	6
466,	9
467,	1
468,	7
469,	3
470,	8
471,	9
472,	6
473,	5
474,	8
475,	10
476,	9
477,	0
478,	8
479,	11
480,	10
481,	5
482,	10
483,	6
484,	8
485,	7
486,	9
487,	8
488,	4
489,	4
490,	5
491,	9
492,	11
493,	9
494,	6
495,	6
496,	9
497,	9
498,	6
499,	6
