Instance: /home/gabriel/Documents/ufrgs/courses/oc/trab/instances/cmb01
Vertices: 500
Colors: 12
NumIterations: 100
Alpha: 0.850000
Is Factible?: false
Conflicts: 3
Solution Value: 173690.203125
Vertex,	Color
0,	1
1,	1
2,	1
3,	0
4,	2
5,	0
6,	1
7,	0
8,	3
9,	0
10,	1
11,	2
12,	1
13,	0
14,	3
15,	2
16,	5
17,	2
18,	0
19,	2
20,	7
21,	0
22,	1
23,	0
24,	0
25,	2
26,	2
27,	0
28,	0
29,	1
30,	3
31,	0
32,	2
33,	2
34,	4
35,	0
36,	0
37,	0
38,	1
39,	3
40,	1
41,	0
42,	0
43,	1
44,	1
45,	1
46,	0
47,	1
48,	2
49,	1
50,	0
51,	3
52,	1
53,	2
54,	2
55,	0
56,	3
57,	3
58,	0
59,	0
60,	4
61,	2
62,	0
63,	1
64,	0
65,	1
66,	1
67,	2
68,	3
69,	3
70,	3
71,	3
72,	2
73,	1
74,	3
75,	3
76,	0
77,	8
78,	1
79,	1
80,	1
81,	0
82,	0
83,	4
84,	0
85,	1
86,	2
87,	1
88,	3
89,	2
90,	3
91,	7
92,	0
93,	1
94,	1
95,	2
96,	2
97,	1
98,	7
99,	2
100,	4
101,	1
102,	3
103,	4
104,	2
105,	4
106,	2
107,	3
108,	2
109,	0
110,	0
111,	9
112,	0
113,	1
114,	3
115,	2
116,	1
117,	6
118,	0
119,	2
120,	2
121,	6
122,	2
123,	5
124,	5
125,	2
126,	2
127,	0
128,	0
129,	4
130,	0
131,	2
132,	0
133,	1
134,	1
135,	1
136,	3
137,	7
138,	6
139,	1
140,	1
141,	1
142,	2
143,	3
144,	6
145,	0
146,	5
147,	4
148,	5
149,	0
150,	5
151,	7
152,	11
153,	2
154,	3
155,	3
156,	1
157,	6
158,	0
159,	4
160,	3
161,	4
162,	8
163,	5
164,	6
165,	3
166,	3
167,	0
168,	6
169,	3
170,	4
171,	2
172,	2
173,	3
174,	1
175,	10
176,	2
177,	5
178,	5
179,	9
180,	3
181,	1
182,	5
183,	4
184,	4
185,	4
186,	3
187,	0
188,	4
189,	5
190,	5
191,	2
192,	0
193,	2
194,	1
195,	2
196,	2
197,	5
198,	3
199,	2
200,	1
201,	3
202,	4
203,	6
204,	4
205,	2
206,	3
207,	6
208,	1
209,	4
210,	5
211,	0
212,	9
213,	4
214,	5
215,	4
216,	5
217,	2
218,	6
219,	9
220,	0
221,	0
222,	5
223,	3
224,	3
225,	0
226,	4
227,	6
228,	1
229,	4
230,	1
231,	5
232,	5
233,	5
234,	2
235,	5
236,	7
237,	11
238,	0
239,	2
240,	3
241,	1
242,	7
243,	2
244,	8
245,	0
246,	5
247,	6
248,	6
249,	4
250,	3
251,	3
252,	2
253,	5
254,	6
255,	1
256,	4
257,	2
258,	6
259,	2
260,	6
261,	3
262,	5
263,	10
264,	4
265,	2
266,	5
267,	5
268,	6
269,	8
270,	8
271,	5
272,	7
273,	6
274,	9
275,	5
276,	5
277,	7
278,	2
279,	2
280,	0
281,	3
282,	6
283,	2
284,	8
285,	4
286,	4
287,	4
288,	0
289,	3
290,	5
291,	3
292,	4
293,	5
294,	11
295,	1
296,	8
297,	1
298,	3
299,	2
300,	2
301,	2
302,	5
303,	3
304,	1
305,	1
306,	2
307,	7
308,	3
309,	6
310,	6
311,	1
312,	2
313,	7
314,	7
315,	4
316,	6
317,	3
318,	2
319,	2
320,	4
321,	6
322,	8
323,	5
324,	7
325,	5
326,	4
327,	5
328,	4
329,	6
330,	0
331,	6
332,	5
333,	3
334,	8
335,	5
336,	6
337,	9
338,	5
339,	1
340,	2
341,	7
342,	6
343,	6
344,	0
345,	6
346,	3
347,	7
348,	7
349,	6
350,	4
351,	0
352,	10
353,	7
354,	4
355,	7
356,	0
357,	8
358,	6
359,	4
360,	7
361,	4
362,	5
363,	7
364,	9
365,	8
366,	7
367,	4
368,	9
369,	6
370,	0
371,	4
372,	5
373,	4
374,	4
375,	4
376,	8
377,	4
378,	6
379,	3
380,	4
381,	5
382,	1
383,	3
384,	2
385,	4
386,	9
387,	9
388,	8
389,	7
390,	8
391,	1
392,	3
393,	7
394,	9
395,	5
396,	10
397,	9
398,	3
399,	8
400,	7
401,	0
402,	9
403,	4
404,	5
405,	8
406,	8
407,	3
408,	0
409,	4
410,	7
411,	5
412,	3
413,	6
414,	5
415,	10
416,	8
417,	5
418,	10
419,	3
420,	7
421,	6
422,	5
423,	6
424,	8
425,	7
426,	10
427,	4
428,	5
429,	6
430,	9
431,	8
432,	3
433,	1
434,	6
435,	7
436,	9
437,	5
438,	6
439,	10
440,	11
441,	7
442,	2
443,	8
444,	3
445,	8
446,	10
447,	3
448,	4
449,	10
450,	0
451,	2
452,	7
453,	9
454,	4
455,	6
456,	8
457,	10
458,	4
459,	11
460,	10
461,	5
462,	0
463,	7
464,	4
465,	8
466,	6
467,	2
468,	6
469,	3
470,	2
471,	8
472,	7
473,	4
474,	7
475,	8
476,	9
477,	0
478,	5
479,	11
480,	9
481,	4
482,	9
483,	5
484,	7
485,	8
486,	7
487,	8
488,	7
489,	4
490,	6
491,	9
492,	11
493,	6
494,	11
495,	9
496,	7
497,	6
498,	4
499,	8
