Instance: /home/gabriel/Documents/ufrgs/courses/oc/trab/instances/cmb01
Vertices: 500
Colors: 12
NumIterations: 1
Alpha: 0.250000
Is Factible?: false
Conflicts: 4
Solution Value: 159847.265625
Vertex,	Color
0,	2
1,	5
2,	8
3,	0
4,	6
5,	9
6,	2
7,	1
8,	5
9,	7
10,	3
11,	4
12,	7
13,	2
14,	1
15,	1
16,	10
17,	5
18,	7
19,	0
20,	4
21,	5
22,	9
23,	1
24,	2
25,	5
26,	8
27,	1
28,	7
29,	0
30,	0
31,	9
32,	1
33,	3
34,	2
35,	6
36,	2
37,	4
38,	6
39,	9
40,	4
41,	3
42,	3
43,	11
44,	1
45,	3
46,	1
47,	0
48,	4
49,	3
50,	3
51,	0
52,	2
53,	6
54,	0
55,	4
56,	1
57,	1
58,	4
59,	3
60,	2
61,	5
62,	9
63,	2
64,	0
65,	3
66,	2
67,	3
68,	5
69,	5
70,	6
71,	1
72,	1
73,	10
74,	0
75,	4
76,	9
77,	1
78,	9
79,	7
80,	1
81,	5
82,	11
83,	3
84,	1
85,	2
86,	6
87,	3
88,	3
89,	3
90,	0
91,	2
92,	8
93,	6
94,	2
95,	8
96,	1
97,	2
98,	8
99,	10
100,	4
101,	3
102,	6
103,	7
104,	0
105,	2
106,	2
107,	4
108,	1
109,	4
110,	1
111,	11
112,	0
113,	9
114,	4
115,	5
116,	8
117,	5
118,	2
119,	10
120,	3
121,	3
122,	0
123,	7
124,	4
125,	0
126,	6
127,	6
128,	6
129,	6
130,	3
131,	2
132,	10
133,	0
134,	2
135,	7
136,	5
137,	4
138,	2
139,	3
140,	4
141,	1
142,	10
143,	3
144,	2
145,	0
146,	4
147,	0
148,	1
149,	5
150,	3
151,	1
152,	1
153,	0
154,	7
155,	4
156,	5
157,	9
158,	0
159,	1
160,	1
161,	7
162,	3
163,	3
164,	4
165,	5
166,	6
167,	0
168,	2
169,	0
170,	4
171,	0
172,	0
173,	0
174,	8
175,	4
176,	1
177,	9
178,	4
179,	11
180,	1
181,	1
182,	4
183,	7
184,	5
185,	2
186,	3
187,	1
188,	2
189,	2
190,	2
191,	2
192,	9
193,	6
194,	1
195,	5
196,	1
197,	6
198,	0
199,	7
200,	1
201,	1
202,	9
203,	0
204,	3
205,	3
206,	3
207,	3
208,	3
209,	6
210,	10
211,	7
212,	6
213,	4
214,	3
215,	4
216,	3
217,	3
218,	5
219,	6
220,	2
221,	0
222,	0
223,	7
224,	0
225,	0
226,	8
227,	0
228,	4
229,	5
230,	3
231,	10
232,	4
233,	2
234,	0
235,	3
236,	2
237,	4
238,	6
239,	1
240,	1
241,	5
242,	5
243,	2
244,	5
245,	2
246,	0
247,	2
248,	4
249,	0
250,	5
251,	3
252,	1
253,	4
254,	2
255,	9
256,	8
257,	0
258,	4
259,	7
260,	5
261,	0
262,	7
263,	7
264,	3
265,	2
266,	0
267,	5
268,	5
269,	5
270,	2
271,	1
272,	5
273,	2
274,	7
275,	4
276,	6
277,	8
278,	2
279,	0
280,	0
281,	2
282,	4
283,	4
284,	7
285,	0
286,	9
287,	2
288,	0
289,	2
290,	0
291,	2
292,	5
293,	9
294,	9
295,	1
296,	0
297,	8
298,	0
299,	3
300,	8
301,	0
302,	7
303,	0
304,	5
305,	5
306,	1
307,	9
308,	2
309,	2
310,	1
311,	3
312,	7
313,	5
314,	7
315,	1
316,	5
317,	4
318,	1
319,	4
320,	4
321,	1
322,	8
323,	1
324,	0
325,	6
326,	1
327,	2
328,	3
329,	1
330,	0
331,	3
332,	5
333,	8
334,	7
335,	1
336,	6
337,	6
338,	4
339,	4
340,	1
341,	2
342,	4
343,	9
344,	1
345,	6
346,	3
347,	8
348,	2
349,	3
350,	1
351,	1
352,	8
353,	3
354,	3
355,	1
356,	1
357,	7
358,	8
359,	1
360,	0
361,	4
362,	0
363,	4
364,	0
365,	7
366,	5
367,	0
368,	10
369,	3
370,	6
371,	1
372,	5
373,	1
374,	3
375,	7
376,	6
377,	8
378,	5
379,	5
380,	6
381,	1
382,	3
383,	2
384,	1
385,	4
386,	4
387,	6
388,	6
389,	6
390,	6
391,	0
392,	2
393,	10
394,	7
395,	2
396,	6
397,	3
398,	2
399,	5
400,	8
401,	2
402,	5
403,	3
404,	2
405,	7
406,	2
407,	2
408,	8
409,	3
410,	6
411,	3
412,	3
413,	2
414,	6
415,	0
416,	4
417,	3
418,	5
419,	3
420,	5
421,	7
422,	8
423,	0
424,	9
425,	6
426,	8
427,	4
428,	2
429,	6
430,	10
431,	7
432,	10
433,	4
434,	4
435,	4
436,	7
437,	1
438,	6
439,	6
440,	1
441,	8
442,	11
443,	5
444,	1
445,	7
446,	8
447,	4
448,	2
449,	8
450,	0
451,	4
452,	5
453,	11
454,	5
455,	4
456,	7
457,	0
458,	9
459,	0
460,	11
461,	7
462,	9
463,	1
464,	8
465,	5
466,	7
467,	6
468,	11
469,	5
470,	8
471,	7
472,	8
473,	2
474,	9
475,	10
476,	2
477,	2
478,	5
479,	11
480,	7
481,	2
482,	0
483,	2
484,	9
485,	10
486,	7
487,	8
488,	6
489,	3
490,	5
491,	8
492,	11
493,	9
494,	7
495,	10
496,	11
497,	1
498,	6
499,	2
