Instance: /home/gabriel/Documents/ufrgs/courses/oc/trab/instances/cmb01
Vertices: 500
Colors: 12
NumIterations: 1000
Alpha: 0.950000
Is Factible?: false
Conflicts: 2
Solution Value: 162369.796875
Vertex,	Color
0,	1
1,	0
2,	0
3,	0
4,	0
5,	0
6,	1
7,	0
8,	0
9,	0
10,	1
11,	1
12,	1
13,	0
14,	1
15,	1
16,	2
17,	2
18,	2
19,	0
20,	1
21,	0
22,	2
23,	2
24,	0
25,	1
26,	1
27,	0
28,	1
29,	1
30,	0
31,	0
32,	2
33,	0
34,	4
35,	0
36,	3
37,	0
38,	2
39,	0
40,	1
41,	1
42,	0
43,	10
44,	1
45,	2
46,	0
47,	2
48,	1
49,	1
50,	1
51,	0
52,	1
53,	2
54,	1
55,	0
56,	1
57,	3
58,	2
59,	0
60,	0
61,	0
62,	0
63,	0
64,	3
65,	1
66,	1
67,	3
68,	2
69,	3
70,	2
71,	2
72,	1
73,	0
74,	4
75,	0
76,	2
77,	4
78,	1
79,	3
80,	2
81,	1
82,	5
83,	5
84,	1
85,	0
86,	2
87,	0
88,	3
89,	3
90,	3
91,	3
92,	0
93,	0
94,	3
95,	0
96,	2
97,	3
98,	1
99,	4
100,	1
101,	2
102,	3
103,	10
104,	2
105,	4
106,	1
107,	4
108,	2
109,	2
110,	1
111,	6
112,	0
113,	2
114,	3
115,	1
116,	1
117,	3
118,	2
119,	4
120,	2
121,	3
122,	4
123,	1
124,	1
125,	2
126,	2
127,	3
128,	0
129,	5
130,	1
131,	2
132,	5
133,	1
134,	5
135,	1
136,	3
137,	1
138,	6
139,	1
140,	1
141,	3
142,	2
143,	3
144,	4
145,	1
146,	3
147,	4
148,	7
149,	0
150,	5
151,	6
152,	0
153,	2
154,	2
155,	4
156,	0
157,	3
158,	2
159,	3
160,	3
161,	5
162,	7
163,	5
164,	6
165,	6
166,	2
167,	0
168,	3
169,	3
170,	4
171,	5
172,	2
173,	1
174,	1
175,	11
176,	2
177,	8
178,	5
179,	6
180,	3
181,	2
182,	6
183,	2
184,	2
185,	5
186,	4
187,	0
188,	2
189,	4
190,	4
191,	2
192,	4
193,	2
194,	4
195,	3
196,	2
197,	5
198,	2
199,	2
200,	1
201,	5
202,	5
203,	6
204,	6
205,	2
206,	3
207,	6
208,	1
209,	3
210,	4
211,	1
212,	9
213,	4
214,	3
215,	4
216,	4
217,	4
218,	6
219,	4
220,	6
221,	0
222,	5
223,	3
224,	3
225,	0
226,	4
227,	6
228,	1
229,	6
230,	2
231,	5
232,	5
233,	6
234,	3
235,	7
236,	5
237,	4
238,	2
239,	2
240,	1
241,	1
242,	7
243,	3
244,	7
245,	1
246,	4
247,	6
248,	6
249,	2
250,	3
251,	2
252,	4
253,	7
254,	6
255,	4
256,	6
257,	3
258,	5
259,	3
260,	6
261,	3
262,	7
263,	10
264,	4
265,	3
266,	5
267,	5
268,	7
269,	10
270,	8
271,	5
272,	5
273,	6
274,	9
275,	4
276,	8
277,	2
278,	7
279,	2
280,	0
281,	1
282,	8
283,	3
284,	8
285,	4
286,	0
287,	4
288,	4
289,	5
290,	3
291,	4
292,	5
293,	4
294,	8
295,	4
296,	6
297,	7
298,	2
299,	4
300,	3
301,	1
302,	5
303,	4
304,	1
305,	6
306,	2
307,	8
308,	3
309,	6
310,	5
311,	1
312,	2
313,	7
314,	7
315,	6
316,	6
317,	0
318,	3
319,	2
320,	4
321,	4
322,	7
323,	7
324,	7
325,	5
326,	2
327,	3
328,	6
329,	6
330,	0
331,	7
332,	5
333,	3
334,	8
335,	0
336,	6
337,	10
338,	5
339,	7
340,	5
341,	5
342,	7
343,	0
344,	1
345,	7
346,	7
347,	9
348,	7
349,	0
350,	2
351,	0
352,	10
353,	7
354,	5
355,	5
356,	6
357,	9
358,	6
359,	11
360,	7
361,	6
362,	5
363,	8
364,	8
365,	4
366,	7
367,	4
368,	8
369,	6
370,	8
371,	5
372,	4
373,	4
374,	4
375,	6
376,	9
377,	7
378,	7
379,	3
380,	9
381,	5
382,	2
383,	3
384,	2
385,	4
386,	9
387,	8
388,	8
389,	8
390,	7
391,	0
392,	4
393,	8
394,	9
395,	0
396,	10
397,	8
398,	1
399,	8
400,	8
401,	6
402,	6
403,	5
404,	5
405,	9
406,	2
407,	3
408,	0
409,	9
410,	8
411,	3
412,	5
413,	6
414,	5
415,	9
416,	9
417,	5
418,	10
419,	5
420,	3
421,	6
422,	8
423,	4
424,	9
425,	7
426,	10
427,	6
428,	5
429,	3
430,	9
431,	6
432,	11
433,	6
434,	5
435,	5
436,	5
437,	2
438,	6
439,	8
440,	10
441,	8
442,	0
443,	3
444,	3
445,	7
446,	10
447,	4
448,	6
449,	7
450,	11
451,	10
452,	7
453,	10
454,	5
455,	6
456,	8
457,	9
458,	0
459,	0
460,	10
461,	2
462,	3
463,	7
464,	8
465,	6
466,	10
467,	5
468,	7
469,	6
470,	8
471,	9
472,	7
473,	3
474,	8
475,	11
476,	2
477,	0
478,	7
479,	11
480,	10
481,	4
482,	10
483,	4
484,	9
485,	9
486,	8
487,	7
488,	3
489,	6
490,	6
491,	9
492,	11
493,	4
494,	7
495,	9
496,	8
497,	6
498,	6
499,	4
