Instance: /home/gabriel/Documents/ufrgs/courses/oc/trab/instances/cmb01
Vertices: 500
Colors: 12
NumIterations: 1
Alpha: 0.250000
Is Factible?: false
Conflicts: 6
Solution Value: 175028.140625
Vertex,	Color
0,	8
1,	0
2,	0
3,	3
4,	6
5,	0
6,	6
7,	0
8,	7
9,	5
10,	7
11,	3
12,	7
13,	5
14,	3
15,	1
16,	7
17,	7
18,	5
19,	6
20,	7
21,	3
22,	7
23,	10
24,	5
25,	2
26,	3
27,	8
28,	3
29,	0
30,	1
31,	0
32,	2
33,	0
34,	8
35,	8
36,	6
37,	1
38,	2
39,	8
40,	5
41,	0
42,	0
43,	3
44,	0
45,	5
46,	1
47,	6
48,	5
49,	8
50,	3
51,	8
52,	2
53,	5
54,	2
55,	1
56,	2
57,	4
58,	7
59,	2
60,	4
61,	6
62,	11
63,	8
64,	0
65,	6
66,	2
67,	4
68,	11
69,	4
70,	0
71,	0
72,	6
73,	2
74,	0
75,	5
76,	7
77,	3
78,	9
79,	8
80,	3
81,	9
82,	4
83,	6
84,	3
85,	0
86,	6
87,	6
88,	1
89,	4
90,	7
91,	5
92,	7
93,	5
94,	6
95,	9
96,	4
97,	1
98,	1
99,	2
100,	4
101,	2
102,	4
103,	8
104,	1
105,	2
106,	3
107,	5
108,	0
109,	6
110,	2
111,	10
112,	9
113,	3
114,	2
115,	8
116,	8
117,	1
118,	3
119,	5
120,	0
121,	1
122,	5
123,	7
124,	1
125,	0
126,	5
127,	1
128,	0
129,	3
130,	2
131,	2
132,	10
133,	1
134,	4
135,	2
136,	3
137,	7
138,	3
139,	6
140,	2
141,	8
142,	6
143,	9
144,	4
145,	1
146,	1
147,	3
148,	7
149,	6
150,	8
151,	10
152,	4
153,	2
154,	3
155,	4
156,	5
157,	1
158,	6
159,	1
160,	1
161,	5
162,	10
163,	6
164,	1
165,	7
166,	0
167,	5
168,	0
169,	6
170,	1
171,	2
172,	1
173,	7
174,	4
175,	4
176,	0
177,	1
178,	8
179,	11
180,	4
181,	3
182,	7
183,	9
184,	2
185,	9
186,	0
187,	0
188,	2
189,	6
190,	8
191,	7
192,	0
193,	3
194,	6
195,	5
196,	4
197,	0
198,	9
199,	9
200,	2
201,	8
202,	2
203,	5
204,	5
205,	3
206,	5
207,	0
208,	5
209,	2
210,	5
211,	3
212,	9
213,	9
214,	9
215,	6
216,	4
217,	6
218,	1
219,	7
220,	1
221,	2
222,	3
223,	3
224,	3
225,	4
226,	5
227,	3
228,	2
229,	7
230,	6
231,	1
232,	10
233,	1
234,	1
235,	10
236,	1
237,	3
238,	3
239,	0
240,	1
241,	1
242,	7
243,	2
244,	6
245,	2
246,	7
247,	3
248,	1
249,	3
250,	0
251,	3
252,	5
253,	2
254,	6
255,	3
256,	8
257,	2
258,	1
259,	1
260,	9
261,	1
262,	7
263,	2
264,	2
265,	4
266,	1
267,	2
268,	4
269,	1
270,	2
271,	6
272,	2
273,	2
274,	6
275,	5
276,	2
277,	1
278,	3
279,	2
280,	3
281,	2
282,	0
283,	0
284,	5
285,	2
286,	8
287,	4
288,	2
289,	5
290,	3
291,	5
292,	2
293,	5
294,	3
295,	6
296,	4
297,	6
298,	0
299,	4
300,	11
301,	1
302,	8
303,	5
304,	0
305,	1
306,	4
307,	4
308,	0
309,	0
310,	1
311,	2
312,	1
313,	5
314,	3
315,	0
316,	11
317,	0
318,	0
319,	0
320,	4
321,	5
322,	10
323,	6
324,	2
325,	8
326,	1
327,	1
328,	9
329,	1
330,	0
331,	5
332,	3
333,	1
334,	2
335,	0
336,	2
337,	8
338,	4
339,	3
340,	8
341,	1
342,	5
343,	5
344,	1
345,	2
346,	4
347,	4
348,	2
349,	0
350,	3
351,	0
352,	4
353,	3
354,	3
355,	5
356,	3
357,	4
358,	4
359,	5
360,	4
361,	3
362,	1
363,	3
364,	6
365,	5
366,	3
367,	1
368,	1
369,	3
370,	1
371,	4
372,	10
373,	5
374,	4
375,	2
376,	4
377,	4
378,	2
379,	5
380,	2
381,	0
382,	4
383,	2
384,	1
385,	6
386,	0
387,	10
388,	2
389,	4
390,	4
391,	7
392,	6
393,	1
394,	0
395,	5
396,	9
397,	0
398,	2
399,	7
400,	0
401,	1
402,	11
403,	5
404,	1
405,	4
406,	7
407,	2
408,	0
409,	9
410,	5
411,	0
412,	7
413,	6
414,	5
415,	0
416,	9
417,	4
418,	9
419,	3
420,	8
421,	6
422,	1
423,	4
424,	4
425,	7
426,	9
427,	4
428,	6
429,	9
430,	8
431,	3
432,	7
433,	3
434,	8
435,	8
436,	3
437,	4
438,	5
439,	7
440,	9
441,	7
442,	8
443,	1
444,	4
445,	9
446,	7
447,	0
448,	1
449,	0
450,	10
451,	11
452,	6
453,	9
454,	3
455,	7
456,	9
457,	0
458,	5
459,	0
460,	11
461,	7
462,	4
463,	5
464,	7
465,	6
466,	3
467,	2
468,	8
469,	5
470,	6
471,	8
472,	8
473,	3
474,	7
475,	10
476,	0
477,	2
478,	6
479,	0
480,	6
481,	3
482,	9
483,	6
484,	9
485,	8
486,	7
487,	6
488,	6
489,	4
490,	6
491,	8
492,	11
493,	8
494,	7
495,	3
496,	10
497,	9
498,	4
499,	10
