Instance: /home/gabriel/Documents/ufrgs/courses/oc/trab/instances/cmb10
Vertices: 4000
Colors: 82
NumIterations: 1
Alpha: 0.850000
Is Factible?: false
Conflicts: 4002
Solution Value: 867387.562500
Vertex,	Color
0,	5
1,	26
2,	9
3,	16
4,	19
5,	3
6,	8
7,	0
8,	7
9,	5
10,	7
11,	1
12,	8
13,	21
14,	3
15,	10
16,	45
17,	2
18,	14
19,	31
20,	5
21,	8
22,	28
23,	15
24,	28
25,	3
26,	25
27,	10
28,	10
29,	25
30,	16
31,	14
32,	3
33,	15
34,	0
35,	15
36,	11
37,	15
38,	0
39,	16
40,	0
41,	11
42,	16
43,	2
44,	10
45,	32
46,	12
47,	59
48,	24
49,	14
50,	8
51,	0
52,	17
53,	4
54,	6
55,	13
56,	5
57,	3
58,	39
59,	2
60,	0
61,	6
62,	1
63,	22
64,	14
65,	13
66,	4
67,	14
68,	2
69,	3
70,	0
71,	0
72,	11
73,	4
74,	0
75,	7
76,	38
77,	8
78,	5
79,	7
80,	9
81,	25
82,	19
83,	16
84,	33
85,	4
86,	12
87,	4
88,	2
89,	8
90,	17
91,	0
92,	41
93,	8
94,	15
95,	7
96,	32
97,	11
98,	26
99,	32
100,	18
101,	2
102,	23
103,	3
104,	5
105,	25
106,	33
107,	27
108,	0
109,	4
110,	20
111,	13
112,	14
113,	17
114,	4
115,	0
116,	4
117,	10
118,	1
119,	14
120,	13
121,	4
122,	29
123,	5
124,	42
125,	28
126,	6
127,	12
128,	5
129,	16
130,	2
131,	8
132,	42
133,	20
134,	9
135,	1
136,	8
137,	34
138,	5
139,	19
140,	42
141,	16
142,	4
143,	15
144,	21
145,	38
146,	27
147,	6
148,	12
149,	7
150,	44
151,	12
152,	10
153,	13
154,	5
155,	25
156,	36
157,	1
158,	13
159,	3
160,	8
161,	5
162,	56
163,	32
164,	0
165,	7
166,	20
167,	15
168,	1
169,	1
170,	9
171,	5
172,	10
173,	17
174,	8
175,	21
176,	2
177,	0
178,	10
179,	25
180,	22
181,	12
182,	30
183,	4
184,	32
185,	7
186,	9
187,	18
188,	52
189,	41
190,	16
191,	0
192,	6
193,	4
194,	2
195,	7
196,	42
197,	15
198,	5
199,	25
200,	12
201,	22
202,	12
203,	25
204,	7
205,	45
206,	4
207,	7
208,	23
209,	4
210,	23
211,	13
212,	6
213,	23
214,	5
215,	0
216,	8
217,	7
218,	22
219,	16
220,	37
221,	33
222,	15
223,	19
224,	0
225,	43
226,	26
227,	5
228,	26
229,	3
230,	25
231,	18
232,	33
233,	0
234,	0
235,	6
236,	10
237,	3
238,	8
239,	15
240,	8
241,	6
242,	21
243,	11
244,	26
245,	25
246,	1
247,	1
248,	14
249,	2
250,	21
251,	15
252,	8
253,	8
254,	10
255,	9
256,	18
257,	0
258,	0
259,	11
260,	3
261,	6
262,	5
263,	2
264,	25
265,	24
266,	1
267,	14
268,	2
269,	1
270,	3
271,	4
272,	9
273,	0
274,	15
275,	0
276,	2
277,	2
278,	17
279,	37
280,	23
281,	20
282,	23
283,	12
284,	24
285,	5
286,	45
287,	3
288,	3
289,	0
290,	14
291,	6
292,	20
293,	2
294,	2
295,	18
296,	0
297,	2
298,	1
299,	3
300,	3
301,	10
302,	15
303,	6
304,	2
305,	35
306,	39
307,	17
308,	11
309,	11
310,	44
311,	0
312,	0
313,	1
314,	8
315,	2
316,	1
317,	20
318,	40
319,	10
320,	7
321,	34
322,	7
323,	9
324,	8
325,	8
326,	28
327,	39
328,	2
329,	21
330,	16
331,	19
332,	8
333,	15
334,	1
335,	27
336,	1
337,	8
338,	19
339,	4
340,	6
341,	15
342,	16
343,	6
344,	19
345,	17
346,	4
347,	17
348,	51
349,	0
350,	18
351,	20
352,	4
353,	10
354,	6
355,	13
356,	3
357,	43
358,	10
359,	5
360,	8
361,	37
362,	19
363,	10
364,	18
365,	2
366,	36
367,	11
368,	3
369,	12
370,	5
371,	6
372,	7
373,	39
374,	27
375,	19
376,	24
377,	15
378,	9
379,	21
380,	24
381,	33
382,	1
383,	19
384,	2
385,	15
386,	0
387,	11
388,	48
389,	32
390,	9
391,	44
392,	23
393,	22
394,	15
395,	20
396,	10
397,	1
398,	18
399,	1
400,	15
401,	22
402,	13
403,	3
404,	34
405,	14
406,	25
407,	3
408,	23
409,	28
410,	53
411,	11
412,	19
413,	2
414,	0
415,	9
416,	15
417,	58
418,	2
419,	18
420,	5
421,	4
422,	9
423,	3
424,	14
425,	13
426,	21
427,	14
428,	48
429,	14
430,	27
431,	5
432,	14
433,	18
434,	31
435,	0
436,	5
437,	9
438,	12
439,	11
440,	2
441,	4
442,	30
443,	11
444,	5
445,	3
446,	2
447,	11
448,	16
449,	17
450,	23
451,	18
452,	1
453,	9
454,	34
455,	4
456,	2
457,	27
458,	7
459,	13
460,	33
461,	21
462,	3
463,	5
464,	18
465,	7
466,	13
467,	11
468,	20
469,	1
470,	7
471,	14
472,	0
473,	2
474,	8
475,	11
476,	12
477,	10
478,	3
479,	17
480,	8
481,	73
482,	7
483,	3
484,	1
485,	46
486,	48
487,	42
488,	5
489,	11
490,	8
491,	0
492,	7
493,	3
494,	20
495,	8
496,	12
497,	15
498,	1
499,	24
500,	4
501,	34
502,	8
503,	33
504,	25
505,	31
506,	8
507,	10
508,	3
509,	6
510,	0
511,	4
512,	8
513,	21
514,	18
515,	57
516,	22
517,	44
518,	0
519,	11
520,	18
521,	23
522,	2
523,	6
524,	42
525,	9
526,	10
527,	30
528,	1
529,	38
530,	17
531,	4
532,	5
533,	9
534,	25
535,	15
536,	5
537,	0
538,	12
539,	6
540,	9
541,	24
542,	2
543,	4
544,	7
545,	0
546,	8
547,	5
548,	9
549,	7
550,	9
551,	13
552,	1
553,	37
554,	3
555,	2
556,	9
557,	16
558,	44
559,	14
560,	28
561,	16
562,	32
563,	11
564,	32
565,	5
566,	22
567,	27
568,	6
569,	1
570,	6
571,	22
572,	3
573,	4
574,	27
575,	1
576,	5
577,	36
578,	9
579,	24
580,	6
581,	2
582,	14
583,	18
584,	46
585,	7
586,	0
587,	23
588,	17
589,	1
590,	14
591,	18
592,	14
593,	3
594,	12
595,	33
596,	6
597,	12
598,	10
599,	41
600,	10
601,	4
602,	23
603,	24
604,	29
605,	7
606,	17
607,	36
608,	38
609,	36
610,	6
611,	20
612,	14
613,	12
614,	17
615,	25
616,	26
617,	35
618,	8
619,	7
620,	9
621,	8
622,	5
623,	10
624,	24
625,	29
626,	27
627,	23
628,	3
629,	2
630,	51
631,	24
632,	12
633,	8
634,	46
635,	10
636,	5
637,	22
638,	1
639,	14
640,	3
641,	5
642,	17
643,	5
644,	1
645,	26
646,	49
647,	8
648,	9
649,	5
650,	55
651,	1
652,	28
653,	2
654,	6
655,	21
656,	9
657,	9
658,	6
659,	39
660,	26
661,	14
662,	21
663,	14
664,	72
665,	11
666,	35
667,	17
668,	13
669,	8
670,	3
671,	13
672,	43
673,	30
674,	17
675,	3
676,	10
677,	10
678,	4
679,	12
680,	14
681,	18
682,	35
683,	12
684,	5
685,	25
686,	10
687,	6
688,	33
689,	33
690,	23
691,	16
692,	17
693,	17
694,	12
695,	6
696,	13
697,	13
698,	40
699,	26
700,	2
701,	6
702,	2
703,	14
704,	19
705,	54
706,	32
707,	9
708,	12
709,	15
710,	4
711,	6
712,	25
713,	26
714,	5
715,	7
716,	1
717,	7
718,	4
719,	14
720,	4
721,	7
722,	12
723,	1
724,	15
725,	8
726,	24
727,	32
728,	18
729,	2
730,	20
731,	3
732,	2
733,	27
734,	15
735,	10
736,	12
737,	1
738,	31
739,	11
740,	1
741,	10
742,	17
743,	29
744,	9
745,	17
746,	5
747,	12
748,	10
749,	8
750,	6
751,	3
752,	4
753,	9
754,	28
755,	23
756,	4
757,	14
758,	4
759,	6
760,	20
761,	24
762,	47
763,	4
764,	27
765,	39
766,	31
767,	0
768,	2
769,	17
770,	22
771,	44
772,	8
773,	2
774,	10
775,	31
776,	6
777,	4
778,	30
779,	14
780,	36
781,	14
782,	12
783,	0
784,	22
785,	18
786,	35
787,	3
788,	12
789,	0
790,	19
791,	1
792,	18
793,	33
794,	7
795,	2
796,	18
797,	7
798,	26
799,	32
800,	35
801,	3
802,	10
803,	23
804,	43
805,	1
806,	1
807,	2
808,	8
809,	9
810,	17
811,	9
812,	9
813,	39
814,	11
815,	20
816,	39
817,	6
818,	31
819,	3
820,	25
821,	0
822,	21
823,	8
824,	16
825,	15
826,	22
827,	6
828,	5
829,	10
830,	19
831,	2
832,	12
833,	1
834,	26
835,	7
836,	16
837,	19
838,	27
839,	11
840,	18
841,	4
842,	9
843,	8
844,	27
845,	7
846,	25
847,	6
848,	24
849,	7
850,	24
851,	5
852,	16
853,	4
854,	15
855,	12
856,	16
857,	14
858,	6
859,	39
860,	11
861,	14
862,	45
863,	25
864,	32
865,	11
866,	16
867,	16
868,	28
869,	21
870,	14
871,	6
872,	30
873,	17
874,	12
875,	22
876,	9
877,	13
878,	34
879,	31
880,	12
881,	29
882,	17
883,	41
884,	21
885,	17
886,	7
887,	44
888,	24
889,	9
890,	53
891,	6
892,	1
893,	38
894,	17
895,	7
896,	29
897,	11
898,	22
899,	13
900,	28
901,	13
902,	30
903,	22
904,	1
905,	18
906,	5
907,	6
908,	3
909,	7
910,	32
911,	53
912,	6
913,	18
914,	25
915,	19
916,	3
917,	9
918,	13
919,	22
920,	3
921,	16
922,	42
923,	16
924,	20
925,	16
926,	17
927,	17
928,	31
929,	10
930,	6
931,	15
932,	5
933,	27
934,	19
935,	40
936,	24
937,	12
938,	28
939,	12
940,	6
941,	22
942,	29
943,	20
944,	2
945,	31
946,	0
947,	41
948,	14
949,	37
950,	7
951,	16
952,	14
953,	2
954,	19
955,	3
956,	17
957,	11
958,	28
959,	23
960,	9
961,	18
962,	12
963,	2
964,	15
965,	16
966,	38
967,	24
968,	19
969,	5
970,	8
971,	16
972,	15
973,	6
974,	12
975,	17
976,	11
977,	3
978,	12
979,	38
980,	10
981,	27
982,	11
983,	32
984,	16
985,	7
986,	15
987,	19
988,	46
989,	19
990,	9
991,	11
992,	11
993,	30
994,	27
995,	10
996,	9
997,	23
998,	13
999,	31
1000,	24
1001,	13
1002,	22
1003,	18
1004,	14
1005,	22
1006,	25
1007,	25
1008,	29
1009,	15
1010,	22
1011,	10
1012,	19
1013,	12
1014,	25
1015,	40
1016,	29
1017,	15
1018,	41
1019,	14
1020,	18
1021,	19
1022,	31
1023,	36
1024,	1
1025,	6
1026,	19
1027,	8
1028,	9
1029,	0
1030,	8
1031,	26
1032,	33
1033,	13
1034,	22
1035,	7
1036,	7
1037,	21
1038,	20
1039,	26
1040,	27
1041,	33
1042,	16
1043,	21
1044,	19
1045,	65
1046,	25
1047,	11
1048,	12
1049,	34
1050,	21
1051,	22
1052,	11
1053,	7
1054,	58
1055,	4
1056,	26
1057,	9
1058,	1
1059,	7
1060,	17
1061,	13
1062,	16
1063,	12
1064,	19
1065,	16
1066,	45
1067,	41
1068,	15
1069,	42
1070,	33
1071,	13
1072,	54
1073,	10
1074,	4
1075,	20
1076,	40
1077,	48
1078,	33
1079,	19
1080,	11
1081,	25
1082,	17
1083,	14
1084,	11
1085,	36
1086,	19
1087,	22
1088,	18
1089,	33
1090,	60
1091,	23
1092,	17
1093,	15
1094,	21
1095,	19
1096,	20
1097,	16
1098,	26
1099,	34
1100,	10
1101,	27
1102,	21
1103,	2
1104,	21
1105,	34
1106,	0
1107,	7
1108,	13
1109,	18
1110,	1
1111,	6
1112,	30
1113,	12
1114,	22
1115,	23
1116,	4
1117,	57
1118,	2
1119,	1
1120,	42
1121,	10
1122,	20
1123,	18
1124,	37
1125,	15
1126,	21
1127,	17
1128,	19
1129,	37
1130,	30
1131,	42
1132,	36
1133,	0
1134,	34
1135,	13
1136,	16
1137,	29
1138,	15
1139,	22
1140,	15
1141,	4
1142,	13
1143,	22
1144,	26
1145,	22
1146,	22
1147,	28
1148,	25
1149,	30
1150,	23
1151,	26
1152,	13
1153,	18
1154,	19
1155,	14
1156,	13
1157,	4
1158,	4
1159,	29
1160,	11
1161,	28
1162,	42
1163,	19
1164,	42
1165,	15
1166,	46
1167,	13
1168,	18
1169,	15
1170,	11
1171,	7
1172,	27
1173,	20
1174,	67
1175,	16
1176,	45
1177,	36
1178,	21
1179,	56
1180,	34
1181,	17
1182,	9
1183,	24
1184,	19
1185,	21
1186,	40
1187,	29
1188,	5
1189,	21
1190,	18
1191,	10
1192,	37
1193,	11
1194,	26
1195,	23
1196,	13
1197,	36
1198,	29
1199,	7
1200,	33
1201,	20
1202,	23
1203,	32
1204,	51
1205,	13
1206,	41
1207,	52
1208,	11
1209,	35
1210,	29
1211,	18
1212,	12
1213,	18
1214,	16
1215,	29
1216,	10
1217,	39
1218,	21
1219,	13
1220,	26
1221,	24
1222,	26
1223,	24
1224,	33
1225,	10
1226,	20
1227,	35
1228,	25
1229,	19
1230,	18
1231,	50
1232,	11
1233,	9
1234,	31
1235,	49
1236,	22
1237,	11
1238,	24
1239,	19
1240,	7
1241,	26
1242,	17
1243,	6
1244,	33
1245,	30
1246,	30
1247,	16
1248,	15
1249,	12
1250,	25
1251,	38
1252,	27
1253,	15
1254,	40
1255,	53
1256,	3
1257,	35
1258,	18
1259,	21
1260,	14
1261,	10
1262,	15
1263,	9
1264,	11
1265,	36
1266,	28
1267,	32
1268,	28
1269,	18
1270,	41
1271,	3
1272,	13
1273,	24
1274,	34
1275,	24
1276,	34
1277,	9
1278,	15
1279,	32
1280,	9
1281,	31
1282,	28
1283,	27
1284,	3
1285,	9
1286,	29
1287,	18
1288,	32
1289,	34
1290,	15
1291,	24
1292,	25
1293,	23
1294,	28
1295,	44
1296,	24
1297,	21
1298,	24
1299,	21
1300,	18
1301,	34
1302,	32
1303,	14
1304,	20
1305,	30
1306,	8
1307,	15
1308,	18
1309,	12
1310,	31
1311,	38
1312,	7
1313,	17
1314,	24
1315,	28
1316,	9
1317,	28
1318,	11
1319,	42
1320,	32
1321,	23
1322,	30
1323,	17
1324,	13
1325,	31
1326,	25
1327,	42
1328,	11
1329,	55
1330,	45
1331,	37
1332,	17
1333,	45
1334,	30
1335,	44
1336,	1
1337,	28
1338,	32
1339,	16
1340,	23
1341,	19
1342,	8
1343,	26
1344,	18
1345,	4
1346,	41
1347,	27
1348,	31
1349,	49
1350,	27
1351,	43
1352,	20
1353,	17
1354,	60
1355,	13
1356,	30
1357,	11
1358,	49
1359,	28
1360,	35
1361,	29
1362,	46
1363,	33
1364,	27
1365,	29
1366,	25
1367,	28
1368,	35
1369,	26
1370,	33
1371,	34
1372,	34
1373,	36
1374,	21
1375,	43
1376,	32
1377,	32
1378,	28
1379,	63
1380,	37
1381,	7
1382,	17
1383,	28
1384,	26
1385,	20
1386,	23
1387,	37
1388,	22
1389,	28
1390,	14
1391,	29
1392,	10
1393,	27
1394,	33
1395,	26
1396,	26
1397,	27
1398,	38
1399,	57
1400,	10
1401,	4
1402,	30
1403,	27
1404,	29
1405,	20
1406,	20
1407,	24
1408,	24
1409,	19
1410,	13
1411,	2
1412,	16
1413,	26
1414,	32
1415,	16
1416,	30
1417,	8
1418,	20
1419,	36
1420,	36
1421,	55
1422,	22
1423,	22
1424,	44
1425,	10
1426,	34
1427,	26
1428,	33
1429,	20
1430,	27
1431,	23
1432,	32
1433,	22
1434,	18
1435,	20
1436,	21
1437,	11
1438,	23
1439,	11
1440,	17
1441,	22
1442,	41
1443,	13
1444,	39
1445,	16
1446,	31
1447,	6
1448,	14
1449,	54
1450,	34
1451,	34
1452,	20
1453,	27
1454,	8
1455,	20
1456,	34
1457,	50
1458,	36
1459,	34
1460,	31
1461,	16
1462,	28
1463,	27
1464,	39
1465,	19
1466,	13
1467,	13
1468,	23
1469,	28
1470,	27
1471,	31
1472,	21
1473,	28
1474,	32
1475,	31
1476,	35
1477,	45
1478,	13
1479,	28
1480,	31
1481,	16
1482,	37
1483,	35
1484,	23
1485,	23
1486,	25
1487,	25
1488,	28
1489,	20
1490,	24
1491,	55
1492,	28
1493,	36
1494,	34
1495,	35
1496,	31
1497,	4
1498,	31
1499,	35
1500,	27
1501,	22
1502,	26
1503,	19
1504,	42
1505,	42
1506,	57
1507,	27
1508,	23
1509,	46
1510,	61
1511,	32
1512,	21
1513,	29
1514,	26
1515,	19
1516,	57
1517,	44
1518,	14
1519,	13
1520,	23
1521,	31
1522,	41
1523,	38
1524,	18
1525,	40
1526,	28
1527,	21
1528,	36
1529,	58
1530,	23
1531,	1
1532,	13
1533,	14
1534,	53
1535,	37
1536,	24
1537,	49
1538,	35
1539,	43
1540,	38
1541,	25
1542,	38
1543,	37
1544,	20
1545,	5
1546,	26
1547,	31
1548,	27
1549,	37
1550,	26
1551,	23
1552,	25
1553,	23
1554,	54
1555,	20
1556,	29
1557,	14
1558,	36
1559,	21
1560,	32
1561,	16
1562,	33
1563,	29
1564,	35
1565,	22
1566,	54
1567,	24
1568,	46
1569,	31
1570,	28
1571,	34
1572,	30
1573,	11
1574,	14
1575,	25
1576,	12
1577,	19
1578,	26
1579,	2
1580,	43
1581,	4
1582,	18
1583,	37
1584,	18
1585,	46
1586,	30
1587,	21
1588,	39
1589,	23
1590,	36
1591,	21
1592,	17
1593,	43
1594,	22
1595,	36
1596,	45
1597,	33
1598,	37
1599,	19
1600,	32
1601,	37
1602,	26
1603,	48
1604,	33
1605,	35
1606,	48
1607,	46
1608,	24
1609,	46
1610,	30
1611,	20
1612,	31
1613,	28
1614,	26
1615,	44
1616,	11
1617,	29
1618,	32
1619,	31
1620,	15
1621,	16
1622,	27
1623,	38
1624,	24
1625,	25
1626,	16
1627,	27
1628,	51
1629,	29
1630,	12
1631,	56
1632,	30
1633,	40
1634,	9
1635,	28
1636,	31
1637,	38
1638,	32
1639,	37
1640,	39
1641,	45
1642,	35
1643,	23
1644,	1
1645,	31
1646,	33
1647,	21
1648,	23
1649,	33
1650,	21
1651,	4
1652,	29
1653,	38
1654,	30
1655,	49
1656,	4
1657,	29
1658,	27
1659,	23
1660,	29
1661,	42
1662,	62
1663,	43
1664,	38
1665,	0
1666,	28
1667,	4
1668,	32
1669,	30
1670,	22
1671,	30
1672,	38
1673,	53
1674,	42
1675,	37
1676,	9
1677,	37
1678,	33
1679,	40
1680,	28
1681,	30
1682,	50
1683,	24
1684,	53
1685,	21
1686,	30
1687,	37
1688,	32
1689,	54
1690,	29
1691,	36
1692,	39
1693,	25
1694,	0
1695,	23
1696,	3
1697,	38
1698,	52
1699,	21
1700,	49
1701,	35
1702,	35
1703,	35
1704,	39
1705,	42
1706,	32
1707,	20
1708,	27
1709,	45
1710,	39
1711,	11
1712,	31
1713,	33
1714,	35
1715,	31
1716,	28
1717,	44
1718,	16
1719,	30
1720,	43
1721,	43
1722,	26
1723,	24
1724,	47
1725,	32
1726,	26
1727,	36
1728,	38
1729,	47
1730,	47
1731,	14
1732,	24
1733,	31
1734,	52
1735,	19
1736,	18
1737,	32
1738,	33
1739,	43
1740,	30
1741,	24
1742,	23
1743,	36
1744,	37
1745,	34
1746,	26
1747,	44
1748,	37
1749,	37
1750,	17
1751,	43
1752,	39
1753,	50
1754,	29
1755,	12
1756,	29
1757,	22
1758,	47
1759,	27
1760,	25
1761,	46
1762,	37
1763,	26
1764,	59
1765,	31
1766,	45
1767,	31
1768,	41
1769,	33
1770,	22
1771,	29
1772,	33
1773,	43
1774,	47
1775,	19
1776,	39
1777,	28
1778,	40
1779,	49
1780,	53
1781,	28
1782,	37
1783,	38
1784,	29
1785,	27
1786,	36
1787,	20
1788,	36
1789,	32
1790,	59
1791,	42
1792,	41
1793,	43
1794,	32
1795,	52
1796,	26
1797,	41
1798,	33
1799,	52
1800,	27
1801,	33
1802,	37
1803,	34
1804,	47
1805,	24
1806,	50
1807,	35
1808,	27
1809,	59
1810,	40
1811,	24
1812,	43
1813,	29
1814,	39
1815,	41
1816,	34
1817,	34
1818,	30
1819,	12
1820,	36
1821,	34
1822,	43
1823,	40
1824,	29
1825,	45
1826,	33
1827,	46
1828,	35
1829,	30
1830,	35
1831,	10
1832,	45
1833,	38
1834,	30
1835,	36
1836,	7
1837,	39
1838,	48
1839,	45
1840,	28
1841,	35
1842,	38
1843,	29
1844,	51
1845,	55
1846,	42
1847,	41
1848,	34
1849,	51
1850,	58
1851,	22
1852,	36
1853,	39
1854,	33
1855,	62
1856,	46
1857,	38
1858,	27
1859,	41
1860,	32
1861,	40
1862,	34
1863,	31
1864,	53
1865,	31
1866,	39
1867,	50
1868,	47
1869,	34
1870,	41
1871,	39
1872,	40
1873,	10
1874,	16
1875,	30
1876,	39
1877,	39
1878,	45
1879,	40
1880,	36
1881,	60
1882,	46
1883,	19
1884,	12
1885,	39
1886,	52
1887,	45
1888,	37
1889,	43
1890,	42
1891,	35
1892,	28
1893,	38
1894,	42
1895,	54
1896,	52
1897,	46
1898,	41
1899,	50
1900,	57
1901,	44
1902,	27
1903,	39
1904,	52
1905,	35
1906,	49
1907,	36
1908,	31
1909,	2
1910,	50
1911,	13
1912,	47
1913,	43
1914,	51
1915,	63
1916,	40
1917,	64
1918,	45
1919,	23
1920,	49
1921,	41
1922,	49
1923,	42
1924,	38
1925,	50
1926,	40
1927,	52
1928,	23
1929,	20
1930,	36
1931,	24
1932,	37
1933,	48
1934,	36
1935,	30
1936,	37
1937,	20
1938,	54
1939,	45
1940,	21
1941,	48
1942,	49
1943,	33
1944,	37
1945,	55
1946,	17
1947,	55
1948,	58
1949,	56
1950,	30
1951,	29
1952,	38
1953,	43
1954,	16
1955,	48
1956,	38
1957,	30
1958,	40
1959,	20
1960,	41
1961,	7
1962,	27
1963,	31
1964,	39
1965,	31
1966,	48
1967,	28
1968,	51
1969,	33
1970,	22
1971,	46
1972,	39
1973,	48
1974,	44
1975,	52
1976,	56
1977,	46
1978,	40
1979,	36
1980,	36
1981,	30
1982,	35
1983,	38
1984,	29
1985,	33
1986,	3
1987,	51
1988,	44
1989,	37
1990,	36
1991,	41
1992,	46
1993,	31
1994,	13
1995,	52
1996,	35
1997,	23
1998,	50
1999,	30
2000,	39
2001,	52
2002,	58
2003,	21
2004,	40
2005,	28
2006,	45
2007,	56
2008,	40
2009,	35
2010,	45
2011,	49
2012,	48
2013,	30
2014,	64
2015,	40
2016,	49
2017,	38
2018,	49
2019,	12
2020,	26
2021,	48
2022,	43
2023,	44
2024,	54
2025,	35
2026,	50
2027,	46
2028,	47
2029,	60
2030,	45
2031,	52
2032,	35
2033,	37
2034,	49
2035,	19
2036,	56
2037,	40
2038,	46
2039,	30
2040,	35
2041,	18
2042,	60
2043,	31
2044,	42
2045,	54
2046,	36
2047,	43
2048,	38
2049,	48
2050,	48
2051,	42
2052,	56
2053,	35
2054,	44
2055,	46
2056,	39
2057,	60
2058,	21
2059,	58
2060,	44
2061,	12
2062,	48
2063,	39
2064,	44
2065,	57
2066,	18
2067,	43
2068,	46
2069,	2
2070,	47
2071,	20
2072,	42
2073,	29
2074,	35
2075,	38
2076,	35
2077,	48
2078,	61
2079,	45
2080,	50
2081,	39
2082,	35
2083,	42
2084,	65
2085,	47
2086,	51
2087,	47
2088,	48
2089,	38
2090,	25
2091,	49
2092,	59
2093,	57
2094,	36
2095,	32
2096,	34
2097,	53
2098,	71
2099,	43
2100,	37
2101,	29
2102,	44
2103,	45
2104,	17
2105,	49
2106,	2
2107,	33
2108,	44
2109,	43
2110,	32
2111,	10
2112,	57
2113,	34
2114,	49
2115,	40
2116,	45
2117,	34
2118,	49
2119,	47
2120,	44
2121,	39
2122,	41
2123,	25
2124,	48
2125,	72
2126,	48
2127,	23
2128,	40
2129,	60
2130,	53
2131,	46
2132,	58
2133,	47
2134,	44
2135,	50
2136,	49
2137,	48
2138,	47
2139,	34
2140,	31
2141,	29
2142,	22
2143,	40
2144,	57
2145,	41
2146,	40
2147,	33
2148,	40
2149,	40
2150,	44
2151,	4
2152,	59
2153,	44
2154,	33
2155,	36
2156,	21
2157,	27
2158,	61
2159,	43
2160,	38
2161,	59
2162,	47
2163,	63
2164,	50
2165,	40
2166,	30
2167,	47
2168,	34
2169,	26
2170,	30
2171,	40
2172,	62
2173,	14
2174,	40
2175,	69
2176,	19
2177,	46
2178,	47
2179,	54
2180,	49
2181,	41
2182,	49
2183,	41
2184,	44
2185,	25
2186,	40
2187,	2
2188,	41
2189,	56
2190,	53
2191,	56
2192,	33
2193,	36
2194,	50
2195,	50
2196,	32
2197,	30
2198,	55
2199,	50
2200,	71
2201,	49
2202,	55
2203,	47
2204,	29
2205,	53
2206,	51
2207,	41
2208,	38
2209,	54
2210,	57
2211,	30
2212,	39
2213,	62
2214,	36
2215,	3
2216,	55
2217,	48
2218,	38
2219,	56
2220,	1
2221,	43
2222,	39
2223,	47
2224,	41
2225,	66
2226,	48
2227,	42
2228,	55
2229,	64
2230,	52
2231,	53
2232,	42
2233,	54
2234,	53
2235,	33
2236,	36
2237,	45
2238,	38
2239,	51
2240,	43
2241,	34
2242,	54
2243,	40
2244,	47
2245,	38
2246,	42
2247,	5
2248,	53
2249,	39
2250,	60
2251,	47
2252,	19
2253,	32
2254,	64
2255,	26
2256,	58
2257,	44
2258,	50
2259,	41
2260,	55
2261,	38
2262,	73
2263,	51
2264,	43
2265,	63
2266,	41
2267,	34
2268,	51
2269,	62
2270,	60
2271,	28
2272,	46
2273,	43
2274,	42
2275,	26
2276,	13
2277,	52
2278,	53
2279,	50
2280,	34
2281,	54
2282,	0
2283,	58
2284,	37
2285,	50
2286,	36
2287,	52
2288,	25
2289,	57
2290,	40
2291,	47
2292,	35
2293,	42
2294,	46
2295,	59
2296,	48
2297,	48
2298,	2
2299,	44
2300,	56
2301,	40
2302,	29
2303,	54
2304,	57
2305,	54
2306,	49
2307,	63
2308,	31
2309,	49
2310,	45
2311,	43
2312,	55
2313,	51
2314,	42
2315,	50
2316,	59
2317,	42
2318,	51
2319,	37
2320,	51
2321,	53
2322,	49
2323,	55
2324,	59
2325,	48
2326,	42
2327,	61
2328,	58
2329,	47
2330,	32
2331,	63
2332,	49
2333,	37
2334,	34
2335,	42
2336,	46
2337,	37
2338,	55
2339,	46
2340,	38
2341,	50
2342,	57
2343,	42
2344,	45
2345,	52
2346,	52
2347,	61
2348,	15
2349,	49
2350,	44
2351,	45
2352,	48
2353,	3
2354,	51
2355,	68
2356,	60
2357,	62
2358,	20
2359,	34
2360,	68
2361,	45
2362,	61
2363,	52
2364,	50
2365,	47
2366,	46
2367,	45
2368,	52
2369,	53
2370,	26
2371,	42
2372,	38
2373,	46
2374,	40
2375,	16
2376,	50
2377,	55
2378,	61
2379,	43
2380,	48
2381,	60
2382,	48
2383,	61
2384,	46
2385,	41
2386,	32
2387,	33
2388,	45
2389,	24
2390,	53
2391,	46
2392,	59
2393,	56
2394,	62
2395,	39
2396,	42
2397,	43
2398,	46
2399,	45
2400,	51
2401,	50
2402,	53
2403,	61
2404,	53
2405,	41
2406,	45
2407,	64
2408,	59
2409,	59
2410,	47
2411,	47
2412,	54
2413,	41
2414,	49
2415,	61
2416,	24
2417,	63
2418,	59
2419,	51
2420,	23
2421,	65
2422,	52
2423,	53
2424,	47
2425,	51
2426,	56
2427,	55
2428,	44
2429,	54
2430,	55
2431,	57
2432,	62
2433,	51
2434,	28
2435,	62
2436,	65
2437,	43
2438,	27
2439,	52
2440,	37
2441,	41
2442,	35
2443,	59
2444,	61
2445,	45
2446,	54
2447,	45
2448,	51
2449,	38
2450,	58
2451,	58
2452,	46
2453,	48
2454,	38
2455,	53
2456,	56
2457,	66
2458,	57
2459,	47
2460,	63
2461,	59
2462,	62
2463,	49
2464,	61
2465,	58
2466,	39
2467,	62
2468,	47
2469,	53
2470,	54
2471,	40
2472,	67
2473,	35
2474,	52
2475,	59
2476,	51
2477,	55
2478,	58
2479,	67
2480,	65
2481,	52
2482,	28
2483,	58
2484,	68
2485,	60
2486,	52
2487,	60
2488,	48
2489,	29
2490,	29
2491,	46
2492,	59
2493,	25
2494,	14
2495,	43
2496,	60
2497,	64
2498,	56
2499,	69
2500,	36
2501,	54
2502,	43
2503,	44
2504,	70
2505,	61
2506,	53
2507,	29
2508,	23
2509,	17
2510,	56
2511,	54
2512,	21
2513,	57
2514,	47
2515,	34
2516,	50
2517,	51
2518,	13
2519,	17
2520,	55
2521,	77
2522,	58
2523,	58
2524,	48
2525,	28
2526,	29
2527,	54
2528,	45
2529,	51
2530,	42
2531,	70
2532,	36
2533,	53
2534,	27
2535,	56
2536,	51
2537,	61
2538,	56
2539,	50
2540,	54
2541,	30
2542,	74
2543,	67
2544,	47
2545,	58
2546,	19
2547,	52
2548,	63
2549,	69
2550,	49
2551,	42
2552,	66
2553,	58
2554,	47
2555,	62
2556,	50
2557,	41
2558,	42
2559,	69
2560,	55
2561,	39
2562,	55
2563,	67
2564,	54
2565,	59
2566,	60
2567,	61
2568,	64
2569,	44
2570,	58
2571,	65
2572,	25
2573,	53
2574,	61
2575,	68
2576,	57
2577,	35
2578,	63
2579,	64
2580,	60
2581,	60
2582,	35
2583,	49
2584,	64
2585,	56
2586,	48
2587,	42
2588,	66
2589,	52
2590,	34
2591,	52
2592,	46
2593,	53
2594,	76
2595,	58
2596,	33
2597,	55
2598,	69
2599,	42
2600,	59
2601,	61
2602,	63
2603,	61
2604,	1
2605,	56
2606,	64
2607,	51
2608,	62
2609,	53
2610,	67
2611,	30
2612,	48
2613,	54
2614,	46
2615,	50
2616,	49
2617,	67
2618,	66
2619,	56
2620,	56
2621,	58
2622,	57
2623,	52
2624,	31
2625,	65
2626,	37
2627,	49
2628,	1
2629,	74
2630,	51
2631,	64
2632,	44
2633,	45
2634,	51
2635,	66
2636,	59
2637,	47
2638,	51
2639,	58
2640,	34
2641,	51
2642,	48
2643,	29
2644,	55
2645,	58
2646,	76
2647,	60
2648,	71
2649,	54
2650,	49
2651,	6
2652,	59
2653,	21
2654,	68
2655,	65
2656,	52
2657,	65
2658,	41
2659,	57
2660,	56
2661,	57
2662,	64
2663,	69
2664,	46
2665,	70
2666,	49
2667,	8
2668,	56
2669,	44
2670,	55
2671,	50
2672,	40
2673,	57
2674,	62
2675,	62
2676,	23
2677,	64
2678,	70
2679,	34
2680,	61
2681,	52
2682,	50
2683,	54
2684,	62
2685,	48
2686,	59
2687,	31
2688,	61
2689,	68
2690,	72
2691,	34
2692,	57
2693,	65
2694,	59
2695,	48
2696,	57
2697,	54
2698,	63
2699,	70
2700,	61
2701,	62
2702,	41
2703,	63
2704,	61
2705,	47
2706,	52
2707,	61
2708,	54
2709,	62
2710,	65
2711,	42
2712,	71
2713,	70
2714,	47
2715,	59
2716,	65
2717,	37
2718,	57
2719,	72
2720,	38
2721,	74
2722,	59
2723,	66
2724,	70
2725,	65
2726,	26
2727,	63
2728,	54
2729,	53
2730,	66
2731,	62
2732,	16
2733,	39
2734,	56
2735,	73
2736,	71
2737,	50
2738,	55
2739,	33
2740,	67
2741,	44
2742,	65
2743,	60
2744,	68
2745,	28
2746,	49
2747,	69
2748,	64
2749,	52
2750,	67
2751,	43
2752,	52
2753,	57
2754,	43
2755,	47
2756,	60
2757,	47
2758,	55
2759,	33
2760,	64
2761,	36
2762,	49
2763,	55
2764,	50
2765,	42
2766,	48
2767,	58
2768,	60
2769,	64
2770,	54
2771,	37
2772,	63
2773,	70
2774,	68
2775,	50
2776,	60
2777,	35
2778,	45
2779,	67
2780,	63
2781,	53
2782,	69
2783,	57
2784,	68
2785,	43
2786,	59
2787,	49
2788,	37
2789,	64
2790,	45
2791,	58
2792,	65
2793,	75
2794,	59
2795,	71
2796,	34
2797,	64
2798,	56
2799,	65
2800,	43
2801,	65
2802,	52
2803,	60
2804,	67
2805,	52
2806,	71
2807,	40
2808,	67
2809,	71
2810,	20
2811,	63
2812,	63
2813,	66
2814,	51
2815,	41
2816,	56
2817,	64
2818,	78
2819,	51
2820,	59
2821,	66
2822,	72
2823,	57
2824,	62
2825,	56
2826,	67
2827,	44
2828,	57
2829,	52
2830,	73
2831,	63
2832,	50
2833,	60
2834,	57
2835,	51
2836,	63
2837,	58
2838,	64
2839,	56
2840,	65
2841,	43
2842,	14
2843,	51
2844,	53
2845,	56
2846,	39
2847,	55
2848,	48
2849,	12
2850,	60
2851,	32
2852,	61
2853,	67
2854,	71
2855,	59
2856,	65
2857,	53
2858,	53
2859,	42
2860,	68
2861,	44
2862,	66
2863,	66
2864,	46
2865,	66
2866,	55
2867,	70
2868,	56
2869,	24
2870,	66
2871,	68
2872,	71
2873,	45
2874,	69
2875,	0
2876,	50
2877,	55
2878,	51
2879,	72
2880,	58
2881,	66
2882,	50
2883,	76
2884,	43
2885,	63
2886,	36
2887,	61
2888,	67
2889,	59
2890,	62
2891,	55
2892,	71
2893,	63
2894,	55
2895,	64
2896,	67
2897,	29
2898,	50
2899,	54
2900,	58
2901,	51
2902,	67
2903,	73
2904,	68
2905,	66
2906,	31
2907,	73
2908,	46
2909,	69
2910,	43
2911,	62
2912,	57
2913,	74
2914,	65
2915,	43
2916,	55
2917,	68
2918,	48
2919,	70
2920,	59
2921,	38
2922,	77
2923,	73
2924,	39
2925,	73
2926,	72
2927,	62
2928,	74
2929,	50
2930,	64
2931,	59
2932,	69
2933,	62
2934,	59
2935,	59
2936,	70
2937,	39
2938,	70
2939,	63
2940,	79
2941,	50
2942,	68
2943,	70
2944,	64
2945,	74
2946,	79
2947,	62
2948,	69
2949,	43
2950,	57
2951,	53
2952,	58
2953,	77
2954,	72
2955,	74
2956,	40
2957,	75
2958,	53
2959,	66
2960,	77
2961,	55
2962,	81
2963,	49
2964,	75
2965,	61
2966,	76
2967,	54
2968,	63
2969,	64
2970,	66
2971,	52
2972,	67
2973,	60
2974,	65
2975,	35
2976,	69
2977,	41
2978,	62
2979,	69
2980,	5
2981,	72
2982,	75
2983,	68
2984,	66
2985,	56
2986,	74
2987,	69
2988,	53
2989,	52
2990,	15
2991,	42
2992,	67
2993,	72
2994,	57
2995,	76
2996,	66
2997,	53
2998,	68
2999,	48
3000,	58
3001,	54
3002,	52
3003,	74
3004,	65
3005,	64
3006,	67
3007,	42
3008,	26
3009,	48
3010,	65
3011,	61
3012,	70
3013,	60
3014,	65
3015,	55
3016,	71
3017,	56
3018,	69
3019,	58
3020,	40
3021,	64
3022,	69
3023,	54
3024,	68
3025,	72
3026,	75
3027,	70
3028,	78
3029,	70
3030,	75
3031,	74
3032,	66
3033,	61
3034,	72
3035,	61
3036,	44
3037,	75
3038,	74
3039,	32
3040,	76
3041,	71
3042,	54
3043,	65
3044,	48
3045,	16
3046,	70
3047,	78
3048,	60
3049,	49
3050,	33
3051,	43
3052,	47
3053,	63
3054,	75
3055,	75
3056,	60
3057,	75
3058,	74
3059,	72
3060,	56
3061,	79
3062,	57
3063,	61
3064,	63
3065,	69
3066,	64
3067,	68
3068,	66
3069,	40
3070,	73
3071,	0
3072,	66
3073,	62
3074,	66
3075,	65
3076,	73
3077,	66
3078,	74
3079,	70
3080,	65
3081,	5
3082,	73
3083,	60
3084,	71
3085,	65
3086,	76
3087,	47
3088,	27
3089,	69
3090,	59
3091,	71
3092,	32
3093,	69
3094,	35
3095,	58
3096,	65
3097,	65
3098,	49
3099,	63
3100,	77
3101,	49
3102,	60
3103,	60
3104,	71
3105,	69
3106,	69
3107,	55
3108,	57
3109,	50
3110,	72
3111,	74
3112,	62
3113,	71
3114,	70
3115,	60
3116,	72
3117,	77
3118,	71
3119,	0
3120,	71
3121,	56
3122,	51
3123,	50
3124,	78
3125,	73
3126,	70
3127,	77
3128,	46
3129,	80
3130,	73
3131,	61
3132,	52
3133,	71
3134,	47
3135,	45
3136,	81
3137,	71
3138,	72
3139,	61
3140,	77
3141,	73
3142,	63
3143,	68
3144,	43
3145,	68
3146,	56
3147,	76
3148,	62
3149,	0
3150,	71
3151,	78
3152,	68
3153,	64
3154,	62
3155,	59
3156,	76
3157,	64
3158,	36
3159,	68
3160,	37
3161,	40
3162,	67
3163,	76
3164,	75
3165,	64
3166,	73
3167,	68
3168,	46
3169,	62
3170,	61
3171,	38
3172,	61
3173,	60
3174,	67
3175,	79
3176,	78
3177,	68
3178,	78
3179,	61
3180,	67
3181,	76
3182,	67
3183,	43
3184,	76
3185,	21
3186,	64
3187,	73
3188,	61
3189,	60
3190,	37
3191,	71
3192,	67
3193,	61
3194,	57
3195,	57
3196,	79
3197,	68
3198,	81
3199,	65
3200,	66
3201,	69
3202,	47
3203,	48
3204,	76
3205,	62
3206,	55
3207,	46
3208,	46
3209,	79
3210,	78
3211,	68
3212,	81
3213,	69
3214,	64
3215,	75
3216,	61
3217,	20
3218,	57
3219,	0
3220,	41
3221,	73
3222,	38
3223,	70
3224,	78
3225,	66
3226,	77
3227,	72
3228,	67
3229,	75
3230,	55
3231,	71
3232,	80
3233,	70
3234,	70
3235,	74
3236,	56
3237,	76
3238,	75
3239,	63
3240,	72
3241,	80
3242,	68
3243,	58
3244,	77
3245,	77
3246,	0
3247,	74
3248,	67
3249,	71
3250,	77
3251,	0
3252,	73
3253,	47
3254,	76
3255,	78
3256,	77
3257,	67
3258,	69
3259,	70
3260,	79
3261,	67
3262,	80
3263,	74
3264,	68
3265,	62
3266,	77
3267,	69
3268,	63
3269,	62
3270,	0
3271,	73
3272,	62
3273,	51
3274,	78
3275,	0
3276,	58
3277,	75
3278,	0
3279,	78
3280,	50
3281,	63
3282,	79
3283,	66
3284,	55
3285,	63
3286,	72
3287,	63
3288,	77
3289,	63
3290,	74
3291,	0
3292,	0
3293,	74
3294,	65
3295,	80
3296,	64
3297,	70
3298,	66
3299,	62
3300,	68
3301,	0
3302,	62
3303,	66
3304,	75
3305,	50
3306,	79
3307,	0
3308,	58
3309,	79
3310,	80
3311,	81
3312,	0
3313,	72
3314,	74
3315,	63
3316,	64
3317,	78
3318,	54
3319,	70
3320,	20
3321,	63
3322,	0
3323,	79
3324,	75
3325,	32
3326,	51
3327,	59
3328,	78
3329,	78
3330,	0
3331,	79
3332,	69
3333,	58
3334,	60
3335,	81
3336,	81
3337,	63
3338,	0
3339,	77
3340,	68
3341,	76
3342,	59
3343,	68
3344,	69
3345,	53
3346,	41
3347,	74
3348,	72
3349,	0
3350,	0
3351,	61
3352,	76
3353,	67
3354,	72
3355,	76
3356,	72
3357,	3
3358,	75
3359,	71
3360,	65
3361,	72
3362,	76
3363,	0
3364,	81
3365,	54
3366,	0
3367,	73
3368,	79
3369,	79
3370,	75
3371,	70
3372,	72
3373,	49
3374,	65
3375,	76
3376,	70
3377,	56
3378,	0
3379,	81
3380,	74
3381,	80
3382,	66
3383,	69
3384,	70
3385,	0
3386,	73
3387,	45
3388,	80
3389,	0
3390,	76
3391,	69
3392,	26
3393,	71
3394,	21
3395,	41
3396,	59
3397,	78
3398,	73
3399,	62
3400,	64
3401,	74
3402,	67
3403,	66
3404,	63
3405,	0
3406,	71
3407,	73
3408,	78
3409,	77
3410,	69
3411,	67
3412,	72
3413,	80
3414,	66
3415,	0
3416,	72
3417,	81
3418,	71
3419,	52
3420,	65
3421,	75
3422,	53
3423,	19
3424,	8
3425,	75
3426,	81
3427,	79
3428,	74
3429,	73
3430,	74
3431,	0
3432,	60
3433,	67
3434,	0
3435,	0
3436,	0
3437,	72
3438,	51
3439,	80
3440,	0
3441,	75
3442,	64
3443,	73
3444,	0
3445,	71
3446,	0
3447,	81
3448,	76
3449,	57
3450,	73
3451,	81
3452,	73
3453,	60
3454,	80
3455,	74
3456,	0
3457,	75
3458,	43
3459,	0
3460,	55
3461,	66
3462,	80
3463,	61
3464,	0
3465,	57
3466,	35
3467,	0
3468,	0
3469,	57
3470,	76
3471,	75
3472,	71
3473,	9
3474,	69
3475,	76
3476,	58
3477,	73
3478,	72
3479,	0
3480,	78
3481,	77
3482,	69
3483,	45
3484,	0
3485,	75
3486,	0
3487,	80
3488,	0
3489,	81
3490,	0
3491,	0
3492,	70
3493,	56
3494,	70
3495,	0
3496,	74
3497,	0
3498,	76
3499,	0
3500,	69
3501,	0
3502,	70
3503,	0
3504,	67
3505,	64
3506,	73
3507,	0
3508,	55
3509,	36
3510,	74
3511,	0
3512,	47
3513,	80
3514,	80
3515,	0
3516,	69
3517,	72
3518,	79
3519,	81
3520,	70
3521,	0
3522,	78
3523,	81
3524,	79
3525,	0
3526,	81
3527,	0
3528,	0
3529,	81
3530,	0
3531,	65
3532,	63
3533,	66
3534,	0
3535,	64
3536,	77
3537,	0
3538,	60
3539,	73
3540,	58
3541,	81
3542,	77
3543,	75
3544,	20
3545,	77
3546,	74
3547,	67
3548,	80
3549,	0
3550,	64
3551,	0
3552,	0
3553,	47
3554,	58
3555,	57
3556,	73
3557,	20
3558,	0
3559,	0
3560,	71
3561,	66
3562,	68
3563,	0
3564,	49
3565,	77
3566,	80
3567,	56
3568,	78
3569,	0
3570,	59
3571,	75
3572,	79
3573,	0
3574,	71
3575,	68
3576,	79
3577,	52
3578,	39
3579,	0
3580,	75
3581,	46
3582,	0
3583,	68
3584,	0
3585,	0
3586,	50
3587,	66
3588,	0
3589,	0
3590,	0
3591,	46
3592,	76
3593,	79
3594,	0
3595,	77
3596,	62
3597,	57
3598,	0
3599,	0
3600,	0
3601,	75
3602,	21
3603,	77
3604,	0
3605,	79
3606,	78
3607,	69
3608,	52
3609,	80
3610,	0
3611,	75
3612,	0
3613,	0
3614,	0
3615,	0
3616,	76
3617,	81
3618,	0
3619,	0
3620,	67
3621,	54
3622,	60
3623,	0
3624,	0
3625,	0
3626,	81
3627,	80
3628,	57
3629,	0
3630,	65
3631,	0
3632,	0
3633,	0
3634,	75
3635,	0
3636,	0
3637,	81
3638,	0
3639,	0
3640,	0
3641,	42
3642,	0
3643,	51
3644,	78
3645,	0
3646,	0
3647,	73
3648,	0
3649,	50
3650,	51
3651,	76
3652,	63
3653,	0
3654,	76
3655,	0
3656,	0
3657,	57
3658,	0
3659,	78
3660,	0
3661,	0
3662,	72
3663,	0
3664,	0
3665,	0
3666,	77
3667,	78
3668,	0
3669,	76
3670,	60
3671,	0
3672,	0
3673,	77
3674,	61
3675,	0
3676,	0
3677,	0
3678,	54
3679,	0
3680,	22
3681,	71
3682,	0
3683,	0
3684,	70
3685,	0
3686,	0
3687,	38
3688,	0
3689,	0
3690,	0
3691,	62
3692,	78
3693,	70
3694,	0
3695,	71
3696,	61
3697,	78
3698,	0
3699,	50
3700,	80
3701,	0
3702,	0
3703,	77
3704,	0
3705,	0
3706,	0
3707,	0
3708,	59
3709,	71
3710,	0
3711,	80
3712,	0
3713,	0
3714,	0
3715,	0
3716,	0
3717,	81
3718,	0
3719,	71
3720,	80
3721,	57
3722,	0
3723,	0
3724,	0
3725,	56
3726,	42
3727,	0
3728,	77
3729,	0
3730,	0
3731,	0
3732,	0
3733,	0
3734,	76
3735,	61
3736,	81
3737,	1
3738,	0
3739,	0
3740,	80
3741,	0
3742,	0
3743,	0
3744,	0
3745,	0
3746,	51
3747,	0
3748,	0
3749,	0
3750,	0
3751,	0
3752,	64
3753,	72
3754,	0
3755,	66
3756,	0
3757,	0
3758,	53
3759,	0
3760,	65
3761,	0
3762,	79
3763,	70
3764,	29
3765,	0
3766,	0
3767,	0
3768,	0
3769,	0
3770,	45
3771,	3
3772,	37
3773,	0
3774,	77
3775,	57
3776,	65
3777,	0
3778,	0
3779,	0
3780,	0
3781,	0
3782,	68
3783,	77
3784,	66
3785,	75
3786,	0
3787,	0
3788,	0
3789,	0
3790,	0
3791,	0
3792,	45
3793,	68
3794,	62
3795,	76
3796,	0
3797,	76
3798,	0
3799,	0
3800,	4
3801,	0
3802,	79
3803,	66
3804,	79
3805,	79
3806,	69
3807,	74
3808,	53
3809,	0
3810,	65
3811,	77
3812,	0
3813,	0
3814,	65
3815,	68
3816,	0
3817,	0
3818,	0
3819,	60
3820,	0
3821,	65
3822,	45
3823,	0
3824,	75
3825,	60
3826,	73
3827,	49
3828,	0
3829,	0
3830,	62
3831,	42
3832,	0
3833,	0
3834,	61
3835,	79
3836,	0
3837,	80
3838,	0
3839,	0
3840,	0
3841,	67
3842,	0
3843,	0
3844,	0
3845,	0
3846,	0
3847,	72
3848,	0
3849,	0
3850,	0
3851,	0
3852,	0
3853,	80
3854,	56
3855,	0
3856,	76
3857,	0
3858,	0
3859,	73
3860,	0
3861,	0
3862,	52
3863,	74
3864,	0
3865,	0
3866,	0
3867,	34
3868,	31
3869,	0
3870,	74
3871,	0
3872,	0
3873,	70
3874,	81
3875,	0
3876,	0
3877,	75
3878,	0
3879,	80
3880,	0
3881,	77
3882,	0
3883,	0
3884,	0
3885,	0
3886,	0
3887,	0
3888,	0
3889,	67
3890,	0
3891,	0
3892,	79
3893,	0
3894,	67
3895,	51
3896,	0
3897,	0
3898,	0
3899,	0
3900,	0
3901,	0
3902,	80
3903,	0
3904,	72
3905,	80
3906,	0
3907,	15
3908,	0
3909,	0
3910,	0
3911,	80
3912,	81
3913,	0
3914,	0
3915,	0
3916,	0
3917,	75
3918,	68
3919,	0
3920,	51
3921,	47
3922,	63
3923,	75
3924,	76
3925,	67
3926,	0
3927,	0
3928,	36
3929,	78
3930,	78
3931,	68
3932,	0
3933,	0
3934,	65
3935,	0
3936,	79
3937,	0
3938,	0
3939,	74
3940,	0
3941,	78
3942,	0
3943,	0
3944,	0
3945,	0
3946,	0
3947,	69
3948,	77
3949,	0
3950,	0
3951,	80
3952,	0
3953,	0
3954,	52
3955,	0
3956,	0
3957,	0
3958,	0
3959,	0
3960,	58
3961,	0
3962,	0
3963,	0
3964,	0
3965,	0
3966,	80
3967,	68
3968,	0
3969,	0
3970,	0
3971,	0
3972,	0
3973,	0
3974,	0
3975,	0
3976,	36
3977,	56
3978,	0
3979,	0
3980,	0
3981,	0
3982,	0
3983,	78
3984,	0
3985,	79
3986,	78
3987,	67
3988,	81
3989,	0
3990,	0
3991,	0
3992,	0
3993,	80
3994,	0
3995,	0
3996,	0
3997,	76
3998,	0
3999,	0
