Instance: /home/gabriel/Documents/ufrgs/courses/oc/trab/instances/cmb01
Vertices: 500
Colors: 12
NumIterations: 1
Alpha: 0.650000
Is Factible?: false
Conflicts: 7
Solution Value: 175030.515625
Vertex,	Color
0,	9
1,	0
2,	3
3,	1
4,	6
5,	3
6,	9
7,	7
8,	2
9,	1
10,	2
11,	0
12,	2
13,	7
14,	1
15,	3
16,	1
17,	5
18,	2
19,	2
20,	8
21,	2
22,	0
23,	5
24,	1
25,	7
26,	5
27,	1
28,	1
29,	0
30,	0
31,	0
32,	0
33,	0
34,	7
35,	0
36,	3
37,	2
38,	5
39,	10
40,	0
41,	4
42,	2
43,	2
44,	1
45,	0
46,	3
47,	1
48,	3
49,	0
50,	6
51,	6
52,	0
53,	0
54,	2
55,	1
56,	0
57,	2
58,	1
59,	1
60,	6
61,	3
62,	4
63,	3
64,	1
65,	3
66,	2
67,	1
68,	4
69,	4
70,	4
71,	0
72,	7
73,	1
74,	2
75,	0
76,	4
77,	2
78,	4
79,	6
80,	1
81,	7
82,	5
83,	3
84,	0
85,	0
86,	5
87,	1
88,	0
89,	6
90,	4
91,	0
92,	2
93,	5
94,	2
95,	7
96,	0
97,	3
98,	0
99,	1
100,	7
101,	7
102,	1
103,	6
104,	0
105,	2
106,	6
107,	2
108,	0
109,	0
110,	3
111,	3
112,	6
113,	5
114,	3
115,	2
116,	1
117,	6
118,	0
119,	0
120,	2
121,	3
122,	9
123,	0
124,	0
125,	1
126,	6
127,	2
128,	0
129,	5
130,	2
131,	0
132,	7
133,	0
134,	3
135,	4
136,	6
137,	1
138,	8
139,	0
140,	1
141,	3
142,	1
143,	2
144,	4
145,	1
146,	3
147,	6
148,	5
149,	3
150,	1
151,	1
152,	4
153,	0
154,	5
155,	7
156,	5
157,	2
158,	0
159,	3
160,	0
161,	4
162,	7
163,	2
164,	0
165,	1
166,	0
167,	5
168,	5
169,	0
170,	3
171,	2
172,	1
173,	4
174,	2
175,	10
176,	0
177,	3
178,	3
179,	1
180,	1
181,	0
182,	2
183,	1
184,	3
185,	2
186,	1
187,	0
188,	1
189,	3
190,	4
191,	5
192,	3
193,	1
194,	2
195,	4
196,	1
197,	0
198,	2
199,	4
200,	0
201,	0
202,	5
203,	3
204,	5
205,	3
206,	1
207,	5
208,	2
209,	2
210,	2
211,	1
212,	9
213,	2
214,	6
215,	5
216,	0
217,	4
218,	3
219,	5
220,	3
221,	4
222,	2
223,	4
224,	3
225,	0
226,	7
227,	2
228,	0
229,	2
230,	1
231,	8
232,	6
233,	5
234,	1
235,	7
236,	9
237,	4
238,	1
239,	1
240,	1
241,	2
242,	7
243,	3
244,	3
245,	2
246,	0
247,	5
248,	7
249,	1
250,	8
251,	1
252,	4
253,	3
254,	8
255,	3
256,	3
257,	1
258,	7
259,	7
260,	4
261,	3
262,	7
263,	10
264,	3
265,	1
266,	5
267,	7
268,	6
269,	3
270,	4
271,	4
272,	5
273,	8
274,	8
275,	5
276,	5
277,	4
278,	8
279,	1
280,	1
281,	4
282,	5
283,	3
284,	5
285,	3
286,	3
287,	6
288,	4
289,	3
290,	0
291,	2
292,	6
293,	4
294,	0
295,	2
296,	4
297,	8
298,	2
299,	5
300,	4
301,	1
302,	4
303,	4
304,	0
305,	5
306,	1
307,	6
308,	2
309,	5
310,	6
311,	3
312,	2
313,	8
314,	8
315,	6
316,	9
317,	3
318,	2
319,	4
320,	9
321,	5
322,	1
323,	6
324,	7
325,	4
326,	1
327,	3
328,	8
329,	8
330,	0
331,	8
332,	5
333,	2
334,	6
335,	0
336,	5
337,	7
338,	6
339,	1
340,	7
341,	9
342,	5
343,	1
344,	2
345,	6
346,	3
347,	9
348,	7
349,	5
350,	5
351,	2
352,	9
353,	6
354,	3
355,	4
356,	9
357,	8
358,	4
359,	11
360,	7
361,	1
362,	1
363,	6
364,	8
365,	4
366,	3
367,	6
368,	6
369,	5
370,	5
371,	6
372,	2
373,	2
374,	2
375,	2
376,	7
377,	6
378,	6
379,	3
380,	6
381,	1
382,	2
383,	4
384,	4
385,	4
386,	8
387,	8
388,	5
389,	7
390,	8
391,	2
392,	5
393,	11
394,	8
395,	3
396,	9
397,	8
398,	4
399,	8
400,	6
401,	1
402,	10
403,	5
404,	3
405,	10
406,	3
407,	1
408,	0
409,	8
410,	6
411,	3
412,	4
413,	6
414,	10
415,	11
416,	10
417,	3
418,	9
419,	6
420,	9
421,	6
422,	9
423,	10
424,	7
425,	7
426,	10
427,	8
428,	5
429,	7
430,	9
431,	7
432,	1
433,	5
434,	4
435,	5
436,	6
437,	5
438,	5
439,	6
440,	4
441,	1
442,	0
443,	3
444,	3
445,	8
446,	11
447,	0
448,	3
449,	8
450,	11
451,	4
452,	6
453,	7
454,	3
455,	7
456,	8
457,	0
458,	10
459,	0
460,	10
461,	7
462,	1
463,	4
464,	6
465,	7
466,	8
467,	2
468,	9
469,	5
470,	5
471,	9
472,	6
473,	1
474,	9
475,	11
476,	1
477,	2
478,	7
479,	0
480,	9
481,	4
482,	10
483,	6
484,	7
485,	7
486,	9
487,	9
488,	7
489,	2
490,	4
491,	10
492,	11
493,	9
494,	7
495,	5
496,	9
497,	9
498,	6
499,	8
