Instance: /home/gabriel/Documents/ufrgs/courses/oc/trab/instances/cmb01
Vertices: 500
Colors: 12
NumIterations: 1
Alpha: 0.650000
Is Factible?: false
Conflicts: 5
Solution Value: 162594.046875
Vertex,	Color
0,	2
1,	1
2,	3
3,	2
4,	0
5,	7
6,	2
7,	1
8,	0
9,	3
10,	4
11,	2
12,	1
13,	3
14,	6
15,	0
16,	9
17,	1
18,	7
19,	8
20,	7
21,	0
22,	7
23,	1
24,	0
25,	1
26,	0
27,	2
28,	1
29,	4
30,	0
31,	3
32,	3
33,	0
34,	5
35,	0
36,	2
37,	1
38,	4
39,	10
40,	0
41,	5
42,	1
43,	1
44,	1
45,	0
46,	5
47,	1
48,	2
49,	1
50,	1
51,	0
52,	5
53,	2
54,	3
55,	0
56,	0
57,	3
58,	1
59,	0
60,	2
61,	1
62,	0
63,	3
64,	0
65,	0
66,	0
67,	1
68,	7
69,	0
70,	6
71,	0
72,	8
73,	1
74,	4
75,	0
76,	9
77,	5
78,	0
79,	6
80,	3
81,	3
82,	4
83,	7
84,	5
85,	0
86,	1
87,	8
88,	2
89,	2
90,	0
91,	0
92,	1
93,	7
94,	8
95,	3
96,	4
97,	1
98,	4
99,	10
100,	2
101,	1
102,	4
103,	6
104,	0
105,	4
106,	6
107,	6
108,	1
109,	0
110,	2
111,	4
112,	3
113,	2
114,	5
115,	3
116,	5
117,	6
118,	1
119,	9
120,	5
121,	7
122,	0
123,	2
124,	2
125,	5
126,	3
127,	3
128,	3
129,	3
130,	0
131,	2
132,	9
133,	1
134,	2
135,	0
136,	3
137,	1
138,	5
139,	3
140,	0
141,	0
142,	1
143,	4
144,	4
145,	4
146,	2
147,	5
148,	3
149,	1
150,	5
151,	4
152,	0
153,	0
154,	3
155,	5
156,	2
157,	4
158,	0
159,	1
160,	2
161,	3
162,	2
163,	4
164,	6
165,	9
166,	0
167,	1
168,	3
169,	5
170,	5
171,	1
172,	2
173,	0
174,	1
175,	1
176,	0
177,	9
178,	2
179,	4
180,	2
181,	2
182,	1
183,	0
184,	1
185,	3
186,	1
187,	0
188,	2
189,	5
190,	6
191,	3
192,	3
193,	4
194,	6
195,	6
196,	4
197,	4
198,	3
199,	4
200,	2
201,	4
202,	5
203,	6
204,	2
205,	0
206,	0
207,	2
208,	0
209,	1
210,	1
211,	0
212,	3
213,	3
214,	5
215,	5
216,	4
217,	3
218,	6
219,	1
220,	4
221,	1
222,	8
223,	2
224,	5
225,	3
226,	4
227,	6
228,	0
229,	2
230,	2
231,	4
232,	5
233,	3
234,	1
235,	2
236,	1
237,	3
238,	6
239,	0
240,	4
241,	3
242,	7
243,	4
244,	10
245,	1
246,	1
247,	4
248,	2
249,	1
250,	2
251,	6
252,	2
253,	2
254,	5
255,	3
256,	4
257,	3
258,	4
259,	4
260,	6
261,	1
262,	5
263,	6
264,	4
265,	1
266,	6
267,	8
268,	5
269,	7
270,	6
271,	5
272,	10
273,	3
274,	8
275,	1
276,	3
277,	4
278,	6
279,	1
280,	1
281,	0
282,	6
283,	5
284,	7
285,	4
286,	2
287,	3
288,	1
289,	5
290,	5
291,	0
292,	5
293,	6
294,	8
295,	1
296,	7
297,	8
298,	3
299,	5
300,	3
301,	1
302,	4
303,	2
304,	0
305,	5
306,	2
307,	7
308,	3
309,	6
310,	5
311,	4
312,	1
313,	6
314,	7
315,	2
316,	6
317,	3
318,	4
319,	3
320,	4
321,	4
322,	5
323,	5
324,	7
325,	2
326,	4
327,	2
328,	5
329,	7
330,	2
331,	8
332,	4
333,	4
334,	7
335,	2
336,	7
337,	8
338,	8
339,	6
340,	2
341,	1
342,	5
343,	6
344,	1
345,	4
346,	7
347,	11
348,	6
349,	0
350,	2
351,	3
352,	10
353,	7
354,	5
355,	4
356,	3
357,	7
358,	6
359,	11
360,	8
361,	2
362,	3
363,	2
364,	8
365,	3
366,	6
367,	5
368,	5
369,	6
370,	2
371,	11
372,	7
373,	8
374,	3
375,	3
376,	6
377,	6
378,	6
379,	6
380,	6
381,	2
382,	3
383,	2
384,	4
385,	3
386,	8
387,	8
388,	11
389,	7
390,	6
391,	1
392,	3
393,	7
394,	8
395,	2
396,	9
397,	10
398,	4
399,	9
400,	7
401,	6
402,	1
403,	6
404,	5
405,	9
406,	7
407,	2
408,	0
409,	10
410,	5
411,	2
412,	4
413,	3
414,	7
415,	9
416,	9
417,	4
418,	9
419,	5
420,	0
421,	6
422,	8
423,	10
424,	6
425,	7
426,	9
427,	6
428,	2
429,	4
430,	8
431,	6
432,	10
433,	2
434,	4
435,	9
436,	5
437,	4
438,	7
439,	10
440,	8
441,	8
442,	0
443,	7
444,	4
445,	8
446,	10
447,	2
448,	6
449,	10
450,	5
451,	11
452,	7
453,	10
454,	4
455,	7
456,	8
457,	0
458,	0
459,	0
460,	11
461,	2
462,	5
463,	6
464,	3
465,	7
466,	8
467,	1
468,	9
469,	6
470,	8
471,	9
472,	9
473,	0
474,	7
475,	11
476,	0
477,	2
478,	5
479,	10
480,	9
481,	3
482,	10
483,	5
484,	8
485,	8
486,	9
487,	8
488,	7
489,	0
490,	4
491,	8
492,	11
493,	9
494,	9
495,	8
496,	10
497,	7
498,	6
499,	9
