Instance: /home/gabriel/Documents/ufrgs/courses/oc/trab/instances/cmb01
Vertices: 500
Colors: 12
NumIterations: 1
Alpha: 0.250000
Is Factible?: false
Conflicts: 4
Solution Value: 150683.265625
Vertex,	Color
0,	7
1,	1
2,	5
3,	2
4,	0
5,	8
6,	7
7,	4
8,	8
9,	0
10,	5
11,	2
12,	2
13,	7
14,	0
15,	3
16,	1
17,	3
18,	3
19,	10
20,	4
21,	4
22,	4
23,	5
24,	5
25,	7
26,	8
27,	3
28,	2
29,	3
30,	1
31,	2
32,	0
33,	5
34,	1
35,	8
36,	3
37,	5
38,	1
39,	0
40,	0
41,	6
42,	8
43,	4
44,	0
45,	1
46,	0
47,	5
48,	9
49,	7
50,	8
51,	4
52,	2
53,	2
54,	0
55,	5
56,	4
57,	3
58,	6
59,	0
60,	1
61,	5
62,	8
63,	0
64,	3
65,	0
66,	3
67,	5
68,	8
69,	8
70,	6
71,	5
72,	5
73,	8
74,	5
75,	1
76,	4
77,	7
78,	0
79,	3
80,	5
81,	9
82,	9
83,	7
84,	6
85,	0
86,	6
87,	3
88,	1
89,	9
90,	0
91,	5
92,	3
93,	10
94,	2
95,	2
96,	6
97,	6
98,	1
99,	7
100,	6
101,	1
102,	3
103,	6
104,	1
105,	2
106,	2
107,	5
108,	4
109,	7
110,	3
111,	11
112,	1
113,	11
114,	0
115,	2
116,	0
117,	4
118,	6
119,	3
120,	3
121,	8
122,	3
123,	4
124,	2
125,	6
126,	3
127,	6
128,	0
129,	7
130,	1
131,	1
132,	10
133,	0
134,	4
135,	7
136,	1
137,	1
138,	11
139,	1
140,	3
141,	1
142,	10
143,	3
144,	2
145,	8
146,	1
147,	7
148,	7
149,	1
150,	2
151,	0
152,	8
153,	6
154,	0
155,	9
156,	6
157,	10
158,	6
159,	0
160,	4
161,	2
162,	10
163,	4
164,	0
165,	1
166,	0
167,	0
168,	2
169,	5
170,	6
171,	6
172,	3
173,	6
174,	6
175,	1
176,	6
177,	5
178,	4
179,	3
180,	5
181,	2
182,	2
183,	6
184,	1
185,	5
186,	8
187,	3
188,	0
189,	2
190,	0
191,	4
192,	1
193,	6
194,	9
195,	2
196,	6
197,	7
198,	8
199,	1
200,	6
201,	2
202,	9
203,	3
204,	1
205,	1
206,	2
207,	4
208,	5
209,	7
210,	10
211,	2
212,	4
213,	7
214,	7
215,	1
216,	1
217,	5
218,	3
219,	7
220,	6
221,	4
222,	2
223,	2
224,	3
225,	1
226,	6
227,	2
228,	4
229,	3
230,	2
231,	1
232,	9
233,	7
234,	4
235,	10
236,	4
237,	2
238,	6
239,	1
240,	0
241,	0
242,	4
243,	0
244,	0
245,	0
246,	5
247,	9
248,	3
249,	2
250,	2
251,	6
252,	6
253,	7
254,	5
255,	5
256,	1
257,	4
258,	4
259,	0
260,	0
261,	0
262,	8
263,	3
264,	4
265,	5
266,	3
267,	1
268,	2
269,	6
270,	1
271,	3
272,	9
273,	6
274,	7
275,	3
276,	1
277,	2
278,	2
279,	4
280,	0
281,	0
282,	0
283,	4
284,	7
285,	4
286,	3
287,	7
288,	2
289,	4
290,	6
291,	1
292,	4
293,	5
294,	2
295,	7
296,	0
297,	5
298,	3
299,	1
300,	10
301,	4
302,	2
303,	1
304,	5
305,	4
306,	2
307,	5
308,	3
309,	0
310,	2
311,	0
312,	0
313,	5
314,	4
315,	4
316,	2
317,	0
318,	5
319,	2
320,	6
321,	3
322,	3
323,	7
324,	2
325,	4
326,	0
327,	2
328,	9
329,	1
330,	1
331,	4
332,	2
333,	3
334,	1
335,	4
336,	3
337,	9
338,	4
339,	0
340,	1
341,	2
342,	3
343,	0
344,	3
345,	8
346,	3
347,	5
348,	3
349,	1
350,	3
351,	1
352,	5
353,	3
354,	1
355,	4
356,	2
357,	10
358,	5
359,	0
360,	1
361,	3
362,	4
363,	0
364,	4
365,	3
366,	1
367,	3
368,	1
369,	4
370,	1
371,	3
372,	1
373,	0
374,	5
375,	7
376,	6
377,	3
378,	2
379,	1
380,	3
381,	0
382,	1
383,	0
384,	3
385,	1
386,	10
387,	6
388,	7
389,	6
390,	3
391,	2
392,	3
393,	1
394,	3
395,	2
396,	5
397,	8
398,	2
399,	6
400,	4
401,	5
402,	4
403,	5
404,	3
405,	8
406,	5
407,	3
408,	11
409,	5
410,	6
411,	1
412,	5
413,	5
414,	4
415,	10
416,	5
417,	2
418,	5
419,	4
420,	5
421,	8
422,	6
423,	7
424,	8
425,	7
426,	0
427,	6
428,	6
429,	5
430,	4
431,	2
432,	0
433,	4
434,	8
435,	4
436,	7
437,	1
438,	5
439,	6
440,	8
441,	9
442,	11
443,	4
444,	2
445,	7
446,	4
447,	5
448,	4
449,	0
450,	0
451,	2
452,	7
453,	11
454,	2
455,	4
456,	8
457,	10
458,	6
459,	0
460,	10
461,	4
462,	10
463,	8
464,	5
465,	0
466,	9
467,	5
468,	7
469,	2
470,	6
471,	8
472,	6
473,	1
474,	10
475,	9
476,	9
477,	2
478,	7
479,	11
480,	7
481,	4
482,	11
483,	3
484,	8
485,	9
486,	7
487,	7
488,	6
489,	4
490,	7
491,	9
492,	11
493,	7
494,	6
495,	9
496,	11
497,	7
498,	4
499,	7
