Instance: /home/gabriel/Documents/ufrgs/courses/oc/trab/instances/cmb02
Vertices: 1000
Colors: 10
NumIterations: 1
Alpha: 1.000000
Is Factible?: true
Conflicts: 0
Solution Value: 535019.187500
Vertex,	Color
0,	0
1,	1
2,	1
3,	0
4,	1
5,	0
6,	0
7,	1
8,	0
9,	0
10,	0
11,	0
12,	0
13,	1
14,	0
15,	0
16,	2
17,	0
18,	0
19,	1
20,	0
21,	0
22,	0
23,	0
24,	0
25,	0
26,	0
27,	0
28,	0
29,	1
30,	0
31,	2
32,	0
33,	0
34,	0
35,	1
36,	0
37,	0
38,	0
39,	1
40,	1
41,	1
42,	1
43,	0
44,	1
45,	1
46,	1
47,	0
48,	0
49,	0
50,	1
51,	1
52,	3
53,	0
54,	1
55,	0
56,	0
57,	0
58,	0
59,	0
60,	1
61,	1
62,	0
63,	0
64,	0
65,	1
66,	0
67,	0
68,	0
69,	0
70,	0
71,	2
72,	0
73,	2
74,	0
75,	1
76,	2
77,	1
78,	0
79,	0
80,	1
81,	2
82,	0
83,	0
84,	3
85,	2
86,	1
87,	0
88,	0
89,	0
90,	0
91,	1
92,	0
93,	1
94,	1
95,	0
96,	0
97,	0
98,	0
99,	0
100,	1
101,	0
102,	0
103,	0
104,	0
105,	0
106,	1
107,	0
108,	1
109,	0
110,	3
111,	0
112,	2
113,	0
114,	0
115,	3
116,	0
117,	2
118,	1
119,	0
120,	1
121,	1
122,	0
123,	2
124,	0
125,	0
126,	0
127,	0
128,	0
129,	0
130,	1
131,	0
132,	0
133,	0
134,	3
135,	0
136,	1
137,	1
138,	1
139,	1
140,	0
141,	0
142,	2
143,	2
144,	2
145,	0
146,	3
147,	1
148,	0
149,	0
150,	0
151,	1
152,	2
153,	1
154,	2
155,	2
156,	3
157,	0
158,	4
159,	0
160,	1
161,	4
162,	1
163,	1
164,	1
165,	1
166,	3
167,	0
168,	0
169,	1
170,	0
171,	3
172,	2
173,	2
174,	2
175,	3
176,	1
177,	0
178,	0
179,	2
180,	0
181,	0
182,	0
183,	1
184,	0
185,	1
186,	0
187,	2
188,	2
189,	2
190,	0
191,	2
192,	0
193,	2
194,	0
195,	1
196,	1
197,	1
198,	0
199,	0
200,	1
201,	0
202,	1
203,	1
204,	0
205,	1
206,	0
207,	1
208,	1
209,	1
210,	2
211,	1
212,	3
213,	0
214,	1
215,	1
216,	2
217,	3
218,	0
219,	1
220,	1
221,	1
222,	0
223,	1
224,	1
225,	0
226,	0
227,	0
228,	1
229,	3
230,	1
231,	0
232,	0
233,	1
234,	2
235,	0
236,	4
237,	0
238,	2
239,	0
240,	0
241,	2
242,	2
243,	1
244,	0
245,	1
246,	0
247,	0
248,	1
249,	1
250,	1
251,	1
252,	2
253,	0
254,	1
255,	0
256,	0
257,	2
258,	0
259,	0
260,	0
261,	5
262,	4
263,	6
264,	3
265,	0
266,	2
267,	0
268,	3
269,	2
270,	1
271,	2
272,	1
273,	1
274,	0
275,	2
276,	1
277,	1
278,	2
279,	2
280,	2
281,	1
282,	2
283,	1
284,	3
285,	0
286,	1
287,	1
288,	2
289,	3
290,	1
291,	1
292,	0
293,	0
294,	2
295,	2
296,	0
297,	5
298,	2
299,	2
300,	4
301,	2
302,	0
303,	3
304,	3
305,	0
306,	6
307,	2
308,	0
309,	1
310,	1
311,	3
312,	1
313,	0
314,	1
315,	3
316,	0
317,	0
318,	0
319,	1
320,	1
321,	1
322,	2
323,	1
324,	2
325,	1
326,	1
327,	1
328,	2
329,	1
330,	1
331,	2
332,	0
333,	2
334,	0
335,	3
336,	0
337,	1
338,	5
339,	0
340,	3
341,	7
342,	2
343,	1
344,	3
345,	1
346,	1
347,	3
348,	1
349,	2
350,	0
351,	0
352,	1
353,	1
354,	2
355,	1
356,	4
357,	0
358,	0
359,	2
360,	1
361,	1
362,	2
363,	1
364,	2
365,	2
366,	0
367,	0
368,	2
369,	1
370,	2
371,	4
372,	4
373,	2
374,	4
375,	2
376,	0
377,	1
378,	3
379,	5
380,	3
381,	1
382,	2
383,	1
384,	1
385,	1
386,	3
387,	4
388,	1
389,	1
390,	2
391,	2
392,	1
393,	1
394,	2
395,	2
396,	0
397,	1
398,	1
399,	0
400,	0
401,	2
402,	2
403,	1
404,	0
405,	2
406,	2
407,	0
408,	0
409,	3
410,	5
411,	0
412,	3
413,	0
414,	2
415,	1
416,	0
417,	4
418,	0
419,	4
420,	1
421,	1
422,	2
423,	1
424,	4
425,	2
426,	2
427,	0
428,	3
429,	1
430,	0
431,	1
432,	3
433,	2
434,	2
435,	2
436,	0
437,	3
438,	1
439,	3
440,	0
441,	5
442,	3
443,	2
444,	3
445,	1
446,	1
447,	5
448,	2
449,	2
450,	3
451,	0
452,	2
453,	1
454,	1
455,	2
456,	2
457,	1
458,	3
459,	3
460,	3
461,	0
462,	2
463,	4
464,	1
465,	1
466,	1
467,	2
468,	2
469,	1
470,	2
471,	6
472,	3
473,	3
474,	1
475,	2
476,	1
477,	1
478,	3
479,	1
480,	4
481,	1
482,	1
483,	2
484,	1
485,	2
486,	1
487,	0
488,	2
489,	3
490,	2
491,	4
492,	3
493,	2
494,	0
495,	0
496,	2
497,	2
498,	1
499,	5
500,	2
501,	1
502,	3
503,	3
504,	4
505,	3
506,	4
507,	2
508,	0
509,	0
510,	1
511,	6
512,	1
513,	5
514,	1
515,	2
516,	4
517,	4
518,	1
519,	3
520,	0
521,	1
522,	3
523,	5
524,	5
525,	2
526,	4
527,	3
528,	2
529,	2
530,	2
531,	0
532,	4
533,	3
534,	2
535,	2
536,	0
537,	0
538,	1
539,	3
540,	3
541,	2
542,	3
543,	2
544,	2
545,	1
546,	1
547,	5
548,	1
549,	0
550,	3
551,	2
552,	3
553,	2
554,	4
555,	3
556,	1
557,	3
558,	3
559,	1
560,	2
561,	3
562,	3
563,	1
564,	3
565,	2
566,	6
567,	2
568,	0
569,	2
570,	0
571,	3
572,	2
573,	3
574,	3
575,	4
576,	3
577,	2
578,	3
579,	1
580,	2
581,	2
582,	4
583,	2
584,	1
585,	2
586,	2
587,	4
588,	2
589,	2
590,	4
591,	3
592,	0
593,	1
594,	1
595,	5
596,	1
597,	3
598,	5
599,	5
600,	5
601,	3
602,	5
603,	3
604,	1
605,	4
606,	5
607,	4
608,	2
609,	4
610,	3
611,	3
612,	0
613,	0
614,	3
615,	2
616,	4
617,	3
618,	0
619,	5
620,	8
621,	3
622,	2
623,	0
624,	1
625,	3
626,	4
627,	4
628,	0
629,	3
630,	1
631,	6
632,	6
633,	5
634,	2
635,	4
636,	1
637,	7
638,	3
639,	1
640,	1
641,	2
642,	0
643,	2
644,	1
645,	5
646,	4
647,	3
648,	2
649,	2
650,	4
651,	4
652,	2
653,	2
654,	3
655,	1
656,	2
657,	3
658,	4
659,	4
660,	4
661,	3
662,	3
663,	1
664,	2
665,	1
666,	1
667,	7
668,	2
669,	1
670,	3
671,	1
672,	1
673,	3
674,	5
675,	1
676,	4
677,	3
678,	2
679,	4
680,	4
681,	5
682,	2
683,	5
684,	4
685,	2
686,	5
687,	5
688,	2
689,	4
690,	3
691,	2
692,	4
693,	1
694,	6
695,	4
696,	3
697,	4
698,	5
699,	5
700,	4
701,	0
702,	2
703,	0
704,	4
705,	7
706,	2
707,	3
708,	3
709,	4
710,	0
711,	5
712,	4
713,	4
714,	0
715,	2
716,	6
717,	1
718,	6
719,	4
720,	2
721,	3
722,	0
723,	3
724,	5
725,	3
726,	4
727,	4
728,	6
729,	2
730,	4
731,	4
732,	0
733,	6
734,	2
735,	1
736,	3
737,	1
738,	4
739,	6
740,	4
741,	0
742,	3
743,	3
744,	6
745,	5
746,	1
747,	3
748,	4
749,	3
750,	6
751,	4
752,	4
753,	5
754,	1
755,	2
756,	6
757,	2
758,	2
759,	1
760,	4
761,	5
762,	2
763,	1
764,	1
765,	6
766,	3
767,	4
768,	3
769,	0
770,	1
771,	0
772,	5
773,	2
774,	4
775,	7
776,	5
777,	1
778,	4
779,	0
780,	3
781,	2
782,	8
783,	8
784,	1
785,	3
786,	1
787,	5
788,	3
789,	6
790,	4
791,	5
792,	6
793,	0
794,	6
795,	2
796,	2
797,	4
798,	2
799,	6
800,	2
801,	5
802,	1
803,	1
804,	7
805,	4
806,	2
807,	2
808,	3
809,	6
810,	4
811,	4
812,	2
813,	6
814,	1
815,	4
816,	2
817,	4
818,	2
819,	0
820,	3
821,	4
822,	1
823,	0
824,	5
825,	7
826,	3
827,	4
828,	1
829,	2
830,	3
831,	2
832,	4
833,	5
834,	1
835,	0
836,	7
837,	2
838,	7
839,	5
840,	3
841,	0
842,	3
843,	3
844,	4
845,	3
846,	0
847,	4
848,	3
849,	8
850,	3
851,	7
852,	3
853,	3
854,	6
855,	7
856,	3
857,	2
858,	0
859,	0
860,	3
861,	6
862,	2
863,	2
864,	3
865,	5
866,	2
867,	4
868,	5
869,	4
870,	4
871,	3
872,	5
873,	3
874,	4
875,	4
876,	3
877,	3
878,	2
879,	5
880,	5
881,	6
882,	4
883,	0
884,	5
885,	2
886,	2
887,	1
888,	3
889,	0
890,	3
891,	1
892,	3
893,	3
894,	6
895,	3
896,	6
897,	5
898,	2
899,	2
900,	1
901,	4
902,	3
903,	3
904,	4
905,	2
906,	6
907,	3
908,	5
909,	6
910,	5
911,	6
912,	0
913,	1
914,	0
915,	3
916,	4
917,	4
918,	4
919,	6
920,	8
921,	3
922,	2
923,	5
924,	6
925,	3
926,	5
927,	0
928,	7
929,	4
930,	4
931,	0
932,	2
933,	2
934,	3
935,	5
936,	5
937,	4
938,	9
939,	4
940,	4
941,	4
942,	4
943,	7
944,	5
945,	2
946,	5
947,	4
948,	5
949,	5
950,	5
951,	4
952,	6
953,	4
954,	3
955,	5
956,	3
957,	1
958,	8
959,	3
960,	5
961,	3
962,	5
963,	6
964,	3
965,	3
966,	3
967,	4
968,	9
969,	4
970,	4
971,	4
972,	4
973,	1
974,	4
975,	5
976,	0
977,	3
978,	3
979,	3
980,	7
981,	5
982,	6
983,	2
984,	0
985,	2
986,	7
987,	3
988,	4
989,	6
990,	3
991,	5
992,	0
993,	5
994,	7
995,	8
996,	9
997,	4
998,	5
999,	2
