Instance: /home/gabriel/Documents/ufrgs/courses/oc/trab/instances/cmb10
Vertices: 4000
Colors: 82
NumIterations: 100000000
Alpha: 0.500000
Is Factible?: false
Conflicts: 336
Solution Value: 137081.171875
Initial Value: 137668.578125
Initial Conflicts: 827
Vertex,	Color
0,	4
1,	56
2,	81
3,	22
4,	42
5,	81
6,	19
7,	7
8,	35
9,	81
10,	67
11,	18
12,	79
13,	34
14,	73
15,	25
16,	22
17,	55
18,	24
19,	62
20,	34
21,	27
22,	39
23,	6
24,	10
25,	24
26,	55
27,	11
28,	3
29,	70
30,	7
31,	33
32,	45
33,	3
34,	81
35,	12
36,	16
37,	14
38,	5
39,	9
40,	48
41,	27
42,	59
43,	78
44,	14
45,	10
46,	1
47,	0
48,	35
49,	53
50,	2
51,	7
52,	81
53,	4
54,	3
55,	46
56,	64
57,	81
58,	64
59,	14
60,	2
61,	9
62,	6
63,	8
64,	59
65,	15
66,	61
67,	1
68,	43
69,	33
70,	73
71,	16
72,	3
73,	47
74,	33
75,	5
76,	22
77,	30
78,	78
79,	81
80,	4
81,	81
82,	33
83,	17
84,	2
85,	7
86,	55
87,	30
88,	48
89,	30
90,	68
91,	7
92,	35
93,	19
94,	43
95,	8
96,	1
97,	16
98,	61
99,	81
100,	16
101,	33
102,	25
103,	5
104,	81
105,	5
106,	14
107,	17
108,	12
109,	6
110,	27
111,	79
112,	21
113,	68
114,	60
115,	75
116,	26
117,	11
118,	18
119,	43
120,	60
121,	1
122,	27
123,	42
124,	60
125,	81
126,	2
127,	0
128,	61
129,	8
130,	22
131,	15
132,	74
133,	26
134,	81
135,	10
136,	51
137,	81
138,	70
139,	42
140,	3
141,	4
142,	9
143,	61
144,	48
145,	14
146,	45
147,	3
148,	24
149,	68
150,	27
151,	78
152,	51
153,	0
154,	32
155,	47
156,	39
157,	17
158,	21
159,	79
160,	62
161,	7
162,	18
163,	22
164,	12
165,	4
166,	20
167,	23
168,	4
169,	3
170,	11
171,	5
172,	20
173,	14
174,	8
175,	15
176,	5
177,	59
178,	0
179,	51
180,	22
181,	50
182,	14
183,	54
184,	42
185,	39
186,	68
187,	36
188,	29
189,	8
190,	32
191,	74
192,	42
193,	19
194,	16
195,	45
196,	37
197,	2
198,	57
199,	76
200,	11
201,	29
202,	24
203,	4
204,	22
205,	4
206,	19
207,	12
208,	55
209,	45
210,	79
211,	42
212,	42
213,	29
214,	58
215,	16
216,	15
217,	56
218,	27
219,	45
220,	8
221,	18
222,	38
223,	10
224,	0
225,	14
226,	16
227,	10
228,	20
229,	19
230,	0
231,	1
232,	23
233,	69
234,	37
235,	9
236,	57
237,	1
238,	45
239,	18
240,	0
241,	11
242,	21
243,	3
244,	42
245,	67
246,	17
247,	70
248,	1
249,	32
250,	59
251,	73
252,	30
253,	61
254,	11
255,	47
256,	28
257,	0
258,	48
259,	0
260,	43
261,	35
262,	69
263,	66
264,	53
265,	4
266,	48
267,	35
268,	20
269,	0
270,	20
271,	24
272,	1
273,	50
274,	2
275,	61
276,	28
277,	3
278,	3
279,	1
280,	49
281,	31
282,	6
283,	40
284,	21
285,	36
286,	78
287,	25
288,	81
289,	63
290,	3
291,	31
292,	19
293,	13
294,	10
295,	1
296,	39
297,	56
298,	8
299,	22
300,	7
301,	14
302,	14
303,	48
304,	8
305,	3
306,	4
307,	1
308,	6
309,	28
310,	15
311,	12
312,	18
313,	29
314,	8
315,	5
316,	30
317,	36
318,	37
319,	45
320,	59
321,	21
322,	3
323,	34
324,	22
325,	24
326,	10
327,	4
328,	0
329,	8
330,	8
331,	2
332,	46
333,	6
334,	15
335,	8
336,	73
337,	62
338,	10
339,	37
340,	3
341,	28
342,	44
343,	9
344,	38
345,	60
346,	2
347,	61
348,	45
349,	77
350,	14
351,	20
352,	20
353,	22
354,	71
355,	30
356,	45
357,	30
358,	41
359,	1
360,	34
361,	29
362,	2
363,	3
364,	13
365,	3
366,	4
367,	6
368,	81
369,	27
370,	69
371,	11
372,	7
373,	16
374,	14
375,	1
376,	70
377,	14
378,	46
379,	40
380,	6
381,	12
382,	3
383,	64
384,	3
385,	4
386,	0
387,	6
388,	11
389,	45
390,	42
391,	6
392,	3
393,	60
394,	64
395,	13
396,	59
397,	21
398,	32
399,	4
400,	32
401,	1
402,	5
403,	24
404,	67
405,	62
406,	54
407,	22
408,	16
409,	42
410,	28
411,	4
412,	20
413,	21
414,	29
415,	7
416,	41
417,	56
418,	35
419,	60
420,	4
421,	69
422,	20
423,	7
424,	13
425,	16
426,	33
427,	68
428,	81
429,	24
430,	70
431,	29
432,	1
433,	27
434,	42
435,	52
436,	29
437,	5
438,	24
439,	11
440,	3
441,	7
442,	5
443,	54
444,	46
445,	33
446,	27
447,	29
448,	12
449,	21
450,	21
451,	51
452,	48
453,	50
454,	35
455,	81
456,	57
457,	41
458,	31
459,	26
460,	57
461,	41
462,	50
463,	1
464,	36
465,	28
466,	25
467,	24
468,	7
469,	31
470,	27
471,	23
472,	26
473,	59
474,	1
475,	40
476,	3
477,	62
478,	9
479,	30
480,	11
481,	28
482,	47
483,	47
484,	6
485,	66
486,	12
487,	5
488,	36
489,	6
490,	43
491,	77
492,	48
493,	3
494,	2
495,	3
496,	13
497,	6
498,	6
499,	48
500,	41
501,	25
502,	67
503,	50
504,	43
505,	16
506,	59
507,	42
508,	79
509,	18
510,	23
511,	81
512,	9
513,	3
514,	11
515,	3
516,	0
517,	23
518,	45
519,	28
520,	12
521,	53
522,	0
523,	48
524,	51
525,	8
526,	27
527,	12
528,	18
529,	47
530,	5
531,	9
532,	81
533,	18
534,	19
535,	26
536,	46
537,	8
538,	3
539,	15
540,	12
541,	64
542,	12
543,	12
544,	14
545,	9
546,	0
547,	52
548,	16
549,	7
550,	33
551,	45
552,	21
553,	57
554,	4
555,	13
556,	48
557,	23
558,	35
559,	1
560,	3
561,	8
562,	1
563,	67
564,	38
565,	47
566,	32
567,	11
568,	48
569,	11
570,	2
571,	26
572,	11
573,	20
574,	20
575,	27
576,	11
577,	31
578,	49
579,	67
580,	49
581,	0
582,	1
583,	19
584,	12
585,	14
586,	5
587,	9
588,	14
589,	80
590,	45
591,	34
592,	0
593,	14
594,	32
595,	3
596,	25
597,	14
598,	10
599,	42
600,	64
601,	14
602,	32
603,	9
604,	33
605,	23
606,	12
607,	25
608,	19
609,	68
610,	41
611,	7
612,	5
613,	11
614,	15
615,	9
616,	21
617,	1
618,	10
619,	33
620,	17
621,	69
622,	4
623,	2
624,	24
625,	8
626,	10
627,	34
628,	12
629,	3
630,	51
631,	44
632,	54
633,	28
634,	77
635,	26
636,	43
637,	9
638,	60
639,	14
640,	11
641,	2
642,	2
643,	38
644,	32
645,	42
646,	2
647,	28
648,	14
649,	0
650,	25
651,	5
652,	49
653,	22
654,	2
655,	52
656,	17
657,	39
658,	19
659,	13
660,	58
661,	68
662,	24
663,	10
664,	42
665,	3
666,	39
667,	34
668,	4
669,	24
670,	20
671,	7
672,	67
673,	14
674,	11
675,	39
676,	50
677,	19
678,	5
679,	66
680,	4
681,	37
682,	75
683,	18
684,	12
685,	16
686,	0
687,	70
688,	0
689,	30
690,	27
691,	12
692,	8
693,	14
694,	6
695,	6
696,	42
697,	62
698,	30
699,	19
700,	25
701,	50
702,	66
703,	11
704,	28
705,	39
706,	56
707,	17
708,	9
709,	37
710,	9
711,	27
712,	18
713,	76
714,	45
715,	3
716,	35
717,	63
718,	8
719,	23
720,	6
721,	12
722,	50
723,	24
724,	30
725,	79
726,	20
727,	25
728,	34
729,	2
730,	29
731,	45
732,	43
733,	29
734,	6
735,	36
736,	27
737,	11
738,	68
739,	19
740,	35
741,	2
742,	31
743,	31
744,	13
745,	6
746,	0
747,	2
748,	9
749,	11
750,	7
751,	41
752,	42
753,	4
754,	16
755,	15
756,	1
757,	68
758,	12
759,	2
760,	37
761,	4
762,	17
763,	4
764,	19
765,	42
766,	4
767,	59
768,	47
769,	26
770,	23
771,	4
772,	18
773,	7
774,	32
775,	28
776,	1
777,	45
778,	81
779,	68
780,	14
781,	5
782,	42
783,	48
784,	12
785,	4
786,	23
787,	36
788,	34
789,	46
790,	47
791,	19
792,	9
793,	55
794,	0
795,	23
796,	17
797,	11
798,	2
799,	32
800,	69
801,	68
802,	77
803,	0
804,	13
805,	38
806,	5
807,	67
808,	9
809,	3
810,	79
811,	61
812,	48
813,	34
814,	75
815,	20
816,	28
817,	33
818,	55
819,	49
820,	55
821,	18
822,	66
823,	63
824,	6
825,	22
826,	55
827,	22
828,	65
829,	3
830,	8
831,	34
832,	9
833,	27
834,	2
835,	31
836,	2
837,	10
838,	23
839,	38
840,	8
841,	57
842,	20
843,	63
844,	13
845,	19
846,	39
847,	34
848,	42
849,	53
850,	24
851,	7
852,	0
853,	2
854,	71
855,	17
856,	42
857,	38
858,	75
859,	61
860,	61
861,	30
862,	36
863,	4
864,	33
865,	26
866,	11
867,	17
868,	49
869,	11
870,	20
871,	13
872,	0
873,	41
874,	21
875,	70
876,	2
877,	40
878,	0
879,	22
880,	53
881,	14
882,	51
883,	51
884,	4
885,	14
886,	17
887,	60
888,	10
889,	16
890,	56
891,	17
892,	49
893,	8
894,	27
895,	8
896,	0
897,	33
898,	38
899,	12
900,	22
901,	59
902,	31
903,	50
904,	4
905,	48
906,	27
907,	25
908,	26
909,	8
910,	20
911,	52
912,	64
913,	4
914,	37
915,	38
916,	4
917,	17
918,	35
919,	61
920,	6
921,	15
922,	45
923,	58
924,	18
925,	13
926,	11
927,	45
928,	22
929,	70
930,	56
931,	9
932,	37
933,	16
934,	41
935,	19
936,	75
937,	53
938,	65
939,	21
940,	25
941,	0
942,	41
943,	28
944,	7
945,	33
946,	8
947,	12
948,	68
949,	13
950,	26
951,	0
952,	21
953,	2
954,	5
955,	5
956,	40
957,	15
958,	23
959,	8
960,	35
961,	1
962,	1
963,	39
964,	54
965,	40
966,	45
967,	56
968,	41
969,	1
970,	22
971,	10
972,	5
973,	59
974,	45
975,	73
976,	55
977,	22
978,	2
979,	19
980,	4
981,	30
982,	27
983,	72
984,	7
985,	58
986,	10
987,	7
988,	39
989,	8
990,	27
991,	19
992,	23
993,	0
994,	9
995,	77
996,	47
997,	15
998,	20
999,	3
1000,	42
1001,	3
1002,	15
1003,	10
1004,	65
1005,	23
1006,	3
1007,	62
1008,	36
1009,	48
1010,	2
1011,	63
1012,	36
1013,	32
1014,	1
1015,	20
1016,	62
1017,	48
1018,	0
1019,	22
1020,	64
1021,	20
1022,	12
1023,	32
1024,	13
1025,	22
1026,	11
1027,	9
1028,	0
1029,	14
1030,	9
1031,	13
1032,	12
1033,	73
1034,	20
1035,	65
1036,	67
1037,	10
1038,	29
1039,	8
1040,	7
1041,	36
1042,	13
1043,	56
1044,	30
1045,	31
1046,	25
1047,	5
1048,	21
1049,	27
1050,	7
1051,	5
1052,	3
1053,	14
1054,	20
1055,	33
1056,	46
1057,	15
1058,	11
1059,	10
1060,	2
1061,	16
1062,	4
1063,	3
1064,	3
1065,	39
1066,	65
1067,	12
1068,	57
1069,	9
1070,	25
1071,	43
1072,	25
1073,	25
1074,	41
1075,	12
1076,	47
1077,	64
1078,	55
1079,	35
1080,	18
1081,	36
1082,	8
1083,	41
1084,	35
1085,	14
1086,	39
1087,	34
1088,	9
1089,	21
1090,	8
1091,	6
1092,	73
1093,	64
1094,	40
1095,	17
1096,	32
1097,	65
1098,	7
1099,	44
1100,	21
1101,	25
1102,	17
1103,	11
1104,	2
1105,	0
1106,	63
1107,	10
1108,	55
1109,	43
1110,	46
1111,	59
1112,	36
1113,	13
1114,	17
1115,	15
1116,	20
1117,	8
1118,	41
1119,	13
1120,	10
1121,	56
1122,	37
1123,	22
1124,	24
1125,	16
1126,	29
1127,	3
1128,	4
1129,	22
1130,	57
1131,	20
1132,	58
1133,	40
1134,	46
1135,	22
1136,	22
1137,	5
1138,	3
1139,	36
1140,	17
1141,	11
1142,	6
1143,	34
1144,	25
1145,	15
1146,	15
1147,	29
1148,	4
1149,	8
1150,	72
1151,	50
1152,	25
1153,	21
1154,	20
1155,	29
1156,	75
1157,	15
1158,	0
1159,	19
1160,	13
1161,	43
1162,	1
1163,	54
1164,	37
1165,	69
1166,	10
1167,	45
1168,	38
1169,	8
1170,	4
1171,	6
1172,	8
1173,	17
1174,	56
1175,	6
1176,	10
1177,	38
1178,	14
1179,	23
1180,	30
1181,	41
1182,	27
1183,	42
1184,	18
1185,	2
1186,	79
1187,	28
1188,	64
1189,	16
1190,	2
1191,	42
1192,	19
1193,	16
1194,	8
1195,	78
1196,	32
1197,	62
1198,	67
1199,	12
1200,	17
1201,	22
1202,	45
1203,	31
1204,	42
1205,	44
1206,	27
1207,	37
1208,	28
1209,	44
1210,	7
1211,	37
1212,	29
1213,	63
1214,	4
1215,	2
1216,	4
1217,	0
1218,	19
1219,	42
1220,	23
1221,	8
1222,	38
1223,	26
1224,	34
1225,	10
1226,	6
1227,	54
1228,	38
1229,	23
1230,	0
1231,	78
1232,	46
1233,	34
1234,	53
1235,	64
1236,	72
1237,	43
1238,	31
1239,	6
1240,	23
1241,	3
1242,	15
1243,	18
1244,	37
1245,	42
1246,	10
1247,	1
1248,	16
1249,	1
1250,	38
1251,	1
1252,	77
1253,	32
1254,	13
1255,	18
1256,	22
1257,	15
1258,	58
1259,	52
1260,	42
1261,	70
1262,	18
1263,	21
1264,	55
1265,	61
1266,	81
1267,	66
1268,	6
1269,	66
1270,	9
1271,	9
1272,	62
1273,	6
1274,	49
1275,	1
1276,	27
1277,	52
1278,	5
1279,	23
1280,	72
1281,	21
1282,	34
1283,	11
1284,	81
1285,	33
1286,	30
1287,	35
1288,	63
1289,	24
1290,	6
1291,	67
1292,	60
1293,	62
1294,	3
1295,	25
1296,	19
1297,	46
1298,	44
1299,	39
1300,	1
1301,	72
1302,	30
1303,	47
1304,	65
1305,	42
1306,	60
1307,	55
1308,	33
1309,	30
1310,	24
1311,	35
1312,	21
1313,	55
1314,	78
1315,	51
1316,	65
1317,	3
1318,	16
1319,	48
1320,	33
1321,	22
1322,	4
1323,	31
1324,	21
1325,	31
1326,	40
1327,	20
1328,	47
1329,	36
1330,	50
1331,	34
1332,	2
1333,	41
1334,	3
1335,	20
1336,	0
1337,	13
1338,	44
1339,	7
1340,	16
1341,	21
1342,	20
1343,	12
1344,	55
1345,	15
1346,	14
1347,	25
1348,	17
1349,	49
1350,	17
1351,	50
1352,	12
1353,	38
1354,	36
1355,	25
1356,	12
1357,	43
1358,	11
1359,	13
1360,	74
1361,	17
1362,	34
1363,	5
1364,	33
1365,	25
1366,	32
1367,	28
1368,	66
1369,	18
1370,	6
1371,	18
1372,	12
1373,	45
1374,	25
1375,	70
1376,	9
1377,	1
1378,	1
1379,	69
1380,	24
1381,	1
1382,	28
1383,	71
1384,	36
1385,	29
1386,	40
1387,	26
1388,	35
1389,	36
1390,	41
1391,	16
1392,	53
1393,	27
1394,	14
1395,	4
1396,	5
1397,	36
1398,	48
1399,	50
1400,	8
1401,	8
1402,	43
1403,	65
1404,	5
1405,	32
1406,	48
1407,	32
1408,	52
1409,	24
1410,	62
1411,	10
1412,	8
1413,	26
1414,	47
1415,	11
1416,	34
1417,	17
1418,	18
1419,	61
1420,	26
1421,	37
1422,	23
1423,	24
1424,	78
1425,	0
1426,	45
1427,	60
1428,	32
1429,	9
1430,	19
1431,	6
1432,	31
1433,	8
1434,	20
1435,	13
1436,	31
1437,	43
1438,	49
1439,	11
1440,	48
1441,	13
1442,	31
1443,	3
1444,	16
1445,	24
1446,	50
1447,	7
1448,	7
1449,	56
1450,	17
1451,	14
1452,	22
1453,	17
1454,	17
1455,	2
1456,	6
1457,	15
1458,	50
1459,	34
1460,	43
1461,	6
1462,	19
1463,	7
1464,	41
1465,	5
1466,	53
1467,	53
1468,	9
1469,	12
1470,	11
1471,	19
1472,	19
1473,	36
1474,	1
1475,	27
1476,	22
1477,	6
1478,	39
1479,	56
1480,	65
1481,	24
1482,	5
1483,	34
1484,	5
1485,	17
1486,	32
1487,	51
1488,	22
1489,	15
1490,	54
1491,	38
1492,	7
1493,	4
1494,	49
1495,	46
1496,	24
1497,	15
1498,	4
1499,	3
1500,	18
1501,	6
1502,	56
1503,	15
1504,	24
1505,	58
1506,	8
1507,	6
1508,	28
1509,	38
1510,	13
1511,	32
1512,	6
1513,	2
1514,	4
1515,	41
1516,	17
1517,	2
1518,	12
1519,	55
1520,	23
1521,	25
1522,	57
1523,	51
1524,	79
1525,	43
1526,	71
1527,	22
1528,	14
1529,	58
1530,	5
1531,	11
1532,	13
1533,	1
1534,	18
1535,	10
1536,	34
1537,	43
1538,	25
1539,	21
1540,	8
1541,	38
1542,	27
1543,	42
1544,	43
1545,	39
1546,	78
1547,	31
1548,	56
1549,	76
1550,	81
1551,	45
1552,	8
1553,	15
1554,	43
1555,	54
1556,	46
1557,	10
1558,	4
1559,	70
1560,	22
1561,	22
1562,	6
1563,	19
1564,	48
1565,	4
1566,	36
1567,	63
1568,	10
1569,	25
1570,	28
1571,	5
1572,	61
1573,	26
1574,	44
1575,	12
1576,	18
1577,	17
1578,	12
1579,	9
1580,	76
1581,	36
1582,	50
1583,	0
1584,	6
1585,	1
1586,	19
1587,	39
1588,	33
1589,	22
1590,	31
1591,	14
1592,	67
1593,	56
1594,	42
1595,	15
1596,	71
1597,	48
1598,	54
1599,	5
1600,	17
1601,	27
1602,	11
1603,	12
1604,	50
1605,	28
1606,	66
1607,	1
1608,	1
1609,	42
1610,	60
1611,	65
1612,	28
1613,	69
1614,	23
1615,	12
1616,	2
1617,	77
1618,	55
1619,	26
1620,	2
1621,	12
1622,	26
1623,	6
1624,	60
1625,	3
1626,	32
1627,	10
1628,	23
1629,	1
1630,	2
1631,	7
1632,	45
1633,	19
1634,	9
1635,	56
1636,	18
1637,	40
1638,	66
1639,	26
1640,	0
1641,	78
1642,	18
1643,	8
1644,	22
1645,	61
1646,	5
1647,	37
1648,	55
1649,	0
1650,	55
1651,	8
1652,	67
1653,	15
1654,	23
1655,	5
1656,	42
1657,	47
1658,	3
1659,	9
1660,	51
1661,	61
1662,	35
1663,	33
1664,	37
1665,	11
1666,	2
1667,	18
1668,	22
1669,	10
1670,	11
1671,	11
1672,	64
1673,	50
1674,	2
1675,	64
1676,	17
1677,	1
1678,	63
1679,	2
1680,	41
1681,	14
1682,	53
1683,	64
1684,	77
1685,	11
1686,	35
1687,	13
1688,	9
1689,	12
1690,	12
1691,	11
1692,	60
1693,	55
1694,	39
1695,	47
1696,	3
1697,	1
1698,	53
1699,	40
1700,	34
1701,	41
1702,	26
1703,	19
1704,	11
1705,	13
1706,	47
1707,	32
1708,	8
1709,	36
1710,	47
1711,	37
1712,	13
1713,	31
1714,	15
1715,	22
1716,	69
1717,	1
1718,	31
1719,	19
1720,	5
1721,	4
1722,	18
1723,	12
1724,	31
1725,	15
1726,	3
1727,	42
1728,	7
1729,	56
1730,	3
1731,	39
1732,	38
1733,	67
1734,	50
1735,	5
1736,	47
1737,	48
1738,	49
1739,	60
1740,	6
1741,	13
1742,	53
1743,	2
1744,	37
1745,	27
1746,	21
1747,	7
1748,	27
1749,	13
1750,	36
1751,	39
1752,	22
1753,	16
1754,	81
1755,	9
1756,	3
1757,	15
1758,	19
1759,	9
1760,	5
1761,	24
1762,	11
1763,	2
1764,	2
1765,	28
1766,	14
1767,	5
1768,	42
1769,	18
1770,	30
1771,	14
1772,	46
1773,	39
1774,	17
1775,	18
1776,	39
1777,	2
1778,	3
1779,	27
1780,	24
1781,	14
1782,	48
1783,	10
1784,	27
1785,	23
1786,	9
1787,	2
1788,	25
1789,	4
1790,	5
1791,	23
1792,	35
1793,	25
1794,	47
1795,	35
1796,	11
1797,	18
1798,	52
1799,	1
1800,	2
1801,	5
1802,	80
1803,	21
1804,	13
1805,	64
1806,	14
1807,	34
1808,	25
1809,	39
1810,	13
1811,	11
1812,	59
1813,	0
1814,	61
1815,	13
1816,	25
1817,	21
1818,	26
1819,	27
1820,	2
1821,	1
1822,	15
1823,	38
1824,	11
1825,	72
1826,	5
1827,	40
1828,	13
1829,	22
1830,	46
1831,	8
1832,	53
1833,	27
1834,	42
1835,	24
1836,	42
1837,	20
1838,	45
1839,	53
1840,	50
1841,	17
1842,	37
1843,	32
1844,	61
1845,	18
1846,	17
1847,	26
1848,	24
1849,	70
1850,	16
1851,	24
1852,	42
1853,	11
1854,	45
1855,	31
1856,	13
1857,	59
1858,	9
1859,	9
1860,	57
1861,	49
1862,	23
1863,	17
1864,	48
1865,	16
1866,	23
1867,	11
1868,	8
1869,	30
1870,	24
1871,	18
1872,	6
1873,	2
1874,	60
1875,	59
1876,	26
1877,	5
1878,	40
1879,	44
1880,	49
1881,	35
1882,	3
1883,	60
1884,	23
1885,	19
1886,	58
1887,	30
1888,	13
1889,	30
1890,	24
1891,	39
1892,	71
1893,	50
1894,	61
1895,	47
1896,	42
1897,	28
1898,	5
1899,	37
1900,	5
1901,	36
1902,	8
1903,	9
1904,	26
1905,	33
1906,	77
1907,	79
1908,	49
1909,	11
1910,	44
1911,	13
1912,	9
1913,	12
1914,	66
1915,	21
1916,	34
1917,	10
1918,	37
1919,	25
1920,	13
1921,	64
1922,	24
1923,	12
1924,	7
1925,	16
1926,	1
1927,	72
1928,	3
1929,	33
1930,	47
1931,	16
1932,	12
1933,	56
1934,	68
1935,	61
1936,	19
1937,	28
1938,	53
1939,	40
1940,	1
1941,	52
1942,	4
1943,	42
1944,	3
1945,	30
1946,	19
1947,	18
1948,	11
1949,	3
1950,	18
1951,	32
1952,	50
1953,	2
1954,	6
1955,	20
1956,	17
1957,	7
1958,	49
1959,	46
1960,	19
1961,	22
1962,	32
1963,	39
1964,	4
1965,	49
1966,	27
1967,	23
1968,	43
1969,	18
1970,	32
1971,	34
1972,	30
1973,	33
1974,	39
1975,	70
1976,	61
1977,	44
1978,	13
1979,	37
1980,	81
1981,	2
1982,	80
1983,	25
1984,	38
1985,	21
1986,	19
1987,	16
1988,	51
1989,	44
1990,	61
1991,	34
1992,	9
1993,	30
1994,	16
1995,	41
1996,	22
1997,	36
1998,	11
1999,	30
2000,	10
2001,	6
2002,	59
2003,	0
2004,	46
2005,	11
2006,	58
2007,	54
2008,	12
2009,	31
2010,	44
2011,	16
2012,	35
2013,	34
2014,	1
2015,	21
2016,	9
2017,	34
2018,	39
2019,	0
2020,	9
2021,	35
2022,	40
2023,	7
2024,	14
2025,	22
2026,	39
2027,	32
2028,	25
2029,	16
2030,	56
2031,	57
2032,	11
2033,	8
2034,	6
2035,	30
2036,	22
2037,	7
2038,	74
2039,	43
2040,	23
2041,	12
2042,	43
2043,	16
2044,	17
2045,	29
2046,	0
2047,	18
2048,	38
2049,	34
2050,	22
2051,	23
2052,	15
2053,	15
2054,	79
2055,	20
2056,	33
2057,	16
2058,	9
2059,	14
2060,	19
2061,	44
2062,	34
2063,	43
2064,	27
2065,	6
2066,	42
2067,	43
2068,	42
2069,	19
2070,	20
2071,	27
2072,	20
2073,	51
2074,	9
2075,	62
2076,	24
2077,	3
2078,	46
2079,	20
2080,	6
2081,	15
2082,	8
2083,	14
2084,	38
2085,	36
2086,	54
2087,	65
2088,	71
2089,	57
2090,	63
2091,	35
2092,	40
2093,	77
2094,	38
2095,	28
2096,	38
2097,	2
2098,	12
2099,	79
2100,	20
2101,	20
2102,	12
2103,	29
2104,	10
2105,	31
2106,	2
2107,	43
2108,	23
2109,	7
2110,	14
2111,	22
2112,	56
2113,	18
2114,	15
2115,	45
2116,	29
2117,	38
2118,	39
2119,	7
2120,	0
2121,	46
2122,	36
2123,	13
2124,	29
2125,	60
2126,	45
2127,	27
2128,	12
2129,	53
2130,	55
2131,	52
2132,	63
2133,	68
2134,	49
2135,	29
2136,	50
2137,	37
2138,	66
2139,	35
2140,	20
2141,	7
2142,	23
2143,	53
2144,	19
2145,	0
2146,	24
2147,	22
2148,	67
2149,	66
2150,	47
2151,	21
2152,	39
2153,	66
2154,	56
2155,	36
2156,	8
2157,	36
2158,	24
2159,	52
2160,	15
2161,	55
2162,	33
2163,	67
2164,	23
2165,	31
2166,	49
2167,	48
2168,	12
2169,	21
2170,	28
2171,	11
2172,	23
2173,	18
2174,	36
2175,	12
2176,	25
2177,	46
2178,	43
2179,	3
2180,	14
2181,	54
2182,	14
2183,	56
2184,	16
2185,	20
2186,	56
2187,	31
2188,	20
2189,	19
2190,	14
2191,	43
2192,	75
2193,	38
2194,	0
2195,	33
2196,	16
2197,	37
2198,	25
2199,	5
2200,	12
2201,	4
2202,	9
2203,	26
2204,	51
2205,	15
2206,	54
2207,	26
2208,	6
2209,	25
2210,	33
2211,	28
2212,	75
2213,	21
2214,	4
2215,	9
2216,	13
2217,	34
2218,	0
2219,	55
2220,	15
2221,	41
2222,	26
2223,	31
2224,	20
2225,	36
2226,	56
2227,	39
2228,	39
2229,	30
2230,	5
2231,	42
2232,	39
2233,	20
2234,	21
2235,	38
2236,	33
2237,	51
2238,	10
2239,	47
2240,	49
2241,	34
2242,	35
2243,	37
2244,	13
2245,	15
2246,	62
2247,	49
2248,	26
2249,	4
2250,	39
2251,	43
2252,	44
2253,	16
2254,	45
2255,	23
2256,	76
2257,	70
2258,	62
2259,	14
2260,	36
2261,	58
2262,	41
2263,	74
2264,	21
2265,	50
2266,	62
2267,	23
2268,	14
2269,	23
2270,	4
2271,	28
2272,	21
2273,	40
2274,	23
2275,	3
2276,	26
2277,	19
2278,	37
2279,	43
2280,	34
2281,	68
2282,	14
2283,	28
2284,	51
2285,	41
2286,	23
2287,	68
2288,	59
2289,	28
2290,	66
2291,	22
2292,	30
2293,	25
2294,	31
2295,	64
2296,	60
2297,	43
2298,	14
2299,	1
2300,	22
2301,	23
2302,	12
2303,	52
2304,	63
2305,	38
2306,	57
2307,	58
2308,	32
2309,	18
2310,	42
2311,	8
2312,	67
2313,	59
2314,	20
2315,	0
2316,	32
2317,	28
2318,	5
2319,	24
2320,	32
2321,	24
2322,	28
2323,	8
2324,	70
2325,	28
2326,	35
2327,	41
2328,	62
2329,	7
2330,	1
2331,	57
2332,	2
2333,	42
2334,	16
2335,	16
2336,	1
2337,	21
2338,	25
2339,	27
2340,	15
2341,	58
2342,	32
2343,	48
2344,	40
2345,	32
2346,	70
2347,	0
2348,	27
2349,	31
2350,	47
2351,	43
2352,	26
2353,	15
2354,	24
2355,	45
2356,	20
2357,	46
2358,	55
2359,	23
2360,	65
2361,	36
2362,	71
2363,	39
2364,	44
2365,	71
2366,	38
2367,	34
2368,	33
2369,	18
2370,	15
2371,	35
2372,	36
2373,	60
2374,	31
2375,	27
2376,	70
2377,	22
2378,	36
2379,	26
2380,	20
2381,	44
2382,	71
2383,	52
2384,	25
2385,	55
2386,	32
2387,	59
2388,	31
2389,	26
2390,	40
2391,	69
2392,	41
2393,	26
2394,	65
2395,	13
2396,	7
2397,	36
2398,	19
2399,	76
2400,	22
2401,	50
2402,	47
2403,	79
2404,	37
2405,	30
2406,	29
2407,	29
2408,	40
2409,	60
2410,	29
2411,	7
2412,	37
2413,	27
2414,	47
2415,	81
2416,	73
2417,	66
2418,	64
2419,	53
2420,	12
2421,	31
2422,	23
2423,	32
2424,	18
2425,	28
2426,	14
2427,	12
2428,	72
2429,	77
2430,	63
2431,	27
2432,	23
2433,	41
2434,	7
2435,	38
2436,	64
2437,	50
2438,	31
2439,	2
2440,	27
2441,	8
2442,	21
2443,	15
2444,	23
2445,	74
2446,	55
2447,	21
2448,	42
2449,	18
2450,	20
2451,	39
2452,	74
2453,	28
2454,	53
2455,	18
2456,	54
2457,	28
2458,	11
2459,	46
2460,	66
2461,	53
2462,	16
2463,	23
2464,	54
2465,	67
2466,	33
2467,	29
2468,	5
2469,	79
2470,	46
2471,	28
2472,	13
2473,	25
2474,	28
2475,	11
2476,	3
2477,	71
2478,	35
2479,	44
2480,	51
2481,	33
2482,	34
2483,	39
2484,	47
2485,	39
2486,	43
2487,	71
2488,	22
2489,	20
2490,	26
2491,	24
2492,	28
2493,	31
2494,	9
2495,	41
2496,	34
2497,	33
2498,	30
2499,	77
2500,	18
2501,	45
2502,	57
2503,	27
2504,	8
2505,	27
2506,	25
2507,	28
2508,	26
2509,	25
2510,	1
2511,	48
2512,	44
2513,	72
2514,	21
2515,	10
2516,	14
2517,	44
2518,	30
2519,	33
2520,	16
2521,	73
2522,	31
2523,	47
2524,	61
2525,	46
2526,	39
2527,	50
2528,	30
2529,	37
2530,	19
2531,	64
2532,	42
2533,	53
2534,	23
2535,	51
2536,	79
2537,	41
2538,	63
2539,	30
2540,	35
2541,	73
2542,	19
2543,	72
2544,	30
2545,	78
2546,	12
2547,	50
2548,	45
2549,	49
2550,	44
2551,	38
2552,	63
2553,	68
2554,	20
2555,	44
2556,	48
2557,	22
2558,	51
2559,	49
2560,	41
2561,	36
2562,	29
2563,	55
2564,	25
2565,	5
2566,	44
2567,	47
2568,	42
2569,	35
2570,	32
2571,	35
2572,	4
2573,	51
2574,	70
2575,	43
2576,	41
2577,	8
2578,	41
2579,	49
2580,	53
2581,	30
2582,	29
2583,	29
2584,	71
2585,	24
2586,	34
2587,	25
2588,	26
2589,	46
2590,	43
2591,	31
2592,	31
2593,	35
2594,	40
2595,	34
2596,	49
2597,	79
2598,	63
2599,	39
2600,	50
2601,	31
2602,	23
2603,	50
2604,	10
2605,	43
2606,	48
2607,	37
2608,	6
2609,	30
2610,	77
2611,	30
2612,	4
2613,	54
2614,	36
2615,	68
2616,	12
2617,	6
2618,	17
2619,	21
2620,	62
2621,	57
2622,	80
2623,	31
2624,	14
2625,	10
2626,	72
2627,	50
2628,	4
2629,	38
2630,	52
2631,	38
2632,	57
2633,	10
2634,	16
2635,	49
2636,	24
2637,	50
2638,	28
2639,	46
2640,	41
2641,	18
2642,	65
2643,	63
2644,	50
2645,	5
2646,	37
2647,	44
2648,	23
2649,	26
2650,	67
2651,	26
2652,	30
2653,	34
2654,	71
2655,	68
2656,	33
2657,	40
2658,	29
2659,	2
2660,	41
2661,	58
2662,	62
2663,	40
2664,	33
2665,	48
2666,	35
2667,	30
2668,	37
2669,	59
2670,	79
2671,	37
2672,	37
2673,	7
2674,	54
2675,	15
2676,	31
2677,	37
2678,	52
2679,	27
2680,	64
2681,	37
2682,	12
2683,	53
2684,	58
2685,	46
2686,	62
2687,	28
2688,	51
2689,	13
2690,	45
2691,	38
2692,	32
2693,	61
2694,	43
2695,	48
2696,	53
2697,	27
2698,	33
2699,	56
2700,	40
2701,	70
2702,	29
2703,	3
2704,	50
2705,	61
2706,	52
2707,	51
2708,	32
2709,	78
2710,	61
2711,	30
2712,	66
2713,	48
2714,	57
2715,	26
2716,	22
2717,	54
2718,	28
2719,	29
2720,	28
2721,	42
2722,	39
2723,	15
2724,	73
2725,	29
2726,	46
2727,	41
2728,	74
2729,	41
2730,	42
2731,	46
2732,	22
2733,	14
2734,	49
2735,	17
2736,	51
2737,	27
2738,	44
2739,	12
2740,	38
2741,	44
2742,	67
2743,	38
2744,	43
2745,	13
2746,	66
2747,	54
2748,	33
2749,	36
2750,	41
2751,	30
2752,	15
2753,	54
2754,	54
2755,	31
2756,	22
2757,	72
2758,	45
2759,	40
2760,	31
2761,	21
2762,	72
2763,	18
2764,	39
2765,	47
2766,	38
2767,	69
2768,	51
2769,	38
2770,	63
2771,	29
2772,	77
2773,	37
2774,	38
2775,	59
2776,	62
2777,	42
2778,	45
2779,	40
2780,	32
2781,	46
2782,	0
2783,	42
2784,	29
2785,	38
2786,	54
2787,	50
2788,	30
2789,	28
2790,	5
2791,	68
2792,	60
2793,	40
2794,	64
2795,	58
2796,	44
2797,	30
2798,	50
2799,	45
2800,	30
2801,	52
2802,	70
2803,	39
2804,	33
2805,	60
2806,	51
2807,	39
2808,	5
2809,	1
2810,	46
2811,	50
2812,	81
2813,	60
2814,	33
2815,	44
2816,	0
2817,	55
2818,	78
2819,	67
2820,	34
2821,	30
2822,	45
2823,	51
2824,	62
2825,	52
2826,	62
2827,	35
2828,	67
2829,	32
2830,	10
2831,	44
2832,	62
2833,	60
2834,	70
2835,	44
2836,	37
2837,	70
2838,	52
2839,	46
2840,	42
2841,	37
2842,	21
2843,	53
2844,	34
2845,	26
2846,	65
2847,	57
2848,	43
2849,	42
2850,	61
2851,	50
2852,	70
2853,	57
2854,	64
2855,	3
2856,	76
2857,	25
2858,	35
2859,	41
2860,	16
2861,	31
2862,	55
2863,	51
2864,	24
2865,	38
2866,	51
2867,	74
2868,	37
2869,	41
2870,	40
2871,	58
2872,	73
2873,	37
2874,	32
2875,	4
2876,	37
2877,	33
2878,	58
2879,	42
2880,	72
2881,	52
2882,	58
2883,	21
2884,	50
2885,	52
2886,	45
2887,	40
2888,	14
2889,	57
2890,	67
2891,	57
2892,	7
2893,	50
2894,	55
2895,	51
2896,	11
2897,	35
2898,	27
2899,	41
2900,	69
2901,	37
2902,	39
2903,	52
2904,	1
2905,	74
2906,	69
2907,	53
2908,	56
2909,	1
2910,	36
2911,	38
2912,	45
2913,	17
2914,	44
2915,	27
2916,	77
2917,	56
2918,	69
2919,	46
2920,	48
2921,	25
2922,	63
2923,	56
2924,	40
2925,	5
2926,	8
2927,	57
2928,	52
2929,	43
2930,	60
2931,	50
2932,	72
2933,	61
2934,	54
2935,	13
2936,	0
2937,	41
2938,	46
2939,	29
2940,	25
2941,	66
2942,	45
2943,	60
2944,	62
2945,	0
2946,	65
2947,	59
2948,	38
2949,	35
2950,	58
2951,	71
2952,	1
2953,	49
2954,	77
2955,	60
2956,	57
2957,	52
2958,	41
2959,	64
2960,	12
2961,	34
2962,	6
2963,	33
2964,	0
2965,	62
2966,	10
2967,	44
2968,	44
2969,	43
2970,	65
2971,	43
2972,	51
2973,	58
2974,	69
2975,	53
2976,	46
2977,	49
2978,	56
2979,	48
2980,	4
2981,	80
2982,	67
2983,	1
2984,	64
2985,	64
2986,	58
2987,	63
2988,	38
2989,	48
2990,	65
2991,	48
2992,	56
2993,	72
2994,	53
2995,	81
2996,	43
2997,	27
2998,	59
2999,	35
3000,	59
3001,	55
3002,	50
3003,	54
3004,	63
3005,	40
3006,	76
3007,	26
3008,	46
3009,	51
3010,	75
3011,	42
3012,	59
3013,	53
3014,	61
3015,	57
3016,	77
3017,	54
3018,	71
3019,	47
3020,	46
3021,	45
3022,	59
3023,	47
3024,	49
3025,	57
3026,	58
3027,	62
3028,	63
3029,	49
3030,	73
3031,	61
3032,	53
3033,	44
3034,	55
3035,	31
3036,	33
3037,	78
3038,	51
3039,	37
3040,	72
3041,	5
3042,	42
3043,	54
3044,	49
3045,	57
3046,	57
3047,	65
3048,	59
3049,	54
3050,	38
3051,	63
3052,	40
3053,	56
3054,	52
3055,	66
3056,	65
3057,	76
3058,	52
3059,	59
3060,	41
3061,	72
3062,	47
3063,	44
3064,	44
3065,	19
3066,	61
3067,	7
3068,	1
3069,	48
3070,	78
3071,	27
3072,	3
3073,	52
3074,	59
3075,	74
3076,	69
3077,	68
3078,	59
3079,	49
3080,	57
3081,	16
3082,	52
3083,	18
3084,	58
3085,	72
3086,	19
3087,	48
3088,	71
3089,	43
3090,	79
3091,	27
3092,	41
3093,	54
3094,	36
3095,	68
3096,	45
3097,	72
3098,	50
3099,	50
3100,	60
3101,	43
3102,	53
3103,	67
3104,	76
3105,	38
3106,	58
3107,	40
3108,	64
3109,	48
3110,	60
3111,	70
3112,	56
3113,	60
3114,	80
3115,	53
3116,	51
3117,	75
3118,	45
3119,	65
3120,	57
3121,	34
3122,	33
3123,	68
3124,	66
3125,	61
3126,	52
3127,	46
3128,	39
3129,	71
3130,	54
3131,	43
3132,	37
3133,	68
3134,	55
3135,	56
3136,	59
3137,	34
3138,	67
3139,	54
3140,	67
3141,	57
3142,	63
3143,	69
3144,	40
3145,	57
3146,	29
3147,	76
3148,	39
3149,	80
3150,	49
3151,	64
3152,	78
3153,	67
3154,	80
3155,	3
3156,	50
3157,	66
3158,	40
3159,	70
3160,	81
3161,	47
3162,	63
3163,	79
3164,	74
3165,	21
3166,	59
3167,	81
3168,	5
3169,	3
3170,	52
3171,	45
3172,	59
3173,	54
3174,	69
3175,	67
3176,	70
3177,	62
3178,	71
3179,	63
3180,	51
3181,	68
3182,	2
3183,	45
3184,	65
3185,	57
3186,	54
3187,	55
3188,	60
3189,	79
3190,	29
3191,	65
3192,	45
3193,	68
3194,	56
3195,	47
3196,	80
3197,	63
3198,	26
3199,	63
3200,	60
3201,	49
3202,	54
3203,	45
3204,	66
3205,	51
3206,	15
3207,	35
3208,	33
3209,	73
3210,	66
3211,	20
3212,	67
3213,	47
3214,	73
3215,	65
3216,	46
3217,	11
3218,	42
3219,	58
3220,	67
3221,	49
3222,	47
3223,	75
3224,	75
3225,	54
3226,	9
3227,	54
3228,	49
3229,	0
3230,	58
3231,	63
3232,	34
3233,	16
3234,	5
3235,	49
3236,	40
3237,	58
3238,	70
3239,	50
3240,	16
3241,	80
3242,	68
3243,	57
3244,	72
3245,	0
3246,	1
3247,	46
3248,	77
3249,	71
3250,	12
3251,	70
3252,	7
3253,	37
3254,	76
3255,	81
3256,	71
3257,	52
3258,	66
3259,	62
3260,	9
3261,	55
3262,	62
3263,	59
3264,	64
3265,	70
3266,	76
3267,	58
3268,	10
3269,	69
3270,	69
3271,	57
3272,	53
3273,	59
3274,	66
3275,	77
3276,	40
3277,	80
3278,	72
3279,	33
3280,	41
3281,	59
3282,	70
3283,	61
3284,	50
3285,	50
3286,	60
3287,	56
3288,	63
3289,	10
3290,	60
3291,	60
3292,	78
3293,	74
3294,	36
3295,	58
3296,	42
3297,	63
3298,	74
3299,	61
3300,	74
3301,	75
3302,	66
3303,	56
3304,	78
3305,	48
3306,	65
3307,	61
3308,	61
3309,	71
3310,	61
3311,	63
3312,	1
3313,	33
3314,	64
3315,	52
3316,	74
3317,	69
3318,	45
3319,	75
3320,	24
3321,	29
3322,	31
3323,	80
3324,	71
3325,	35
3326,	75
3327,	80
3328,	68
3329,	59
3330,	78
3331,	71
3332,	78
3333,	44
3334,	66
3335,	11
3336,	67
3337,	56
3338,	74
3339,	14
3340,	74
3341,	68
3342,	52
3343,	56
3344,	49
3345,	54
3346,	48
3347,	2
3348,	1
3349,	80
3350,	72
3351,	67
3352,	70
3353,	55
3354,	81
3355,	4
3356,	66
3357,	58
3358,	72
3359,	62
3360,	54
3361,	71
3362,	65
3363,	10
3364,	75
3365,	36
3366,	78
3367,	65
3368,	80
3369,	17
3370,	76
3371,	41
3372,	54
3373,	42
3374,	65
3375,	65
3376,	71
3377,	46
3378,	26
3379,	41
3380,	73
3381,	69
3382,	75
3383,	69
3384,	68
3385,	13
3386,	5
3387,	52
3388,	75
3389,	79
3390,	67
3391,	52
3392,	76
3393,	77
3394,	9
3395,	26
3396,	55
3397,	1
3398,	62
3399,	56
3400,	62
3401,	56
3402,	58
3403,	57
3404,	6
3405,	71
3406,	61
3407,	37
3408,	62
3409,	80
3410,	71
3411,	67
3412,	63
3413,	10
3414,	76
3415,	74
3416,	70
3417,	39
3418,	64
3419,	36
3420,	65
3421,	76
3422,	32
3423,	80
3424,	73
3425,	73
3426,	71
3427,	70
3428,	67
3429,	7
3430,	61
3431,	59
3432,	72
3433,	70
3434,	13
3435,	80
3436,	13
3437,	58
3438,	45
3439,	0
3440,	23
3441,	66
3442,	61
3443,	18
3444,	20
3445,	73
3446,	74
3447,	72
3448,	14
3449,	57
3450,	73
3451,	75
3452,	59
3453,	59
3454,	75
3455,	66
3456,	0
3457,	10
3458,	24
3459,	68
3460,	12
3461,	74
3462,	10
3463,	46
3464,	0
3465,	64
3466,	29
3467,	70
3468,	1
3469,	53
3470,	14
3471,	73
3472,	68
3473,	49
3474,	55
3475,	63
3476,	48
3477,	63
3478,	67
3479,	26
3480,	75
3481,	79
3482,	60
3483,	47
3484,	75
3485,	75
3486,	70
3487,	79
3488,	73
3489,	67
3490,	14
3491,	63
3492,	69
3493,	68
3494,	63
3495,	53
3496,	3
3497,	13
3498,	74
3499,	81
3500,	62
3501,	70
3502,	67
3503,	78
3504,	72
3505,	67
3506,	75
3507,	74
3508,	43
3509,	36
3510,	71
3511,	80
3512,	45
3513,	17
3514,	0
3515,	71
3516,	75
3517,	69
3518,	47
3519,	66
3520,	62
3521,	23
3522,	73
3523,	75
3524,	75
3525,	78
3526,	77
3527,	78
3528,	33
3529,	77
3530,	65
3531,	65
3532,	70
3533,	15
3534,	76
3535,	70
3536,	79
3537,	74
3538,	6
3539,	66
3540,	60
3541,	75
3542,	60
3543,	81
3544,	28
3545,	67
3546,	39
3547,	66
3548,	72
3549,	73
3550,	65
3551,	80
3552,	13
3553,	35
3554,	46
3555,	64
3556,	64
3557,	77
3558,	74
3559,	47
3560,	73
3561,	80
3562,	69
3563,	78
3564,	79
3565,	71
3566,	81
3567,	60
3568,	78
3569,	73
3570,	53
3571,	75
3572,	74
3573,	18
3574,	66
3575,	77
3576,	64
3577,	62
3578,	0
3579,	76
3580,	78
3581,	44
3582,	6
3583,	69
3584,	22
3585,	17
3586,	35
3587,	77
3588,	32
3589,	79
3590,	79
3591,	77
3592,	77
3593,	80
3594,	68
3595,	0
3596,	67
3597,	67
3598,	77
3599,	76
3600,	35
3601,	66
3602,	45
3603,	73
3604,	30
3605,	69
3606,	75
3607,	69
3608,	31
3609,	79
3610,	27
3611,	59
3612,	79
3613,	81
3614,	20
3615,	75
3616,	70
3617,	72
3618,	9
3619,	7
3620,	40
3621,	63
3622,	72
3623,	80
3624,	80
3625,	81
3626,	6
3627,	73
3628,	49
3629,	77
3630,	64
3631,	33
3632,	1
3633,	26
3634,	68
3635,	74
3636,	22
3637,	57
3638,	70
3639,	69
3640,	26
3641,	61
3642,	15
3643,	60
3644,	6
3645,	59
3646,	2
3647,	77
3648,	81
3649,	62
3650,	69
3651,	63
3652,	56
3653,	40
3654,	61
3655,	72
3656,	24
3657,	53
3658,	38
3659,	74
3660,	41
3661,	76
3662,	78
3663,	63
3664,	78
3665,	79
3666,	80
3667,	76
3668,	73
3669,	77
3670,	60
3671,	74
3672,	76
3673,	73
3674,	51
3675,	15
3676,	75
3677,	78
3678,	51
3679,	79
3680,	52
3681,	70
3682,	76
3683,	13
3684,	80
3685,	81
3686,	62
3687,	30
3688,	59
3689,	2
3690,	76
3691,	59
3692,	72
3693,	74
3694,	73
3695,	65
3696,	54
3697,	81
3698,	17
3699,	51
3700,	78
3701,	58
3702,	76
3703,	72
3704,	65
3705,	73
3706,	47
3707,	75
3708,	56
3709,	57
3710,	79
3711,	79
3712,	2
3713,	80
3714,	54
3715,	81
3716,	3
3717,	74
3718,	73
3719,	76
3720,	66
3721,	67
3722,	78
3723,	71
3724,	74
3725,	24
3726,	61
3727,	79
3728,	76
3729,	14
3730,	9
3731,	25
3732,	74
3733,	18
3734,	52
3735,	59
3736,	77
3737,	31
3738,	65
3739,	58
3740,	29
3741,	13
3742,	80
3743,	64
3744,	79
3745,	58
3746,	8
3747,	40
3748,	79
3749,	74
3750,	81
3751,	18
3752,	66
3753,	81
3754,	1
3755,	71
3756,	80
3757,	10
3758,	55
3759,	79
3760,	63
3761,	78
3762,	76
3763,	69
3764,	44
3765,	81
3766,	80
3767,	53
3768,	0
3769,	79
3770,	75
3771,	80
3772,	34
3773,	65
3774,	78
3775,	32
3776,	72
3777,	73
3778,	78
3779,	51
3780,	17
3781,	4
3782,	73
3783,	45
3784,	59
3785,	73
3786,	6
3787,	55
3788,	1
3789,	70
3790,	77
3791,	16
3792,	44
3793,	66
3794,	68
3795,	71
3796,	16
3797,	57
3798,	71
3799,	69
3800,	19
3801,	80
3802,	4
3803,	81
3804,	75
3805,	81
3806,	73
3807,	69
3808,	56
3809,	2
3810,	73
3811,	76
3812,	76
3813,	4
3814,	66
3815,	74
3816,	7
3817,	51
3818,	72
3819,	58
3820,	76
3821,	47
3822,	48
3823,	31
3824,	80
3825,	55
3826,	78
3827,	65
3828,	61
3829,	70
3830,	66
3831,	30
3832,	14
3833,	18
3834,	76
3835,	69
3836,	33
3837,	72
3838,	40
3839,	70
3840,	29
3841,	60
3842,	64
3843,	7
3844,	81
3845,	55
3846,	77
3847,	78
3848,	9
3849,	62
3850,	54
3851,	14
3852,	6
3853,	74
3854,	66
3855,	75
3856,	79
3857,	52
3858,	49
3859,	66
3860,	81
3861,	68
3862,	59
3863,	72
3864,	75
3865,	51
3866,	63
3867,	34
3868,	49
3869,	8
3870,	44
3871,	57
3872,	69
3873,	52
3874,	79
3875,	17
3876,	63
3877,	76
3878,	81
3879,	8
3880,	76
3881,	76
3882,	81
3883,	62
3884,	57
3885,	16
3886,	72
3887,	53
3888,	77
3889,	3
3890,	18
3891,	62
3892,	1
3893,	65
3894,	72
3895,	51
3896,	81
3897,	52
3898,	58
3899,	39
3900,	44
3901,	73
3902,	67
3903,	0
3904,	80
3905,	70
3906,	21
3907,	47
3908,	52
3909,	37
3910,	35
3911,	74
3912,	69
3913,	54
3914,	68
3915,	16
3916,	59
3917,	26
3918,	68
3919,	7
3920,	68
3921,	53
3922,	64
3923,	6
3924,	52
3925,	73
3926,	15
3927,	7
3928,	39
3929,	78
3930,	78
3931,	71
3932,	48
3933,	69
3934,	54
3935,	80
3936,	77
3937,	46
3938,	27
3939,	38
3940,	76
3941,	60
3942,	4
3943,	19
3944,	53
3945,	28
3946,	19
3947,	71
3948,	65
3949,	73
3950,	49
3951,	75
3952,	74
3953,	58
3954,	57
3955,	0
3956,	33
3957,	12
3958,	30
3959,	75
3960,	7
3961,	56
3962,	40
3963,	16
3964,	3
3965,	32
3966,	70
3967,	69
3968,	46
3969,	79
3970,	51
3971,	61
3972,	62
3973,	16
3974,	64
3975,	71
3976,	38
3977,	20
3978,	44
3979,	68
3980,	9
3981,	51
3982,	58
3983,	73
3984,	10
3985,	75
3986,	5
3987,	81
3988,	77
3989,	24
3990,	16
3991,	4
3992,	21
3993,	17
3994,	45
3995,	78
3996,	63
3997,	26
3998,	81
3999,	16
