Instance: /home/gabriel/Documents/ufrgs/courses/oc/trab/instances/cmb01
Vertices: 500
Colors: 12
NumIterations: 1410065408
Alpha: 0.850000
Is Factible?: false
Conflicts: 1
Solution Value: 152960.921875
Initial Value: 152960.921875
Initial Conflicts: 15
Vertex,	Color
0,	1
1,	0
2,	2
3,	0
4,	0
5,	0
6,	2
7,	0
8,	0
9,	4
10,	2
11,	0
12,	1
13,	0
14,	0
15,	3
16,	2
17,	3
18,	2
19,	1
20,	0
21,	1
22,	0
23,	4
24,	0
25,	1
26,	0
27,	0
28,	0
29,	0
30,	0
31,	0
32,	2
33,	0
34,	4
35,	0
36,	3
37,	0
38,	2
39,	0
40,	1
41,	1
42,	1
43,	0
44,	3
45,	2
46,	2
47,	2
48,	8
49,	1
50,	3
51,	0
52,	0
53,	2
54,	1
55,	0
56,	2
57,	3
58,	2
59,	0
60,	0
61,	0
62,	0
63,	2
64,	1
65,	1
66,	0
67,	1
68,	4
69,	0
70,	3
71,	1
72,	1
73,	0
74,	5
75,	0
76,	1
77,	3
78,	1
79,	3
80,	4
81,	6
82,	1
83,	3
84,	1
85,	0
86,	1
87,	1
88,	3
89,	1
90,	3
91,	3
92,	0
93,	2
94,	3
95,	0
96,	2
97,	1
98,	1
99,	6
100,	8
101,	2
102,	0
103,	7
104,	1
105,	4
106,	1
107,	3
108,	1
109,	1
110,	2
111,	6
112,	0
113,	5
114,	1
115,	4
116,	1
117,	1
118,	0
119,	2
120,	3
121,	1
122,	2
123,	3
124,	3
125,	2
126,	3
127,	1
128,	1
129,	4
130,	1
131,	0
132,	2
133,	1
134,	3
135,	1
136,	1
137,	2
138,	0
139,	1
140,	2
141,	1
142,	2
143,	1
144,	5
145,	1
146,	4
147,	3
148,	5
149,	0
150,	4
151,	4
152,	0
153,	1
154,	3
155,	3
156,	0
157,	2
158,	3
159,	3
160,	4
161,	5
162,	5
163,	5
164,	6
165,	5
166,	2
167,	1
168,	4
169,	1
170,	4
171,	3
172,	2
173,	1
174,	5
175,	1
176,	3
177,	9
178,	5
179,	6
180,	2
181,	3
182,	9
183,	7
184,	3
185,	4
186,	4
187,	0
188,	2
189,	6
190,	5
191,	3
192,	1
193,	2
194,	2
195,	4
196,	2
197,	4
198,	8
199,	2
200,	0
201,	3
202,	4
203,	5
204,	4
205,	2
206,	3
207,	6
208,	1
209,	6
210,	4
211,	3
212,	8
213,	5
214,	3
215,	3
216,	4
217,	3
218,	6
219,	6
220,	7
221,	0
222,	5
223,	2
224,	3
225,	0
226,	4
227,	5
228,	0
229,	4
230,	2
231,	6
232,	6
233,	4
234,	2
235,	5
236,	7
237,	5
238,	1
239,	2
240,	0
241,	1
242,	6
243,	2
244,	7
245,	1
246,	3
247,	6
248,	5
249,	3
250,	3
251,	6
252,	2
253,	3
254,	9
255,	4
256,	4
257,	2
258,	4
259,	2
260,	6
261,	3
262,	6
263,	10
264,	4
265,	2
266,	6
267,	5
268,	5
269,	7
270,	7
271,	3
272,	5
273,	7
274,	10
275,	3
276,	5
277,	6
278,	4
279,	2
280,	1
281,	4
282,	7
283,	3
284,	3
285,	4
286,	4
287,	5
288,	5
289,	4
290,	1
291,	3
292,	7
293,	2
294,	0
295,	3
296,	1
297,	4
298,	5
299,	3
300,	3
301,	2
302,	7
303,	3
304,	2
305,	2
306,	2
307,	7
308,	3
309,	6
310,	7
311,	1
312,	1
313,	7
314,	6
315,	5
316,	6
317,	0
318,	1
319,	2
320,	4
321,	4
322,	7
323,	6
324,	7
325,	5
326,	2
327,	5
328,	6
329,	6
330,	0
331,	5
332,	4
333,	7
334,	8
335,	5
336,	6
337,	8
338,	5
339,	1
340,	4
341,	7
342,	7
343,	0
344,	1
345,	7
346,	8
347,	9
348,	7
349,	6
350,	4
351,	0
352,	8
353,	7
354,	4
355,	4
356,	6
357,	9
358,	5
359,	4
360,	7
361,	7
362,	5
363,	7
364,	8
365,	8
366,	7
367,	10
368,	7
369,	6
370,	7
371,	6
372,	6
373,	5
374,	4
375,	5
376,	8
377,	6
378,	6
379,	3
380,	6
381,	4
382,	1
383,	3
384,	2
385,	5
386,	9
387,	8
388,	3
389,	5
390,	6
391,	3
392,	3
393,	8
394,	9
395,	0
396,	10
397,	6
398,	3
399,	8
400,	7
401,	0
402,	5
403,	4
404,	5
405,	9
406,	4
407,	4
408,	11
409,	9
410,	8
411,	5
412,	4
413,	7
414,	11
415,	11
416,	5
417,	5
418,	10
419,	3
420,	9
421,	6
422,	5
423,	8
424,	9
425,	7
426,	10
427,	6
428,	5
429,	4
430,	9
431,	6
432,	10
433,	2
434,	6
435,	9
436,	5
437,	2
438,	6
439,	8
440,	9
441,	8
442,	6
443,	4
444,	3
445,	10
446,	10
447,	3
448,	4
449,	11
450,	10
451,	9
452,	7
453,	7
454,	4
455,	6
456,	8
457,	11
458,	0
459,	11
460,	11
461,	4
462,	8
463,	7
464,	5
465,	7
466,	9
467,	1
468,	7
469,	3
470,	8
471,	6
472,	7
473,	5
474,	7
475,	11
476,	8
477,	2
478,	6
479,	11
480,	10
481,	4
482,	10
483,	5
484,	8
485,	10
486,	9
487,	8
488,	3
489,	4
490,	4
491,	8
492,	11
493,	3
494,	6
495,	7
496,	10
497,	6
498,	6
499,	9
