Instance: /home/gabriel/Documents/ufrgs/courses/oc/trab/instances/cmb09
Vertices: 4000
Colors: 45
NumIterations: 1000000000
Alpha: 0.850000
Is Factible?: false
Conflicts: 366
Solution Value: 245859.546875
Initial Value: 241445.015625
Initial Conflicts: 926
Vertex,	Color
0,	2
1,	3
2,	29
3,	22
4,	0
5,	0
6,	5
7,	7
8,	34
9,	44
10,	4
11,	3
12,	1
13,	36
14,	16
15,	1
16,	6
17,	36
18,	9
19,	1
20,	1
21,	2
22,	6
23,	37
24,	1
25,	44
26,	4
27,	0
28,	31
29,	10
30,	9
31,	9
32,	13
33,	10
34,	44
35,	2
36,	36
37,	18
38,	6
39,	9
40,	14
41,	7
42,	0
43,	40
44,	10
45,	1
46,	17
47,	1
48,	14
49,	7
50,	13
51,	2
52,	16
53,	18
54,	23
55,	3
56,	12
57,	19
58,	2
59,	14
60,	21
61,	4
62,	6
63,	20
64,	3
65,	3
66,	1
67,	2
68,	1
69,	22
70,	9
71,	14
72,	43
73,	0
74,	14
75,	9
76,	2
77,	0
78,	13
79,	2
80,	3
81,	3
82,	14
83,	7
84,	1
85,	8
86,	10
87,	2
88,	4
89,	16
90,	7
91,	17
92,	2
93,	1
94,	3
95,	8
96,	9
97,	3
98,	2
99,	3
100,	14
101,	7
102,	6
103,	1
104,	25
105,	2
106,	1
107,	5
108,	0
109,	14
110,	3
111,	26
112,	18
113,	0
114,	12
115,	8
116,	2
117,	2
118,	11
119,	8
120,	3
121,	14
122,	5
123,	1
124,	6
125,	43
126,	2
127,	9
128,	9
129,	0
130,	12
131,	16
132,	12
133,	8
134,	13
135,	11
136,	7
137,	37
138,	18
139,	10
140,	25
141,	19
142,	25
143,	2
144,	10
145,	37
146,	0
147,	12
148,	42
149,	12
150,	3
151,	24
152,	12
153,	21
154,	9
155,	0
156,	8
157,	28
158,	2
159,	3
160,	9
161,	7
162,	30
163,	10
164,	1
165,	2
166,	2
167,	4
168,	2
169,	0
170,	4
171,	18
172,	7
173,	10
174,	6
175,	23
176,	14
177,	13
178,	8
179,	15
180,	18
181,	0
182,	10
183,	8
184,	10
185,	42
186,	4
187,	1
188,	19
189,	6
190,	3
191,	2
192,	7
193,	0
194,	39
195,	9
196,	23
197,	23
198,	12
199,	36
200,	15
201,	3
202,	1
203,	2
204,	9
205,	6
206,	1
207,	5
208,	8
209,	1
210,	0
211,	3
212,	15
213,	1
214,	14
215,	5
216,	40
217,	1
218,	0
219,	18
220,	1
221,	5
222,	10
223,	7
224,	17
225,	4
226,	1
227,	6
228,	16
229,	2
230,	3
231,	6
232,	7
233,	4
234,	10
235,	12
236,	9
237,	8
238,	1
239,	4
240,	22
241,	11
242,	10
243,	22
244,	9
245,	3
246,	14
247,	2
248,	12
249,	18
250,	14
251,	9
252,	4
253,	18
254,	8
255,	6
256,	10
257,	10
258,	22
259,	11
260,	3
261,	12
262,	8
263,	5
264,	9
265,	0
266,	14
267,	1
268,	10
269,	16
270,	5
271,	21
272,	11
273,	14
274,	10
275,	2
276,	4
277,	3
278,	10
279,	2
280,	36
281,	0
282,	9
283,	19
284,	0
285,	5
286,	31
287,	11
288,	1
289,	36
290,	10
291,	28
292,	2
293,	6
294,	4
295,	12
296,	9
297,	9
298,	4
299,	16
300,	2
301,	30
302,	1
303,	44
304,	5
305,	39
306,	4
307,	5
308,	15
309,	0
310,	2
311,	17
312,	3
313,	2
314,	8
315,	18
316,	9
317,	5
318,	12
319,	8
320,	7
321,	2
322,	8
323,	25
324,	3
325,	2
326,	14
327,	4
328,	15
329,	10
330,	5
331,	14
332,	3
333,	1
334,	7
335,	10
336,	19
337,	1
338,	2
339,	12
340,	6
341,	20
342,	10
343,	20
344,	26
345,	3
346,	5
347,	7
348,	14
349,	0
350,	13
351,	2
352,	10
353,	26
354,	9
355,	8
356,	0
357,	13
358,	2
359,	2
360,	2
361,	5
362,	4
363,	4
364,	5
365,	0
366,	24
367,	3
368,	6
369,	3
370,	13
371,	3
372,	12
373,	5
374,	3
375,	3
376,	12
377,	5
378,	1
379,	1
380,	19
381,	3
382,	1
383,	2
384,	1
385,	3
386,	0
387,	24
388,	17
389,	12
390,	13
391,	16
392,	10
393,	11
394,	36
395,	10
396,	4
397,	2
398,	23
399,	10
400,	18
401,	2
402,	7
403,	3
404,	4
405,	1
406,	2
407,	8
408,	4
409,	0
410,	19
411,	3
412,	9
413,	6
414,	9
415,	5
416,	16
417,	0
418,	14
419,	3
420,	15
421,	8
422,	6
423,	14
424,	5
425,	2
426,	35
427,	0
428,	12
429,	23
430,	2
431,	0
432,	8
433,	2
434,	6
435,	8
436,	41
437,	1
438,	6
439,	25
440,	9
441,	2
442,	1
443,	39
444,	0
445,	3
446,	0
447,	14
448,	20
449,	9
450,	10
451,	10
452,	3
453,	10
454,	14
455,	0
456,	0
457,	8
458,	4
459,	12
460,	2
461,	15
462,	6
463,	5
464,	4
465,	4
466,	0
467,	7
468,	17
469,	4
470,	1
471,	4
472,	0
473,	8
474,	19
475,	3
476,	6
477,	1
478,	4
479,	13
480,	1
481,	10
482,	6
483,	13
484,	11
485,	1
486,	6
487,	5
488,	1
489,	4
490,	6
491,	3
492,	9
493,	18
494,	9
495,	4
496,	6
497,	27
498,	22
499,	17
500,	40
501,	7
502,	1
503,	2
504,	16
505,	2
506,	24
507,	13
508,	44
509,	19
510,	17
511,	3
512,	39
513,	2
514,	3
515,	2
516,	8
517,	8
518,	1
519,	18
520,	19
521,	22
522,	8
523,	2
524,	1
525,	13
526,	9
527,	1
528,	1
529,	1
530,	3
531,	0
532,	13
533,	10
534,	8
535,	5
536,	16
537,	10
538,	0
539,	12
540,	3
541,	6
542,	8
543,	3
544,	2
545,	21
546,	1
547,	31
548,	13
549,	19
550,	6
551,	15
552,	7
553,	1
554,	43
555,	3
556,	3
557,	13
558,	10
559,	2
560,	11
561,	14
562,	30
563,	18
564,	8
565,	36
566,	9
567,	12
568,	7
569,	16
570,	13
571,	2
572,	1
573,	0
574,	18
575,	2
576,	10
577,	20
578,	2
579,	36
580,	4
581,	14
582,	25
583,	7
584,	8
585,	14
586,	4
587,	6
588,	41
589,	13
590,	4
591,	19
592,	17
593,	7
594,	2
595,	8
596,	3
597,	4
598,	31
599,	5
600,	7
601,	5
602,	13
603,	0
604,	6
605,	12
606,	5
607,	1
608,	25
609,	12
610,	0
611,	8
612,	2
613,	23
614,	3
615,	4
616,	15
617,	30
618,	2
619,	1
620,	6
621,	4
622,	10
623,	9
624,	9
625,	4
626,	15
627,	2
628,	9
629,	6
630,	5
631,	0
632,	14
633,	11
634,	36
635,	22
636,	14
637,	4
638,	4
639,	8
640,	2
641,	7
642,	2
643,	5
644,	0
645,	16
646,	7
647,	10
648,	9
649,	0
650,	19
651,	11
652,	3
653,	3
654,	19
655,	3
656,	19
657,	10
658,	9
659,	36
660,	21
661,	13
662,	0
663,	9
664,	3
665,	2
666,	14
667,	31
668,	15
669,	32
670,	6
671,	14
672,	2
673,	23
674,	3
675,	10
676,	28
677,	14
678,	32
679,	1
680,	4
681,	8
682,	9
683,	14
684,	12
685,	2
686,	12
687,	7
688,	3
689,	3
690,	0
691,	4
692,	15
693,	5
694,	12
695,	6
696,	1
697,	8
698,	39
699,	10
700,	7
701,	7
702,	10
703,	2
704,	0
705,	4
706,	11
707,	3
708,	16
709,	14
710,	5
711,	11
712,	1
713,	5
714,	15
715,	10
716,	17
717,	8
718,	14
719,	7
720,	18
721,	3
722,	20
723,	0
724,	15
725,	14
726,	6
727,	3
728,	8
729,	2
730,	0
731,	5
732,	16
733,	12
734,	1
735,	2
736,	17
737,	6
738,	18
739,	9
740,	1
741,	12
742,	4
743,	12
744,	11
745,	8
746,	4
747,	20
748,	41
749,	7
750,	3
751,	42
752,	20
753,	23
754,	2
755,	18
756,	32
757,	6
758,	12
759,	18
760,	21
761,	3
762,	0
763,	12
764,	18
765,	12
766,	15
767,	7
768,	10
769,	12
770,	7
771,	0
772,	7
773,	5
774,	8
775,	14
776,	11
777,	5
778,	8
779,	10
780,	1
781,	10
782,	2
783,	8
784,	11
785,	2
786,	3
787,	7
788,	18
789,	9
790,	4
791,	22
792,	5
793,	11
794,	6
795,	9
796,	12
797,	11
798,	20
799,	9
800,	3
801,	12
802,	4
803,	5
804,	0
805,	10
806,	2
807,	1
808,	27
809,	0
810,	1
811,	4
812,	12
813,	17
814,	10
815,	9
816,	10
817,	20
818,	10
819,	6
820,	6
821,	27
822,	3
823,	13
824,	6
825,	11
826,	0
827,	10
828,	32
829,	10
830,	14
831,	10
832,	17
833,	16
834,	1
835,	14
836,	5
837,	18
838,	10
839,	13
840,	1
841,	3
842,	16
843,	0
844,	11
845,	25
846,	1
847,	18
848,	10
849,	7
850,	11
851,	1
852,	2
853,	28
854,	19
855,	20
856,	7
857,	21
858,	10
859,	11
860,	36
861,	11
862,	1
863,	1
864,	7
865,	44
866,	14
867,	3
868,	5
869,	13
870,	0
871,	1
872,	19
873,	12
874,	11
875,	8
876,	3
877,	29
878,	3
879,	12
880,	9
881,	9
882,	1
883,	10
884,	10
885,	21
886,	12
887,	13
888,	7
889,	20
890,	4
891,	5
892,	12
893,	16
894,	2
895,	37
896,	31
897,	26
898,	6
899,	17
900,	18
901,	37
902,	3
903,	7
904,	12
905,	15
906,	7
907,	19
908,	24
909,	18
910,	7
911,	15
912,	12
913,	6
914,	11
915,	6
916,	8
917,	8
918,	9
919,	4
920,	4
921,	7
922,	15
923,	16
924,	5
925,	4
926,	10
927,	6
928,	8
929,	6
930,	8
931,	8
932,	11
933,	13
934,	8
935,	15
936,	33
937,	11
938,	3
939,	9
940,	17
941,	21
942,	16
943,	23
944,	12
945,	9
946,	8
947,	12
948,	2
949,	7
950,	9
951,	11
952,	13
953,	2
954,	19
955,	2
956,	7
957,	6
958,	4
959,	18
960,	18
961,	10
962,	25
963,	11
964,	7
965,	11
966,	6
967,	36
968,	1
969,	15
970,	9
971,	7
972,	14
973,	7
974,	1
975,	3
976,	0
977,	13
978,	12
979,	13
980,	21
981,	44
982,	16
983,	7
984,	10
985,	10
986,	15
987,	7
988,	8
989,	10
990,	8
991,	23
992,	14
993,	9
994,	13
995,	12
996,	33
997,	29
998,	15
999,	7
1000,	3
1001,	10
1002,	12
1003,	20
1004,	1
1005,	19
1006,	7
1007,	8
1008,	9
1009,	11
1010,	2
1011,	0
1012,	5
1013,	9
1014,	5
1015,	1
1016,	12
1017,	18
1018,	2
1019,	5
1020,	12
1021,	5
1022,	2
1023,	3
1024,	17
1025,	4
1026,	17
1027,	5
1028,	9
1029,	18
1030,	11
1031,	24
1032,	9
1033,	19
1034,	12
1035,	15
1036,	1
1037,	15
1038,	14
1039,	6
1040,	10
1041,	7
1042,	2
1043,	16
1044,	1
1045,	9
1046,	13
1047,	34
1048,	3
1049,	1
1050,	1
1051,	24
1052,	17
1053,	10
1054,	21
1055,	22
1056,	16
1057,	14
1058,	12
1059,	8
1060,	4
1061,	5
1062,	9
1063,	13
1064,	17
1065,	8
1066,	19
1067,	36
1068,	8
1069,	20
1070,	4
1071,	3
1072,	9
1073,	10
1074,	8
1075,	11
1076,	9
1077,	9
1078,	18
1079,	19
1080,	19
1081,	11
1082,	42
1083,	6
1084,	10
1085,	23
1086,	18
1087,	4
1088,	4
1089,	6
1090,	12
1091,	4
1092,	16
1093,	27
1094,	13
1095,	15
1096,	3
1097,	2
1098,	4
1099,	23
1100,	6
1101,	20
1102,	7
1103,	1
1104,	4
1105,	22
1106,	8
1107,	4
1108,	10
1109,	10
1110,	44
1111,	7
1112,	2
1113,	41
1114,	19
1115,	9
1116,	4
1117,	23
1118,	19
1119,	19
1120,	15
1121,	10
1122,	13
1123,	0
1124,	2
1125,	8
1126,	14
1127,	4
1128,	7
1129,	11
1130,	29
1131,	8
1132,	5
1133,	7
1134,	9
1135,	12
1136,	7
1137,	9
1138,	9
1139,	3
1140,	13
1141,	22
1142,	29
1143,	12
1144,	21
1145,	9
1146,	3
1147,	6
1148,	44
1149,	16
1150,	7
1151,	6
1152,	35
1153,	21
1154,	6
1155,	8
1156,	12
1157,	11
1158,	27
1159,	8
1160,	7
1161,	8
1162,	9
1163,	13
1164,	6
1165,	16
1166,	8
1167,	7
1168,	13
1169,	20
1170,	17
1171,	5
1172,	6
1173,	36
1174,	19
1175,	31
1176,	8
1177,	6
1178,	10
1179,	13
1180,	20
1181,	24
1182,	4
1183,	25
1184,	21
1185,	7
1186,	10
1187,	7
1188,	12
1189,	17
1190,	20
1191,	10
1192,	36
1193,	18
1194,	9
1195,	1
1196,	9
1197,	16
1198,	9
1199,	20
1200,	7
1201,	20
1202,	8
1203,	10
1204,	8
1205,	16
1206,	9
1207,	5
1208,	26
1209,	8
1210,	16
1211,	26
1212,	14
1213,	22
1214,	28
1215,	3
1216,	41
1217,	20
1218,	15
1219,	18
1220,	10
1221,	7
1222,	44
1223,	28
1224,	22
1225,	9
1226,	5
1227,	7
1228,	11
1229,	14
1230,	0
1231,	14
1232,	14
1233,	14
1234,	8
1235,	0
1236,	13
1237,	15
1238,	15
1239,	13
1240,	4
1241,	18
1242,	11
1243,	22
1244,	17
1245,	6
1246,	6
1247,	0
1248,	16
1249,	22
1250,	26
1251,	7
1252,	18
1253,	4
1254,	3
1255,	27
1256,	25
1257,	10
1258,	24
1259,	14
1260,	4
1261,	11
1262,	12
1263,	5
1264,	21
1265,	14
1266,	14
1267,	14
1268,	16
1269,	21
1270,	32
1271,	17
1272,	12
1273,	13
1274,	25
1275,	19
1276,	4
1277,	17
1278,	14
1279,	11
1280,	18
1281,	18
1282,	7
1283,	20
1284,	16
1285,	4
1286,	22
1287,	12
1288,	14
1289,	32
1290,	6
1291,	8
1292,	8
1293,	20
1294,	41
1295,	20
1296,	17
1297,	6
1298,	22
1299,	18
1300,	2
1301,	21
1302,	26
1303,	15
1304,	16
1305,	17
1306,	17
1307,	5
1308,	6
1309,	17
1310,	19
1311,	8
1312,	24
1313,	14
1314,	5
1315,	23
1316,	25
1317,	4
1318,	21
1319,	24
1320,	0
1321,	24
1322,	24
1323,	23
1324,	11
1325,	13
1326,	15
1327,	0
1328,	43
1329,	3
1330,	15
1331,	18
1332,	19
1333,	7
1334,	17
1335,	18
1336,	17
1337,	15
1338,	18
1339,	16
1340,	28
1341,	22
1342,	15
1343,	30
1344,	7
1345,	4
1346,	5
1347,	8
1348,	16
1349,	0
1350,	14
1351,	24
1352,	11
1353,	11
1354,	23
1355,	10
1356,	14
1357,	6
1358,	13
1359,	15
1360,	12
1361,	19
1362,	15
1363,	13
1364,	21
1365,	28
1366,	16
1367,	13
1368,	22
1369,	21
1370,	30
1371,	12
1372,	9
1373,	13
1374,	15
1375,	19
1376,	33
1377,	21
1378,	3
1379,	4
1380,	15
1381,	13
1382,	18
1383,	9
1384,	16
1385,	5
1386,	31
1387,	12
1388,	1
1389,	19
1390,	6
1391,	12
1392,	11
1393,	16
1394,	16
1395,	13
1396,	10
1397,	12
1398,	21
1399,	8
1400,	15
1401,	15
1402,	10
1403,	27
1404,	0
1405,	9
1406,	22
1407,	20
1408,	34
1409,	15
1410,	26
1411,	14
1412,	18
1413,	16
1414,	11
1415,	32
1416,	18
1417,	29
1418,	19
1419,	18
1420,	19
1421,	23
1422,	12
1423,	19
1424,	10
1425,	9
1426,	17
1427,	26
1428,	20
1429,	10
1430,	12
1431,	3
1432,	0
1433,	21
1434,	18
1435,	18
1436,	19
1437,	22
1438,	10
1439,	16
1440,	25
1441,	15
1442,	7
1443,	11
1444,	3
1445,	11
1446,	1
1447,	19
1448,	7
1449,	28
1450,	12
1451,	13
1452,	14
1453,	28
1454,	26
1455,	10
1456,	23
1457,	15
1458,	13
1459,	15
1460,	26
1461,	20
1462,	12
1463,	13
1464,	19
1465,	28
1466,	16
1467,	22
1468,	18
1469,	15
1470,	13
1471,	22
1472,	17
1473,	23
1474,	18
1475,	5
1476,	17
1477,	17
1478,	7
1479,	27
1480,	0
1481,	11
1482,	27
1483,	5
1484,	14
1485,	14
1486,	20
1487,	15
1488,	21
1489,	37
1490,	18
1491,	13
1492,	25
1493,	15
1494,	23
1495,	19
1496,	21
1497,	20
1498,	10
1499,	19
1500,	16
1501,	23
1502,	20
1503,	10
1504,	11
1505,	14
1506,	15
1507,	29
1508,	10
1509,	17
1510,	2
1511,	21
1512,	28
1513,	15
1514,	18
1515,	17
1516,	25
1517,	19
1518,	25
1519,	20
1520,	22
1521,	22
1522,	14
1523,	11
1524,	17
1525,	21
1526,	26
1527,	16
1528,	17
1529,	12
1530,	18
1531,	31
1532,	17
1533,	11
1534,	6
1535,	17
1536,	24
1537,	30
1538,	6
1539,	11
1540,	28
1541,	23
1542,	18
1543,	21
1544,	28
1545,	12
1546,	11
1547,	11
1548,	14
1549,	17
1550,	16
1551,	6
1552,	20
1553,	23
1554,	21
1555,	1
1556,	1
1557,	18
1558,	15
1559,	20
1560,	22
1561,	15
1562,	22
1563,	17
1564,	14
1565,	19
1566,	11
1567,	0
1568,	12
1569,	25
1570,	1
1571,	27
1572,	18
1573,	24
1574,	11
1575,	18
1576,	21
1577,	25
1578,	8
1579,	7
1580,	19
1581,	26
1582,	23
1583,	21
1584,	20
1585,	31
1586,	3
1587,	27
1588,	14
1589,	23
1590,	20
1591,	34
1592,	30
1593,	20
1594,	9
1595,	13
1596,	17
1597,	18
1598,	2
1599,	22
1600,	23
1601,	19
1602,	4
1603,	30
1604,	14
1605,	2
1606,	17
1607,	6
1608,	24
1609,	25
1610,	20
1611,	19
1612,	19
1613,	30
1614,	18
1615,	14
1616,	29
1617,	16
1618,	22
1619,	15
1620,	19
1621,	22
1622,	27
1623,	20
1624,	16
1625,	22
1626,	17
1627,	11
1628,	23
1629,	26
1630,	23
1631,	28
1632,	17
1633,	18
1634,	16
1635,	34
1636,	31
1637,	10
1638,	15
1639,	16
1640,	25
1641,	9
1642,	22
1643,	31
1644,	17
1645,	21
1646,	15
1647,	29
1648,	21
1649,	17
1650,	16
1651,	23
1652,	27
1653,	19
1654,	16
1655,	17
1656,	22
1657,	25
1658,	0
1659,	33
1660,	24
1661,	6
1662,	21
1663,	14
1664,	14
1665,	10
1666,	22
1667,	17
1668,	23
1669,	26
1670,	24
1671,	16
1672,	27
1673,	5
1674,	20
1675,	1
1676,	20
1677,	11
1678,	12
1679,	30
1680,	17
1681,	22
1682,	8
1683,	21
1684,	19
1685,	11
1686,	28
1687,	16
1688,	15
1689,	24
1690,	23
1691,	24
1692,	9
1693,	17
1694,	24
1695,	25
1696,	23
1697,	14
1698,	20
1699,	11
1700,	8
1701,	20
1702,	17
1703,	24
1704,	22
1705,	26
1706,	16
1707,	29
1708,	21
1709,	33
1710,	16
1711,	14
1712,	13
1713,	16
1714,	42
1715,	29
1716,	15
1717,	13
1718,	35
1719,	19
1720,	26
1721,	22
1722,	7
1723,	13
1724,	18
1725,	22
1726,	11
1727,	23
1728,	26
1729,	32
1730,	26
1731,	32
1732,	25
1733,	17
1734,	18
1735,	21
1736,	23
1737,	28
1738,	29
1739,	31
1740,	10
1741,	36
1742,	10
1743,	32
1744,	14
1745,	13
1746,	12
1747,	7
1748,	18
1749,	22
1750,	17
1751,	27
1752,	21
1753,	26
1754,	39
1755,	16
1756,	14
1757,	17
1758,	18
1759,	19
1760,	23
1761,	9
1762,	15
1763,	21
1764,	18
1765,	9
1766,	16
1767,	30
1768,	25
1769,	33
1770,	2
1771,	25
1772,	32
1773,	11
1774,	23
1775,	28
1776,	26
1777,	26
1778,	8
1779,	23
1780,	33
1781,	27
1782,	23
1783,	12
1784,	15
1785,	21
1786,	10
1787,	23
1788,	26
1789,	37
1790,	11
1791,	18
1792,	17
1793,	33
1794,	9
1795,	22
1796,	44
1797,	17
1798,	33
1799,	11
1800,	24
1801,	26
1802,	18
1803,	16
1804,	21
1805,	14
1806,	28
1807,	22
1808,	36
1809,	24
1810,	24
1811,	26
1812,	12
1813,	24
1814,	19
1815,	0
1816,	13
1817,	24
1818,	25
1819,	23
1820,	18
1821,	20
1822,	27
1823,	20
1824,	34
1825,	11
1826,	26
1827,	18
1828,	27
1829,	25
1830,	16
1831,	20
1832,	19
1833,	14
1834,	26
1835,	21
1836,	29
1837,	15
1838,	31
1839,	27
1840,	12
1841,	20
1842,	24
1843,	23
1844,	44
1845,	25
1846,	6
1847,	30
1848,	3
1849,	23
1850,	17
1851,	30
1852,	24
1853,	17
1854,	12
1855,	28
1856,	18
1857,	21
1858,	19
1859,	24
1860,	10
1861,	27
1862,	22
1863,	30
1864,	8
1865,	8
1866,	15
1867,	25
1868,	24
1869,	20
1870,	15
1871,	36
1872,	31
1873,	21
1874,	26
1875,	14
1876,	25
1877,	32
1878,	31
1879,	10
1880,	20
1881,	17
1882,	12
1883,	0
1884,	22
1885,	18
1886,	17
1887,	32
1888,	29
1889,	19
1890,	13
1891,	7
1892,	25
1893,	18
1894,	27
1895,	25
1896,	34
1897,	22
1898,	24
1899,	33
1900,	26
1901,	20
1902,	20
1903,	28
1904,	23
1905,	16
1906,	21
1907,	29
1908,	12
1909,	8
1910,	25
1911,	26
1912,	23
1913,	25
1914,	9
1915,	13
1916,	21
1917,	24
1918,	23
1919,	32
1920,	16
1921,	26
1922,	31
1923,	8
1924,	8
1925,	18
1926,	9
1927,	17
1928,	8
1929,	34
1930,	25
1931,	16
1932,	18
1933,	21
1934,	21
1935,	16
1936,	30
1937,	27
1938,	17
1939,	29
1940,	31
1941,	19
1942,	31
1943,	35
1944,	16
1945,	16
1946,	29
1947,	25
1948,	37
1949,	22
1950,	34
1951,	29
1952,	21
1953,	32
1954,	25
1955,	15
1956,	27
1957,	26
1958,	20
1959,	24
1960,	26
1961,	20
1962,	6
1963,	25
1964,	19
1965,	22
1966,	29
1967,	28
1968,	19
1969,	19
1970,	23
1971,	27
1972,	42
1973,	1
1974,	26
1975,	12
1976,	2
1977,	23
1978,	32
1979,	35
1980,	25
1981,	5
1982,	22
1983,	21
1984,	15
1985,	19
1986,	23
1987,	29
1988,	22
1989,	18
1990,	32
1991,	27
1992,	22
1993,	26
1994,	27
1995,	20
1996,	30
1997,	25
1998,	22
1999,	18
2000,	30
2001,	27
2002,	29
2003,	25
2004,	32
2005,	34
2006,	21
2007,	16
2008,	22
2009,	39
2010,	35
2011,	35
2012,	20
2013,	23
2014,	1
2015,	38
2016,	12
2017,	10
2018,	30
2019,	22
2020,	31
2021,	18
2022,	13
2023,	27
2024,	31
2025,	17
2026,	29
2027,	20
2028,	14
2029,	8
2030,	8
2031,	25
2032,	30
2033,	25
2034,	21
2035,	21
2036,	24
2037,	28
2038,	25
2039,	29
2040,	19
2041,	32
2042,	25
2043,	30
2044,	24
2045,	40
2046,	31
2047,	23
2048,	13
2049,	14
2050,	22
2051,	18
2052,	13
2053,	25
2054,	28
2055,	19
2056,	35
2057,	22
2058,	13
2059,	29
2060,	15
2061,	28
2062,	27
2063,	20
2064,	24
2065,	34
2066,	27
2067,	16
2068,	37
2069,	23
2070,	11
2071,	38
2072,	35
2073,	26
2074,	26
2075,	19
2076,	26
2077,	19
2078,	31
2079,	29
2080,	29
2081,	39
2082,	24
2083,	19
2084,	36
2085,	29
2086,	30
2087,	27
2088,	7
2089,	31
2090,	20
2091,	2
2092,	32
2093,	35
2094,	21
2095,	23
2096,	20
2097,	16
2098,	12
2099,	31
2100,	20
2101,	18
2102,	1
2103,	23
2104,	30
2105,	19
2106,	33
2107,	21
2108,	22
2109,	28
2110,	35
2111,	27
2112,	25
2113,	27
2114,	22
2115,	33
2116,	1
2117,	32
2118,	31
2119,	33
2120,	19
2121,	14
2122,	26
2123,	10
2124,	25
2125,	25
2126,	6
2127,	18
2128,	11
2129,	33
2130,	11
2131,	24
2132,	18
2133,	19
2134,	32
2135,	31
2136,	10
2137,	23
2138,	15
2139,	24
2140,	21
2141,	28
2142,	27
2143,	17
2144,	23
2145,	15
2146,	4
2147,	9
2148,	20
2149,	26
2150,	23
2151,	24
2152,	23
2153,	25
2154,	29
2155,	42
2156,	25
2157,	19
2158,	20
2159,	26
2160,	37
2161,	25
2162,	20
2163,	22
2164,	18
2165,	29
2166,	26
2167,	26
2168,	1
2169,	15
2170,	31
2171,	8
2172,	41
2173,	11
2174,	30
2175,	38
2176,	24
2177,	25
2178,	21
2179,	34
2180,	28
2181,	28
2182,	25
2183,	28
2184,	23
2185,	22
2186,	20
2187,	2
2188,	33
2189,	23
2190,	38
2191,	35
2192,	31
2193,	26
2194,	4
2195,	15
2196,	37
2197,	26
2198,	21
2199,	13
2200,	25
2201,	32
2202,	22
2203,	21
2204,	26
2205,	22
2206,	17
2207,	28
2208,	29
2209,	20
2210,	31
2211,	34
2212,	20
2213,	19
2214,	25
2215,	27
2216,	25
2217,	15
2218,	21
2219,	14
2220,	28
2221,	44
2222,	24
2223,	28
2224,	19
2225,	15
2226,	22
2227,	10
2228,	13
2229,	31
2230,	29
2231,	29
2232,	24
2233,	8
2234,	19
2235,	12
2236,	11
2237,	34
2238,	27
2239,	37
2240,	27
2241,	35
2242,	25
2243,	27
2244,	12
2245,	16
2246,	28
2247,	8
2248,	28
2249,	32
2250,	33
2251,	27
2252,	11
2253,	6
2254,	28
2255,	29
2256,	19
2257,	30
2258,	32
2259,	29
2260,	26
2261,	35
2262,	20
2263,	12
2264,	4
2265,	1
2266,	25
2267,	28
2268,	25
2269,	22
2270,	20
2271,	28
2272,	28
2273,	30
2274,	17
2275,	35
2276,	38
2277,	24
2278,	39
2279,	27
2280,	18
2281,	15
2282,	8
2283,	1
2284,	19
2285,	4
2286,	26
2287,	18
2288,	28
2289,	9
2290,	21
2291,	24
2292,	0
2293,	30
2294,	36
2295,	18
2296,	34
2297,	10
2298,	33
2299,	14
2300,	16
2301,	6
2302,	36
2303,	22
2304,	10
2305,	26
2306,	30
2307,	43
2308,	15
2309,	28
2310,	33
2311,	29
2312,	31
2313,	24
2314,	28
2315,	27
2316,	27
2317,	28
2318,	13
2319,	10
2320,	29
2321,	15
2322,	33
2323,	40
2324,	26
2325,	29
2326,	22
2327,	22
2328,	35
2329,	23
2330,	25
2331,	38
2332,	18
2333,	21
2334,	40
2335,	15
2336,	19
2337,	6
2338,	24
2339,	23
2340,	31
2341,	35
2342,	30
2343,	37
2344,	26
2345,	30
2346,	33
2347,	35
2348,	22
2349,	12
2350,	28
2351,	36
2352,	31
2353,	24
2354,	3
2355,	36
2356,	25
2357,	30
2358,	23
2359,	32
2360,	36
2361,	22
2362,	20
2363,	26
2364,	21
2365,	1
2366,	19
2367,	32
2368,	33
2369,	28
2370,	26
2371,	4
2372,	24
2373,	10
2374,	27
2375,	20
2376,	17
2377,	37
2378,	25
2379,	35
2380,	41
2381,	36
2382,	24
2383,	34
2384,	32
2385,	30
2386,	25
2387,	15
2388,	32
2389,	32
2390,	9
2391,	7
2392,	18
2393,	28
2394,	5
2395,	33
2396,	36
2397,	37
2398,	13
2399,	35
2400,	16
2401,	38
2402,	0
2403,	22
2404,	11
2405,	26
2406,	32
2407,	8
2408,	20
2409,	27
2410,	10
2411,	26
2412,	27
2413,	32
2414,	28
2415,	7
2416,	39
2417,	33
2418,	31
2419,	19
2420,	21
2421,	32
2422,	13
2423,	35
2424,	35
2425,	36
2426,	25
2427,	28
2428,	19
2429,	33
2430,	22
2431,	30
2432,	26
2433,	35
2434,	27
2435,	28
2436,	18
2437,	23
2438,	29
2439,	35
2440,	29
2441,	33
2442,	30
2443,	34
2444,	2
2445,	30
2446,	28
2447,	36
2448,	27
2449,	40
2450,	10
2451,	33
2452,	44
2453,	38
2454,	28
2455,	32
2456,	26
2457,	2
2458,	33
2459,	38
2460,	22
2461,	24
2462,	24
2463,	20
2464,	31
2465,	17
2466,	33
2467,	16
2468,	27
2469,	18
2470,	30
2471,	16
2472,	25
2473,	40
2474,	39
2475,	12
2476,	34
2477,	29
2478,	38
2479,	31
2480,	18
2481,	5
2482,	30
2483,	34
2484,	30
2485,	27
2486,	31
2487,	26
2488,	21
2489,	16
2490,	36
2491,	30
2492,	21
2493,	17
2494,	31
2495,	24
2496,	6
2497,	35
2498,	39
2499,	23
2500,	41
2501,	29
2502,	23
2503,	35
2504,	36
2505,	31
2506,	29
2507,	39
2508,	33
2509,	33
2510,	23
2511,	9
2512,	33
2513,	14
2514,	29
2515,	1
2516,	30
2517,	5
2518,	32
2519,	27
2520,	32
2521,	27
2522,	14
2523,	36
2524,	36
2525,	39
2526,	27
2527,	32
2528,	30
2529,	35
2530,	25
2531,	32
2532,	19
2533,	42
2534,	25
2535,	31
2536,	32
2537,	38
2538,	28
2539,	30
2540,	33
2541,	35
2542,	31
2543,	34
2544,	28
2545,	14
2546,	25
2547,	25
2548,	31
2549,	40
2550,	32
2551,	40
2552,	17
2553,	37
2554,	35
2555,	29
2556,	23
2557,	34
2558,	34
2559,	15
2560,	35
2561,	31
2562,	33
2563,	36
2564,	5
2565,	18
2566,	27
2567,	30
2568,	17
2569,	33
2570,	27
2571,	29
2572,	10
2573,	20
2574,	24
2575,	27
2576,	42
2577,	24
2578,	34
2579,	41
2580,	21
2581,	31
2582,	21
2583,	8
2584,	38
2585,	32
2586,	38
2587,	36
2588,	38
2589,	35
2590,	20
2591,	35
2592,	43
2593,	26
2594,	36
2595,	43
2596,	14
2597,	20
2598,	31
2599,	23
2600,	41
2601,	27
2602,	16
2603,	37
2604,	34
2605,	0
2606,	2
2607,	31
2608,	9
2609,	23
2610,	24
2611,	34
2612,	33
2613,	33
2614,	33
2615,	18
2616,	30
2617,	20
2618,	20
2619,	22
2620,	36
2621,	29
2622,	25
2623,	37
2624,	37
2625,	26
2626,	34
2627,	32
2628,	26
2629,	38
2630,	28
2631,	24
2632,	23
2633,	37
2634,	30
2635,	21
2636,	22
2637,	36
2638,	33
2639,	32
2640,	30
2641,	29
2642,	31
2643,	22
2644,	35
2645,	37
2646,	21
2647,	23
2648,	34
2649,	29
2650,	30
2651,	32
2652,	34
2653,	5
2654,	27
2655,	31
2656,	2
2657,	28
2658,	23
2659,	27
2660,	18
2661,	36
2662,	25
2663,	29
2664,	38
2665,	41
2666,	30
2667,	33
2668,	7
2669,	27
2670,	36
2671,	32
2672,	40
2673,	22
2674,	19
2675,	37
2676,	38
2677,	34
2678,	37
2679,	31
2680,	3
2681,	41
2682,	41
2683,	25
2684,	17
2685,	19
2686,	37
2687,	24
2688,	35
2689,	39
2690,	34
2691,	40
2692,	18
2693,	33
2694,	16
2695,	16
2696,	39
2697,	12
2698,	3
2699,	29
2700,	29
2701,	39
2702,	32
2703,	33
2704,	13
2705,	1
2706,	31
2707,	29
2708,	24
2709,	30
2710,	34
2711,	10
2712,	36
2713,	37
2714,	37
2715,	20
2716,	31
2717,	34
2718,	2
2719,	35
2720,	28
2721,	36
2722,	32
2723,	29
2724,	28
2725,	26
2726,	10
2727,	35
2728,	9
2729,	14
2730,	37
2731,	1
2732,	30
2733,	1
2734,	35
2735,	32
2736,	22
2737,	33
2738,	28
2739,	31
2740,	44
2741,	2
2742,	32
2743,	29
2744,	22
2745,	6
2746,	39
2747,	9
2748,	23
2749,	31
2750,	32
2751,	38
2752,	39
2753,	24
2754,	6
2755,	37
2756,	20
2757,	26
2758,	31
2759,	36
2760,	28
2761,	38
2762,	39
2763,	37
2764,	29
2765,	31
2766,	40
2767,	30
2768,	38
2769,	28
2770,	27
2771,	41
2772,	23
2773,	0
2774,	23
2775,	39
2776,	9
2777,	28
2778,	22
2779,	21
2780,	36
2781,	34
2782,	22
2783,	15
2784,	35
2785,	35
2786,	24
2787,	37
2788,	41
2789,	8
2790,	22
2791,	32
2792,	33
2793,	28
2794,	28
2795,	32
2796,	30
2797,	36
2798,	5
2799,	8
2800,	41
2801,	31
2802,	32
2803,	34
2804,	6
2805,	2
2806,	33
2807,	33
2808,	3
2809,	8
2810,	30
2811,	31
2812,	31
2813,	29
2814,	36
2815,	33
2816,	33
2817,	39
2818,	26
2819,	36
2820,	3
2821,	33
2822,	37
2823,	19
2824,	34
2825,	25
2826,	37
2827,	34
2828,	34
2829,	27
2830,	15
2831,	29
2832,	36
2833,	33
2834,	33
2835,	44
2836,	21
2837,	0
2838,	0
2839,	18
2840,	39
2841,	29
2842,	20
2843,	39
2844,	23
2845,	31
2846,	9
2847,	37
2848,	27
2849,	1
2850,	9
2851,	37
2852,	26
2853,	28
2854,	37
2855,	31
2856,	42
2857,	26
2858,	26
2859,	27
2860,	31
2861,	32
2862,	35
2863,	29
2864,	26
2865,	34
2866,	18
2867,	31
2868,	0
2869,	35
2870,	26
2871,	21
2872,	0
2873,	13
2874,	34
2875,	29
2876,	12
2877,	35
2878,	38
2879,	19
2880,	33
2881,	7
2882,	36
2883,	41
2884,	36
2885,	36
2886,	27
2887,	5
2888,	39
2889,	35
2890,	35
2891,	8
2892,	41
2893,	24
2894,	33
2895,	39
2896,	8
2897,	36
2898,	40
2899,	41
2900,	41
2901,	36
2902,	40
2903,	33
2904,	10
2905,	12
2906,	31
2907,	24
2908,	38
2909,	33
2910,	23
2911,	28
2912,	5
2913,	38
2914,	43
2915,	31
2916,	30
2917,	23
2918,	34
2919,	40
2920,	32
2921,	43
2922,	31
2923,	13
2924,	35
2925,	31
2926,	33
2927,	23
2928,	28
2929,	38
2930,	35
2931,	38
2932,	37
2933,	34
2934,	15
2935,	34
2936,	33
2937,	35
2938,	19
2939,	12
2940,	41
2941,	18
2942,	40
2943,	8
2944,	30
2945,	41
2946,	37
2947,	37
2948,	32
2949,	37
2950,	32
2951,	36
2952,	34
2953,	1
2954,	39
2955,	37
2956,	30
2957,	34
2958,	40
2959,	3
2960,	38
2961,	41
2962,	34
2963,	42
2964,	36
2965,	25
2966,	37
2967,	39
2968,	32
2969,	36
2970,	5
2971,	37
2972,	28
2973,	25
2974,	27
2975,	40
2976,	30
2977,	3
2978,	32
2979,	5
2980,	16
2981,	41
2982,	0
2983,	18
2984,	35
2985,	35
2986,	41
2987,	34
2988,	37
2989,	38
2990,	34
2991,	25
2992,	35
2993,	35
2994,	33
2995,	35
2996,	36
2997,	35
2998,	38
2999,	31
3000,	42
3001,	30
3002,	36
3003,	35
3004,	40
3005,	39
3006,	37
3007,	44
3008,	36
3009,	14
3010,	35
3011,	3
3012,	43
3013,	36
3014,	39
3015,	39
3016,	39
3017,	13
3018,	30
3019,	28
3020,	44
3021,	36
3022,	17
3023,	36
3024,	0
3025,	40
3026,	36
3027,	6
3028,	36
3029,	36
3030,	25
3031,	37
3032,	38
3033,	30
3034,	37
3035,	39
3036,	34
3037,	39
3038,	20
3039,	38
3040,	40
3041,	36
3042,	31
3043,	32
3044,	41
3045,	27
3046,	44
3047,	42
3048,	33
3049,	36
3050,	40
3051,	41
3052,	25
3053,	36
3054,	33
3055,	3
3056,	21
3057,	36
3058,	16
3059,	43
3060,	41
3061,	3
3062,	24
3063,	28
3064,	43
3065,	19
3066,	0
3067,	39
3068,	41
3069,	4
3070,	38
3071,	3
3072,	34
3073,	40
3074,	20
3075,	7
3076,	0
3077,	36
3078,	40
3079,	40
3080,	0
3081,	1
3082,	1
3083,	7
3084,	39
3085,	39
3086,	32
3087,	41
3088,	39
3089,	0
3090,	0
3091,	40
3092,	3
3093,	22
3094,	15
3095,	38
3096,	23
3097,	34
3098,	43
3099,	32
3100,	14
3101,	37
3102,	43
3103,	44
3104,	0
3105,	38
3106,	33
3107,	9
3108,	37
3109,	29
3110,	1
3111,	38
3112,	41
3113,	30
3114,	0
3115,	17
3116,	39
3117,	41
3118,	35
3119,	30
3120,	36
3121,	39
3122,	34
3123,	24
3124,	38
3125,	35
3126,	40
3127,	40
3128,	19
3129,	18
3130,	40
3131,	9
3132,	39
3133,	4
3134,	21
3135,	7
3136,	24
3137,	12
3138,	15
3139,	37
3140,	5
3141,	34
3142,	38
3143,	13
3144,	41
3145,	43
3146,	42
3147,	38
3148,	7
3149,	44
3150,	31
3151,	9
3152,	28
3153,	33
3154,	2
3155,	25
3156,	39
3157,	40
3158,	44
3159,	39
3160,	42
3161,	24
3162,	12
3163,	0
3164,	8
3165,	14
3166,	22
3167,	25
3168,	2
3169,	39
3170,	44
3171,	2
3172,	37
3173,	33
3174,	44
3175,	38
3176,	34
3177,	42
3178,	43
3179,	41
3180,	10
3181,	35
3182,	32
3183,	5
3184,	36
3185,	41
3186,	12
3187,	42
3188,	28
3189,	29
3190,	44
3191,	37
3192,	42
3193,	2
3194,	14
3195,	35
3196,	42
3197,	40
3198,	17
3199,	12
3200,	41
3201,	13
3202,	44
3203,	2
3204,	5
3205,	27
3206,	40
3207,	42
3208,	44
3209,	42
3210,	41
3211,	7
3212,	29
3213,	20
3214,	44
3215,	24
3216,	7
3217,	41
3218,	11
3219,	12
3220,	0
3221,	40
3222,	43
3223,	14
3224,	27
3225,	39
3226,	0
3227,	6
3228,	36
3229,	40
3230,	42
3231,	7
3232,	11
3233,	11
3234,	39
3235,	29
3236,	37
3237,	2
3238,	28
3239,	36
3240,	43
3241,	0
3242,	42
3243,	38
3244,	33
3245,	39
3246,	24
3247,	44
3248,	43
3249,	6
3250,	11
3251,	5
3252,	42
3253,	40
3254,	42
3255,	2
3256,	41
3257,	33
3258,	37
3259,	16
3260,	13
3261,	30
3262,	8
3263,	37
3264,	6
3265,	12
3266,	43
3267,	44
3268,	7
3269,	2
3270,	44
3271,	0
3272,	38
3273,	37
3274,	41
3275,	38
3276,	36
3277,	23
3278,	34
3279,	25
3280,	13
3281,	35
3282,	41
3283,	1
3284,	41
3285,	0
3286,	39
3287,	42
3288,	36
3289,	22
3290,	31
3291,	23
3292,	43
3293,	44
3294,	27
3295,	26
3296,	38
3297,	41
3298,	0
3299,	33
3300,	36
3301,	40
3302,	38
3303,	21
3304,	34
3305,	35
3306,	42
3307,	38
3308,	21
3309,	42
3310,	38
3311,	41
3312,	33
3313,	10
3314,	32
3315,	11
3316,	44
3317,	42
3318,	2
3319,	38
3320,	40
3321,	40
3322,	34
3323,	31
3324,	7
3325,	42
3326,	43
3327,	30
3328,	39
3329,	7
3330,	14
3331,	13
3332,	34
3333,	39
3334,	35
3335,	32
3336,	38
3337,	43
3338,	44
3339,	37
3340,	34
3341,	28
3342,	41
3343,	29
3344,	4
3345,	17
3346,	42
3347,	42
3348,	2
3349,	0
3350,	33
3351,	43
3352,	33
3353,	9
3354,	16
3355,	42
3356,	38
3357,	43
3358,	12
3359,	39
3360,	42
3361,	38
3362,	4
3363,	38
3364,	35
3365,	39
3366,	42
3367,	39
3368,	22
3369,	17
3370,	5
3371,	0
3372,	16
3373,	41
3374,	44
3375,	43
3376,	2
3377,	35
3378,	39
3379,	33
3380,	8
3381,	40
3382,	36
3383,	41
3384,	1
3385,	38
3386,	37
3387,	38
3388,	15
3389,	31
3390,	40
3391,	41
3392,	36
3393,	40
3394,	5
3395,	38
3396,	40
3397,	23
3398,	43
3399,	41
3400,	44
3401,	20
3402,	10
3403,	38
3404,	29
3405,	41
3406,	19
3407,	15
3408,	35
3409,	24
3410,	39
3411,	33
3412,	36
3413,	39
3414,	32
3415,	8
3416,	43
3417,	5
3418,	44
3419,	34
3420,	43
3421,	44
3422,	10
3423,	38
3424,	2
3425,	42
3426,	43
3427,	39
3428,	32
3429,	40
3430,	42
3431,	41
3432,	41
3433,	21
3434,	37
3435,	40
3436,	43
3437,	40
3438,	27
3439,	21
3440,	44
3441,	38
3442,	0
3443,	39
3444,	0
3445,	37
3446,	38
3447,	39
3448,	43
3449,	35
3450,	43
3451,	33
3452,	10
3453,	31
3454,	43
3455,	39
3456,	18
3457,	32
3458,	29
3459,	40
3460,	0
3461,	16
3462,	40
3463,	28
3464,	41
3465,	38
3466,	36
3467,	17
3468,	44
3469,	43
3470,	34
3471,	39
3472,	41
3473,	42
3474,	42
3475,	37
3476,	41
3477,	37
3478,	12
3479,	29
3480,	15
3481,	38
3482,	31
3483,	31
3484,	9
3485,	36
3486,	4
3487,	7
3488,	36
3489,	0
3490,	4
3491,	44
3492,	23
3493,	44
3494,	35
3495,	40
3496,	2
3497,	42
3498,	1
3499,	9
3500,	27
3501,	41
3502,	44
3503,	30
3504,	42
3505,	44
3506,	19
3507,	42
3508,	39
3509,	5
3510,	6
3511,	39
3512,	43
3513,	44
3514,	32
3515,	38
3516,	39
3517,	40
3518,	11
3519,	30
3520,	40
3521,	44
3522,	41
3523,	43
3524,	41
3525,	37
3526,	4
3527,	39
3528,	6
3529,	37
3530,	27
3531,	43
3532,	44
3533,	37
3534,	20
3535,	2
3536,	38
3537,	44
3538,	36
3539,	32
3540,	44
3541,	41
3542,	43
3543,	43
3544,	34
3545,	42
3546,	38
3547,	29
3548,	37
3549,	34
3550,	15
3551,	43
3552,	0
3553,	35
3554,	7
3555,	40
3556,	34
3557,	40
3558,	27
3559,	29
3560,	14
3561,	0
3562,	2
3563,	44
3564,	35
3565,	26
3566,	36
3567,	43
3568,	23
3569,	31
3570,	6
3571,	43
3572,	1
3573,	43
3574,	6
3575,	43
3576,	26
3577,	31
3578,	29
3579,	39
3580,	43
3581,	25
3582,	4
3583,	33
3584,	40
3585,	43
3586,	39
3587,	31
3588,	37
3589,	43
3590,	0
3591,	43
3592,	1
3593,	39
3594,	5
3595,	42
3596,	34
3597,	42
3598,	27
3599,	42
3600,	41
3601,	39
3602,	7
3603,	43
3604,	1
3605,	8
3606,	42
3607,	33
3608,	41
3609,	29
3610,	44
3611,	44
3612,	38
3613,	38
3614,	34
3615,	17
3616,	14
3617,	25
3618,	44
3619,	30
3620,	34
3621,	41
3622,	25
3623,	26
3624,	44
3625,	43
3626,	36
3627,	38
3628,	44
3629,	24
3630,	22
3631,	3
3632,	38
3633,	36
3634,	40
3635,	41
3636,	43
3637,	30
3638,	43
3639,	42
3640,	42
3641,	37
3642,	34
3643,	34
3644,	44
3645,	42
3646,	40
3647,	31
3648,	42
3649,	2
3650,	0
3651,	39
3652,	20
3653,	36
3654,	38
3655,	26
3656,	44
3657,	39
3658,	44
3659,	38
3660,	32
3661,	36
3662,	44
3663,	37
3664,	42
3665,	38
3666,	40
3667,	42
3668,	42
3669,	37
3670,	41
3671,	37
3672,	43
3673,	43
3674,	5
3675,	31
3676,	10
3677,	18
3678,	44
3679,	2
3680,	41
3681,	40
3682,	42
3683,	37
3684,	44
3685,	39
3686,	44
3687,	44
3688,	30
3689,	8
3690,	34
3691,	44
3692,	36
3693,	3
3694,	13
3695,	44
3696,	42
3697,	40
3698,	40
3699,	37
3700,	43
3701,	34
3702,	27
3703,	44
3704,	43
3705,	44
3706,	39
3707,	0
3708,	40
3709,	38
3710,	5
3711,	1
3712,	43
3713,	44
3714,	44
3715,	42
3716,	41
3717,	3
3718,	4
3719,	28
3720,	5
3721,	35
3722,	24
3723,	41
3724,	35
3725,	43
3726,	24
3727,	0
3728,	5
3729,	41
3730,	35
3731,	43
3732,	30
3733,	38
3734,	37
3735,	2
3736,	43
3737,	35
3738,	5
3739,	5
3740,	39
3741,	10
3742,	3
3743,	42
3744,	44
3745,	6
3746,	44
3747,	12
3748,	32
3749,	41
3750,	29
3751,	3
3752,	33
3753,	1
3754,	41
3755,	38
3756,	5
3757,	17
3758,	34
3759,	42
3760,	11
3761,	17
3762,	40
3763,	25
3764,	43
3765,	39
3766,	42
3767,	33
3768,	41
3769,	42
3770,	40
3771,	37
3772,	13
3773,	38
3774,	24
3775,	3
3776,	41
3777,	0
3778,	15
3779,	3
3780,	12
3781,	20
3782,	37
3783,	5
3784,	29
3785,	32
3786,	19
3787,	40
3788,	33
3789,	8
3790,	19
3791,	44
3792,	26
3793,	9
3794,	42
3795,	29
3796,	36
3797,	4
3798,	37
3799,	43
3800,	23
3801,	35
3802,	17
3803,	28
3804,	41
3805,	13
3806,	4
3807,	4
3808,	35
3809,	28
3810,	9
3811,	0
3812,	31
3813,	40
3814,	37
3815,	28
3816,	41
3817,	4
3818,	30
3819,	17
3820,	3
3821,	17
3822,	24
3823,	26
3824,	33
3825,	30
3826,	6
3827,	11
3828,	21
3829,	31
3830,	28
3831,	29
3832,	30
3833,	9
3834,	21
3835,	27
3836,	42
3837,	38
3838,	28
3839,	22
3840,	29
3841,	32
3842,	17
3843,	32
3844,	36
3845,	15
3846,	20
3847,	41
3848,	38
3849,	21
3850,	35
3851,	17
3852,	43
3853,	5
3854,	24
3855,	27
3856,	18
3857,	31
3858,	39
3859,	43
3860,	13
3861,	25
3862,	32
3863,	38
3864,	13
3865,	31
3866,	19
3867,	35
3868,	34
3869,	0
3870,	32
3871,	43
3872,	5
3873,	11
3874,	26
3875,	27
3876,	25
3877,	41
3878,	38
3879,	4
3880,	11
3881,	17
3882,	37
3883,	43
3884,	36
3885,	14
3886,	40
3887,	35
3888,	43
3889,	37
3890,	41
3891,	6
3892,	42
3893,	33
3894,	30
3895,	34
3896,	16
3897,	34
3898,	37
3899,	0
3900,	44
3901,	38
3902,	24
3903,	33
3904,	0
3905,	42
3906,	31
3907,	42
3908,	30
3909,	11
3910,	27
3911,	29
3912,	43
3913,	36
3914,	32
3915,	40
3916,	11
3917,	40
3918,	11
3919,	29
3920,	3
3921,	31
3922,	28
3923,	21
3924,	13
3925,	35
3926,	15
3927,	30
3928,	9
3929,	26
3930,	43
3931,	42
3932,	44
3933,	6
3934,	8
3935,	11
3936,	13
3937,	38
3938,	43
3939,	26
3940,	13
3941,	39
3942,	6
3943,	17
3944,	33
3945,	37
3946,	14
3947,	14
3948,	43
3949,	44
3950,	25
3951,	5
3952,	35
3953,	39
3954,	9
3955,	37
3956,	34
3957,	44
3958,	7
3959,	27
3960,	39
3961,	4
3962,	41
3963,	36
3964,	13
3965,	29
3966,	23
3967,	15
3968,	42
3969,	39
3970,	40
3971,	28
3972,	18
3973,	43
3974,	6
3975,	33
3976,	30
3977,	11
3978,	34
3979,	16
3980,	10
3981,	42
3982,	8
3983,	3
3984,	4
3985,	17
3986,	5
3987,	35
3988,	4
3989,	16
3990,	40
3991,	12
3992,	15
3993,	21
3994,	18
3995,	20
3996,	21
3997,	22
3998,	23
3999,	24
