Instance: /home/gabriel/Documents/ufrgs/courses/oc/trab/instances/cmb06
Vertices: 2000
Colors: 15
NumIterations: 100000000
Alpha: 0.850000
Is Factible?: false
Conflicts: 11
Solution Value: 468272.437500
Initial Value: 479289.000000
Initial Conflicts: 28
Vertex,	Color
0,	0
1,	0
2,	4
3,	0
4,	0
5,	0
6,	0
7,	0
8,	0
9,	3
10,	0
11,	1
12,	2
13,	7
14,	1
15,	1
16,	2
17,	3
18,	1
19,	1
20,	0
21,	1
22,	0
23,	1
24,	3
25,	9
26,	2
27,	2
28,	1
29,	1
30,	0
31,	0
32,	0
33,	0
34,	1
35,	3
36,	2
37,	1
38,	1
39,	0
40,	1
41,	4
42,	2
43,	0
44,	4
45,	3
46,	0
47,	3
48,	1
49,	0
50,	4
51,	0
52,	0
53,	3
54,	0
55,	3
56,	0
57,	1
58,	0
59,	0
60,	0
61,	1
62,	7
63,	0
64,	3
65,	1
66,	3
67,	3
68,	5
69,	3
70,	1
71,	5
72,	0
73,	0
74,	4
75,	0
76,	1
77,	4
78,	2
79,	0
80,	3
81,	0
82,	1
83,	2
84,	5
85,	2
86,	0
87,	4
88,	0
89,	0
90,	1
91,	0
92,	3
93,	4
94,	0
95,	0
96,	1
97,	0
98,	3
99,	4
100,	1
101,	1
102,	2
103,	2
104,	5
105,	1
106,	4
107,	8
108,	1
109,	1
110,	2
111,	0
112,	2
113,	1
114,	0
115,	0
116,	2
117,	0
118,	0
119,	2
120,	7
121,	0
122,	2
123,	2
124,	2
125,	0
126,	1
127,	2
128,	1
129,	1
130,	5
131,	0
132,	0
133,	0
134,	0
135,	0
136,	1
137,	3
138,	6
139,	3
140,	8
141,	0
142,	2
143,	2
144,	0
145,	3
146,	0
147,	0
148,	1
149,	1
150,	5
151,	7
152,	1
153,	6
154,	0
155,	1
156,	0
157,	2
158,	1
159,	4
160,	2
161,	1
162,	0
163,	0
164,	2
165,	0
166,	1
167,	0
168,	1
169,	0
170,	4
171,	0
172,	1
173,	4
174,	7
175,	3
176,	1
177,	3
178,	3
179,	1
180,	2
181,	4
182,	4
183,	0
184,	0
185,	2
186,	2
187,	1
188,	7
189,	1
190,	3
191,	2
192,	0
193,	1
194,	0
195,	0
196,	2
197,	2
198,	0
199,	1
200,	3
201,	0
202,	8
203,	4
204,	2
205,	2
206,	0
207,	5
208,	0
209,	2
210,	3
211,	1
212,	11
213,	1
214,	1
215,	4
216,	0
217,	2
218,	0
219,	5
220,	1
221,	2
222,	4
223,	1
224,	0
225,	4
226,	5
227,	0
228,	1
229,	2
230,	2
231,	2
232,	2
233,	4
234,	11
235,	2
236,	0
237,	1
238,	1
239,	4
240,	1
241,	0
242,	2
243,	2
244,	0
245,	3
246,	1
247,	6
248,	2
249,	13
250,	0
251,	0
252,	1
253,	3
254,	1
255,	1
256,	1
257,	8
258,	1
259,	0
260,	0
261,	0
262,	7
263,	3
264,	3
265,	2
266,	5
267,	3
268,	0
269,	4
270,	3
271,	0
272,	1
273,	2
274,	0
275,	1
276,	3
277,	2
278,	3
279,	2
280,	1
281,	0
282,	2
283,	2
284,	0
285,	0
286,	4
287,	1
288,	2
289,	2
290,	1
291,	0
292,	2
293,	1
294,	0
295,	5
296,	1
297,	0
298,	5
299,	1
300,	2
301,	11
302,	7
303,	9
304,	5
305,	1
306,	0
307,	3
308,	2
309,	3
310,	8
311,	3
312,	3
313,	3
314,	4
315,	1
316,	2
317,	1
318,	1
319,	2
320,	4
321,	2
322,	4
323,	2
324,	9
325,	2
326,	1
327,	5
328,	1
329,	4
330,	6
331,	6
332,	1
333,	7
334,	1
335,	0
336,	0
337,	4
338,	2
339,	0
340,	1
341,	5
342,	5
343,	3
344,	3
345,	7
346,	2
347,	1
348,	2
349,	4
350,	2
351,	1
352,	1
353,	3
354,	4
355,	3
356,	1
357,	0
358,	5
359,	3
360,	4
361,	1
362,	3
363,	5
364,	0
365,	0
366,	5
367,	1
368,	0
369,	2
370,	0
371,	2
372,	1
373,	4
374,	3
375,	0
376,	4
377,	0
378,	1
379,	3
380,	10
381,	7
382,	0
383,	3
384,	1
385,	1
386,	2
387,	2
388,	4
389,	0
390,	4
391,	3
392,	0
393,	7
394,	3
395,	6
396,	0
397,	1
398,	6
399,	3
400,	2
401,	4
402,	1
403,	4
404,	3
405,	1
406,	4
407,	3
408,	5
409,	2
410,	4
411,	4
412,	2
413,	0
414,	3
415,	3
416,	7
417,	4
418,	4
419,	6
420,	7
421,	6
422,	0
423,	4
424,	9
425,	1
426,	1
427,	5
428,	1
429,	1
430,	3
431,	5
432,	0
433,	3
434,	8
435,	0
436,	3
437,	5
438,	0
439,	1
440,	0
441,	0
442,	0
443,	1
444,	2
445,	1
446,	1
447,	5
448,	2
449,	1
450,	0
451,	1
452,	0
453,	4
454,	4
455,	1
456,	4
457,	1
458,	0
459,	3
460,	3
461,	4
462,	3
463,	1
464,	0
465,	2
466,	2
467,	4
468,	2
469,	4
470,	2
471,	5
472,	4
473,	5
474,	0
475,	3
476,	5
477,	0
478,	0
479,	2
480,	3
481,	2
482,	0
483,	5
484,	1
485,	3
486,	1
487,	1
488,	2
489,	0
490,	0
491,	6
492,	1
493,	6
494,	0
495,	4
496,	1
497,	3
498,	2
499,	1
500,	2
501,	2
502,	3
503,	0
504,	5
505,	1
506,	4
507,	4
508,	5
509,	6
510,	3
511,	4
512,	5
513,	2
514,	5
515,	3
516,	2
517,	2
518,	3
519,	0
520,	1
521,	9
522,	6
523,	2
524,	4
525,	4
526,	2
527,	3
528,	5
529,	3
530,	5
531,	2
532,	7
533,	3
534,	4
535,	3
536,	5
537,	4
538,	2
539,	6
540,	2
541,	1
542,	6
543,	1
544,	1
545,	5
546,	7
547,	0
548,	5
549,	3
550,	3
551,	3
552,	3
553,	3
554,	1
555,	1
556,	5
557,	0
558,	1
559,	2
560,	3
561,	8
562,	0
563,	3
564,	5
565,	9
566,	3
567,	2
568,	2
569,	3
570,	1
571,	4
572,	0
573,	2
574,	6
575,	0
576,	0
577,	4
578,	5
579,	4
580,	4
581,	6
582,	5
583,	1
584,	2
585,	6
586,	4
587,	2
588,	5
589,	2
590,	1
591,	2
592,	1
593,	6
594,	4
595,	3
596,	2
597,	0
598,	4
599,	7
600,	8
601,	7
602,	0
603,	1
604,	3
605,	5
606,	6
607,	4
608,	2
609,	4
610,	2
611,	5
612,	1
613,	2
614,	0
615,	3
616,	3
617,	10
618,	0
619,	8
620,	1
621,	5
622,	6
623,	4
624,	1
625,	3
626,	7
627,	3
628,	3
629,	4
630,	2
631,	4
632,	3
633,	6
634,	3
635,	0
636,	2
637,	0
638,	2
639,	8
640,	2
641,	5
642,	0
643,	1
644,	4
645,	1
646,	5
647,	4
648,	4
649,	0
650,	2
651,	1
652,	5
653,	8
654,	5
655,	5
656,	7
657,	0
658,	2
659,	3
660,	5
661,	4
662,	3
663,	2
664,	2
665,	2
666,	7
667,	1
668,	3
669,	3
670,	6
671,	4
672,	5
673,	9
674,	1
675,	1
676,	2
677,	6
678,	4
679,	6
680,	4
681,	1
682,	0
683,	4
684,	1
685,	8
686,	6
687,	4
688,	13
689,	2
690,	8
691,	3
692,	2
693,	7
694,	11
695,	1
696,	5
697,	5
698,	1
699,	2
700,	1
701,	5
702,	2
703,	0
704,	2
705,	8
706,	1
707,	10
708,	4
709,	3
710,	6
711,	11
712,	3
713,	6
714,	5
715,	6
716,	4
717,	2
718,	2
719,	3
720,	5
721,	7
722,	5
723,	6
724,	0
725,	6
726,	1
727,	5
728,	5
729,	3
730,	0
731,	3
732,	7
733,	2
734,	5
735,	1
736,	2
737,	3
738,	6
739,	1
740,	3
741,	1
742,	1
743,	3
744,	4
745,	8
746,	2
747,	3
748,	0
749,	6
750,	3
751,	2
752,	6
753,	2
754,	3
755,	6
756,	3
757,	6
758,	0
759,	2
760,	4
761,	6
762,	1
763,	4
764,	4
765,	6
766,	4
767,	3
768,	3
769,	2
770,	0
771,	0
772,	6
773,	1
774,	2
775,	2
776,	3
777,	5
778,	4
779,	2
780,	2
781,	2
782,	0
783,	2
784,	2
785,	0
786,	3
787,	6
788,	2
789,	6
790,	4
791,	2
792,	4
793,	0
794,	0
795,	3
796,	0
797,	5
798,	7
799,	3
800,	2
801,	1
802,	3
803,	1
804,	4
805,	5
806,	2
807,	0
808,	5
809,	6
810,	5
811,	6
812,	5
813,	7
814,	3
815,	2
816,	4
817,	2
818,	4
819,	3
820,	0
821,	5
822,	3
823,	5
824,	6
825,	5
826,	7
827,	5
828,	2
829,	7
830,	3
831,	4
832,	3
833,	3
834,	5
835,	8
836,	4
837,	8
838,	0
839,	2
840,	8
841,	5
842,	7
843,	3
844,	0
845,	4
846,	6
847,	5
848,	0
849,	4
850,	4
851,	1
852,	2
853,	1
854,	5
855,	7
856,	2
857,	8
858,	2
859,	3
860,	7
861,	4
862,	1
863,	8
864,	2
865,	3
866,	0
867,	2
868,	3
869,	3
870,	5
871,	3
872,	7
873,	7
874,	4
875,	4
876,	4
877,	5
878,	4
879,	4
880,	4
881,	3
882,	3
883,	5
884,	6
885,	1
886,	2
887,	6
888,	2
889,	0
890,	4
891,	6
892,	5
893,	0
894,	6
895,	5
896,	3
897,	2
898,	5
899,	9
900,	5
901,	7
902,	5
903,	4
904,	5
905,	3
906,	9
907,	4
908,	6
909,	2
910,	7
911,	4
912,	4
913,	6
914,	6
915,	7
916,	4
917,	2
918,	9
919,	5
920,	4
921,	3
922,	4
923,	3
924,	3
925,	10
926,	8
927,	1
928,	7
929,	1
930,	5
931,	4
932,	0
933,	3
934,	3
935,	3
936,	9
937,	3
938,	4
939,	4
940,	7
941,	6
942,	8
943,	4
944,	5
945,	2
946,	3
947,	8
948,	0
949,	4
950,	5
951,	5
952,	4
953,	6
954,	7
955,	1
956,	6
957,	2
958,	7
959,	4
960,	4
961,	9
962,	6
963,	5
964,	6
965,	6
966,	1
967,	7
968,	3
969,	5
970,	9
971,	0
972,	5
973,	7
974,	6
975,	1
976,	5
977,	3
978,	3
979,	3
980,	3
981,	3
982,	9
983,	9
984,	7
985,	4
986,	8
987,	3
988,	7
989,	8
990,	6
991,	9
992,	6
993,	5
994,	0
995,	4
996,	2
997,	1
998,	5
999,	4
1000,	4
1001,	1
1002,	10
1003,	9
1004,	5
1005,	2
1006,	6
1007,	10
1008,	0
1009,	10
1010,	6
1011,	2
1012,	5
1013,	7
1014,	2
1015,	7
1016,	0
1017,	3
1018,	8
1019,	1
1020,	4
1021,	11
1022,	2
1023,	5
1024,	7
1025,	6
1026,	8
1027,	6
1028,	5
1029,	8
1030,	7
1031,	9
1032,	7
1033,	8
1034,	10
1035,	2
1036,	1
1037,	5
1038,	8
1039,	6
1040,	7
1041,	2
1042,	6
1043,	5
1044,	8
1045,	6
1046,	5
1047,	3
1048,	6
1049,	4
1050,	5
1051,	6
1052,	7
1053,	3
1054,	6
1055,	10
1056,	6
1057,	5
1058,	1
1059,	5
1060,	7
1061,	0
1062,	4
1063,	9
1064,	4
1065,	8
1066,	6
1067,	2
1068,	8
1069,	8
1070,	6
1071,	3
1072,	6
1073,	7
1074,	3
1075,	1
1076,	6
1077,	5
1078,	5
1079,	6
1080,	5
1081,	7
1082,	1
1083,	4
1084,	11
1085,	5
1086,	7
1087,	9
1088,	2
1089,	5
1090,	3
1091,	9
1092,	2
1093,	2
1094,	3
1095,	2
1096,	6
1097,	8
1098,	1
1099,	5
1100,	0
1101,	6
1102,	7
1103,	6
1104,	7
1105,	7
1106,	3
1107,	5
1108,	4
1109,	6
1110,	8
1111,	5
1112,	9
1113,	6
1114,	10
1115,	7
1116,	10
1117,	7
1118,	5
1119,	12
1120,	9
1121,	9
1122,	1
1123,	1
1124,	6
1125,	7
1126,	4
1127,	11
1128,	9
1129,	3
1130,	8
1131,	5
1132,	1
1133,	7
1134,	7
1135,	5
1136,	8
1137,	7
1138,	3
1139,	9
1140,	2
1141,	4
1142,	4
1143,	6
1144,	1
1145,	6
1146,	10
1147,	10
1148,	5
1149,	7
1150,	7
1151,	9
1152,	4
1153,	3
1154,	9
1155,	8
1156,	7
1157,	8
1158,	6
1159,	8
1160,	4
1161,	9
1162,	5
1163,	5
1164,	2
1165,	6
1166,	13
1167,	7
1168,	5
1169,	9
1170,	8
1171,	8
1172,	8
1173,	10
1174,	8
1175,	1
1176,	5
1177,	9
1178,	7
1179,	6
1180,	6
1181,	8
1182,	11
1183,	9
1184,	0
1185,	2
1186,	4
1187,	6
1188,	11
1189,	4
1190,	3
1191,	6
1192,	0
1193,	4
1194,	5
1195,	2
1196,	4
1197,	3
1198,	5
1199,	2
1200,	6
1201,	8
1202,	4
1203,	5
1204,	4
1205,	10
1206,	13
1207,	7
1208,	9
1209,	8
1210,	4
1211,	9
1212,	7
1213,	2
1214,	3
1215,	3
1216,	8
1217,	1
1218,	4
1219,	6
1220,	4
1221,	4
1222,	2
1223,	5
1224,	6
1225,	8
1226,	1
1227,	10
1228,	5
1229,	6
1230,	9
1231,	7
1232,	1
1233,	5
1234,	4
1235,	7
1236,	6
1237,	9
1238,	4
1239,	4
1240,	6
1241,	8
1242,	8
1243,	8
1244,	8
1245,	1
1246,	8
1247,	11
1248,	0
1249,	9
1250,	12
1251,	9
1252,	5
1253,	1
1254,	6
1255,	6
1256,	5
1257,	6
1258,	7
1259,	7
1260,	6
1261,	10
1262,	6
1263,	8
1264,	5
1265,	6
1266,	4
1267,	0
1268,	7
1269,	10
1270,	4
1271,	7
1272,	3
1273,	4
1274,	2
1275,	1
1276,	10
1277,	8
1278,	10
1279,	11
1280,	6
1281,	7
1282,	7
1283,	8
1284,	7
1285,	7
1286,	6
1287,	10
1288,	9
1289,	3
1290,	6
1291,	3
1292,	8
1293,	9
1294,	6
1295,	4
1296,	3
1297,	7
1298,	7
1299,	8
1300,	9
1301,	6
1302,	8
1303,	8
1304,	7
1305,	4
1306,	7
1307,	10
1308,	5
1309,	9
1310,	11
1311,	8
1312,	8
1313,	11
1314,	6
1315,	1
1316,	5
1317,	7
1318,	10
1319,	6
1320,	9
1321,	6
1322,	6
1323,	8
1324,	5
1325,	0
1326,	13
1327,	0
1328,	8
1329,	9
1330,	10
1331,	12
1332,	7
1333,	8
1334,	6
1335,	3
1336,	8
1337,	8
1338,	8
1339,	7
1340,	8
1341,	2
1342,	12
1343,	6
1344,	5
1345,	6
1346,	3
1347,	9
1348,	4
1349,	5
1350,	10
1351,	5
1352,	0
1353,	9
1354,	6
1355,	9
1356,	10
1357,	9
1358,	8
1359,	8
1360,	7
1361,	7
1362,	3
1363,	11
1364,	13
1365,	10
1366,	11
1367,	3
1368,	9
1369,	9
1370,	9
1371,	3
1372,	8
1373,	9
1374,	5
1375,	0
1376,	9
1377,	7
1378,	8
1379,	6
1380,	4
1381,	10
1382,	7
1383,	7
1384,	7
1385,	6
1386,	10
1387,	1
1388,	6
1389,	11
1390,	10
1391,	5
1392,	7
1393,	1
1394,	10
1395,	9
1396,	11
1397,	6
1398,	10
1399,	11
1400,	7
1401,	7
1402,	13
1403,	4
1404,	11
1405,	8
1406,	0
1407,	12
1408,	9
1409,	7
1410,	0
1411,	11
1412,	9
1413,	5
1414,	6
1415,	10
1416,	11
1417,	9
1418,	8
1419,	7
1420,	5
1421,	8
1422,	9
1423,	0
1424,	9
1425,	5
1426,	11
1427,	12
1428,	7
1429,	2
1430,	8
1431,	8
1432,	10
1433,	11
1434,	8
1435,	10
1436,	12
1437,	7
1438,	1
1439,	13
1440,	5
1441,	8
1442,	12
1443,	7
1444,	12
1445,	10
1446,	7
1447,	4
1448,	3
1449,	8
1450,	4
1451,	3
1452,	1
1453,	7
1454,	6
1455,	8
1456,	5
1457,	9
1458,	3
1459,	7
1460,	11
1461,	11
1462,	9
1463,	10
1464,	6
1465,	11
1466,	7
1467,	6
1468,	7
1469,	5
1470,	9
1471,	12
1472,	6
1473,	10
1474,	11
1475,	13
1476,	13
1477,	7
1478,	5
1479,	11
1480,	11
1481,	11
1482,	7
1483,	8
1484,	7
1485,	6
1486,	13
1487,	10
1488,	11
1489,	5
1490,	12
1491,	7
1492,	10
1493,	4
1494,	1
1495,	5
1496,	9
1497,	8
1498,	7
1499,	5
1500,	3
1501,	10
1502,	10
1503,	7
1504,	5
1505,	1
1506,	8
1507,	6
1508,	9
1509,	9
1510,	11
1511,	12
1512,	4
1513,	6
1514,	3
1515,	10
1516,	8
1517,	10
1518,	3
1519,	10
1520,	5
1521,	9
1522,	3
1523,	7
1524,	10
1525,	0
1526,	1
1527,	10
1528,	4
1529,	3
1530,	12
1531,	13
1532,	10
1533,	7
1534,	8
1535,	9
1536,	8
1537,	7
1538,	10
1539,	7
1540,	9
1541,	5
1542,	7
1543,	11
1544,	8
1545,	7
1546,	12
1547,	12
1548,	10
1549,	4
1550,	12
1551,	13
1552,	12
1553,	7
1554,	8
1555,	6
1556,	9
1557,	11
1558,	9
1559,	12
1560,	4
1561,	9
1562,	10
1563,	11
1564,	2
1565,	6
1566,	5
1567,	8
1568,	11
1569,	11
1570,	6
1571,	6
1572,	8
1573,	3
1574,	7
1575,	11
1576,	8
1577,	12
1578,	8
1579,	8
1580,	7
1581,	8
1582,	8
1583,	12
1584,	10
1585,	9
1586,	0
1587,	0
1588,	4
1589,	8
1590,	8
1591,	11
1592,	13
1593,	6
1594,	9
1595,	12
1596,	6
1597,	7
1598,	4
1599,	10
1600,	2
1601,	9
1602,	8
1603,	5
1604,	8
1605,	8
1606,	8
1607,	8
1608,	7
1609,	11
1610,	0
1611,	7
1612,	11
1613,	5
1614,	8
1615,	13
1616,	12
1617,	10
1618,	2
1619,	3
1620,	11
1621,	6
1622,	6
1623,	14
1624,	6
1625,	7
1626,	6
1627,	6
1628,	11
1629,	8
1630,	9
1631,	9
1632,	7
1633,	5
1634,	7
1635,	12
1636,	12
1637,	7
1638,	11
1639,	7
1640,	5
1641,	0
1642,	11
1643,	7
1644,	9
1645,	11
1646,	3
1647,	5
1648,	1
1649,	6
1650,	11
1651,	1
1652,	14
1653,	6
1654,	10
1655,	3
1656,	6
1657,	11
1658,	12
1659,	4
1660,	6
1661,	9
1662,	12
1663,	6
1664,	11
1665,	13
1666,	5
1667,	10
1668,	10
1669,	3
1670,	12
1671,	10
1672,	10
1673,	11
1674,	11
1675,	10
1676,	5
1677,	13
1678,	7
1679,	7
1680,	6
1681,	10
1682,	14
1683,	11
1684,	7
1685,	13
1686,	13
1687,	14
1688,	5
1689,	11
1690,	10
1691,	13
1692,	10
1693,	13
1694,	9
1695,	9
1696,	13
1697,	13
1698,	7
1699,	11
1700,	7
1701,	10
1702,	6
1703,	6
1704,	9
1705,	13
1706,	8
1707,	4
1708,	8
1709,	8
1710,	9
1711,	12
1712,	13
1713,	9
1714,	13
1715,	8
1716,	10
1717,	11
1718,	10
1719,	13
1720,	8
1721,	9
1722,	13
1723,	12
1724,	8
1725,	2
1726,	11
1727,	6
1728,	8
1729,	14
1730,	10
1731,	9
1732,	9
1733,	12
1734,	5
1735,	7
1736,	1
1737,	14
1738,	8
1739,	9
1740,	5
1741,	9
1742,	8
1743,	10
1744,	6
1745,	7
1746,	5
1747,	0
1748,	14
1749,	9
1750,	1
1751,	14
1752,	4
1753,	7
1754,	7
1755,	7
1756,	9
1757,	12
1758,	6
1759,	8
1760,	9
1761,	9
1762,	9
1763,	8
1764,	2
1765,	12
1766,	8
1767,	10
1768,	9
1769,	5
1770,	3
1771,	6
1772,	8
1773,	9
1774,	6
1775,	9
1776,	10
1777,	10
1778,	9
1779,	11
1780,	10
1781,	14
1782,	13
1783,	5
1784,	10
1785,	9
1786,	9
1787,	12
1788,	12
1789,	9
1790,	8
1791,	6
1792,	10
1793,	12
1794,	13
1795,	9
1796,	10
1797,	6
1798,	3
1799,	9
1800,	0
1801,	14
1802,	4
1803,	6
1804,	11
1805,	12
1806,	8
1807,	12
1808,	6
1809,	4
1810,	11
1811,	14
1812,	7
1813,	8
1814,	6
1815,	12
1816,	10
1817,	10
1818,	4
1819,	9
1820,	13
1821,	11
1822,	11
1823,	11
1824,	12
1825,	6
1826,	0
1827,	14
1828,	14
1829,	10
1830,	10
1831,	9
1832,	6
1833,	11
1834,	12
1835,	8
1836,	13
1837,	2
1838,	14
1839,	5
1840,	9
1841,	7
1842,	10
1843,	10
1844,	9
1845,	9
1846,	6
1847,	6
1848,	9
1849,	8
1850,	9
1851,	12
1852,	10
1853,	10
1854,	4
1855,	14
1856,	11
1857,	6
1858,	7
1859,	14
1860,	10
1861,	8
1862,	11
1863,	11
1864,	12
1865,	4
1866,	9
1867,	2
1868,	9
1869,	10
1870,	12
1871,	10
1872,	7
1873,	11
1874,	11
1875,	8
1876,	8
1877,	9
1878,	14
1879,	7
1880,	4
1881,	11
1882,	11
1883,	14
1884,	12
1885,	13
1886,	9
1887,	8
1888,	3
1889,	11
1890,	11
1891,	4
1892,	14
1893,	8
1894,	2
1895,	7
1896,	7
1897,	9
1898,	13
1899,	10
1900,	13
1901,	12
1902,	13
1903,	8
1904,	11
1905,	12
1906,	5
1907,	0
1908,	14
1909,	10
1910,	12
1911,	9
1912,	4
1913,	9
1914,	6
1915,	11
1916,	11
1917,	10
1918,	6
1919,	13
1920,	10
1921,	7
1922,	12
1923,	9
1924,	14
1925,	4
1926,	4
1927,	14
1928,	10
1929,	11
1930,	12
1931,	5
1932,	11
1933,	13
1934,	12
1935,	2
1936,	7
1937,	6
1938,	9
1939,	11
1940,	14
1941,	10
1942,	12
1943,	13
1944,	9
1945,	14
1946,	14
1947,	13
1948,	11
1949,	12
1950,	10
1951,	4
1952,	10
1953,	14
1954,	10
1955,	14
1956,	14
1957,	13
1958,	11
1959,	1
1960,	11
1961,	9
1962,	8
1963,	9
1964,	7
1965,	3
1966,	3
1967,	13
1968,	12
1969,	8
1970,	8
1971,	12
1972,	11
1973,	12
1974,	10
1975,	7
1976,	9
1977,	9
1978,	14
1979,	6
1980,	12
1981,	1
1982,	13
1983,	11
1984,	7
1985,	8
1986,	11
1987,	10
1988,	12
1989,	11
1990,	12
1991,	12
1992,	10
1993,	13
1994,	14
1995,	11
1996,	13
1997,	12
1998,	6
1999,	13
