Instance: /home/gabriel/Documents/ufrgs/courses/oc/trab/instances/cmb04
Vertices: 1000
Colors: 32
NumIterations: 100000000
Alpha: 0.850000
Is Factible?: false
Conflicts: 68
Solution Value: 93105.812500
Initial Value: 86522.890625
Initial Conflicts: 230
Vertex,	Color
0,	14
1,	0
2,	16
3,	6
4,	1
5,	5
6,	0
7,	8
8,	2
9,	2
10,	19
11,	9
12,	28
13,	7
14,	9
15,	9
16,	21
17,	1
18,	3
19,	5
20,	12
21,	25
22,	28
23,	1
24,	6
25,	8
26,	10
27,	25
28,	6
29,	0
30,	10
31,	7
32,	1
33,	9
34,	1
35,	10
36,	30
37,	6
38,	7
39,	12
40,	0
41,	2
42,	0
43,	0
44,	5
45,	4
46,	8
47,	22
48,	0
49,	1
50,	1
51,	0
52,	0
53,	2
54,	4
55,	8
56,	4
57,	7
58,	2
59,	6
60,	10
61,	1
62,	8
63,	29
64,	0
65,	3
66,	4
67,	0
68,	5
69,	4
70,	8
71,	1
72,	1
73,	5
74,	1
75,	22
76,	1
77,	8
78,	0
79,	9
80,	8
81,	3
82,	21
83,	1
84,	6
85,	5
86,	1
87,	5
88,	2
89,	5
90,	5
91,	9
92,	13
93,	11
94,	12
95,	1
96,	4
97,	11
98,	8
99,	2
100,	2
101,	0
102,	3
103,	8
104,	30
105,	3
106,	0
107,	1
108,	28
109,	5
110,	7
111,	12
112,	5
113,	7
114,	1
115,	11
116,	4
117,	16
118,	10
119,	7
120,	10
121,	0
122,	7
123,	6
124,	9
125,	22
126,	12
127,	5
128,	8
129,	4
130,	14
131,	16
132,	3
133,	22
134,	7
135,	14
136,	6
137,	1
138,	10
139,	4
140,	10
141,	10
142,	12
143,	8
144,	8
145,	3
146,	22
147,	1
148,	22
149,	4
150,	6
151,	3
152,	3
153,	3
154,	22
155,	6
156,	5
157,	16
158,	8
159,	2
160,	9
161,	3
162,	4
163,	23
164,	5
165,	5
166,	17
167,	4
168,	0
169,	9
170,	14
171,	2
172,	8
173,	12
174,	0
175,	9
176,	1
177,	9
178,	10
179,	3
180,	7
181,	9
182,	6
183,	11
184,	5
185,	3
186,	16
187,	9
188,	5
189,	13
190,	8
191,	3
192,	14
193,	0
194,	3
195,	6
196,	6
197,	2
198,	15
199,	0
200,	7
201,	0
202,	9
203,	0
204,	10
205,	7
206,	3
207,	21
208,	11
209,	0
210,	0
211,	3
212,	12
213,	10
214,	13
215,	9
216,	9
217,	15
218,	5
219,	3
220,	1
221,	2
222,	14
223,	25
224,	16
225,	6
226,	13
227,	1
228,	8
229,	1
230,	14
231,	3
232,	0
233,	25
234,	0
235,	4
236,	6
237,	4
238,	9
239,	1
240,	21
241,	12
242,	6
243,	13
244,	6
245,	6
246,	3
247,	8
248,	25
249,	10
250,	2
251,	1
252,	6
253,	5
254,	5
255,	4
256,	12
257,	8
258,	11
259,	4
260,	26
261,	14
262,	1
263,	11
264,	5
265,	10
266,	22
267,	21
268,	6
269,	4
270,	3
271,	13
272,	10
273,	4
274,	11
275,	7
276,	8
277,	3
278,	15
279,	2
280,	1
281,	25
282,	4
283,	8
284,	7
285,	4
286,	3
287,	22
288,	7
289,	10
290,	1
291,	7
292,	4
293,	4
294,	5
295,	13
296,	6
297,	11
298,	7
299,	8
300,	3
301,	14
302,	21
303,	9
304,	7
305,	16
306,	7
307,	20
308,	22
309,	9
310,	11
311,	15
312,	13
313,	11
314,	9
315,	6
316,	4
317,	12
318,	7
319,	2
320,	5
321,	21
322,	11
323,	6
324,	1
325,	8
326,	0
327,	25
328,	10
329,	4
330,	10
331,	17
332,	7
333,	7
334,	9
335,	18
336,	11
337,	21
338,	5
339,	8
340,	6
341,	6
342,	9
343,	10
344,	6
345,	17
346,	9
347,	14
348,	13
349,	19
350,	3
351,	14
352,	18
353,	7
354,	16
355,	21
356,	9
357,	12
358,	3
359,	14
360,	12
361,	8
362,	12
363,	17
364,	26
365,	17
366,	5
367,	27
368,	18
369,	3
370,	12
371,	15
372,	17
373,	10
374,	5
375,	12
376,	14
377,	12
378,	13
379,	14
380,	8
381,	7
382,	10
383,	19
384,	8
385,	20
386,	8
387,	17
388,	16
389,	15
390,	18
391,	16
392,	21
393,	11
394,	13
395,	13
396,	13
397,	12
398,	15
399,	22
400,	11
401,	27
402,	20
403,	11
404,	12
405,	16
406,	10
407,	24
408,	19
409,	6
410,	11
411,	17
412,	1
413,	19
414,	22
415,	22
416,	7
417,	14
418,	16
419,	8
420,	11
421,	22
422,	1
423,	9
424,	15
425,	19
426,	19
427,	23
428,	5
429,	18
430,	11
431,	25
432,	11
433,	15
434,	4
435,	17
436,	20
437,	24
438,	8
439,	16
440,	12
441,	11
442,	19
443,	6
444,	3
445,	17
446,	24
447,	17
448,	9
449,	19
450,	9
451,	18
452,	20
453,	11
454,	14
455,	15
456,	16
457,	17
458,	14
459,	26
460,	4
461,	3
462,	19
463,	18
464,	15
465,	31
466,	17
467,	18
468,	23
469,	6
470,	15
471,	7
472,	24
473,	4
474,	22
475,	20
476,	19
477,	21
478,	22
479,	18
480,	21
481,	15
482,	15
483,	20
484,	21
485,	12
486,	13
487,	13
488,	6
489,	3
490,	22
491,	22
492,	21
493,	10
494,	6
495,	13
496,	23
497,	5
498,	14
499,	2
500,	19
501,	30
502,	20
503,	14
504,	17
505,	24
506,	5
507,	4
508,	7
509,	18
510,	17
511,	14
512,	26
513,	19
514,	9
515,	18
516,	29
517,	17
518,	23
519,	1
520,	13
521,	13
522,	20
523,	11
524,	23
525,	10
526,	5
527,	11
528,	17
529,	20
530,	14
531,	18
532,	0
533,	14
534,	16
535,	22
536,	19
537,	17
538,	20
539,	21
540,	0
541,	19
542,	10
543,	19
544,	1
545,	27
546,	20
547,	21
548,	17
549,	9
550,	20
551,	20
552,	21
553,	18
554,	17
555,	19
556,	13
557,	8
558,	18
559,	18
560,	21
561,	23
562,	27
563,	29
564,	15
565,	12
566,	23
567,	29
568,	23
569,	15
570,	15
571,	10
572,	23
573,	21
574,	12
575,	15
576,	19
577,	26
578,	19
579,	14
580,	15
581,	16
582,	12
583,	12
584,	21
585,	12
586,	22
587,	21
588,	25
589,	8
590,	16
591,	24
592,	13
593,	14
594,	7
595,	13
596,	23
597,	20
598,	19
599,	15
600,	17
601,	20
602,	1
603,	25
604,	14
605,	9
606,	24
607,	10
608,	18
609,	24
610,	4
611,	22
612,	8
613,	22
614,	15
615,	28
616,	25
617,	15
618,	17
619,	20
620,	10
621,	29
622,	22
623,	1
624,	14
625,	24
626,	21
627,	0
628,	12
629,	18
630,	20
631,	11
632,	8
633,	24
634,	16
635,	13
636,	29
637,	20
638,	26
639,	22
640,	17
641,	21
642,	21
643,	25
644,	2
645,	13
646,	12
647,	21
648,	18
649,	20
650,	16
651,	26
652,	19
653,	23
654,	17
655,	2
656,	5
657,	20
658,	13
659,	21
660,	25
661,	5
662,	24
663,	20
664,	28
665,	26
666,	24
667,	22
668,	22
669,	27
670,	25
671,	21
672,	23
673,	7
674,	25
675,	22
676,	25
677,	28
678,	23
679,	28
680,	26
681,	21
682,	28
683,	19
684,	30
685,	13
686,	0
687,	16
688,	9
689,	29
690,	19
691,	5
692,	24
693,	29
694,	26
695,	27
696,	20
697,	21
698,	9
699,	10
700,	19
701,	27
702,	23
703,	30
704,	0
705,	30
706,	27
707,	17
708,	29
709,	29
710,	10
711,	18
712,	4
713,	21
714,	26
715,	28
716,	30
717,	27
718,	2
719,	15
720,	8
721,	31
722,	23
723,	27
724,	23
725,	24
726,	3
727,	11
728,	21
729,	6
730,	19
731,	18
732,	22
733,	28
734,	22
735,	20
736,	31
737,	17
738,	23
739,	12
740,	27
741,	28
742,	27
743,	22
744,	24
745,	25
746,	28
747,	24
748,	31
749,	3
750,	24
751,	9
752,	17
753,	24
754,	31
755,	2
756,	11
757,	23
758,	25
759,	17
760,	18
761,	29
762,	21
763,	25
764,	0
765,	9
766,	17
767,	15
768,	14
769,	22
770,	21
771,	21
772,	31
773,	12
774,	8
775,	9
776,	22
777,	18
778,	24
779,	1
780,	6
781,	16
782,	21
783,	29
784,	23
785,	15
786,	31
787,	31
788,	11
789,	20
790,	5
791,	18
792,	25
793,	21
794,	19
795,	30
796,	27
797,	14
798,	16
799,	29
800,	7
801,	31
802,	15
803,	23
804,	1
805,	1
806,	2
807,	27
808,	7
809,	15
810,	18
811,	2
812,	10
813,	24
814,	28
815,	28
816,	8
817,	25
818,	12
819,	0
820,	26
821,	25
822,	3
823,	30
824,	29
825,	9
826,	6
827,	29
828,	25
829,	29
830,	23
831,	19
832,	14
833,	21
834,	26
835,	20
836,	27
837,	30
838,	17
839,	28
840,	23
841,	29
842,	13
843,	1
844,	25
845,	31
846,	29
847,	26
848,	26
849,	23
850,	30
851,	24
852,	26
853,	18
854,	25
855,	22
856,	23
857,	20
858,	19
859,	25
860,	29
861,	16
862,	26
863,	26
864,	25
865,	13
866,	3
867,	28
868,	24
869,	21
870,	24
871,	9
872,	22
873,	31
874,	16
875,	26
876,	27
877,	0
878,	14
879,	13
880,	29
881,	2
882,	30
883,	31
884,	3
885,	31
886,	29
887,	26
888,	28
889,	31
890,	25
891,	2
892,	27
893,	28
894,	26
895,	28
896,	28
897,	27
898,	19
899,	24
900,	27
901,	31
902,	25
903,	28
904,	26
905,	14
906,	28
907,	29
908,	30
909,	26
910,	27
911,	27
912,	27
913,	30
914,	16
915,	30
916,	10
917,	29
918,	28
919,	30
920,	24
921,	8
922,	11
923,	31
924,	18
925,	28
926,	10
927,	2
928,	23
929,	30
930,	4
931,	16
932,	23
933,	30
934,	17
935,	31
936,	4
937,	31
938,	31
939,	27
940,	28
941,	28
942,	1
943,	24
944,	27
945,	16
946,	28
947,	24
948,	22
949,	23
950,	25
951,	30
952,	13
953,	23
954,	19
955,	16
956,	20
957,	26
958,	20
959,	3
960,	30
961,	31
962,	25
963,	3
964,	26
965,	16
966,	27
967,	31
968,	30
969,	26
970,	22
971,	2
972,	29
973,	4
974,	28
975,	29
976,	25
977,	16
978,	31
979,	7
980,	22
981,	16
982,	31
983,	30
984,	27
985,	15
986,	31
987,	0
988,	30
989,	18
990,	20
991,	19
992,	18
993,	0
994,	28
995,	31
996,	11
997,	1
998,	10
999,	25
