Instance: /home/gabriel/Documents/ufrgs/courses/oc/trab/instances/cmb03
Vertices: 1000
Colors: 18
NumIterations: 1410065408
Alpha: 0.850000
Is Factible?: false
Conflicts: 1
Solution Value: 210779.218750
Initial Value: 224947.546875
Initial Conflicts: 15
Vertex,	Color
0,	1
1,	0
2,	6
3,	2
4,	0
5,	8
6,	1
7,	2
8,	7
9,	5
10,	2
11,	1
12,	1
13,	0
14,	1
15,	3
16,	6
17,	1
18,	3
19,	8
20,	1
21,	0
22,	0
23,	0
24,	0
25,	1
26,	3
27,	3
28,	4
29,	0
30,	4
31,	3
32,	1
33,	3
34,	0
35,	1
36,	0
37,	2
38,	2
39,	2
40,	2
41,	0
42,	0
43,	0
44,	0
45,	1
46,	0
47,	6
48,	4
49,	0
50,	6
51,	0
52,	6
53,	2
54,	0
55,	1
56,	0
57,	0
58,	4
59,	0
60,	0
61,	0
62,	4
63,	4
64,	1
65,	2
66,	0
67,	0
68,	3
69,	0
70,	2
71,	0
72,	0
73,	6
74,	2
75,	0
76,	1
77,	3
78,	4
79,	1
80,	0
81,	0
82,	2
83,	0
84,	0
85,	4
86,	8
87,	4
88,	5
89,	6
90,	0
91,	5
92,	1
93,	8
94,	0
95,	0
96,	4
97,	5
98,	2
99,	0
100,	3
101,	2
102,	1
103,	7
104,	4
105,	4
106,	0
107,	4
108,	6
109,	13
110,	1
111,	0
112,	1
113,	0
114,	7
115,	0
116,	1
117,	0
118,	1
119,	2
120,	1
121,	8
122,	2
123,	5
124,	4
125,	1
126,	2
127,	4
128,	2
129,	0
130,	3
131,	1
132,	3
133,	2
134,	7
135,	3
136,	2
137,	4
138,	8
139,	1
140,	0
141,	2
142,	4
143,	0
144,	2
145,	3
146,	0
147,	12
148,	2
149,	0
150,	5
151,	1
152,	1
153,	0
154,	0
155,	0
156,	1
157,	0
158,	7
159,	4
160,	5
161,	0
162,	3
163,	3
164,	1
165,	1
166,	5
167,	1
168,	3
169,	8
170,	1
171,	2
172,	6
173,	1
174,	2
175,	2
176,	0
177,	4
178,	1
179,	2
180,	3
181,	3
182,	3
183,	4
184,	3
185,	3
186,	2
187,	0
188,	2
189,	1
190,	4
191,	11
192,	2
193,	3
194,	3
195,	2
196,	1
197,	0
198,	2
199,	1
200,	0
201,	1
202,	2
203,	2
204,	1
205,	4
206,	1
207,	0
208,	7
209,	3
210,	1
211,	5
212,	5
213,	0
214,	3
215,	0
216,	4
217,	1
218,	1
219,	15
220,	10
221,	2
222,	3
223,	9
224,	1
225,	0
226,	2
227,	1
228,	0
229,	4
230,	5
231,	6
232,	4
233,	1
234,	0
235,	3
236,	0
237,	1
238,	3
239,	8
240,	2
241,	3
242,	2
243,	2
244,	2
245,	2
246,	1
247,	5
248,	0
249,	4
250,	7
251,	7
252,	0
253,	0
254,	3
255,	0
256,	1
257,	0
258,	1
259,	7
260,	6
261,	7
262,	5
263,	2
264,	1
265,	10
266,	4
267,	2
268,	6
269,	7
270,	3
271,	5
272,	0
273,	6
274,	7
275,	4
276,	4
277,	3
278,	2
279,	8
280,	4
281,	5
282,	0
283,	1
284,	3
285,	3
286,	3
287,	3
288,	11
289,	0
290,	7
291,	4
292,	1
293,	5
294,	9
295,	3
296,	5
297,	9
298,	2
299,	2
300,	7
301,	0
302,	2
303,	0
304,	4
305,	0
306,	6
307,	5
308,	1
309,	1
310,	7
311,	3
312,	6
313,	3
314,	5
315,	1
316,	11
317,	1
318,	6
319,	5
320,	4
321,	2
322,	4
323,	4
324,	4
325,	2
326,	3
327,	4
328,	10
329,	3
330,	9
331,	2
332,	4
333,	3
334,	3
335,	3
336,	4
337,	7
338,	6
339,	13
340,	2
341,	6
342,	0
343,	8
344,	4
345,	7
346,	0
347,	4
348,	1
349,	1
350,	2
351,	4
352,	7
353,	5
354,	6
355,	3
356,	3
357,	1
358,	4
359,	3
360,	8
361,	3
362,	1
363,	3
364,	5
365,	1
366,	4
367,	5
368,	8
369,	5
370,	4
371,	2
372,	7
373,	0
374,	12
375,	2
376,	4
377,	8
378,	5
379,	5
380,	4
381,	7
382,	7
383,	2
384,	1
385,	2
386,	7
387,	5
388,	3
389,	2
390,	3
391,	0
392,	2
393,	2
394,	7
395,	1
396,	6
397,	6
398,	1
399,	5
400,	3
401,	3
402,	4
403,	1
404,	5
405,	1
406,	1
407,	5
408,	2
409,	5
410,	1
411,	1
412,	4
413,	8
414,	2
415,	5
416,	5
417,	8
418,	6
419,	6
420,	2
421,	8
422,	5
423,	5
424,	0
425,	8
426,	2
427,	6
428,	3
429,	7
430,	6
431,	1
432,	2
433,	6
434,	9
435,	6
436,	4
437,	6
438,	6
439,	8
440,	3
441,	8
442,	5
443,	6
444,	11
445,	4
446,	3
447,	5
448,	6
449,	6
450,	10
451,	5
452,	3
453,	8
454,	7
455,	9
456,	7
457,	5
458,	10
459,	2
460,	8
461,	6
462,	5
463,	10
464,	8
465,	0
466,	5
467,	7
468,	6
469,	4
470,	2
471,	6
472,	7
473,	3
474,	12
475,	10
476,	2
477,	3
478,	8
479,	3
480,	3
481,	2
482,	5
483,	9
484,	6
485,	8
486,	5
487,	4
488,	7
489,	5
490,	6
491,	9
492,	1
493,	3
494,	2
495,	6
496,	5
497,	9
498,	3
499,	7
500,	1
501,	3
502,	6
503,	9
504,	0
505,	4
506,	4
507,	4
508,	4
509,	5
510,	8
511,	4
512,	9
513,	5
514,	5
515,	9
516,	5
517,	6
518,	9
519,	9
520,	10
521,	4
522,	4
523,	6
524,	5
525,	10
526,	5
527,	10
528,	6
529,	8
530,	8
531,	5
532,	3
533,	6
534,	5
535,	9
536,	1
537,	4
538,	2
539,	2
540,	9
541,	7
542,	7
543,	9
544,	4
545,	7
546,	10
547,	7
548,	11
549,	9
550,	0
551,	5
552,	3
553,	7
554,	7
555,	6
556,	7
557,	8
558,	3
559,	9
560,	11
561,	8
562,	7
563,	8
564,	11
565,	8
566,	6
567,	8
568,	10
569,	3
570,	4
571,	5
572,	13
573,	6
574,	4
575,	7
576,	12
577,	6
578,	8
579,	5
580,	6
581,	6
582,	1
583,	5
584,	8
585,	1
586,	9
587,	1
588,	6
589,	0
590,	9
591,	10
592,	3
593,	4
594,	10
595,	5
596,	8
597,	9
598,	10
599,	12
600,	5
601,	2
602,	6
603,	7
604,	9
605,	7
606,	4
607,	6
608,	11
609,	3
610,	2
611,	8
612,	7
613,	5
614,	9
615,	10
616,	7
617,	9
618,	5
619,	7
620,	15
621,	7
622,	10
623,	6
624,	9
625,	9
626,	6
627,	7
628,	10
629,	10
630,	12
631,	4
632,	7
633,	7
634,	7
635,	11
636,	3
637,	7
638,	3
639,	10
640,	9
641,	9
642,	6
643,	7
644,	12
645,	11
646,	10
647,	11
648,	7
649,	12
650,	7
651,	6
652,	12
653,	8
654,	9
655,	10
656,	6
657,	10
658,	9
659,	11
660,	8
661,	4
662,	2
663,	10
664,	9
665,	4
666,	2
667,	8
668,	8
669,	9
670,	11
671,	4
672,	12
673,	14
674,	8
675,	1
676,	13
677,	9
678,	4
679,	10
680,	12
681,	11
682,	14
683,	10
684,	9
685,	13
686,	9
687,	7
688,	8
689,	8
690,	9
691,	5
692,	9
693,	5
694,	6
695,	7
696,	13
697,	10
698,	3
699,	6
700,	5
701,	10
702,	8
703,	11
704,	16
705,	6
706,	5
707,	6
708,	8
709,	9
710,	11
711,	8
712,	15
713,	12
714,	1
715,	3
716,	11
717,	6
718,	7
719,	5
720,	4
721,	14
722,	11
723,	7
724,	4
725,	12
726,	12
727,	9
728,	11
729,	7
730,	13
731,	9
732,	7
733,	13
734,	4
735,	5
736,	10
737,	10
738,	9
739,	12
740,	7
741,	9
742,	14
743,	10
744,	6
745,	9
746,	13
747,	12
748,	13
749,	7
750,	8
751,	0
752,	10
753,	11
754,	11
755,	6
756,	10
757,	7
758,	8
759,	11
760,	10
761,	11
762,	10
763,	8
764,	12
765,	1
766,	12
767,	8
768,	7
769,	7
770,	3
771,	8
772,	8
773,	13
774,	8
775,	3
776,	13
777,	4
778,	6
779,	12
780,	11
781,	13
782,	14
783,	8
784,	9
785,	11
786,	17
787,	10
788,	14
789,	14
790,	9
791,	11
792,	8
793,	14
794,	2
795,	9
796,	10
797,	12
798,	12
799,	13
800,	9
801,	8
802,	11
803,	12
804,	13
805,	7
806,	5
807,	14
808,	10
809,	10
810,	13
811,	9
812,	9
813,	8
814,	11
815,	15
816,	10
817,	5
818,	16
819,	14
820,	7
821,	9
822,	11
823,	4
824,	7
825,	11
826,	9
827,	11
828,	1
829,	15
830,	14
831,	14
832,	11
833,	14
834,	0
835,	15
836,	15
837,	15
838,	3
839,	7
840,	6
841,	11
842,	8
843,	8
844,	6
845,	5
846,	10
847,	6
848,	12
849,	10
850,	11
851,	12
852,	11
853,	11
854,	13
855,	10
856,	1
857,	11
858,	13
859,	12
860,	10
861,	9
862,	10
863,	11
864,	8
865,	9
866,	12
867,	13
868,	5
869,	6
870,	4
871,	13
872,	12
873,	10
874,	8
875,	6
876,	10
877,	12
878,	11
879,	11
880,	12
881,	14
882,	4
883,	15
884,	2
885,	12
886,	13
887,	1
888,	11
889,	17
890,	6
891,	15
892,	13
893,	8
894,	6
895,	6
896,	2
897,	14
898,	14
899,	12
900,	12
901,	14
902,	8
903,	12
904,	11
905,	15
906,	13
907,	15
908,	7
909,	11
910,	11
911,	7
912,	14
913,	11
914,	12
915,	16
916,	16
917,	12
918,	1
919,	10
920,	16
921,	9
922,	3
923,	12
924,	8
925,	15
926,	8
927,	10
928,	7
929,	6
930,	13
931,	6
932,	2
933,	6
934,	6
935,	9
936,	2
937,	10
938,	11
939,	12
940,	15
941,	13
942,	14
943,	15
944,	16
945,	13
946,	9
947,	11
948,	17
949,	14
950,	16
951,	13
952,	7
953,	8
954,	15
955,	13
956,	7
957,	17
958,	13
959,	0
960,	2
961,	16
962,	17
963,	11
964,	17
965,	8
966,	8
967,	15
968,	4
969,	5
970,	12
971,	16
972,	13
973,	8
974,	14
975,	8
976,	14
977,	9
978,	17
979,	14
980,	11
981,	12
982,	16
983,	9
984,	9
985,	13
986,	4
987,	11
988,	15
989,	12
990,	16
991,	17
992,	16
993,	13
994,	8
995,	16
996,	13
997,	9
998,	15
999,	12
