Instance: /home/gabriel/Documents/ufrgs/courses/oc/trab/instances/cmb10
Vertices: 4000
Colors: 82
NumIterations: 100000000
Alpha: 0.850000
Is Factible?: false
Conflicts: 314
Solution Value: 140779.078125
Initial Value: 145929.8125000
Initial Conflicts: 821
Vertex,	Color
0,	1
1,	8
2,	2
3,	33
4,	45
5,	22
6,	24
7,	74
8,	17
9,	1
10,	0
11,	5
12,	1
13,	3
14,	9
15,	14
16,	4
17,	12
18,	20
19,	19
20,	26
21,	75
22,	18
23,	14
24,	21
25,	5
26,	20
27,	15
28,	9
29,	63
30,	15
31,	9
32,	5
33,	1
34,	13
35,	2
36,	7
37,	22
38,	59
39,	26
40,	81
41,	14
42,	8
43,	9
44,	12
45,	18
46,	60
47,	14
48,	21
49,	38
50,	6
51,	0
52,	6
53,	9
54,	9
55,	15
56,	5
57,	75
58,	27
59,	22
60,	24
61,	45
62,	8
63,	32
64,	29
65,	19
66,	31
67,	9
68,	4
69,	6
70,	55
71,	27
72,	13
73,	12
74,	13
75,	6
76,	42
77,	2
78,	2
79,	4
80,	22
81,	1
82,	74
83,	1
84,	25
85,	5
86,	12
87,	19
88,	9
89,	18
90,	20
91,	16
92,	5
93,	28
94,	12
95,	30
96,	30
97,	7
98,	1
99,	7
100,	3
101,	78
102,	2
103,	19
104,	75
105,	61
106,	6
107,	5
108,	3
109,	37
110,	8
111,	47
112,	2
113,	7
114,	0
115,	3
116,	17
117,	4
118,	8
119,	14
120,	4
121,	11
122,	28
123,	0
124,	80
125,	1
126,	7
127,	14
128,	2
129,	27
130,	3
131,	81
132,	19
133,	5
134,	37
135,	27
136,	54
137,	53
138,	62
139,	18
140,	14
141,	18
142,	24
143,	6
144,	32
145,	11
146,	16
147,	30
148,	14
149,	4
150,	9
151,	26
152,	78
153,	1
154,	6
155,	43
156,	6
157,	25
158,	22
159,	73
160,	1
161,	24
162,	36
163,	26
164,	10
165,	1
166,	7
167,	1
168,	8
169,	2
170,	10
171,	14
172,	13
173,	0
174,	62
175,	50
176,	11
177,	44
178,	18
179,	37
180,	9
181,	33
182,	7
183,	8
184,	6
185,	4
186,	68
187,	15
188,	7
189,	30
190,	77
191,	10
192,	18
193,	70
194,	6
195,	22
196,	8
197,	6
198,	1
199,	62
200,	10
201,	79
202,	8
203,	26
204,	7
205,	26
206,	11
207,	33
208,	11
209,	8
210,	80
211,	81
212,	68
213,	10
214,	38
215,	0
216,	12
217,	8
218,	4
219,	0
220,	5
221,	21
222,	22
223,	2
224,	28
225,	15
226,	9
227,	11
228,	10
229,	4
230,	15
231,	4
232,	6
233,	14
234,	10
235,	11
236,	44
237,	17
238,	10
239,	34
240,	13
241,	10
242,	18
243,	36
244,	40
245,	36
246,	38
247,	7
248,	36
249,	29
250,	76
251,	23
252,	76
253,	5
254,	17
255,	12
256,	67
257,	1
258,	14
259,	11
260,	24
261,	2
262,	13
263,	10
264,	2
265,	15
266,	14
267,	9
268,	15
269,	0
270,	77
271,	17
272,	15
273,	23
274,	15
275,	11
276,	34
277,	1
278,	22
279,	17
280,	1
281,	42
282,	12
283,	77
284,	7
285,	2
286,	9
287,	2
288,	8
289,	8
290,	16
291,	19
292,	14
293,	2
294,	3
295,	7
296,	4
297,	2
298,	6
299,	7
300,	7
301,	0
302,	41
303,	11
304,	45
305,	4
306,	35
307,	16
308,	5
309,	2
310,	10
311,	8
312,	5
313,	4
314,	80
315,	75
316,	2
317,	20
318,	25
319,	11
320,	16
321,	14
322,	22
323,	30
324,	4
325,	22
326,	32
327,	1
328,	13
329,	8
330,	2
331,	3
332,	23
333,	24
334,	8
335,	63
336,	12
337,	15
338,	11
339,	2
340,	2
341,	8
342,	17
343,	4
344,	36
345,	34
346,	25
347,	8
348,	28
349,	5
350,	32
351,	18
352,	7
353,	9
354,	8
355,	2
356,	1
357,	20
358,	17
359,	28
360,	0
361,	4
362,	4
363,	8
364,	17
365,	0
366,	14
367,	77
368,	21
369,	1
370,	54
371,	19
372,	10
373,	5
374,	18
375,	5
376,	18
377,	31
378,	3
379,	80
380,	48
381,	22
382,	41
383,	2
384,	11
385,	11
386,	0
387,	25
388,	22
389,	48
390,	5
391,	30
392,	23
393,	0
394,	11
395,	18
396,	45
397,	18
398,	10
399,	10
400,	26
401,	19
402,	10
403,	7
404,	32
405,	26
406,	17
407,	16
408,	69
409,	0
410,	0
411,	49
412,	0
413,	39
414,	6
415,	12
416,	11
417,	30
418,	4
419,	8
420,	0
421,	56
422,	4
423,	4
424,	3
425,	16
426,	35
427,	32
428,	24
429,	23
430,	11
431,	10
432,	52
433,	12
434,	1
435,	3
436,	5
437,	1
438,	19
439,	7
440,	2
441,	0
442,	6
443,	12
444,	63
445,	33
446,	4
447,	2
448,	22
449,	36
450,	33
451,	1
452,	80
453,	8
454,	28
455,	17
456,	30
457,	4
458,	15
459,	3
460,	4
461,	15
462,	0
463,	21
464,	48
465,	6
466,	25
467,	7
468,	10
469,	2
470,	12
471,	8
472,	11
473,	22
474,	53
475,	36
476,	45
477,	13
478,	21
479,	9
480,	6
481,	47
482,	22
483,	2
484,	3
485,	40
486,	12
487,	15
488,	6
489,	21
490,	3
491,	21
492,	0
493,	2
494,	22
495,	14
496,	2
497,	41
498,	0
499,	10
500,	13
501,	33
502,	7
503,	16
504,	8
505,	16
506,	67
507,	3
508,	3
509,	4
510,	3
511,	62
512,	18
513,	4
514,	3
515,	5
516,	46
517,	35
518,	13
519,	20
520,	20
521,	24
522,	46
523,	22
524,	54
525,	25
526,	9
527,	2
528,	5
529,	14
530,	5
531,	15
532,	2
533,	11
534,	7
535,	5
536,	26
537,	3
538,	11
539,	4
540,	18
541,	14
542,	4
543,	11
544,	3
545,	30
546,	71
547,	0
548,	19
549,	4
550,	11
551,	20
552,	8
553,	4
554,	10
555,	8
556,	2
557,	2
558,	0
559,	22
560,	6
561,	35
562,	46
563,	0
564,	15
565,	21
566,	14
567,	3
568,	5
569,	5
570,	25
571,	1
572,	4
573,	3
574,	14
575,	7
576,	39
577,	27
578,	14
579,	1
580,	1
581,	22
582,	25
583,	25
584,	17
585,	6
586,	8
587,	10
588,	22
589,	27
590,	37
591,	5
592,	2
593,	28
594,	22
595,	23
596,	0
597,	17
598,	19
599,	5
600,	7
601,	23
602,	23
603,	9
604,	4
605,	5
606,	17
607,	4
608,	37
609,	14
610,	21
611,	17
612,	75
613,	16
614,	2
615,	7
616,	28
617,	21
618,	19
619,	4
620,	3
621,	14
622,	2
623,	73
624,	15
625,	13
626,	3
627,	29
628,	3
629,	5
630,	23
631,	1
632,	19
633,	5
634,	2
635,	0
636,	13
637,	30
638,	18
639,	15
640,	21
641,	2
642,	11
643,	32
644,	0
645,	8
646,	28
647,	1
648,	10
649,	30
650,	11
651,	0
652,	8
653,	0
654,	11
655,	10
656,	12
657,	9
658,	13
659,	9
660,	14
661,	27
662,	5
663,	6
664,	19
665,	49
666,	8
667,	25
668,	13
669,	11
670,	6
671,	20
672,	28
673,	23
674,	11
675,	12
676,	69
677,	1
678,	40
679,	13
680,	9
681,	7
682,	13
683,	15
684,	10
685,	4
686,	5
687,	33
688,	3
689,	13
690,	15
691,	8
692,	9
693,	18
694,	45
695,	41
696,	42
697,	6
698,	8
699,	2
700,	14
701,	11
702,	13
703,	28
704,	6
705,	5
706,	2
707,	27
708,	1
709,	12
710,	3
711,	19
712,	74
713,	30
714,	24
715,	6
716,	19
717,	78
718,	13
719,	53
720,	15
721,	44
722,	16
723,	0
724,	6
725,	8
726,	42
727,	16
728,	24
729,	15
730,	17
731,	20
732,	23
733,	32
734,	17
735,	28
736,	28
737,	14
738,	14
739,	12
740,	45
741,	8
742,	19
743,	16
744,	16
745,	22
746,	12
747,	45
748,	12
749,	0
750,	39
751,	8
752,	0
753,	11
754,	15
755,	22
756,	15
757,	32
758,	3
759,	9
760,	44
761,	1
762,	4
763,	9
764,	14
765,	16
766,	34
767,	8
768,	17
769,	18
770,	14
771,	10
772,	8
773,	10
774,	9
775,	18
776,	45
777,	15
778,	15
779,	20
780,	7
781,	28
782,	20
783,	3
784,	41
785,	29
786,	40
787,	8
788,	4
789,	45
790,	16
791,	38
792,	20
793,	15
794,	13
795,	2
796,	10
797,	21
798,	15
799,	25
800,	30
801,	1
802,	23
803,	16
804,	33
805,	5
806,	17
807,	34
808,	12
809,	10
810,	5
811,	10
812,	7
813,	14
814,	6
815,	11
816,	28
817,	18
818,	12
819,	5
820,	17
821,	12
822,	14
823,	3
824,	76
825,	9
826,	6
827,	25
828,	14
829,	29
830,	12
831,	6
832,	21
833,	0
834,	21
835,	21
836,	9
837,	15
838,	10
839,	29
840,	18
841,	5
842,	9
843,	17
844,	28
845,	19
846,	31
847,	9
848,	5
849,	13
850,	13
851,	24
852,	2
853,	36
854,	13
855,	13
856,	36
857,	2
858,	23
859,	41
860,	21
861,	5
862,	10
863,	39
864,	1
865,	37
866,	5
867,	21
868,	42
869,	11
870,	21
871,	9
872,	11
873,	48
874,	20
875,	16
876,	24
877,	26
878,	22
879,	22
880,	19
881,	0
882,	37
883,	15
884,	14
885,	35
886,	4
887,	23
888,	3
889,	10
890,	5
891,	13
892,	25
893,	37
894,	10
895,	30
896,	0
897,	5
898,	8
899,	16
900,	12
901,	16
902,	35
903,	22
904,	23
905,	18
906,	14
907,	20
908,	5
909,	35
910,	25
911,	1
912,	22
913,	17
914,	5
915,	29
916,	23
917,	16
918,	2
919,	35
920,	30
921,	23
922,	35
923,	26
924,	7
925,	12
926,	7
927,	5
928,	41
929,	18
930,	9
931,	18
932,	17
933,	18
934,	3
935,	26
936,	42
937,	29
938,	59
939,	75
940,	30
941,	38
942,	16
943,	39
944,	19
945,	17
946,	46
947,	7
948,	2
949,	21
950,	19
951,	27
952,	32
953,	24
954,	3
955,	18
956,	3
957,	10
958,	8
959,	25
960,	15
961,	13
962,	20
963,	13
964,	28
965,	13
966,	26
967,	22
968,	48
969,	0
970,	11
971,	29
972,	6
973,	14
974,	14
975,	16
976,	5
977,	17
978,	16
979,	13
980,	18
981,	29
982,	24
983,	11
984,	14
985,	5
986,	13
987,	9
988,	37
989,	2
990,	11
991,	17
992,	7
993,	14
994,	41
995,	5
996,	35
997,	13
998,	15
999,	78
1000,	9
1001,	15
1002,	24
1003,	4
1004,	4
1005,	60
1006,	29
1007,	16
1008,	7
1009,	6
1010,	24
1011,	9
1012,	10
1013,	20
1014,	29
1015,	8
1016,	5
1017,	35
1018,	9
1019,	8
1020,	19
1021,	16
1022,	19
1023,	17
1024,	2
1025,	35
1026,	15
1027,	3
1028,	29
1029,	8
1030,	31
1031,	24
1032,	13
1033,	4
1034,	44
1035,	4
1036,	6
1037,	38
1038,	17
1039,	21
1040,	1
1041,	15
1042,	27
1043,	1
1044,	16
1045,	14
1046,	7
1047,	19
1048,	31
1049,	45
1050,	26
1051,	24
1052,	34
1053,	6
1054,	51
1055,	3
1056,	38
1057,	9
1058,	11
1059,	25
1060,	16
1061,	37
1062,	15
1063,	18
1064,	39
1065,	17
1066,	36
1067,	35
1068,	34
1069,	25
1070,	15
1071,	18
1072,	29
1073,	7
1074,	19
1075,	6
1076,	48
1077,	12
1078,	21
1079,	48
1080,	17
1081,	31
1082,	30
1083,	20
1084,	5
1085,	12
1086,	50
1087,	52
1088,	32
1089,	23
1090,	11
1091,	16
1092,	14
1093,	24
1094,	23
1095,	46
1096,	9
1097,	20
1098,	42
1099,	5
1100,	25
1101,	24
1102,	14
1103,	5
1104,	22
1105,	11
1106,	5
1107,	8
1108,	15
1109,	12
1110,	15
1111,	8
1112,	18
1113,	13
1114,	15
1115,	18
1116,	28
1117,	43
1118,	45
1119,	35
1120,	47
1121,	21
1122,	19
1123,	37
1124,	29
1125,	23
1126,	34
1127,	14
1128,	23
1129,	31
1130,	35
1131,	19
1132,	21
1133,	20
1134,	38
1135,	29
1136,	40
1137,	24
1138,	11
1139,	13
1140,	16
1141,	3
1142,	19
1143,	18
1144,	14
1145,	12
1146,	26
1147,	30
1148,	16
1149,	39
1150,	14
1151,	33
1152,	20
1153,	12
1154,	17
1155,	12
1156,	19
1157,	15
1158,	18
1159,	23
1160,	20
1161,	24
1162,	25
1163,	25
1164,	22
1165,	24
1166,	32
1167,	23
1168,	29
1169,	8
1170,	13
1171,	5
1172,	31
1173,	8
1174,	25
1175,	5
1176,	23
1177,	11
1178,	22
1179,	16
1180,	48
1181,	20
1182,	30
1183,	26
1184,	8
1185,	1
1186,	27
1187,	12
1188,	21
1189,	39
1190,	20
1191,	14
1192,	17
1193,	29
1194,	9
1195,	38
1196,	16
1197,	28
1198,	16
1199,	15
1200,	21
1201,	59
1202,	22
1203,	6
1204,	52
1205,	5
1206,	43
1207,	6
1208,	13
1209,	10
1210,	17
1211,	24
1212,	18
1213,	14
1214,	27
1215,	26
1216,	13
1217,	15
1218,	17
1219,	31
1220,	33
1221,	28
1222,	25
1223,	36
1224,	29
1225,	13
1226,	14
1227,	17
1228,	39
1229,	13
1230,	33
1231,	26
1232,	19
1233,	17
1234,	8
1235,	16
1236,	20
1237,	22
1238,	43
1239,	7
1240,	21
1241,	23
1242,	44
1243,	10
1244,	21
1245,	70
1246,	29
1247,	13
1248,	27
1249,	3
1250,	29
1251,	26
1252,	28
1253,	27
1254,	26
1255,	21
1256,	33
1257,	12
1258,	19
1259,	27
1260,	27
1261,	31
1262,	9
1263,	27
1264,	12
1265,	28
1266,	26
1267,	25
1268,	4
1269,	25
1270,	31
1271,	43
1272,	42
1273,	18
1274,	25
1275,	21
1276,	23
1277,	39
1278,	16
1279,	28
1280,	7
1281,	24
1282,	27
1283,	28
1284,	12
1285,	21
1286,	26
1287,	19
1288,	43
1289,	15
1290,	54
1291,	11
1292,	24
1293,	35
1294,	33
1295,	33
1296,	19
1297,	19
1298,	38
1299,	21
1300,	27
1301,	28
1302,	26
1303,	27
1304,	41
1305,	37
1306,	5
1307,	16
1308,	22
1309,	31
1310,	6
1311,	32
1312,	41
1313,	34
1314,	27
1315,	9
1316,	41
1317,	13
1318,	27
1319,	36
1320,	16
1321,	26
1322,	18
1323,	5
1324,	14
1325,	28
1326,	45
1327,	21
1328,	25
1329,	15
1330,	45
1331,	30
1332,	16
1333,	49
1334,	13
1335,	70
1336,	10
1337,	36
1338,	25
1339,	36
1340,	20
1341,	36
1342,	45
1343,	15
1344,	20
1345,	26
1346,	20
1347,	26
1348,	34
1349,	35
1350,	21
1351,	23
1352,	8
1353,	9
1354,	38
1355,	43
1356,	39
1357,	42
1358,	32
1359,	9
1360,	18
1361,	20
1362,	24
1363,	16
1364,	34
1365,	33
1366,	29
1367,	18
1368,	18
1369,	32
1370,	29
1371,	45
1372,	25
1373,	28
1374,	33
1375,	40
1376,	16
1377,	58
1378,	17
1379,	2
1380,	29
1381,	20
1382,	18
1383,	27
1384,	48
1385,	24
1386,	7
1387,	8
1388,	17
1389,	43
1390,	5
1391,	10
1392,	19
1393,	40
1394,	12
1395,	27
1396,	32
1397,	28
1398,	30
1399,	49
1400,	6
1401,	23
1402,	28
1403,	29
1404,	37
1405,	21
1406,	21
1407,	4
1408,	25
1409,	38
1410,	19
1411,	23
1412,	47
1413,	11
1414,	26
1415,	3
1416,	35
1417,	36
1418,	1
1419,	32
1420,	8
1421,	28
1422,	21
1423,	22
1424,	32
1425,	26
1426,	22
1427,	27
1428,	19
1429,	21
1430,	22
1431,	32
1432,	26
1433,	0
1434,	38
1435,	4
1436,	33
1437,	12
1438,	19
1439,	25
1440,	17
1441,	40
1442,	11
1443,	4
1444,	35
1445,	35
1446,	19
1447,	39
1448,	39
1449,	53
1450,	24
1451,	37
1452,	30
1453,	30
1454,	24
1455,	6
1456,	31
1457,	32
1458,	31
1459,	30
1460,	41
1461,	13
1462,	27
1463,	20
1464,	46
1465,	33
1466,	31
1467,	26
1468,	29
1469,	37
1470,	47
1471,	58
1472,	6
1473,	7
1474,	26
1475,	50
1476,	75
1477,	48
1478,	28
1479,	40
1480,	28
1481,	35
1482,	30
1483,	28
1484,	18
1485,	20
1486,	43
1487,	32
1488,	17
1489,	30
1490,	24
1491,	30
1492,	22
1493,	28
1494,	26
1495,	27
1496,	38
1497,	41
1498,	41
1499,	43
1500,	46
1501,	11
1502,	42
1503,	12
1504,	28
1505,	58
1506,	72
1507,	36
1508,	37
1509,	24
1510,	53
1511,	35
1512,	25
1513,	9
1514,	8
1515,	47
1516,	32
1517,	25
1518,	27
1519,	17
1520,	23
1521,	31
1522,	20
1523,	26
1524,	23
1525,	40
1526,	26
1527,	21
1528,	28
1529,	24
1530,	41
1531,	29
1532,	23
1533,	27
1534,	32
1535,	15
1536,	58
1537,	45
1538,	31
1539,	0
1540,	19
1541,	15
1542,	28
1543,	20
1544,	23
1545,	63
1546,	18
1547,	55
1548,	43
1549,	48
1550,	32
1551,	11
1552,	22
1553,	0
1554,	29
1555,	10
1556,	42
1557,	37
1558,	38
1559,	42
1560,	33
1561,	46
1562,	2
1563,	31
1564,	34
1565,	27
1566,	52
1567,	33
1568,	38
1569,	22
1570,	54
1571,	34
1572,	34
1573,	7
1574,	22
1575,	15
1576,	19
1577,	28
1578,	5
1579,	36
1580,	32
1581,	49
1582,	31
1583,	30
1584,	19
1585,	22
1586,	38
1587,	9
1588,	40
1589,	21
1590,	14
1591,	6
1592,	35
1593,	27
1594,	9
1595,	24
1596,	23
1597,	41
1598,	29
1599,	53
1600,	25
1601,	39
1602,	46
1603,	35
1604,	55
1605,	40
1606,	29
1607,	50
1608,	21
1609,	42
1610,	57
1611,	31
1612,	40
1613,	34
1614,	14
1615,	3
1616,	2
1617,	42
1618,	37
1619,	19
1620,	21
1621,	49
1622,	31
1623,	26
1624,	28
1625,	34
1626,	17
1627,	34
1628,	38
1629,	22
1630,	51
1631,	35
1632,	21
1633,	25
1634,	17
1635,	14
1636,	31
1637,	39
1638,	34
1639,	12
1640,	38
1641,	37
1642,	33
1643,	45
1644,	25
1645,	25
1646,	24
1647,	27
1648,	33
1649,	37
1650,	38
1651,	36
1652,	25
1653,	30
1654,	2
1655,	34
1656,	33
1657,	31
1658,	36
1659,	37
1660,	50
1661,	41
1662,	51
1663,	52
1664,	31
1665,	22
1666,	33
1667,	19
1668,	44
1669,	24
1670,	39
1671,	37
1672,	21
1673,	27
1674,	45
1675,	53
1676,	31
1677,	39
1678,	35
1679,	36
1680,	35
1681,	40
1682,	43
1683,	27
1684,	28
1685,	40
1686,	38
1687,	53
1688,	54
1689,	44
1690,	13
1691,	67
1692,	34
1693,	25
1694,	7
1695,	29
1696,	33
1697,	41
1698,	33
1699,	23
1700,	59
1701,	27
1702,	33
1703,	41
1704,	39
1705,	59
1706,	31
1707,	39
1708,	43
1709,	32
1710,	11
1711,	34
1712,	21
1713,	0
1714,	23
1715,	46
1716,	28
1717,	22
1718,	38
1719,	34
1720,	33
1721,	53
1722,	27
1723,	17
1724,	10
1725,	40
1726,	42
1727,	54
1728,	39
1729,	41
1730,	47
1731,	26
1732,	48
1733,	38
1734,	44
1735,	22
1736,	20
1737,	34
1738,	29
1739,	31
1740,	78
1741,	29
1742,	20
1743,	36
1744,	4
1745,	30
1746,	16
1747,	26
1748,	31
1749,	44
1750,	29
1751,	22
1752,	68
1753,	37
1754,	62
1755,	17
1756,	41
1757,	25
1758,	55
1759,	41
1760,	39
1761,	48
1762,	63
1763,	38
1764,	47
1765,	30
1766,	32
1767,	37
1768,	39
1769,	37
1770,	29
1771,	37
1772,	28
1773,	43
1774,	39
1775,	34
1776,	60
1777,	27
1778,	49
1779,	32
1780,	24
1781,	41
1782,	34
1783,	61
1784,	22
1785,	28
1786,	44
1787,	18
1788,	44
1789,	23
1790,	48
1791,	34
1792,	38
1793,	32
1794,	32
1795,	48
1796,	24
1797,	24
1798,	20
1799,	55
1800,	32
1801,	11
1802,	51
1803,	27
1804,	29
1805,	37
1806,	38
1807,	40
1808,	25
1809,	36
1810,	18
1811,	42
1812,	45
1813,	34
1814,	13
1815,	38
1816,	56
1817,	39
1818,	45
1819,	36
1820,	37
1821,	24
1822,	46
1823,	36
1824,	39
1825,	49
1826,	42
1827,	31
1828,	34
1829,	19
1830,	38
1831,	29
1832,	58
1833,	36
1834,	43
1835,	61
1836,	4
1837,	35
1838,	29
1839,	65
1840,	50
1841,	22
1842,	45
1843,	30
1844,	43
1845,	42
1846,	31
1847,	35
1848,	30
1849,	48
1850,	39
1851,	30
1852,	25
1853,	48
1854,	49
1855,	48
1856,	67
1857,	35
1858,	40
1859,	31
1860,	23
1861,	48
1862,	47
1863,	40
1864,	52
1865,	44
1866,	41
1867,	41
1868,	40
1869,	34
1870,	53
1871,	40
1872,	35
1873,	15
1874,	30
1875,	39
1876,	40
1877,	23
1878,	37
1879,	8
1880,	48
1881,	16
1882,	40
1883,	36
1884,	12
1885,	40
1886,	44
1887,	34
1888,	16
1889,	62
1890,	6
1891,	40
1892,	61
1893,	44
1894,	33
1895,	61
1896,	46
1897,	50
1898,	38
1899,	36
1900,	47
1901,	35
1902,	35
1903,	35
1904,	38
1905,	40
1906,	49
1907,	31
1908,	36
1909,	18
1910,	39
1911,	26
1912,	61
1913,	33
1914,	46
1915,	34
1916,	32
1917,	57
1918,	57
1919,	10
1920,	46
1921,	46
1922,	46
1923,	43
1924,	47
1925,	55
1926,	26
1927,	47
1928,	13
1929,	44
1930,	40
1931,	3
1932,	30
1933,	45
1934,	41
1935,	34
1936,	33
1937,	39
1938,	45
1939,	37
1940,	52
1941,	42
1942,	49
1943,	34
1944,	27
1945,	32
1946,	24
1947,	42
1948,	51
1949,	42
1950,	31
1951,	25
1952,	54
1953,	25
1954,	51
1955,	48
1956,	36
1957,	40
1958,	47
1959,	24
1960,	46
1961,	15
1962,	24
1963,	44
1964,	56
1965,	49
1966,	32
1967,	31
1968,	51
1969,	23
1970,	29
1971,	60
1972,	40
1973,	47
1974,	44
1975,	52
1976,	49
1977,	33
1978,	38
1979,	44
1980,	51
1981,	55
1982,	36
1983,	33
1984,	26
1985,	34
1986,	10
1987,	47
1988,	41
1989,	55
1990,	25
1991,	45
1992,	33
1993,	32
1994,	35
1995,	41
1996,	37
1997,	34
1998,	66
1999,	36
2000,	34
2001,	50
2002,	55
2003,	36
2004,	35
2005,	15
2006,	53
2007,	44
2008,	38
2009,	44
2010,	42
2011,	64
2012,	52
2013,	38
2014,	55
2015,	28
2016,	39
2017,	41
2018,	42
2019,	43
2020,	16
2021,	48
2022,	35
2023,	29
2024,	44
2025,	38
2026,	46
2027,	41
2028,	36
2029,	49
2030,	52
2031,	33
2032,	52
2033,	42
2034,	32
2035,	64
2036,	62
2037,	41
2038,	44
2039,	27
2040,	23
2041,	27
2042,	50
2043,	34
2044,	29
2045,	65
2046,	41
2047,	40
2048,	28
2049,	51
2050,	37
2051,	12
2052,	57
2053,	17
2054,	45
2055,	44
2056,	43
2057,	49
2058,	7
2059,	45
2060,	28
2061,	45
2062,	53
2063,	38
2064,	39
2065,	41
2066,	27
2067,	42
2068,	29
2069,	47
2070,	40
2071,	10
2072,	45
2073,	44
2074,	34
2075,	32
2076,	48
2077,	37
2078,	44
2079,	55
2080,	59
2081,	43
2082,	36
2083,	44
2084,	65
2085,	53
2086,	30
2087,	75
2088,	51
2089,	52
2090,	39
2091,	44
2092,	59
2093,	56
2094,	27
2095,	26
2096,	45
2097,	49
2098,	53
2099,	40
2100,	43
2101,	33
2102,	33
2103,	34
2104,	22
2105,	39
2106,	60
2107,	42
2108,	33
2109,	62
2110,	59
2111,	2
2112,	31
2113,	44
2114,	36
2115,	60
2116,	62
2117,	49
2118,	51
2119,	42
2120,	51
2121,	35
2122,	49
2123,	38
2124,	52
2125,	62
2126,	45
2127,	35
2128,	40
2129,	59
2130,	50
2131,	6
2132,	45
2133,	45
2134,	39
2135,	39
2136,	60
2137,	64
2138,	34
2139,	36
2140,	24
2141,	43
2142,	42
2143,	44
2144,	47
2145,	43
2146,	27
2147,	42
2148,	54
2149,	46
2150,	32
2151,	20
2152,	57
2153,	40
2154,	19
2155,	79
2156,	29
2157,	20
2158,	43
2159,	45
2160,	30
2161,	46
2162,	54
2163,	54
2164,	59
2165,	39
2166,	36
2167,	50
2168,	38
2169,	43
2170,	31
2171,	48
2172,	0
2173,	49
2174,	37
2175,	58
2176,	48
2177,	50
2178,	50
2179,	38
2180,	54
2181,	35
2182,	61
2183,	47
2184,	37
2185,	22
2186,	41
2187,	59
2188,	43
2189,	52
2190,	45
2191,	63
2192,	48
2193,	40
2194,	2
2195,	47
2196,	28
2197,	43
2198,	50
2199,	48
2200,	50
2201,	56
2202,	52
2203,	66
2204,	25
2205,	52
2206,	54
2207,	46
2208,	43
2209,	44
2210,	56
2211,	14
2212,	40
2213,	52
2214,	54
2215,	37
2216,	58
2217,	55
2218,	45
2219,	1
2220,	46
2221,	50
2222,	52
2223,	68
2224,	58
2225,	56
2226,	44
2227,	51
2228,	48
2229,	70
2230,	59
2231,	46
2232,	42
2233,	42
2234,	55
2235,	46
2236,	42
2237,	42
2238,	47
2239,	40
2240,	43
2241,	45
2242,	10
2243,	33
2244,	60
2245,	40
2246,	37
2247,	43
2248,	55
2249,	46
2250,	57
2251,	51
2252,	54
2253,	22
2254,	57
2255,	18
2256,	56
2257,	51
2258,	40
2259,	44
2260,	46
2261,	14
2262,	61
2263,	53
2264,	50
2265,	41
2266,	37
2267,	34
2268,	22
2269,	66
2270,	59
2271,	57
2272,	58
2273,	53
2274,	41
2275,	35
2276,	16
2277,	5
2278,	39
2279,	43
2280,	50
2281,	41
2282,	8
2283,	50
2284,	70
2285,	53
2286,	14
2287,	56
2288,	58
2289,	47
2290,	46
2291,	42
2292,	26
2293,	56
2294,	43
2295,	7
2296,	7
2297,	47
2298,	15
2299,	45
2300,	6
2301,	30
2302,	36
2303,	55
2304,	50
2305,	53
2306,	14
2307,	69
2308,	30
2309,	52
2310,	23
2311,	50
2312,	59
2313,	64
2314,	48
2315,	45
2316,	43
2317,	41
2318,	50
2319,	39
2320,	51
2321,	46
2322,	58
2323,	50
2324,	79
2325,	47
2326,	45
2327,	65
2328,	54
2329,	64
2330,	8
2331,	72
2332,	59
2333,	53
2334,	33
2335,	50
2336,	39
2337,	32
2338,	48
2339,	50
2340,	32
2341,	56
2342,	57
2343,	27
2344,	53
2345,	55
2346,	51
2347,	60
2348,	17
2349,	57
2350,	38
2351,	49
2352,	69
2353,	15
2354,	49
2355,	71
2356,	65
2357,	48
2358,	18
2359,	17
2360,	71
2361,	44
2362,	57
2363,	55
2364,	47
2365,	41
2366,	52
2367,	36
2368,	51
2369,	15
2370,	46
2371,	51
2372,	53
2373,	47
2374,	48
2375,	27
2376,	48
2377,	52
2378,	48
2379,	47
2380,	49
2381,	57
2382,	55
2383,	47
2384,	38
2385,	48
2386,	25
2387,	20
2388,	53
2389,	45
2390,	53
2391,	47
2392,	62
2393,	54
2394,	43
2395,	53
2396,	55
2397,	50
2398,	61
2399,	47
2400,	53
2401,	50
2402,	55
2403,	64
2404,	57
2405,	36
2406,	43
2407,	54
2408,	61
2409,	52
2410,	66
2411,	57
2412,	61
2413,	41
2414,	51
2415,	62
2416,	50
2417,	56
2418,	11
2419,	47
2420,	52
2421,	50
2422,	52
2423,	46
2424,	52
2425,	47
2426,	35
2427,	53
2428,	49
2429,	70
2430,	57
2431,	56
2432,	57
2433,	47
2434,	31
2435,	6
2436,	42
2437,	35
2438,	28
2439,	59
2440,	39
2441,	45
2442,	47
2443,	49
2444,	4
2445,	52
2446,	50
2447,	41
2448,	53
2449,	53
2450,	48
2451,	61
2452,	68
2453,	53
2454,	53
2455,	52
2456,	59
2457,	60
2458,	45
2459,	49
2460,	55
2461,	51
2462,	55
2463,	54
2464,	61
2465,	67
2466,	26
2467,	46
2468,	28
2469,	49
2470,	48
2471,	30
2472,	74
2473,	28
2474,	51
2475,	70
2476,	52
2477,	61
2478,	56
2479,	68
2480,	14
2481,	36
2482,	10
2483,	54
2484,	57
2485,	63
2486,	44
2487,	61
2488,	57
2489,	60
2490,	33
2491,	54
2492,	66
2493,	31
2494,	69
2495,	53
2496,	57
2497,	58
2498,	60
2499,	16
2500,	35
2501,	56
2502,	57
2503,	51
2504,	59
2505,	54
2506,	28
2507,	34
2508,	14
2509,	39
2510,	53
2511,	45
2512,	49
2513,	56
2514,	54
2515,	26
2516,	54
2517,	47
2518,	58
2519,	16
2520,	46
2521,	58
2522,	55
2523,	52
2524,	64
2525,	48
2526,	42
2527,	55
2528,	46
2529,	54
2530,	44
2531,	65
2532,	31
2533,	60
2534,	19
2535,	42
2536,	52
2537,	54
2538,	58
2539,	20
2540,	55
2541,	5
2542,	75
2543,	63
2544,	52
2545,	52
2546,	25
2547,	46
2548,	62
2549,	51
2550,	49
2551,	35
2552,	55
2553,	64
2554,	44
2555,	20
2556,	58
2557,	8
2558,	26
2559,	56
2560,	81
2561,	35
2562,	51
2563,	67
2564,	53
2565,	62
2566,	70
2567,	61
2568,	26
2569,	46
2570,	56
2571,	45
2572,	32
2573,	65
2574,	68
2575,	3
2576,	56
2577,	37
2578,	68
2579,	69
2580,	65
2581,	59
2582,	43
2583,	74
2584,	9
2585,	62
2586,	42
2587,	49
2588,	58
2589,	40
2590,	61
2591,	3
2592,	51
2593,	51
2594,	63
2595,	60
2596,	38
2597,	57
2598,	47
2599,	56
2600,	64
2601,	61
2602,	26
2603,	64
2604,	35
2605,	61
2606,	56
2607,	49
2608,	61
2609,	50
2610,	64
2611,	27
2612,	8
2613,	51
2614,	56
2615,	54
2616,	49
2617,	70
2618,	67
2619,	47
2620,	45
2621,	58
2622,	58
2623,	56
2624,	4
2625,	62
2626,	57
2627,	40
2628,	24
2629,	55
2630,	58
2631,	6
2632,	57
2633,	47
2634,	56
2635,	65
2636,	64
2637,	55
2638,	59
2639,	54
2640,	31
2641,	53
2642,	50
2643,	47
2644,	65
2645,	68
2646,	56
2647,	59
2648,	67
2649,	61
2650,	50
2651,	25
2652,	77
2653,	52
2654,	65
2655,	70
2656,	47
2657,	62
2658,	1
2659,	51
2660,	59
2661,	49
2662,	6
2663,	66
2664,	49
2665,	66
2666,	56
2667,	49
2668,	57
2669,	42
2670,	57
2671,	57
2672,	59
2673,	60
2674,	57
2675,	35
2676,	43
2677,	72
2678,	62
2679,	38
2680,	1
2681,	64
2682,	51
2683,	67
2684,	60
2685,	48
2686,	58
2687,	7
2688,	37
2689,	1
2690,	63
2691,	49
2692,	61
2693,	64
2694,	59
2695,	52
2696,	61
2697,	50
2698,	69
2699,	75
2700,	41
2701,	55
2702,	42
2703,	7
2704,	54
2705,	19
2706,	48
2707,	68
2708,	70
2709,	63
2710,	63
2711,	37
2712,	58
2713,	0
2714,	46
2715,	20
2716,	65
2717,	49
2718,	5
2719,	2
2720,	46
2721,	60
2722,	53
2723,	71
2724,	57
2725,	65
2726,	52
2727,	65
2728,	41
2729,	43
2730,	15
2731,	66
2732,	45
2733,	37
2734,	63
2735,	9
2736,	68
2737,	52
2738,	58
2739,	11
2740,	60
2741,	53
2742,	65
2743,	63
2744,	63
2745,	60
2746,	60
2747,	0
2748,	49
2749,	53
2750,	1
2751,	54
2752,	22
2753,	41
2754,	51
2755,	40
2756,	81
2757,	55
2758,	60
2759,	37
2760,	34
2761,	50
2762,	57
2763,	61
2764,	57
2765,	53
2766,	55
2767,	59
2768,	71
2769,	5
2770,	58
2771,	46
2772,	50
2773,	64
2774,	68
2775,	45
2776,	52
2777,	36
2778,	56
2779,	59
2780,	75
2781,	54
2782,	63
2783,	41
2784,	12
2785,	52
2786,	1
2787,	44
2788,	36
2789,	58
2790,	48
2791,	59
2792,	66
2793,	2
2794,	60
2795,	58
2796,	32
2797,	70
2798,	79
2799,	59
2800,	39
2801,	72
2802,	63
2803,	63
2804,	78
2805,	50
2806,	13
2807,	28
2808,	71
2809,	71
2810,	7
2811,	65
2812,	64
2813,	3
2814,	43
2815,	43
2816,	62
2817,	60
2818,	69
2819,	49
2820,	55
2821,	68
2822,	58
2823,	63
2824,	68
2825,	60
2826,	73
2827,	41
2828,	28
2829,	38
2830,	70
2831,	58
2832,	52
2833,	61
2834,	59
2835,	55
2836,	61
2837,	44
2838,	56
2839,	63
2840,	68
2841,	62
2842,	21
2843,	58
2844,	57
2845,	51
2846,	35
2847,	53
2848,	68
2849,	39
2850,	54
2851,	23
2852,	64
2853,	77
2854,	76
2855,	55
2856,	62
2857,	24
2858,	54
2859,	72
2860,	64
2861,	47
2862,	69
2863,	66
2864,	35
2865,	64
2866,	44
2867,	10
2868,	62
2869,	39
2870,	62
2871,	70
2872,	74
2873,	37
2874,	65
2875,	16
2876,	43
2877,	44
2878,	53
2879,	68
2880,	46
2881,	25
2882,	56
2883,	11
2884,	54
2885,	62
2886,	49
2887,	51
2888,	67
2889,	68
2890,	39
2891,	57
2892,	67
2893,	48
2894,	43
2895,	66
2896,	1
2897,	45
2898,	39
2899,	47
2900,	7
2901,	62
2902,	67
2903,	61
2904,	62
2905,	69
2906,	30
2907,	72
2908,	46
2909,	69
2910,	56
2911,	65
2912,	51
2913,	68
2914,	64
2915,	27
2916,	57
2917,	75
2918,	65
2919,	7
2920,	52
2921,	53
2922,	50
2923,	77
2924,	46
2925,	71
2926,	73
2927,	12
2928,	71
2929,	22
2930,	66
2931,	12
2932,	6
2933,	73
2934,	72
2935,	54
2936,	70
2937,	40
2938,	67
2939,	34
2940,	72
2941,	56
2942,	67
2943,	74
2944,	21
2945,	4
2946,	66
2947,	66
2948,	65
2949,	48
2950,	58
2951,	57
2952,	67
2953,	69
2954,	72
2955,	74
2956,	56
2957,	2
2958,	66
2959,	4
2960,	66
2961,	51
2962,	55
2963,	57
2964,	53
2965,	60
2966,	2
2967,	7
2968,	66
2969,	3
2970,	3
2971,	48
2972,	20
2973,	59
2974,	69
2975,	77
2976,	63
2977,	47
2978,	56
2979,	68
2980,	5
2981,	74
2982,	7
2983,	71
2984,	66
2985,	70
2986,	26
2987,	81
2988,	55
2989,	7
2990,	44
2991,	19
2992,	3
2993,	65
2994,	0
2995,	62
2996,	69
2997,	59
2998,	80
2999,	42
3000,	54
3001,	61
3002,	51
3003,	69
3004,	63
3005,	65
3006,	71
3007,	41
3008,	58
3009,	67
3010,	81
3011,	61
3012,	72
3013,	73
3014,	72
3015,	63
3016,	13
3017,	60
3018,	80
3019,	67
3020,	53
3021,	62
3022,	4
3023,	53
3024,	59
3025,	73
3026,	77
3027,	1
3028,	12
3029,	3
3030,	68
3031,	73
3032,	54
3033,	64
3034,	67
3035,	61
3036,	56
3037,	69
3038,	70
3039,	26
3040,	3
3041,	7
3042,	57
3043,	71
3044,	55
3045,	26
3046,	71
3047,	78
3048,	66
3049,	51
3050,	36
3051,	48
3052,	50
3053,	67
3054,	75
3055,	43
3056,	65
3057,	72
3058,	71
3059,	66
3060,	47
3061,	80
3062,	63
3063,	34
3064,	62
3065,	24
3066,	64
3067,	6
3068,	65
3069,	60
3070,	78
3071,	76
3072,	70
3073,	62
3074,	65
3075,	64
3076,	72
3077,	66
3078,	76
3079,	7
3080,	70
3081,	13
3082,	71
3083,	71
3084,	69
3085,	65
3086,	56
3087,	13
3088,	63
3089,	66
3090,	66
3091,	4
3092,	16
3093,	7
3094,	42
3095,	59
3096,	15
3097,	70
3098,	50
3099,	52
3100,	81
3101,	52
3102,	58
3103,	59
3104,	10
3105,	39
3106,	1
3107,	51
3108,	59
3109,	45
3110,	72
3111,	78
3112,	81
3113,	8
3114,	72
3115,	59
3116,	58
3117,	0
3118,	66
3119,	79
3120,	77
3121,	65
3122,	58
3123,	56
3124,	73
3125,	51
3126,	69
3127,	38
3128,	60
3129,	81
3130,	69
3131,	58
3132,	50
3133,	2
3134,	54
3135,	55
3136,	0
3137,	67
3138,	73
3139,	5
3140,	15
3141,	74
3142,	66
3143,	62
3144,	56
3145,	69
3146,	49
3147,	3
3148,	60
3149,	51
3150,	65
3151,	5
3152,	78
3153,	60
3154,	1
3155,	64
3156,	68
3157,	62
3158,	52
3159,	73
3160,	57
3161,	61
3162,	71
3163,	78
3164,	9
3165,	62
3166,	63
3167,	63
3168,	51
3169,	60
3170,	61
3171,	41
3172,	64
3173,	11
3174,	79
3175,	1
3176,	70
3177,	67
3178,	76
3179,	64
3180,	67
3181,	80
3182,	71
3183,	41
3184,	75
3185,	10
3186,	61
3187,	69
3188,	61
3189,	63
3190,	42
3191,	68
3192,	51
3193,	72
3194,	0
3195,	68
3196,	2
3197,	63
3198,	31
3199,	68
3200,	69
3201,	11
3202,	58
3203,	46
3204,	78
3205,	72
3206,	64
3207,	40
3208,	8
3209,	73
3210,	10
3211,	70
3212,	77
3213,	65
3214,	67
3215,	74
3216,	30
3217,	21
3218,	55
3219,	16
3220,	54
3221,	4
3222,	47
3223,	72
3224,	74
3225,	71
3226,	79
3227,	81
3228,	50
3229,	76
3230,	64
3231,	79
3232,	7
3233,	73
3234,	64
3235,	71
3236,	68
3237,	13
3238,	0
3239,	63
3240,	56
3241,	9
3242,	69
3243,	54
3244,	3
3245,	79
3246,	29
3247,	7
3248,	67
3249,	76
3250,	0
3251,	18
3252,	76
3253,	47
3254,	77
3255,	79
3256,	0
3257,	72
3258,	81
3259,	64
3260,	77
3261,	70
3262,	79
3263,	76
3264,	69
3265,	65
3266,	75
3267,	78
3268,	66
3269,	65
3270,	77
3271,	2
3272,	46
3273,	66
3274,	72
3275,	80
3276,	62
3277,	28
3278,	7
3279,	4
3280,	39
3281,	53
3282,	72
3283,	68
3284,	54
3285,	45
3286,	73
3287,	2
3288,	79
3289,	74
3290,	69
3291,	25
3292,	78
3293,	73
3294,	8
3295,	74
3296,	58
3297,	59
3298,	67
3299,	77
3300,	54
3301,	0
3302,	73
3303,	59
3304,	77
3305,	48
3306,	4
3307,	79
3308,	68
3309,	79
3310,	23
3311,	80
3312,	81
3313,	70
3314,	74
3315,	58
3316,	70
3317,	78
3318,	58
3319,	64
3320,	56
3321,	2
3322,	21
3323,	79
3324,	74
3325,	45
3326,	53
3327,	72
3328,	81
3329,	6
3330,	78
3331,	80
3332,	79
3333,	68
3334,	69
3335,	4
3336,	0
3337,	65
3338,	80
3339,	0
3340,	75
3341,	76
3342,	55
3343,	70
3344,	65
3345,	44
3346,	50
3347,	62
3348,	74
3349,	79
3350,	12
3351,	22
3352,	14
3353,	70
3354,	71
3355,	67
3356,	75
3357,	47
3358,	0
3359,	69
3360,	64
3361,	59
3362,	75
3363,	14
3364,	64
3365,	56
3366,	80
3367,	78
3368,	72
3369,	4
3370,	1
3371,	75
3372,	73
3373,	71
3374,	75
3375,	56
3376,	34
3377,	67
3378,	81
3379,	81
3380,	9
3381,	11
3382,	66
3383,	56
3384,	65
3385,	59
3386,	30
3387,	53
3388,	76
3389,	21
3390,	72
3391,	60
3392,	63
3393,	75
3394,	44
3395,	44
3396,	71
3397,	75
3398,	17
3399,	60
3400,	69
3401,	76
3402,	68
3403,	61
3404,	81
3405,	1
3406,	61
3407,	2
3408,	0
3409,	74
3410,	71
3411,	63
3412,	73
3413,	63
3414,	74
3415,	79
3416,	73
3417,	16
3418,	1
3419,	63
3420,	68
3421,	74
3422,	67
3423,	67
3424,	80
3425,	74
3426,	80
3427,	77
3428,	73
3429,	74
3430,	76
3431,	6
3432,	59
3433,	71
3434,	70
3435,	77
3436,	21
3437,	62
3438,	58
3439,	1
3440,	78
3441,	59
3442,	61
3443,	81
3444,	15
3445,	48
3446,	1
3447,	8
3448,	56
3449,	45
3450,	78
3451,	80
3452,	0
3453,	70
3454,	76
3455,	69
3456,	17
3457,	72
3458,	46
3459,	2
3460,	37
3461,	69
3462,	81
3463,	51
3464,	74
3465,	59
3466,	36
3467,	77
3468,	76
3469,	54
3470,	61
3471,	67
3472,	69
3473,	9
3474,	66
3475,	38
3476,	53
3477,	73
3478,	52
3479,	26
3480,	3
3481,	72
3482,	64
3483,	49
3484,	75
3485,	10
3486,	12
3487,	74
3488,	14
3489,	13
3490,	72
3491,	57
3492,	67
3493,	80
3494,	71
3495,	9
3496,	76
3497,	80
3498,	78
3499,	18
3500,	72
3501,	78
3502,	71
3503,	75
3504,	80
3505,	60
3506,	68
3507,	14
3508,	54
3509,	48
3510,	76
3511,	70
3512,	76
3513,	1
3514,	70
3515,	7
3516,	63
3517,	61
3518,	1
3519,	73
3520,	78
3521,	3
3522,	76
3523,	73
3524,	78
3525,	81
3526,	78
3527,	1
3528,	74
3529,	79
3530,	74
3531,	67
3532,	62
3533,	74
3534,	13
3535,	65
3536,	79
3537,	78
3538,	79
3539,	60
3540,	57
3541,	66
3542,	0
3543,	81
3544,	30
3545,	77
3546,	79
3547,	62
3548,	80
3549,	15
3550,	70
3551,	11
3552,	8
3553,	28
3554,	60
3555,	65
3556,	71
3557,	21
3558,	72
3559,	19
3560,	76
3561,	80
3562,	68
3563,	2
3564,	49
3565,	81
3566,	80
3567,	72
3568,	74
3569,	81
3570,	72
3571,	72
3572,	81
3573,	77
3574,	59
3575,	1
3576,	1
3577,	56
3578,	47
3579,	10
3580,	80
3581,	45
3582,	80
3583,	74
3584,	76
3585,	43
3586,	80
3587,	78
3588,	24
3589,	79
3590,	15
3591,	60
3592,	75
3593,	77
3594,	78
3595,	79
3596,	71
3597,	61
3598,	7
3599,	78
3600,	0
3601,	58
3602,	24
3603,	81
3604,	16
3605,	78
3606,	75
3607,	64
3608,	38
3609,	0
3610,	11
3611,	76
3612,	8
3613,	76
3614,	0
3615,	20
3616,	14
3617,	66
3618,	11
3619,	75
3620,	59
3621,	55
3622,	69
3623,	79
3624,	20
3625,	79
3626,	71
3627,	73
3628,	64
3629,	0
3630,	66
3631,	75
3632,	77
3633,	63
3634,	72
3635,	73
3636,	16
3637,	6
3638,	69
3639,	7
3640,	70
3641,	53
3642,	69
3643,	62
3644,	0
3645,	68
3646,	81
3647,	78
3648,	0
3649,	74
3650,	75
3651,	79
3652,	74
3653,	16
3654,	77
3655,	58
3656,	74
3657,	47
3658,	76
3659,	67
3660,	68
3661,	74
3662,	76
3663,	73
3664,	10
3665,	77
3666,	5
3667,	78
3668,	33
3669,	77
3670,	63
3671,	15
3672,	76
3673,	66
3674,	62
3675,	14
3676,	77
3677,	77
3678,	51
3679,	70
3680,	50
3681,	66
3682,	67
3683,	1
3684,	72
3685,	68
3686,	67
3687,	32
3688,	7
3689,	79
3690,	80
3691,	69
3692,	69
3693,	74
3694,	66
3695,	70
3696,	80
3697,	79
3698,	12
3699,	53
3700,	77
3701,	81
3702,	79
3703,	77
3704,	76
3705,	71
3706,	70
3707,	33
3708,	36
3709,	67
3710,	71
3711,	0
3712,	6
3713,	7
3714,	10
3715,	0
3716,	36
3717,	75
3718,	64
3719,	77
3720,	81
3721,	63
3722,	73
3723,	11
3724,	10
3725,	58
3726,	46
3727,	3
3728,	81
3729,	73
3730,	67
3731,	81
3732,	78
3733,	61
3734,	75
3735,	45
3736,	77
3737,	34
3738,	69
3739,	10
3740,	63
3741,	76
3742,	9
3743,	70
3744,	80
3745,	1
3746,	23
3747,	66
3748,	14
3749,	15
3750,	11
3751,	71
3752,	62
3753,	73
3754,	75
3755,	65
3756,	80
3757,	1
3758,	62
3759,	8
3760,	77
3761,	5
3762,	66
3763,	77
3764,	19
3765,	7
3766,	10
3767,	73
3768,	78
3769,	79
3770,	74
3771,	76
3772,	41
3773,	33
3774,	78
3775,	77
3776,	74
3777,	1
3778,	78
3779,	4
3780,	61
3781,	74
3782,	68
3783,	6
3784,	64
3785,	80
3786,	53
3787,	9
3788,	64
3789,	23
3790,	75
3791,	16
3792,	65
3793,	67
3794,	54
3795,	69
3796,	12
3797,	67
3798,	33
3799,	68
3800,	5
3801,	27
3802,	18
3803,	73
3804,	79
3805,	3
3806,	74
3807,	68
3808,	60
3809,	76
3810,	66
3811,	75
3812,	30
3813,	10
3814,	69
3815,	71
3816,	57
3817,	9
3818,	68
3819,	57
3820,	19
3821,	52
3822,	40
3823,	71
3824,	78
3825,	60
3826,	76
3827,	22
3828,	76
3829,	29
3830,	66
3831,	33
3832,	63
3833,	55
3834,	70
3835,	77
3836,	4
3837,	74
3838,	43
3839,	22
3840,	73
3841,	69
3842,	75
3843,	57
3844,	63
3845,	75
3846,	58
3847,	73
3848,	60
3849,	18
3850,	23
3851,	80
3852,	17
3853,	81
3854,	54
3855,	26
3856,	79
3857,	65
3858,	76
3859,	74
3860,	60
3861,	23
3862,	61
3863,	79
3864,	10
3865,	80
3866,	78
3867,	9
3868,	56
3869,	13
3870,	1
3871,	62
3872,	2
3873,	69
3874,	79
3875,	57
3876,	21
3877,	72
3878,	65
3879,	68
3880,	24
3881,	73
3882,	60
3883,	25
3884,	32
3885,	3
3886,	81
3887,	3
3888,	33
3889,	81
3890,	79
3891,	40
3892,	80
3893,	73
3894,	69
3895,	44
3896,	73
3897,	51
3898,	50
3899,	46
3900,	33
3901,	11
3902,	76
3903,	49
3904,	37
3905,	75
3906,	71
3907,	67
3908,	64
3909,	66
3910,	64
3911,	81
3912,	78
3913,	2
3914,	31
3915,	19
3916,	21
3917,	71
3918,	58
3919,	80
3920,	57
3921,	31
3922,	56
3923,	3
3924,	81
3925,	74
3926,	26
3927,	20
3928,	32
3929,	80
3930,	74
3931,	72
3932,	3
3933,	60
3934,	64
3935,	76
3936,	61
3937,	3
3938,	78
3939,	55
3940,	63
3941,	74
3942,	62
3943,	12
3944,	54
3945,	30
3946,	79
3947,	78
3948,	6
3949,	58
3950,	31
3951,	75
3952,	44
3953,	63
3954,	65
3955,	61
3956,	13
3957,	10
3958,	40
3959,	68
3960,	80
3961,	0
3962,	24
3963,	75
3964,	70
3965,	37
3966,	55
3967,	32
3968,	31
3969,	81
3970,	2
3971,	21
3972,	6
3973,	71
3974,	65
3975,	66
3976,	47
3977,	17
3978,	42
3979,	22
3980,	56
3981,	77
3982,	2
3983,	49
3984,	62
3985,	75
3986,	9
3987,	70
3988,	52
3989,	67
3990,	0
3991,	23
3992,	72
3993,	8
3994,	77
3995,	79
3996,	57
3997,	75
3998,	6
3999,	10
