Instance: /home/gabriel/Documents/ufrgs/courses/oc/trab/instances/cmb03
Vertices: 1000
Colors: 18
NumIterations: 1000000000
Alpha: 0.500000
Is Factible?: false
Conflicts: 2
Solution Value: 213523.000000
Initial Value: 219405.484375
Initial Conflicts: 8
Vertex,	Color
0,	5
1,	0
2,	6
3,	3
4,	0
5,	14
6,	1
7,	1
8,	0
9,	11
10,	6
11,	5
12,	3
13,	2
14,	6
15,	13
16,	11
17,	3
18,	6
19,	10
20,	7
21,	5
22,	11
23,	12
24,	11
25,	0
26,	1
27,	0
28,	1
29,	2
30,	1
31,	0
32,	2
33,	11
34,	9
35,	0
36,	12
37,	2
38,	9
39,	2
40,	2
41,	0
42,	10
43,	7
44,	5
45,	5
46,	8
47,	5
48,	3
49,	0
50,	3
51,	3
52,	0
53,	6
54,	11
55,	4
56,	7
57,	5
58,	11
59,	7
60,	0
61,	3
62,	11
63,	7
64,	1
65,	8
66,	4
67,	4
68,	1
69,	1
70,	2
71,	0
72,	10
73,	6
74,	1
75,	12
76,	0
77,	0
78,	5
79,	2
80,	5
81,	4
82,	5
83,	4
84,	8
85,	0
86,	2
87,	6
88,	1
89,	1
90,	6
91,	10
92,	9
93,	2
94,	0
95,	0
96,	12
97,	4
98,	3
99,	5
100,	1
101,	5
102,	7
103,	13
104,	8
105,	1
106,	3
107,	5
108,	3
109,	5
110,	7
111,	3
112,	10
113,	5
114,	2
115,	6
116,	5
117,	2
118,	9
119,	5
120,	2
121,	1
122,	13
123,	11
124,	6
125,	11
126,	1
127,	5
128,	6
129,	2
130,	0
131,	0
132,	0
133,	3
134,	1
135,	4
136,	1
137,	12
138,	2
139,	4
140,	7
141,	0
142,	7
143,	3
144,	7
145,	3
146,	5
147,	1
148,	3
149,	10
150,	11
151,	7
152,	9
153,	6
154,	3
155,	8
156,	5
157,	4
158,	8
159,	0
160,	9
161,	3
162,	13
163,	10
164,	2
165,	0
166,	3
167,	1
168,	0
169,	13
170,	9
171,	3
172,	6
173,	2
174,	0
175,	0
176,	1
177,	2
178,	5
179,	6
180,	13
181,	4
182,	8
183,	6
184,	1
185,	8
186,	6
187,	9
188,	12
189,	4
190,	5
191,	10
192,	11
193,	0
194,	14
195,	7
196,	11
197,	4
198,	1
199,	2
200,	0
201,	3
202,	9
203,	2
204,	6
205,	1
206,	0
207,	2
208,	2
209,	2
210,	7
211,	4
212,	9
213,	4
214,	10
215,	2
216,	0
217,	0
218,	9
219,	0
220,	10
221,	10
222,	2
223,	1
224,	1
225,	3
226,	3
227,	7
228,	2
229,	9
230,	10
231,	9
232,	5
233,	3
234,	5
235,	1
236,	2
237,	7
238,	5
239,	12
240,	0
241,	2
242,	2
243,	7
244,	2
245,	3
246,	1
247,	7
248,	1
249,	3
250,	7
251,	6
252,	2
253,	0
254,	1
255,	3
256,	0
257,	2
258,	1
259,	8
260,	7
261,	2
262,	12
263,	3
264,	0
265,	4
266,	1
267,	0
268,	9
269,	11
270,	1
271,	11
272,	12
273,	2
274,	8
275,	1
276,	6
277,	1
278,	8
279,	1
280,	3
281,	2
282,	1
283,	0
284,	13
285,	1
286,	0
287,	6
288,	3
289,	2
290,	5
291,	4
292,	7
293,	0
294,	6
295,	13
296,	1
297,	5
298,	5
299,	3
300,	1
301,	0
302,	3
303,	2
304,	2
305,	5
306,	3
307,	5
308,	1
309,	6
310,	3
311,	2
312,	8
313,	1
314,	9
315,	3
316,	4
317,	0
318,	1
319,	0
320,	1
321,	1
322,	0
323,	4
324,	0
325,	3
326,	6
327,	4
328,	12
329,	0
330,	3
331,	6
332,	0
333,	8
334,	3
335,	0
336,	4
337,	8
338,	7
339,	14
340,	2
341,	5
342,	2
343,	1
344,	5
345,	9
346,	3
347,	0
348,	4
349,	3
350,	10
351,	7
352,	8
353,	0
354,	1
355,	8
356,	8
357,	5
358,	5
359,	0
360,	4
361,	1
362,	0
363,	0
364,	4
365,	1
366,	11
367,	0
368,	4
369,	7
370,	4
371,	1
372,	1
373,	12
374,	0
375,	6
376,	4
377,	13
378,	2
379,	1
380,	0
381,	9
382,	3
383,	4
384,	0
385,	5
386,	3
387,	2
388,	10
389,	6
390,	8
391,	2
392,	8
393,	2
394,	7
395,	5
396,	5
397,	1
398,	2
399,	3
400,	6
401,	3
402,	4
403,	5
404,	3
405,	5
406,	2
407,	3
408,	3
409,	0
410,	8
411,	7
412,	4
413,	1
414,	4
415,	5
416,	3
417,	8
418,	2
419,	11
420,	7
421,	2
422,	8
423,	7
424,	0
425,	3
426,	9
427,	9
428,	3
429,	1
430,	4
431,	6
432,	2
433,	0
434,	5
435,	2
436,	4
437,	4
438,	4
439,	12
440,	2
441,	3
442,	2
443,	3
444,	8
445,	0
446,	0
447,	0
448,	1
449,	2
450,	8
451,	7
452,	6
453,	10
454,	4
455,	9
456,	2
457,	4
458,	7
459,	0
460,	7
461,	6
462,	9
463,	4
464,	4
465,	2
466,	7
467,	12
468,	2
469,	1
470,	6
471,	0
472,	5
473,	3
474,	6
475,	2
476,	4
477,	1
478,	1
479,	0
480,	6
481,	3
482,	3
483,	8
484,	6
485,	3
486,	4
487,	4
488,	8
489,	5
490,	3
491,	8
492,	2
493,	5
494,	1
495,	0
496,	5
497,	2
498,	4
499,	4
500,	7
501,	0
502,	5
503,	0
504,	4
505,	5
506,	5
507,	7
508,	4
509,	4
510,	3
511,	4
512,	4
513,	4
514,	13
515,	6
516,	10
517,	0
518,	3
519,	8
520,	6
521,	1
522,	3
523,	1
524,	6
525,	8
526,	5
527,	2
528,	7
529,	6
530,	2
531,	13
532,	4
533,	2
534,	2
535,	7
536,	1
537,	4
538,	6
539,	0
540,	7
541,	6
542,	5
543,	4
544,	4
545,	1
546,	7
547,	3
548,	10
549,	7
550,	6
551,	11
552,	10
553,	6
554,	1
555,	3
556,	1
557,	1
558,	4
559,	6
560,	6
561,	8
562,	6
563,	9
564,	9
565,	0
566,	0
567,	5
568,	4
569,	0
570,	2
571,	16
572,	1
573,	10
574,	3
575,	9
576,	0
577,	9
578,	6
579,	4
580,	1
581,	8
582,	2
583,	2
584,	3
585,	1
586,	8
587,	5
588,	15
589,	13
590,	1
591,	10
592,	5
593,	4
594,	4
595,	4
596,	5
597,	4
598,	7
599,	8
600,	3
601,	0
602,	2
603,	9
604,	10
605,	7
606,	7
607,	12
608,	4
609,	2
610,	3
611,	3
612,	2
613,	0
614,	8
615,	3
616,	5
617,	5
618,	8
619,	5
620,	9
621,	5
622,	5
623,	6
624,	5
625,	14
626,	7
627,	1
628,	3
629,	9
630,	3
631,	4
632,	7
633,	3
634,	9
635,	8
636,	7
637,	9
638,	6
639,	5
640,	8
641,	12
642,	5
643,	4
644,	11
645,	7
646,	7
647,	7
648,	2
649,	11
650,	5
651,	3
652,	10
653,	6
654,	0
655,	5
656,	5
657,	10
658,	6
659,	7
660,	7
661,	6
662,	2
663,	5
664,	9
665,	0
666,	13
667,	10
668,	4
669,	3
670,	10
671,	9
672,	6
673,	14
674,	6
675,	6
676,	14
677,	0
678,	7
679,	12
680,	5
681,	12
682,	11
683,	8
684,	5
685,	7
686,	8
687,	8
688,	9
689,	5
690,	8
691,	5
692,	6
693,	3
694,	1
695,	7
696,	12
697,	10
698,	7
699,	6
700,	3
701,	7
702,	7
703,	9
704,	2
705,	12
706,	4
707,	3
708,	7
709,	0
710,	13
711,	8
712,	7
713,	11
714,	0
715,	12
716,	0
717,	7
718,	8
719,	4
720,	1
721,	11
722,	6
723,	12
724,	1
725,	8
726,	11
727,	5
728,	8
729,	7
730,	11
731,	15
732,	7
733,	12
734,	11
735,	7
736,	7
737,	8
738,	8
739,	10
740,	6
741,	13
742,	16
743,	6
744,	14
745,	0
746,	10
747,	9
748,	12
749,	9
750,	6
751,	1
752,	10
753,	13
754,	11
755,	6
756,	9
757,	4
758,	7
759,	2
760,	9
761,	12
762,	7
763,	13
764,	9
765,	4
766,	9
767,	13
768,	7
769,	8
770,	2
771,	8
772,	9
773,	10
774,	6
775,	5
776,	10
777,	1
778,	6
779,	11
780,	11
781,	5
782,	12
783,	6
784,	4
785,	6
786,	15
787,	8
788,	14
789,	11
790,	9
791,	10
792,	9
793,	11
794,	8
795,	10
796,	7
797,	9
798,	11
799,	9
800,	9
801,	10
802,	11
803,	11
804,	10
805,	9
806,	8
807,	12
808,	12
809,	10
810,	9
811,	9
812,	1
813,	0
814,	7
815,	3
816,	8
817,	5
818,	16
819,	16
820,	8
821,	6
822,	10
823,	3
824,	10
825,	12
826,	3
827,	11
828,	0
829,	14
830,	12
831,	16
832,	10
833,	12
834,	1
835,	13
836,	15
837,	16
838,	12
839,	8
840,	7
841,	12
842,	3
843,	8
844,	9
845,	5
846,	10
847,	8
848,	14
849,	11
850,	11
851,	12
852,	12
853,	8
854,	12
855,	10
856,	13
857,	11
858,	13
859,	11
860,	6
861,	10
862,	9
863,	15
864,	12
865,	5
866,	7
867,	10
868,	5
869,	8
870,	9
871,	10
872,	10
873,	8
874,	7
875,	3
876,	9
877,	9
878,	11
879,	12
880,	11
881,	15
882,	3
883,	14
884,	4
885,	0
886,	14
887,	7
888,	11
889,	15
890,	4
891,	12
892,	15
893,	4
894,	6
895,	9
896,	2
897,	15
898,	12
899,	13
900,	9
901,	14
902,	4
903,	9
904,	9
905,	14
906,	15
907,	14
908,	3
909,	6
910,	13
911,	10
912,	9
913,	6
914,	13
915,	13
916,	16
917,	10
918,	3
919,	7
920,	9
921,	10
922,	3
923,	12
924,	8
925,	14
926,	3
927,	12
928,	7
929,	1
930,	13
931,	5
932,	5
933,	1
934,	9
935,	3
936,	8
937,	6
938,	8
939,	13
940,	13
941,	11
942,	10
943,	13
944,	16
945,	14
946,	13
947,	8
948,	14
949,	13
950,	16
951,	11
952,	9
953,	10
954,	15
955,	10
956,	10
957,	8
958,	14
959,	3
960,	17
961,	15
962,	17
963,	11
964,	15
965,	8
966,	7
967,	17
968,	12
969,	2
970,	11
971,	17
972,	14
973,	8
974,	11
975,	7
976,	14
977,	12
978,	15
979,	14
980,	11
981,	14
982,	13
983,	17
984,	8
985,	13
986,	6
987,	9
988,	15
989,	13
990,	4
991,	17
992,	16
993,	12
994,	8
995,	16
996,	7
997,	9
998,	17
999,	12
