Instance: /home/gabriel/Documents/ufrgs/courses/oc/trab/instances/cmb08
Vertices: 4000
Colors: 16
NumIterations: 100000000
Alpha: 0.500000
Is Factible?: false
Conflicts: 3
Solution Value: 989525.937500
Initial Value: 1009912.187500
Initial Conflicts: 5
Vertex,	Color
0,	5
1,	1
2,	4
3,	5
4,	5
5,	10
6,	3
7,	1
8,	0
9,	1
10,	6
11,	9
12,	2
13,	1
14,	4
15,	5
16,	0
17,	1
18,	3
19,	1
20,	6
21,	1
22,	1
23,	4
24,	1
25,	5
26,	4
27,	5
28,	1
29,	7
30,	0
31,	1
32,	0
33,	13
34,	3
35,	4
36,	4
37,	6
38,	6
39,	0
40,	3
41,	0
42,	7
43,	0
44,	1
45,	1
46,	7
47,	4
48,	0
49,	6
50,	2
51,	2
52,	2
53,	2
54,	4
55,	4
56,	0
57,	3
58,	1
59,	5
60,	4
61,	2
62,	1
63,	0
64,	4
65,	13
66,	7
67,	8
68,	2
69,	2
70,	9
71,	1
72,	10
73,	9
74,	3
75,	12
76,	2
77,	4
78,	2
79,	5
80,	0
81,	9
82,	0
83,	1
84,	1
85,	10
86,	0
87,	5
88,	0
89,	0
90,	8
91,	5
92,	0
93,	5
94,	9
95,	0
96,	1
97,	6
98,	0
99,	6
100,	5
101,	3
102,	3
103,	10
104,	3
105,	2
106,	1
107,	7
108,	3
109,	8
110,	11
111,	2
112,	6
113,	5
114,	8
115,	4
116,	3
117,	2
118,	4
119,	5
120,	3
121,	11
122,	0
123,	8
124,	8
125,	0
126,	4
127,	4
128,	5
129,	1
130,	0
131,	1
132,	1
133,	7
134,	0
135,	12
136,	1
137,	3
138,	4
139,	4
140,	0
141,	9
142,	0
143,	5
144,	0
145,	5
146,	6
147,	2
148,	5
149,	1
150,	7
151,	4
152,	1
153,	4
154,	10
155,	3
156,	2
157,	5
158,	2
159,	2
160,	3
161,	10
162,	11
163,	8
164,	5
165,	2
166,	4
167,	0
168,	0
169,	4
170,	0
171,	2
172,	1
173,	1
174,	6
175,	0
176,	7
177,	3
178,	7
179,	3
180,	7
181,	5
182,	0
183,	3
184,	8
185,	7
186,	1
187,	0
188,	1
189,	8
190,	12
191,	5
192,	2
193,	2
194,	7
195,	9
196,	5
197,	5
198,	1
199,	2
200,	0
201,	7
202,	4
203,	2
204,	11
205,	1
206,	2
207,	6
208,	5
209,	0
210,	6
211,	2
212,	3
213,	4
214,	7
215,	3
216,	5
217,	2
218,	4
219,	2
220,	0
221,	4
222,	1
223,	2
224,	2
225,	0
226,	0
227,	4
228,	7
229,	5
230,	5
231,	5
232,	0
233,	3
234,	0
235,	1
236,	13
237,	2
238,	6
239,	9
240,	7
241,	0
242,	4
243,	0
244,	5
245,	12
246,	3
247,	6
248,	7
249,	3
250,	1
251,	5
252,	3
253,	5
254,	4
255,	3
256,	9
257,	11
258,	3
259,	3
260,	3
261,	9
262,	5
263,	8
264,	5
265,	7
266,	0
267,	0
268,	1
269,	7
270,	3
271,	3
272,	6
273,	2
274,	3
275,	7
276,	2
277,	7
278,	3
279,	3
280,	7
281,	3
282,	2
283,	4
284,	5
285,	3
286,	0
287,	4
288,	8
289,	8
290,	10
291,	3
292,	11
293,	1
294,	4
295,	4
296,	6
297,	1
298,	2
299,	4
300,	8
301,	9
302,	5
303,	7
304,	5
305,	6
306,	8
307,	0
308,	1
309,	6
310,	7
311,	1
312,	1
313,	6
314,	4
315,	5
316,	0
317,	4
318,	10
319,	7
320,	1
321,	1
322,	3
323,	2
324,	9
325,	0
326,	0
327,	0
328,	0
329,	2
330,	1
331,	2
332,	3
333,	1
334,	1
335,	5
336,	3
337,	4
338,	6
339,	0
340,	2
341,	2
342,	4
343,	7
344,	4
345,	0
346,	0
347,	4
348,	0
349,	0
350,	5
351,	2
352,	1
353,	3
354,	0
355,	5
356,	1
357,	1
358,	0
359,	2
360,	7
361,	3
362,	4
363,	0
364,	4
365,	11
366,	10
367,	3
368,	7
369,	4
370,	2
371,	15
372,	2
373,	4
374,	1
375,	11
376,	1
377,	3
378,	12
379,	10
380,	4
381,	4
382,	1
383,	3
384,	10
385,	2
386,	0
387,	1
388,	5
389,	2
390,	0
391,	2
392,	0
393,	1
394,	0
395,	7
396,	1
397,	4
398,	3
399,	1
400,	5
401,	2
402,	2
403,	3
404,	7
405,	1
406,	4
407,	1
408,	1
409,	1
410,	1
411,	5
412,	8
413,	0
414,	0
415,	8
416,	7
417,	7
418,	0
419,	0
420,	3
421,	6
422,	0
423,	5
424,	2
425,	9
426,	9
427,	4
428,	1
429,	0
430,	2
431,	1
432,	0
433,	9
434,	3
435,	4
436,	8
437,	3
438,	7
439,	4
440,	5
441,	1
442,	7
443,	6
444,	2
445,	1
446,	8
447,	4
448,	7
449,	2
450,	1
451,	2
452,	4
453,	6
454,	6
455,	10
456,	0
457,	4
458,	2
459,	0
460,	4
461,	2
462,	5
463,	5
464,	8
465,	0
466,	1
467,	9
468,	4
469,	5
470,	8
471,	4
472,	1
473,	3
474,	3
475,	0
476,	1
477,	3
478,	0
479,	6
480,	0
481,	3
482,	6
483,	4
484,	1
485,	4
486,	0
487,	4
488,	0
489,	5
490,	4
491,	11
492,	1
493,	1
494,	2
495,	10
496,	2
497,	2
498,	10
499,	1
500,	3
501,	1
502,	1
503,	2
504,	3
505,	9
506,	3
507,	4
508,	5
509,	3
510,	1
511,	0
512,	1
513,	9
514,	11
515,	6
516,	2
517,	1
518,	0
519,	5
520,	1
521,	1
522,	4
523,	6
524,	10
525,	0
526,	13
527,	4
528,	2
529,	13
530,	0
531,	1
532,	4
533,	5
534,	0
535,	10
536,	0
537,	6
538,	2
539,	3
540,	3
541,	10
542,	3
543,	3
544,	5
545,	1
546,	1
547,	8
548,	0
549,	0
550,	5
551,	2
552,	0
553,	1
554,	6
555,	5
556,	1
557,	3
558,	0
559,	4
560,	8
561,	5
562,	0
563,	1
564,	1
565,	0
566,	3
567,	2
568,	2
569,	14
570,	0
571,	1
572,	2
573,	7
574,	9
575,	10
576,	0
577,	2
578,	11
579,	9
580,	1
581,	0
582,	6
583,	1
584,	10
585,	3
586,	2
587,	4
588,	4
589,	6
590,	1
591,	2
592,	8
593,	4
594,	5
595,	1
596,	2
597,	4
598,	4
599,	0
600,	2
601,	0
602,	1
603,	2
604,	5
605,	8
606,	2
607,	4
608,	2
609,	0
610,	3
611,	7
612,	9
613,	1
614,	13
615,	0
616,	2
617,	3
618,	2
619,	6
620,	5
621,	1
622,	1
623,	2
624,	4
625,	0
626,	4
627,	2
628,	0
629,	2
630,	1
631,	4
632,	0
633,	6
634,	1
635,	4
636,	0
637,	8
638,	5
639,	7
640,	3
641,	10
642,	1
643,	9
644,	7
645,	0
646,	6
647,	0
648,	1
649,	4
650,	5
651,	0
652,	4
653,	5
654,	5
655,	3
656,	8
657,	12
658,	7
659,	2
660,	2
661,	3
662,	1
663,	0
664,	2
665,	2
666,	2
667,	2
668,	0
669,	3
670,	0
671,	3
672,	10
673,	5
674,	5
675,	0
676,	7
677,	5
678,	10
679,	1
680,	1
681,	3
682,	5
683,	1
684,	1
685,	2
686,	7
687,	2
688,	4
689,	2
690,	1
691,	0
692,	2
693,	0
694,	10
695,	1
696,	0
697,	3
698,	11
699,	6
700,	0
701,	5
702,	1
703,	1
704,	1
705,	2
706,	4
707,	6
708,	0
709,	6
710,	1
711,	4
712,	4
713,	6
714,	3
715,	5
716,	10
717,	0
718,	6
719,	6
720,	1
721,	1
722,	3
723,	4
724,	1
725,	0
726,	1
727,	0
728,	9
729,	5
730,	2
731,	2
732,	2
733,	1
734,	0
735,	5
736,	0
737,	3
738,	1
739,	0
740,	0
741,	5
742,	8
743,	9
744,	6
745,	2
746,	1
747,	9
748,	3
749,	4
750,	0
751,	7
752,	5
753,	5
754,	2
755,	1
756,	2
757,	0
758,	2
759,	1
760,	3
761,	3
762,	3
763,	6
764,	5
765,	11
766,	9
767,	1
768,	5
769,	2
770,	0
771,	9
772,	0
773,	2
774,	0
775,	8
776,	2
777,	7
778,	2
779,	2
780,	2
781,	6
782,	3
783,	2
784,	2
785,	3
786,	2
787,	5
788,	6
789,	2
790,	1
791,	1
792,	4
793,	4
794,	10
795,	6
796,	1
797,	4
798,	6
799,	2
800,	4
801,	2
802,	3
803,	4
804,	3
805,	1
806,	1
807,	5
808,	9
809,	0
810,	6
811,	2
812,	0
813,	1
814,	2
815,	3
816,	3
817,	1
818,	2
819,	1
820,	0
821,	8
822,	2
823,	2
824,	8
825,	2
826,	2
827,	9
828,	0
829,	0
830,	4
831,	7
832,	4
833,	1
834,	0
835,	1
836,	0
837,	0
838,	4
839,	7
840,	0
841,	14
842,	3
843,	4
844,	10
845,	5
846,	3
847,	2
848,	7
849,	9
850,	5
851,	8
852,	0
853,	5
854,	3
855,	0
856,	2
857,	5
858,	1
859,	1
860,	0
861,	7
862,	0
863,	0
864,	2
865,	1
866,	2
867,	8
868,	1
869,	2
870,	3
871,	1
872,	3
873,	5
874,	0
875,	6
876,	0
877,	2
878,	8
879,	1
880,	8
881,	0
882,	1
883,	0
884,	4
885,	4
886,	6
887,	10
888,	0
889,	1
890,	11
891,	2
892,	2
893,	1
894,	5
895,	1
896,	6
897,	4
898,	4
899,	5
900,	2
901,	6
902,	1
903,	2
904,	5
905,	1
906,	2
907,	11
908,	1
909,	11
910,	3
911,	9
912,	0
913,	13
914,	0
915,	0
916,	1
917,	3
918,	3
919,	10
920,	1
921,	0
922,	0
923,	3
924,	2
925,	3
926,	3
927,	4
928,	3
929,	1
930,	0
931,	12
932,	7
933,	4
934,	8
935,	4
936,	6
937,	3
938,	3
939,	1
940,	3
941,	5
942,	2
943,	7
944,	0
945,	5
946,	5
947,	6
948,	4
949,	0
950,	2
951,	0
952,	4
953,	3
954,	2
955,	3
956,	3
957,	0
958,	2
959,	3
960,	0
961,	4
962,	5
963,	9
964,	8
965,	7
966,	0
967,	3
968,	1
969,	0
970,	10
971,	5
972,	5
973,	6
974,	8
975,	1
976,	2
977,	2
978,	1
979,	6
980,	1
981,	4
982,	6
983,	0
984,	0
985,	5
986,	0
987,	0
988,	5
989,	5
990,	1
991,	12
992,	3
993,	4
994,	4
995,	3
996,	3
997,	9
998,	3
999,	6
1000,	0
1001,	2
1002,	0
1003,	4
1004,	9
1005,	3
1006,	4
1007,	12
1008,	2
1009,	4
1010,	3
1011,	0
1012,	0
1013,	0
1014,	1
1015,	8
1016,	3
1017,	1
1018,	0
1019,	2
1020,	6
1021,	7
1022,	6
1023,	3
1024,	1
1025,	0
1026,	2
1027,	1
1028,	7
1029,	4
1030,	0
1031,	0
1032,	8
1033,	0
1034,	4
1035,	7
1036,	2
1037,	2
1038,	10
1039,	2
1040,	1
1041,	6
1042,	0
1043,	5
1044,	5
1045,	15
1046,	0
1047,	5
1048,	3
1049,	2
1050,	5
1051,	6
1052,	3
1053,	3
1054,	5
1055,	2
1056,	3
1057,	3
1058,	0
1059,	0
1060,	3
1061,	2
1062,	6
1063,	0
1064,	9
1065,	1
1066,	2
1067,	3
1068,	6
1069,	1
1070,	1
1071,	3
1072,	3
1073,	1
1074,	0
1075,	0
1076,	2
1077,	3
1078,	3
1079,	2
1080,	0
1081,	2
1082,	1
1083,	3
1084,	1
1085,	3
1086,	4
1087,	1
1088,	8
1089,	8
1090,	9
1091,	1
1092,	2
1093,	8
1094,	5
1095,	3
1096,	8
1097,	10
1098,	1
1099,	7
1100,	1
1101,	1
1102,	4
1103,	5
1104,	6
1105,	1
1106,	8
1107,	4
1108,	1
1109,	2
1110,	4
1111,	0
1112,	7
1113,	7
1114,	9
1115,	2
1116,	6
1117,	7
1118,	6
1119,	10
1120,	7
1121,	0
1122,	0
1123,	1
1124,	3
1125,	3
1126,	7
1127,	3
1128,	4
1129,	5
1130,	1
1131,	1
1132,	6
1133,	6
1134,	8
1135,	5
1136,	6
1137,	0
1138,	0
1139,	4
1140,	1
1141,	0
1142,	2
1143,	2
1144,	0
1145,	2
1146,	9
1147,	10
1148,	1
1149,	1
1150,	4
1151,	1
1152,	1
1153,	0
1154,	7
1155,	8
1156,	6
1157,	1
1158,	6
1159,	0
1160,	7
1161,	2
1162,	4
1163,	4
1164,	3
1165,	1
1166,	1
1167,	2
1168,	5
1169,	0
1170,	6
1171,	5
1172,	3
1173,	1
1174,	1
1175,	10
1176,	10
1177,	4
1178,	1
1179,	2
1180,	3
1181,	2
1182,	0
1183,	0
1184,	0
1185,	4
1186,	5
1187,	4
1188,	3
1189,	4
1190,	7
1191,	4
1192,	1
1193,	3
1194,	5
1195,	0
1196,	1
1197,	3
1198,	6
1199,	8
1200,	4
1201,	3
1202,	0
1203,	1
1204,	3
1205,	1
1206,	1
1207,	3
1208,	0
1209,	2
1210,	9
1211,	0
1212,	0
1213,	6
1214,	7
1215,	3
1216,	8
1217,	1
1218,	2
1219,	9
1220,	1
1221,	2
1222,	4
1223,	4
1224,	7
1225,	7
1226,	3
1227,	6
1228,	12
1229,	3
1230,	1
1231,	8
1232,	2
1233,	4
1234,	3
1235,	2
1236,	2
1237,	7
1238,	0
1239,	5
1240,	10
1241,	1
1242,	4
1243,	4
1244,	4
1245,	6
1246,	4
1247,	3
1248,	8
1249,	2
1250,	0
1251,	4
1252,	6
1253,	4
1254,	7
1255,	8
1256,	7
1257,	0
1258,	4
1259,	1
1260,	1
1261,	1
1262,	1
1263,	5
1264,	2
1265,	7
1266,	3
1267,	1
1268,	12
1269,	3
1270,	5
1271,	4
1272,	3
1273,	9
1274,	5
1275,	3
1276,	2
1277,	9
1278,	3
1279,	6
1280,	3
1281,	0
1282,	6
1283,	2
1284,	4
1285,	7
1286,	0
1287,	2
1288,	2
1289,	0
1290,	7
1291,	1
1292,	3
1293,	1
1294,	4
1295,	1
1296,	0
1297,	0
1298,	4
1299,	4
1300,	1
1301,	2
1302,	5
1303,	6
1304,	6
1305,	0
1306,	4
1307,	2
1308,	0
1309,	0
1310,	2
1311,	0
1312,	2
1313,	5
1314,	0
1315,	3
1316,	7
1317,	7
1318,	2
1319,	2
1320,	6
1321,	0
1322,	0
1323,	5
1324,	7
1325,	1
1326,	6
1327,	2
1328,	1
1329,	0
1330,	0
1331,	7
1332,	8
1333,	8
1334,	2
1335,	12
1336,	8
1337,	0
1338,	2
1339,	4
1340,	1
1341,	5
1342,	3
1343,	7
1344,	6
1345,	9
1346,	2
1347,	3
1348,	6
1349,	0
1350,	4
1351,	0
1352,	1
1353,	3
1354,	5
1355,	1
1356,	6
1357,	1
1358,	6
1359,	4
1360,	13
1361,	3
1362,	9
1363,	0
1364,	0
1365,	6
1366,	3
1367,	2
1368,	3
1369,	4
1370,	11
1371,	9
1372,	9
1373,	1
1374,	3
1375,	0
1376,	2
1377,	8
1378,	9
1379,	8
1380,	1
1381,	1
1382,	1
1383,	1
1384,	4
1385,	0
1386,	5
1387,	5
1388,	2
1389,	0
1390,	4
1391,	4
1392,	3
1393,	7
1394,	2
1395,	5
1396,	1
1397,	3
1398,	2
1399,	6
1400,	0
1401,	3
1402,	3
1403,	1
1404,	0
1405,	4
1406,	1
1407,	0
1408,	4
1409,	3
1410,	2
1411,	11
1412,	8
1413,	1
1414,	0
1415,	0
1416,	5
1417,	10
1418,	13
1419,	0
1420,	2
1421,	1
1422,	8
1423,	7
1424,	4
1425,	0
1426,	5
1427,	1
1428,	0
1429,	3
1430,	8
1431,	0
1432,	1
1433,	2
1434,	5
1435,	1
1436,	2
1437,	4
1438,	3
1439,	7
1440,	9
1441,	4
1442,	0
1443,	4
1444,	0
1445,	4
1446,	4
1447,	8
1448,	0
1449,	12
1450,	0
1451,	4
1452,	5
1453,	0
1454,	3
1455,	0
1456,	2
1457,	5
1458,	0
1459,	1
1460,	5
1461,	5
1462,	1
1463,	2
1464,	8
1465,	5
1466,	0
1467,	6
1468,	4
1469,	6
1470,	0
1471,	3
1472,	0
1473,	4
1474,	2
1475,	0
1476,	1
1477,	0
1478,	3
1479,	9
1480,	0
1481,	0
1482,	2
1483,	1
1484,	5
1485,	7
1486,	4
1487,	3
1488,	2
1489,	1
1490,	0
1491,	3
1492,	1
1493,	2
1494,	1
1495,	3
1496,	3
1497,	8
1498,	4
1499,	2
1500,	5
1501,	10
1502,	4
1503,	9
1504,	7
1505,	8
1506,	6
1507,	4
1508,	3
1509,	0
1510,	1
1511,	0
1512,	14
1513,	9
1514,	5
1515,	1
1516,	0
1517,	0
1518,	3
1519,	1
1520,	4
1521,	0
1522,	8
1523,	9
1524,	2
1525,	6
1526,	3
1527,	3
1528,	6
1529,	1
1530,	7
1531,	3
1532,	13
1533,	0
1534,	5
1535,	0
1536,	7
1537,	3
1538,	5
1539,	0
1540,	1
1541,	3
1542,	3
1543,	3
1544,	12
1545,	5
1546,	2
1547,	0
1548,	8
1549,	1
1550,	0
1551,	2
1552,	3
1553,	8
1554,	1
1555,	8
1556,	5
1557,	9
1558,	10
1559,	1
1560,	7
1561,	2
1562,	2
1563,	4
1564,	5
1565,	0
1566,	7
1567,	7
1568,	3
1569,	2
1570,	1
1571,	5
1572,	8
1573,	3
1574,	6
1575,	7
1576,	2
1577,	0
1578,	1
1579,	3
1580,	1
1581,	0
1582,	6
1583,	3
1584,	1
1585,	2
1586,	3
1587,	6
1588,	2
1589,	7
1590,	2
1591,	1
1592,	2
1593,	7
1594,	8
1595,	7
1596,	0
1597,	4
1598,	9
1599,	3
1600,	1
1601,	1
1602,	1
1603,	0
1604,	3
1605,	1
1606,	1
1607,	4
1608,	2
1609,	5
1610,	5
1611,	2
1612,	6
1613,	0
1614,	0
1615,	0
1616,	2
1617,	5
1618,	2
1619,	0
1620,	2
1621,	3
1622,	3
1623,	4
1624,	0
1625,	1
1626,	8
1627,	5
1628,	5
1629,	8
1630,	0
1631,	5
1632,	2
1633,	5
1634,	2
1635,	3
1636,	1
1637,	12
1638,	5
1639,	3
1640,	4
1641,	4
1642,	14
1643,	8
1644,	3
1645,	0
1646,	6
1647,	3
1648,	0
1649,	3
1650,	1
1651,	3
1652,	4
1653,	6
1654,	2
1655,	1
1656,	6
1657,	0
1658,	3
1659,	4
1660,	2
1661,	2
1662,	0
1663,	2
1664,	3
1665,	10
1666,	10
1667,	10
1668,	3
1669,	5
1670,	2
1671,	2
1672,	7
1673,	8
1674,	1
1675,	3
1676,	7
1677,	1
1678,	0
1679,	6
1680,	2
1681,	3
1682,	8
1683,	6
1684,	2
1685,	8
1686,	9
1687,	7
1688,	1
1689,	3
1690,	6
1691,	7
1692,	7
1693,	4
1694,	1
1695,	6
1696,	6
1697,	3
1698,	0
1699,	8
1700,	0
1701,	6
1702,	1
1703,	6
1704,	9
1705,	4
1706,	5
1707,	12
1708,	5
1709,	1
1710,	2
1711,	4
1712,	0
1713,	5
1714,	0
1715,	2
1716,	6
1717,	0
1718,	5
1719,	1
1720,	2
1721,	2
1722,	1
1723,	2
1724,	6
1725,	0
1726,	5
1727,	2
1728,	1
1729,	0
1730,	0
1731,	3
1732,	6
1733,	1
1734,	2
1735,	11
1736,	2
1737,	3
1738,	1
1739,	3
1740,	2
1741,	2
1742,	1
1743,	10
1744,	3
1745,	1
1746,	4
1747,	3
1748,	3
1749,	4
1750,	3
1751,	10
1752,	0
1753,	2
1754,	5
1755,	6
1756,	2
1757,	7
1758,	1
1759,	2
1760,	5
1761,	0
1762,	2
1763,	11
1764,	8
1765,	6
1766,	8
1767,	1
1768,	0
1769,	5
1770,	3
1771,	7
1772,	9
1773,	4
1774,	6
1775,	6
1776,	7
1777,	5
1778,	2
1779,	0
1780,	3
1781,	1
1782,	11
1783,	0
1784,	2
1785,	7
1786,	0
1787,	7
1788,	0
1789,	1
1790,	11
1791,	0
1792,	5
1793,	5
1794,	1
1795,	1
1796,	6
1797,	6
1798,	5
1799,	5
1800,	4
1801,	3
1802,	4
1803,	11
1804,	1
1805,	2
1806,	8
1807,	0
1808,	3
1809,	3
1810,	3
1811,	11
1812,	1
1813,	0
1814,	2
1815,	0
1816,	2
1817,	7
1818,	3
1819,	1
1820,	3
1821,	4
1822,	4
1823,	3
1824,	2
1825,	3
1826,	7
1827,	4
1828,	0
1829,	1
1830,	3
1831,	4
1832,	0
1833,	2
1834,	5
1835,	7
1836,	0
1837,	4
1838,	2
1839,	4
1840,	2
1841,	5
1842,	8
1843,	6
1844,	6
1845,	1
1846,	1
1847,	5
1848,	7
1849,	4
1850,	7
1851,	1
1852,	3
1853,	11
1854,	6
1855,	0
1856,	2
1857,	7
1858,	0
1859,	6
1860,	0
1861,	8
1862,	3
1863,	4
1864,	7
1865,	2
1866,	4
1867,	1
1868,	0
1869,	3
1870,	2
1871,	6
1872,	2
1873,	10
1874,	4
1875,	6
1876,	6
1877,	3
1878,	5
1879,	0
1880,	2
1881,	1
1882,	4
1883,	1
1884,	3
1885,	0
1886,	3
1887,	4
1888,	3
1889,	5
1890,	1
1891,	1
1892,	2
1893,	0
1894,	0
1895,	5
1896,	5
1897,	4
1898,	4
1899,	8
1900,	1
1901,	3
1902,	7
1903,	7
1904,	6
1905,	5
1906,	4
1907,	2
1908,	12
1909,	1
1910,	0
1911,	8
1912,	0
1913,	1
1914,	3
1915,	1
1916,	3
1917,	7
1918,	3
1919,	8
1920,	9
1921,	0
1922,	2
1923,	1
1924,	1
1925,	5
1926,	1
1927,	0
1928,	3
1929,	0
1930,	3
1931,	4
1932,	3
1933,	3
1934,	1
1935,	6
1936,	7
1937,	1
1938,	12
1939,	2
1940,	7
1941,	3
1942,	10
1943,	1
1944,	3
1945,	2
1946,	7
1947,	4
1948,	10
1949,	2
1950,	3
1951,	4
1952,	6
1953,	0
1954,	11
1955,	4
1956,	4
1957,	4
1958,	2
1959,	0
1960,	0
1961,	5
1962,	4
1963,	0
1964,	5
1965,	4
1966,	7
1967,	9
1968,	3
1969,	0
1970,	2
1971,	0
1972,	3
1973,	2
1974,	10
1975,	5
1976,	1
1977,	7
1978,	8
1979,	8
1980,	3
1981,	3
1982,	6
1983,	0
1984,	7
1985,	5
1986,	10
1987,	3
1988,	3
1989,	3
1990,	5
1991,	1
1992,	4
1993,	3
1994,	13
1995,	6
1996,	2
1997,	4
1998,	1
1999,	5
2000,	2
2001,	4
2002,	6
2003,	6
2004,	5
2005,	2
2006,	5
2007,	3
2008,	1
2009,	4
2010,	4
2011,	8
2012,	2
2013,	6
2014,	9
2015,	0
2016,	6
2017,	13
2018,	6
2019,	1
2020,	6
2021,	7
2022,	4
2023,	1
2024,	3
2025,	2
2026,	9
2027,	2
2028,	6
2029,	6
2030,	5
2031,	5
2032,	3
2033,	2
2034,	1
2035,	7
2036,	5
2037,	0
2038,	3
2039,	0
2040,	5
2041,	9
2042,	5
2043,	3
2044,	1
2045,	3
2046,	6
2047,	3
2048,	6
2049,	5
2050,	7
2051,	5
2052,	14
2053,	3
2054,	7
2055,	9
2056,	13
2057,	2
2058,	0
2059,	9
2060,	4
2061,	6
2062,	5
2063,	3
2064,	4
2065,	5
2066,	4
2067,	4
2068,	10
2069,	8
2070,	0
2071,	8
2072,	5
2073,	6
2074,	0
2075,	4
2076,	0
2077,	1
2078,	8
2079,	11
2080,	6
2081,	5
2082,	6
2083,	8
2084,	6
2085,	4
2086,	5
2087,	6
2088,	1
2089,	9
2090,	3
2091,	3
2092,	0
2093,	1
2094,	7
2095,	7
2096,	2
2097,	6
2098,	6
2099,	9
2100,	2
2101,	1
2102,	0
2103,	2
2104,	4
2105,	2
2106,	2
2107,	4
2108,	8
2109,	0
2110,	6
2111,	4
2112,	0
2113,	3
2114,	1
2115,	8
2116,	12
2117,	8
2118,	4
2119,	2
2120,	0
2121,	10
2122,	4
2123,	5
2124,	1
2125,	0
2126,	4
2127,	0
2128,	3
2129,	3
2130,	7
2131,	1
2132,	8
2133,	5
2134,	15
2135,	5
2136,	3
2137,	1
2138,	2
2139,	0
2140,	0
2141,	4
2142,	4
2143,	0
2144,	1
2145,	3
2146,	7
2147,	13
2148,	7
2149,	2
2150,	6
2151,	2
2152,	9
2153,	2
2154,	0
2155,	6
2156,	0
2157,	3
2158,	5
2159,	7
2160,	2
2161,	2
2162,	3
2163,	5
2164,	0
2165,	4
2166,	7
2167,	2
2168,	4
2169,	8
2170,	3
2171,	1
2172,	5
2173,	2
2174,	1
2175,	0
2176,	7
2177,	6
2178,	1
2179,	8
2180,	7
2181,	9
2182,	4
2183,	9
2184,	6
2185,	5
2186,	0
2187,	2
2188,	0
2189,	2
2190,	8
2191,	4
2192,	6
2193,	8
2194,	8
2195,	5
2196,	0
2197,	7
2198,	6
2199,	6
2200,	6
2201,	6
2202,	2
2203,	6
2204,	8
2205,	1
2206,	10
2207,	1
2208,	1
2209,	0
2210,	4
2211,	9
2212,	7
2213,	5
2214,	9
2215,	5
2216,	6
2217,	7
2218,	10
2219,	7
2220,	2
2221,	2
2222,	1
2223,	9
2224,	1
2225,	9
2226,	2
2227,	2
2228,	8
2229,	1
2230,	3
2231,	10
2232,	3
2233,	4
2234,	0
2235,	1
2236,	8
2237,	6
2238,	0
2239,	1
2240,	8
2241,	7
2242,	5
2243,	8
2244,	0
2245,	2
2246,	6
2247,	1
2248,	2
2249,	6
2250,	4
2251,	7
2252,	3
2253,	3
2254,	5
2255,	6
2256,	5
2257,	7
2258,	0
2259,	9
2260,	9
2261,	4
2262,	1
2263,	4
2264,	2
2265,	2
2266,	11
2267,	0
2268,	9
2269,	4
2270,	1
2271,	1
2272,	6
2273,	6
2274,	4
2275,	1
2276,	4
2277,	1
2278,	2
2279,	6
2280,	4
2281,	2
2282,	4
2283,	8
2284,	6
2285,	5
2286,	4
2287,	4
2288,	3
2289,	1
2290,	4
2291,	6
2292,	5
2293,	1
2294,	2
2295,	4
2296,	11
2297,	8
2298,	10
2299,	2
2300,	4
2301,	6
2302,	3
2303,	6
2304,	3
2305,	11
2306,	4
2307,	0
2308,	2
2309,	4
2310,	12
2311,	11
2312,	9
2313,	5
2314,	5
2315,	2
2316,	3
2317,	2
2318,	8
2319,	8
2320,	8
2321,	2
2322,	7
2323,	7
2324,	11
2325,	9
2326,	0
2327,	9
2328,	0
2329,	8
2330,	5
2331,	4
2332,	1
2333,	2
2334,	12
2335,	3
2336,	4
2337,	8
2338,	2
2339,	5
2340,	4
2341,	4
2342,	1
2343,	0
2344,	2
2345,	5
2346,	8
2347,	8
2348,	3
2349,	4
2350,	1
2351,	2
2352,	9
2353,	0
2354,	0
2355,	9
2356,	0
2357,	10
2358,	6
2359,	1
2360,	9
2361,	5
2362,	3
2363,	0
2364,	3
2365,	5
2366,	3
2367,	7
2368,	4
2369,	2
2370,	7
2371,	5
2372,	0
2373,	0
2374,	3
2375,	11
2376,	10
2377,	9
2378,	0
2379,	7
2380,	8
2381,	6
2382,	4
2383,	3
2384,	5
2385,	0
2386,	8
2387,	3
2388,	9
2389,	5
2390,	5
2391,	2
2392,	6
2393,	9
2394,	9
2395,	8
2396,	11
2397,	1
2398,	6
2399,	12
2400,	4
2401,	5
2402,	5
2403,	9
2404,	5
2405,	4
2406,	7
2407,	5
2408,	0
2409,	2
2410,	14
2411,	11
2412,	1
2413,	8
2414,	7
2415,	3
2416,	8
2417,	7
2418,	7
2419,	2
2420,	5
2421,	2
2422,	5
2423,	4
2424,	7
2425,	2
2426,	1
2427,	6
2428,	8
2429,	3
2430,	7
2431,	5
2432,	4
2433,	1
2434,	1
2435,	6
2436,	9
2437,	7
2438,	0
2439,	5
2440,	8
2441,	6
2442,	4
2443,	6
2444,	1
2445,	7
2446,	2
2447,	6
2448,	5
2449,	4
2450,	10
2451,	6
2452,	2
2453,	4
2454,	12
2455,	11
2456,	5
2457,	9
2458,	6
2459,	11
2460,	6
2461,	7
2462,	7
2463,	3
2464,	4
2465,	6
2466,	6
2467,	2
2468,	8
2469,	7
2470,	8
2471,	11
2472,	6
2473,	7
2474,	4
2475,	7
2476,	1
2477,	2
2478,	9
2479,	0
2480,	9
2481,	3
2482,	5
2483,	8
2484,	6
2485,	2
2486,	5
2487,	3
2488,	7
2489,	4
2490,	7
2491,	6
2492,	4
2493,	7
2494,	11
2495,	10
2496,	3
2497,	5
2498,	5
2499,	2
2500,	1
2501,	3
2502,	7
2503,	2
2504,	2
2505,	0
2506,	3
2507,	12
2508,	1
2509,	8
2510,	4
2511,	2
2512,	0
2513,	13
2514,	10
2515,	11
2516,	6
2517,	10
2518,	11
2519,	4
2520,	8
2521,	4
2522,	2
2523,	9
2524,	4
2525,	2
2526,	7
2527,	1
2528,	4
2529,	8
2530,	8
2531,	2
2532,	7
2533,	6
2534,	7
2535,	7
2536,	5
2537,	3
2538,	4
2539,	2
2540,	2
2541,	1
2542,	6
2543,	3
2544,	2
2545,	3
2546,	4
2547,	6
2548,	14
2549,	4
2550,	3
2551,	10
2552,	11
2553,	12
2554,	1
2555,	2
2556,	8
2557,	8
2558,	3
2559,	4
2560,	6
2561,	12
2562,	3
2563,	4
2564,	4
2565,	1
2566,	6
2567,	5
2568,	5
2569,	4
2570,	0
2571,	4
2572,	0
2573,	14
2574,	4
2575,	4
2576,	0
2577,	4
2578,	6
2579,	3
2580,	0
2581,	1
2582,	3
2583,	9
2584,	5
2585,	8
2586,	7
2587,	7
2588,	3
2589,	0
2590,	7
2591,	5
2592,	8
2593,	8
2594,	3
2595,	3
2596,	9
2597,	0
2598,	7
2599,	5
2600,	2
2601,	8
2602,	10
2603,	8
2604,	0
2605,	0
2606,	2
2607,	7
2608,	14
2609,	10
2610,	6
2611,	6
2612,	1
2613,	1
2614,	5
2615,	5
2616,	8
2617,	3
2618,	5
2619,	12
2620,	3
2621,	9
2622,	3
2623,	10
2624,	11
2625,	1
2626,	8
2627,	4
2628,	5
2629,	6
2630,	10
2631,	1
2632,	8
2633,	5
2634,	9
2635,	5
2636,	7
2637,	7
2638,	3
2639,	2
2640,	1
2641,	7
2642,	0
2643,	5
2644,	7
2645,	3
2646,	7
2647,	2
2648,	5
2649,	8
2650,	5
2651,	9
2652,	3
2653,	3
2654,	1
2655,	6
2656,	5
2657,	4
2658,	10
2659,	7
2660,	0
2661,	3
2662,	2
2663,	4
2664,	4
2665,	2
2666,	5
2667,	8
2668,	13
2669,	3
2670,	11
2671,	6
2672,	6
2673,	3
2674,	8
2675,	7
2676,	12
2677,	4
2678,	4
2679,	7
2680,	1
2681,	5
2682,	8
2683,	1
2684,	7
2685,	11
2686,	2
2687,	0
2688,	5
2689,	7
2690,	8
2691,	4
2692,	6
2693,	0
2694,	5
2695,	1
2696,	6
2697,	5
2698,	6
2699,	7
2700,	4
2701,	4
2702,	0
2703,	7
2704,	0
2705,	5
2706,	7
2707,	3
2708,	2
2709,	11
2710,	1
2711,	0
2712,	4
2713,	7
2714,	2
2715,	1
2716,	3
2717,	0
2718,	6
2719,	9
2720,	5
2721,	2
2722,	7
2723,	10
2724,	3
2725,	4
2726,	8
2727,	4
2728,	7
2729,	2
2730,	7
2731,	5
2732,	5
2733,	5
2734,	9
2735,	10
2736,	5
2737,	0
2738,	2
2739,	2
2740,	8
2741,	11
2742,	4
2743,	5
2744,	8
2745,	6
2746,	3
2747,	11
2748,	2
2749,	1
2750,	5
2751,	8
2752,	2
2753,	10
2754,	5
2755,	8
2756,	4
2757,	5
2758,	3
2759,	10
2760,	1
2761,	9
2762,	2
2763,	4
2764,	4
2765,	9
2766,	6
2767,	9
2768,	4
2769,	5
2770,	7
2771,	6
2772,	3
2773,	8
2774,	4
2775,	5
2776,	8
2777,	5
2778,	4
2779,	1
2780,	2
2781,	6
2782,	10
2783,	7
2784,	7
2785,	4
2786,	5
2787,	4
2788,	1
2789,	9
2790,	6
2791,	10
2792,	3
2793,	5
2794,	7
2795,	7
2796,	10
2797,	7
2798,	7
2799,	9
2800,	6
2801,	1
2802,	2
2803,	2
2804,	7
2805,	9
2806,	7
2807,	5
2808,	1
2809,	9
2810,	6
2811,	12
2812,	6
2813,	0
2814,	10
2815,	3
2816,	11
2817,	6
2818,	6
2819,	11
2820,	9
2821,	5
2822,	3
2823,	8
2824,	0
2825,	13
2826,	5
2827,	6
2828,	5
2829,	7
2830,	8
2831,	0
2832,	7
2833,	8
2834,	4
2835,	10
2836,	10
2837,	6
2838,	0
2839,	8
2840,	7
2841,	6
2842,	6
2843,	1
2844,	5
2845,	5
2846,	11
2847,	3
2848,	11
2849,	7
2850,	5
2851,	4
2852,	9
2853,	8
2854,	3
2855,	13
2856,	11
2857,	4
2858,	6
2859,	3
2860,	2
2861,	0
2862,	10
2863,	5
2864,	4
2865,	3
2866,	5
2867,	7
2868,	8
2869,	6
2870,	9
2871,	9
2872,	3
2873,	8
2874,	10
2875,	10
2876,	9
2877,	0
2878,	4
2879,	5
2880,	0
2881,	10
2882,	8
2883,	3
2884,	3
2885,	2
2886,	2
2887,	4
2888,	2
2889,	3
2890,	0
2891,	5
2892,	12
2893,	3
2894,	1
2895,	3
2896,	8
2897,	7
2898,	1
2899,	2
2900,	6
2901,	11
2902,	7
2903,	8
2904,	5
2905,	11
2906,	4
2907,	2
2908,	5
2909,	2
2910,	8
2911,	9
2912,	5
2913,	9
2914,	6
2915,	12
2916,	8
2917,	4
2918,	1
2919,	5
2920,	6
2921,	8
2922,	7
2923,	10
2924,	5
2925,	6
2926,	7
2927,	9
2928,	12
2929,	7
2930,	2
2931,	1
2932,	10
2933,	1
2934,	10
2935,	4
2936,	9
2937,	3
2938,	11
2939,	6
2940,	5
2941,	0
2942,	9
2943,	3
2944,	2
2945,	11
2946,	10
2947,	9
2948,	9
2949,	0
2950,	5
2951,	8
2952,	4
2953,	9
2954,	6
2955,	7
2956,	6
2957,	7
2958,	3
2959,	1
2960,	8
2961,	8
2962,	3
2963,	8
2964,	8
2965,	4
2966,	10
2967,	7
2968,	2
2969,	2
2970,	7
2971,	3
2972,	3
2973,	4
2974,	0
2975,	3
2976,	9
2977,	8
2978,	3
2979,	7
2980,	6
2981,	6
2982,	8
2983,	5
2984,	9
2985,	10
2986,	7
2987,	6
2988,	8
2989,	2
2990,	6
2991,	10
2992,	7
2993,	5
2994,	3
2995,	9
2996,	2
2997,	3
2998,	6
2999,	8
3000,	10
3001,	8
3002,	9
3003,	9
3004,	3
3005,	10
3006,	6
3007,	9
3008,	6
3009,	7
3010,	1
3011,	6
3012,	10
3013,	8
3014,	8
3015,	2
3016,	0
3017,	1
3018,	2
3019,	6
3020,	1
3021,	7
3022,	7
3023,	11
3024,	6
3025,	7
3026,	1
3027,	10
3028,	0
3029,	2
3030,	3
3031,	11
3032,	4
3033,	7
3034,	14
3035,	7
3036,	8
3037,	8
3038,	6
3039,	8
3040,	4
3041,	6
3042,	11
3043,	0
3044,	5
3045,	8
3046,	11
3047,	13
3048,	8
3049,	6
3050,	6
3051,	8
3052,	7
3053,	9
3054,	12
3055,	7
3056,	0
3057,	8
3058,	9
3059,	8
3060,	4
3061,	9
3062,	5
3063,	6
3064,	11
3065,	7
3066,	6
3067,	8
3068,	6
3069,	5
3070,	6
3071,	9
3072,	10
3073,	3
3074,	1
3075,	9
3076,	1
3077,	6
3078,	4
3079,	1
3080,	4
3081,	4
3082,	4
3083,	7
3084,	9
3085,	8
3086,	11
3087,	5
3088,	7
3089,	8
3090,	8
3091,	10
3092,	10
3093,	12
3094,	12
3095,	9
3096,	0
3097,	2
3098,	6
3099,	9
3100,	10
3101,	5
3102,	8
3103,	6
3104,	9
3105,	3
3106,	4
3107,	5
3108,	15
3109,	7
3110,	11
3111,	10
3112,	6
3113,	9
3114,	10
3115,	4
3116,	11
3117,	12
3118,	3
3119,	9
3120,	7
3121,	9
3122,	5
3123,	9
3124,	7
3125,	9
3126,	6
3127,	5
3128,	1
3129,	3
3130,	6
3131,	8
3132,	10
3133,	3
3134,	9
3135,	8
3136,	8
3137,	15
3138,	11
3139,	5
3140,	6
3141,	0
3142,	9
3143,	7
3144,	10
3145,	4
3146,	3
3147,	8
3148,	9
3149,	1
3150,	6
3151,	6
3152,	6
3153,	9
3154,	5
3155,	6
3156,	4
3157,	8
3158,	10
3159,	3
3160,	10
3161,	9
3162,	8
3163,	8
3164,	7
3165,	4
3166,	5
3167,	11
3168,	2
3169,	2
3170,	6
3171,	9
3172,	10
3173,	6
3174,	10
3175,	8
3176,	2
3177,	5
3178,	2
3179,	8
3180,	6
3181,	5
3182,	9
3183,	8
3184,	6
3185,	8
3186,	8
3187,	4
3188,	9
3189,	5
3190,	11
3191,	10
3192,	5
3193,	8
3194,	3
3195,	9
3196,	6
3197,	4
3198,	7
3199,	3
3200,	6
3201,	8
3202,	7
3203,	5
3204,	3
3205,	9
3206,	7
3207,	4
3208,	5
3209,	3
3210,	5
3211,	10
3212,	5
3213,	6
3214,	5
3215,	9
3216,	7
3217,	15
3218,	10
3219,	5
3220,	6
3221,	4
3222,	13
3223,	1
3224,	6
3225,	8
3226,	2
3227,	12
3228,	12
3229,	11
3230,	5
3231,	8
3232,	8
3233,	10
3234,	6
3235,	9
3236,	3
3237,	3
3238,	11
3239,	12
3240,	8
3241,	5
3242,	7
3243,	2
3244,	10
3245,	5
3246,	9
3247,	10
3248,	6
3249,	3
3250,	1
3251,	5
3252,	9
3253,	9
3254,	4
3255,	4
3256,	7
3257,	13
3258,	10
3259,	12
3260,	8
3261,	10
3262,	6
3263,	9
3264,	6
3265,	10
3266,	5
3267,	7
3268,	8
3269,	12
3270,	0
3271,	12
3272,	6
3273,	8
3274,	8
3275,	11
3276,	7
3277,	0
3278,	9
3279,	7
3280,	7
3281,	3
3282,	7
3283,	6
3284,	3
3285,	11
3286,	6
3287,	2
3288,	8
3289,	9
3290,	10
3291,	0
3292,	2
3293,	11
3294,	9
3295,	12
3296,	6
3297,	8
3298,	10
3299,	5
3300,	0
3301,	5
3302,	8
3303,	3
3304,	14
3305,	9
3306,	8
3307,	7
3308,	11
3309,	9
3310,	6
3311,	4
3312,	6
3313,	8
3314,	6
3315,	7
3316,	5
3317,	5
3318,	8
3319,	14
3320,	2
3321,	7
3322,	4
3323,	11
3324,	6
3325,	12
3326,	10
3327,	11
3328,	1
3329,	10
3330,	8
3331,	3
3332,	10
3333,	5
3334,	8
3335,	10
3336,	6
3337,	1
3338,	8
3339,	3
3340,	7
3341,	7
3342,	13
3343,	3
3344,	12
3345,	12
3346,	13
3347,	15
3348,	11
3349,	4
3350,	8
3351,	7
3352,	4
3353,	11
3354,	2
3355,	9
3356,	6
3357,	8
3358,	7
3359,	5
3360,	8
3361,	4
3362,	11
3363,	9
3364,	12
3365,	0
3366,	7
3367,	10
3368,	7
3369,	6
3370,	3
3371,	4
3372,	9
3373,	11
3374,	6
3375,	9
3376,	6
3377,	8
3378,	5
3379,	3
3380,	10
3381,	8
3382,	12
3383,	4
3384,	8
3385,	10
3386,	10
3387,	5
3388,	5
3389,	9
3390,	3
3391,	7
3392,	6
3393,	3
3394,	9
3395,	7
3396,	10
3397,	7
3398,	10
3399,	7
3400,	9
3401,	8
3402,	3
3403,	10
3404,	7
3405,	10
3406,	5
3407,	6
3408,	9
3409,	10
3410,	7
3411,	14
3412,	8
3413,	10
3414,	4
3415,	11
3416,	9
3417,	4
3418,	9
3419,	11
3420,	1
3421,	4
3422,	2
3423,	8
3424,	8
3425,	8
3426,	10
3427,	10
3428,	12
3429,	7
3430,	15
3431,	5
3432,	8
3433,	7
3434,	1
3435,	3
3436,	4
3437,	8
3438,	5
3439,	5
3440,	9
3441,	9
3442,	7
3443,	11
3444,	8
3445,	11
3446,	5
3447,	9
3448,	7
3449,	7
3450,	4
3451,	6
3452,	7
3453,	7
3454,	2
3455,	2
3456,	7
3457,	6
3458,	6
3459,	5
3460,	8
3461,	11
3462,	6
3463,	11
3464,	6
3465,	3
3466,	8
3467,	8
3468,	9
3469,	8
3470,	14
3471,	0
3472,	12
3473,	9
3474,	6
3475,	0
3476,	7
3477,	9
3478,	11
3479,	12
3480,	10
3481,	12
3482,	6
3483,	11
3484,	7
3485,	7
3486,	12
3487,	13
3488,	7
3489,	10
3490,	10
3491,	4
3492,	10
3493,	12
3494,	12
3495,	6
3496,	8
3497,	15
3498,	11
3499,	3
3500,	7
3501,	9
3502,	5
3503,	1
3504,	3
3505,	12
3506,	7
3507,	7
3508,	10
3509,	5
3510,	8
3511,	2
3512,	6
3513,	9
3514,	10
3515,	11
3516,	13
3517,	12
3518,	10
3519,	9
3520,	5
3521,	8
3522,	12
3523,	11
3524,	10
3525,	3
3526,	10
3527,	12
3528,	10
3529,	11
3530,	7
3531,	3
3532,	9
3533,	9
3534,	7
3535,	12
3536,	0
3537,	10
3538,	8
3539,	10
3540,	4
3541,	6
3542,	10
3543,	4
3544,	5
3545,	8
3546,	11
3547,	13
3548,	13
3549,	7
3550,	10
3551,	3
3552,	12
3553,	7
3554,	3
3555,	6
3556,	10
3557,	7
3558,	10
3559,	10
3560,	14
3561,	8
3562,	7
3563,	12
3564,	6
3565,	12
3566,	4
3567,	6
3568,	12
3569,	12
3570,	8
3571,	11
3572,	6
3573,	13
3574,	5
3575,	12
3576,	8
3577,	9
3578,	9
3579,	8
3580,	9
3581,	13
3582,	9
3583,	10
3584,	8
3585,	10
3586,	6
3587,	8
3588,	14
3589,	12
3590,	6
3591,	12
3592,	4
3593,	1
3594,	11
3595,	5
3596,	6
3597,	12
3598,	1
3599,	9
3600,	13
3601,	0
3602,	10
3603,	8
3604,	12
3605,	3
3606,	10
3607,	6
3608,	11
3609,	13
3610,	10
3611,	3
3612,	8
3613,	9
3614,	9
3615,	12
3616,	11
3617,	8
3618,	7
3619,	7
3620,	10
3621,	13
3622,	8
3623,	10
3624,	12
3625,	9
3626,	10
3627,	11
3628,	12
3629,	2
3630,	3
3631,	5
3632,	6
3633,	11
3634,	6
3635,	11
3636,	6
3637,	9
3638,	11
3639,	8
3640,	3
3641,	10
3642,	9
3643,	6
3644,	8
3645,	6
3646,	9
3647,	13
3648,	11
3649,	10
3650,	10
3651,	12
3652,	6
3653,	14
3654,	7
3655,	3
3656,	12
3657,	5
3658,	11
3659,	7
3660,	10
3661,	6
3662,	10
3663,	6
3664,	12
3665,	11
3666,	12
3667,	11
3668,	14
3669,	11
3670,	7
3671,	6
3672,	9
3673,	9
3674,	1
3675,	4
3676,	10
3677,	2
3678,	12
3679,	10
3680,	11
3681,	10
3682,	1
3683,	9
3684,	5
3685,	9
3686,	13
3687,	6
3688,	9
3689,	10
3690,	10
3691,	12
3692,	13
3693,	11
3694,	10
3695,	12
3696,	7
3697,	14
3698,	4
3699,	11
3700,	13
3701,	10
3702,	14
3703,	5
3704,	13
3705,	5
3706,	10
3707,	12
3708,	3
3709,	8
3710,	14
3711,	9
3712,	13
3713,	9
3714,	5
3715,	9
3716,	6
3717,	12
3718,	11
3719,	10
3720,	7
3721,	4
3722,	15
3723,	10
3724,	10
3725,	6
3726,	13
3727,	9
3728,	12
3729,	7
3730,	11
3731,	10
3732,	5
3733,	11
3734,	3
3735,	6
3736,	11
3737,	10
3738,	9
3739,	12
3740,	5
3741,	8
3742,	8
3743,	11
3744,	9
3745,	6
3746,	5
3747,	9
3748,	10
3749,	12
3750,	12
3751,	11
3752,	10
3753,	9
3754,	11
3755,	14
3756,	5
3757,	8
3758,	13
3759,	12
3760,	12
3761,	11
3762,	9
3763,	4
3764,	9
3765,	10
3766,	12
3767,	12
3768,	12
3769,	10
3770,	7
3771,	10
3772,	7
3773,	6
3774,	3
3775,	6
3776,	11
3777,	6
3778,	12
3779,	10
3780,	12
3781,	9
3782,	8
3783,	6
3784,	9
3785,	8
3786,	8
3787,	7
3788,	8
3789,	10
3790,	13
3791,	12
3792,	10
3793,	7
3794,	7
3795,	11
3796,	9
3797,	11
3798,	10
3799,	14
3800,	12
3801,	13
3802,	11
3803,	13
3804,	9
3805,	11
3806,	11
3807,	4
3808,	13
3809,	13
3810,	5
3811,	10
3812,	12
3813,	15
3814,	14
3815,	4
3816,	11
3817,	10
3818,	11
3819,	8
3820,	7
3821,	11
3822,	9
3823,	12
3824,	15
3825,	8
3826,	9
3827,	11
3828,	4
3829,	6
3830,	9
3831,	6
3832,	13
3833,	11
3834,	7
3835,	5
3836,	13
3837,	6
3838,	4
3839,	12
3840,	9
3841,	2
3842,	4
3843,	9
3844,	2
3845,	4
3846,	15
3847,	7
3848,	8
3849,	9
3850,	12
3851,	5
3852,	7
3853,	4
3854,	8
3855,	8
3856,	9
3857,	2
3858,	12
3859,	7
3860,	9
3861,	3
3862,	13
3863,	11
3864,	11
3865,	14
3866,	5
3867,	13
3868,	8
3869,	13
3870,	6
3871,	15
3872,	6
3873,	11
3874,	0
3875,	13
3876,	13
3877,	14
3878,	8
3879,	5
3880,	11
3881,	4
3882,	9
3883,	15
3884,	9
3885,	5
3886,	12
3887,	12
3888,	11
3889,	3
3890,	4
3891,	10
3892,	3
3893,	14
3894,	6
3895,	7
3896,	11
3897,	9
3898,	9
3899,	10
3900,	8
3901,	14
3902,	13
3903,	11
3904,	4
3905,	3
3906,	10
3907,	9
3908,	1
3909,	10
3910,	13
3911,	10
3912,	10
3913,	8
3914,	11
3915,	12
3916,	14
3917,	15
3918,	7
3919,	8
3920,	9
3921,	15
3922,	4
3923,	5
3924,	4
3925,	13
3926,	5
3927,	12
3928,	7
3929,	8
3930,	15
3931,	9
3932,	11
3933,	12
3934,	12
3935,	9
3936,	11
3937,	10
3938,	5
3939,	14
3940,	6
3941,	10
3942,	12
3943,	13
3944,	10
3945,	10
3946,	1
3947,	14
3948,	7
3949,	11
3950,	11
3951,	13
3952,	0
3953,	9
3954,	9
3955,	10
3956,	13
3957,	13
3958,	9
3959,	10
3960,	13
3961,	4
3962,	9
3963,	8
3964,	7
3965,	9
3966,	10
3967,	11
3968,	6
3969,	9
3970,	9
3971,	7
3972,	6
3973,	9
3974,	8
3975,	14
3976,	10
3977,	11
3978,	11
3979,	14
3980,	10
3981,	8
3982,	14
3983,	12
3984,	10
3985,	3
3986,	10
3987,	12
3988,	10
3989,	3
3990,	10
3991,	11
3992,	12
3993,	13
3994,	4
3995,	10
3996,	13
3997,	7
3998,	9
3999,	7
