Instance: /home/gabriel/Documents/ufrgs/courses/oc/trab/instances/cmb04
Vertices: 1000
Colors: 32
NumIterations: 100000000
Alpha: 0.500000
Is Factible?: false
Conflicts: 76
Solution Value: 88768.085938
Initial Value: 87031.773438
Initial Conflicts: 255
Vertex,	Color
0,	18
1,	27
2,	22
3,	23
4,	7
5,	7
6,	5
7,	14
8,	10
9,	3
10,	21
11,	1
12,	3
13,	2
14,	9
15,	2
16,	22
17,	5
18,	1
19,	19
20,	14
21,	2
22,	7
23,	27
24,	6
25,	2
26,	5
27,	15
28,	2
29,	8
30,	0
31,	3
32,	2
33,	9
34,	9
35,	21
36,	26
37,	8
38,	0
39,	8
40,	17
41,	6
42,	24
43,	17
44,	5
45,	21
46,	3
47,	2
48,	14
49,	14
50,	23
51,	5
52,	20
53,	11
54,	0
55,	5
56,	3
57,	20
58,	6
59,	1
60,	13
61,	1
62,	27
63,	5
64,	24
65,	24
66,	16
67,	1
68,	5
69,	13
70,	11
71,	16
72,	17
73,	2
74,	25
75,	13
76,	30
77,	3
78,	4
79,	28
80,	28
81,	0
82,	5
83,	23
84,	21
85,	0
86,	3
87,	16
88,	19
89,	7
90,	16
91,	6
92,	18
93,	10
94,	5
95,	13
96,	8
97,	10
98,	0
99,	1
100,	23
101,	11
102,	19
103,	6
104,	21
105,	0
106,	3
107,	2
108,	28
109,	3
110,	9
111,	3
112,	16
113,	3
114,	7
115,	17
116,	16
117,	25
118,	13
119,	12
120,	29
121,	30
122,	15
123,	7
124,	0
125,	2
126,	19
127,	19
128,	31
129,	3
130,	13
131,	12
132,	3
133,	4
134,	23
135,	6
136,	5
137,	6
138,	29
139,	24
140,	28
141,	0
142,	12
143,	17
144,	6
145,	1
146,	18
147,	22
148,	5
149,	23
150,	12
151,	10
152,	4
153,	22
154,	0
155,	2
156,	22
157,	5
158,	5
159,	25
160,	0
161,	0
162,	6
163,	3
164,	3
165,	5
166,	2
167,	0
168,	24
169,	28
170,	10
171,	12
172,	1
173,	26
174,	14
175,	4
176,	25
177,	11
178,	24
179,	10
180,	5
181,	16
182,	1
183,	10
184,	5
185,	15
186,	7
187,	2
188,	26
189,	7
190,	20
191,	9
192,	1
193,	17
194,	1
195,	23
196,	4
197,	12
198,	10
199,	2
200,	5
201,	11
202,	1
203,	6
204,	5
205,	19
206,	3
207,	1
208,	21
209,	12
210,	5
211,	8
212,	7
213,	5
214,	7
215,	13
216,	18
217,	6
218,	21
219,	1
220,	7
221,	1
222,	1
223,	14
224,	8
225,	3
226,	2
227,	2
228,	21
229,	29
230,	10
231,	13
232,	7
233,	11
234,	10
235,	2
236,	27
237,	1
238,	7
239,	8
240,	6
241,	6
242,	10
243,	16
244,	12
245,	7
246,	10
247,	5
248,	12
249,	6
250,	9
251,	20
252,	2
253,	19
254,	4
255,	7
256,	19
257,	22
258,	9
259,	15
260,	11
261,	3
262,	3
263,	6
264,	17
265,	15
266,	17
267,	30
268,	29
269,	27
270,	0
271,	0
272,	1
273,	1
274,	13
275,	31
276,	14
277,	15
278,	16
279,	23
280,	11
281,	6
282,	5
283,	19
284,	5
285,	9
286,	22
287,	8
288,	17
289,	6
290,	7
291,	17
292,	4
293,	11
294,	6
295,	0
296,	20
297,	3
298,	29
299,	11
300,	10
301,	9
302,	12
303,	8
304,	10
305,	0
306,	20
307,	4
308,	1
309,	7
310,	9
311,	17
312,	7
313,	3
314,	17
315,	18
316,	6
317,	15
318,	3
319,	18
320,	18
321,	6
322,	9
323,	2
324,	5
325,	6
326,	13
327,	14
328,	7
329,	0
330,	17
331,	17
332,	0
333,	13
334,	17
335,	10
336,	12
337,	0
338,	11
339,	10
340,	10
341,	10
342,	1
343,	18
344,	19
345,	19
346,	7
347,	25
348,	7
349,	20
350,	1
351,	25
352,	2
353,	7
354,	30
355,	3
356,	10
357,	29
358,	16
359,	13
360,	3
361,	10
362,	19
363,	14
364,	14
365,	17
366,	6
367,	1
368,	3
369,	0
370,	14
371,	5
372,	17
373,	19
374,	2
375,	7
376,	2
377,	4
378,	27
379,	2
380,	20
381,	10
382,	6
383,	19
384,	14
385,	8
386,	6
387,	28
388,	9
389,	13
390,	14
391,	1
392,	4
393,	26
394,	7
395,	21
396,	12
397,	20
398,	30
399,	1
400,	1
401,	16
402,	16
403,	24
404,	9
405,	11
406,	2
407,	15
408,	19
409,	7
410,	27
411,	11
412,	4
413,	5
414,	20
415,	10
416,	11
417,	12
418,	20
419,	1
420,	2
421,	4
422,	11
423,	19
424,	5
425,	2
426,	17
427,	5
428,	5
429,	21
430,	2
431,	14
432,	29
433,	18
434,	18
435,	12
436,	25
437,	13
438,	16
439,	9
440,	9
441,	1
442,	9
443,	13
444,	10
445,	2
446,	24
447,	2
448,	7
449,	20
450,	6
451,	5
452,	31
453,	28
454,	22
455,	13
456,	5
457,	8
458,	14
459,	30
460,	7
461,	9
462,	17
463,	0
464,	18
465,	21
466,	14
467,	20
468,	7
469,	16
470,	27
471,	6
472,	17
473,	9
474,	11
475,	6
476,	9
477,	13
478,	7
479,	0
480,	29
481,	10
482,	3
483,	19
484,	8
485,	16
486,	8
487,	14
488,	3
489,	10
490,	19
491,	31
492,	4
493,	1
494,	0
495,	31
496,	18
497,	12
498,	7
499,	20
500,	27
501,	9
502,	2
503,	14
504,	5
505,	12
506,	18
507,	9
508,	5
509,	20
510,	3
511,	5
512,	15
513,	11
514,	9
515,	7
516,	22
517,	2
518,	9
519,	4
520,	9
521,	14
522,	9
523,	13
524,	8
525,	11
526,	12
527,	1
528,	2
529,	15
530,	5
531,	26
532,	13
533,	3
534,	16
535,	13
536,	2
537,	2
538,	10
539,	22
540,	16
541,	12
542,	17
543,	11
544,	6
545,	12
546,	8
547,	16
548,	17
549,	11
550,	2
551,	0
552,	17
553,	22
554,	11
555,	20
556,	13
557,	21
558,	22
559,	9
560,	23
561,	11
562,	12
563,	9
564,	12
565,	19
566,	14
567,	10
568,	16
569,	5
570,	0
571,	17
572,	11
573,	5
574,	12
575,	15
576,	4
577,	20
578,	16
579,	8
580,	10
581,	14
582,	13
583,	10
584,	1
585,	18
586,	14
587,	21
588,	18
589,	10
590,	21
591,	5
592,	15
593,	18
594,	15
595,	11
596,	3
597,	9
598,	4
599,	20
600,	14
601,	24
602,	11
603,	27
604,	12
605,	7
606,	21
607,	15
608,	26
609,	28
610,	23
611,	8
612,	23
613,	7
614,	2
615,	27
616,	11
617,	12
618,	11
619,	23
620,	18
621,	4
622,	7
623,	19
624,	29
625,	28
626,	11
627,	3
628,	9
629,	9
630,	9
631,	2
632,	5
633,	4
634,	13
635,	8
636,	24
637,	14
638,	28
639,	23
640,	12
641,	1
642,	16
643,	18
644,	3
645,	21
646,	26
647,	18
648,	17
649,	18
650,	25
651,	22
652,	11
653,	6
654,	29
655,	26
656,	4
657,	25
658,	0
659,	21
660,	2
661,	2
662,	18
663,	6
664,	31
665,	17
666,	28
667,	18
668,	15
669,	12
670,	18
671,	12
672,	1
673,	10
674,	8
675,	12
676,	1
677,	19
678,	23
679,	7
680,	25
681,	11
682,	22
683,	13
684,	24
685,	21
686,	6
687,	2
688,	15
689,	10
690,	6
691,	10
692,	16
693,	22
694,	13
695,	30
696,	14
697,	16
698,	27
699,	15
700,	28
701,	0
702,	19
703,	24
704,	21
705,	21
706,	20
707,	16
708,	2
709,	27
710,	5
711,	17
712,	16
713,	10
714,	11
715,	22
716,	29
717,	20
718,	0
719,	9
720,	30
721,	19
722,	29
723,	17
724,	20
725,	26
726,	26
727,	2
728,	10
729,	22
730,	23
731,	14
732,	16
733,	31
734,	19
735,	25
736,	31
737,	18
738,	10
739,	4
740,	24
741,	28
742,	14
743,	14
744,	3
745,	15
746,	8
747,	27
748,	14
749,	16
750,	18
751,	8
752,	18
753,	30
754,	30
755,	10
756,	25
757,	22
758,	27
759,	28
760,	1
761,	17
762,	24
763,	23
764,	15
765,	28
766,	25
767,	15
768,	25
769,	20
770,	23
771,	21
772,	24
773,	10
774,	31
775,	19
776,	12
777,	19
778,	24
779,	4
780,	20
781,	1
782,	20
783,	25
784,	15
785,	14
786,	28
787,	31
788,	28
789,	30
790,	12
791,	26
792,	26
793,	29
794,	19
795,	25
796,	0
797,	16
798,	16
799,	17
800,	29
801,	6
802,	18
803,	18
804,	27
805,	26
806,	31
807,	30
808,	16
809,	26
810,	16
811,	14
812,	20
813,	15
814,	29
815,	18
816,	10
817,	14
818,	29
819,	13
820,	23
821,	28
822,	21
823,	23
824,	13
825,	20
826,	30
827,	26
828,	2
829,	0
830,	8
831,	24
832,	25
833,	17
834,	28
835,	19
836,	30
837,	19
838,	30
839,	27
840,	27
841,	27
842,	19
843,	5
844,	4
845,	27
846,	28
847,	31
848,	24
849,	27
850,	20
851,	22
852,	21
853,	20
854,	28
855,	20
856,	18
857,	12
858,	6
859,	24
860,	25
861,	31
862,	18
863,	22
864,	26
865,	27
866,	2
867,	21
868,	25
869,	19
870,	23
871,	0
872,	15
873,	26
874,	19
875,	7
876,	29
877,	24
878,	13
879,	29
880,	26
881,	28
882,	8
883,	27
884,	30
885,	27
886,	15
887,	25
888,	31
889,	26
890,	28
891,	22
892,	31
893,	4
894,	30
895,	0
896,	31
897,	27
898,	17
899,	17
900,	13
901,	10
902,	22
903,	25
904,	30
905,	9
906,	8
907,	26
908,	0
909,	30
910,	30
911,	21
912,	29
913,	17
914,	31
915,	4
916,	29
917,	0
918,	31
919,	11
920,	22
921,	14
922,	4
923,	26
924,	27
925,	23
926,	24
927,	31
928,	21
929,	5
930,	11
931,	25
932,	15
933,	28
934,	19
935,	25
936,	28
937,	28
938,	1
939,	30
940,	29
941,	28
942,	7
943,	31
944,	17
945,	4
946,	23
947,	17
948,	9
949,	31
950,	28
951,	26
952,	27
953,	25
954,	29
955,	8
956,	24
957,	7
958,	24
959,	15
960,	1
961,	29
962,	16
963,	15
964,	28
965,	5
966,	27
967,	23
968,	30
969,	1
970,	24
971,	22
972,	26
973,	26
974,	31
975,	29
976,	26
977,	20
978,	29
979,	27
980,	23
981,	25
982,	28
983,	24
984,	28
985,	25
986,	4
987,	27
988,	30
989,	13
990,	14
991,	22
992,	19
993,	23
994,	24
995,	29
996,	30
997,	8
998,	13
999,	15
