Instance: /home/gabriel/Documents/ufrgs/courses/oc/trab/instances/cmb07
Vertices: 2000
Colors: 32
NumIterations: 1000000000
Alpha: 0.850000
Is Factible?: false
Conflicts: 17
Solution Value: 200140.171875
Initial Value: 200459.046875
Initial Conflicts: 51
Vertex,	Color
0,	14
1,	11
2,	10
3,	6
4,	4
5,	0
6,	3
7,	12
8,	12
9,	5
10,	6
11,	1
12,	12
13,	6
14,	10
15,	9
16,	4
17,	0
18,	8
19,	3
20,	1
21,	4
22,	0
23,	4
24,	3
25,	2
26,	5
27,	5
28,	0
29,	2
30,	8
31,	14
32,	7
33,	8
34,	16
35,	1
36,	7
37,	2
38,	6
39,	0
40,	4
41,	5
42,	0
43,	10
44,	0
45,	1
46,	7
47,	4
48,	11
49,	1
50,	6
51,	5
52,	3
53,	0
54,	2
55,	5
56,	4
57,	5
58,	8
59,	1
60,	10
61,	3
62,	7
63,	4
64,	3
65,	3
66,	2
67,	0
68,	2
69,	4
70,	3
71,	7
72,	3
73,	11
74,	6
75,	1
76,	2
77,	2
78,	4
79,	1
80,	3
81,	18
82,	6
83,	5
84,	4
85,	0
86,	5
87,	0
88,	5
89,	6
90,	6
91,	0
92,	11
93,	1
94,	3
95,	2
96,	9
97,	20
98,	12
99,	7
100,	1
101,	1
102,	6
103,	1
104,	4
105,	0
106,	5
107,	1
108,	3
109,	0
110,	4
111,	0
112,	0
113,	10
114,	1
115,	1
116,	4
117,	4
118,	2
119,	23
120,	2
121,	6
122,	7
123,	12
124,	1
125,	0
126,	3
127,	19
128,	0
129,	5
130,	1
131,	7
132,	2
133,	12
134,	0
135,	0
136,	9
137,	3
138,	1
139,	5
140,	3
141,	0
142,	2
143,	0
144,	4
145,	14
146,	0
147,	2
148,	0
149,	2
150,	4
151,	0
152,	6
153,	1
154,	6
155,	4
156,	2
157,	8
158,	6
159,	9
160,	0
161,	6
162,	4
163,	13
164,	4
165,	11
166,	6
167,	2
168,	5
169,	0
170,	4
171,	5
172,	7
173,	4
174,	0
175,	1
176,	1
177,	5
178,	0
179,	0
180,	3
181,	2
182,	17
183,	3
184,	3
185,	2
186,	7
187,	0
188,	13
189,	12
190,	8
191,	1
192,	1
193,	11
194,	4
195,	2
196,	0
197,	1
198,	4
199,	3
200,	1
201,	1
202,	5
203,	2
204,	5
205,	3
206,	8
207,	2
208,	0
209,	9
210,	8
211,	5
212,	3
213,	1
214,	7
215,	6
216,	2
217,	1
218,	8
219,	1
220,	3
221,	2
222,	14
223,	4
224,	6
225,	5
226,	16
227,	0
228,	8
229,	11
230,	5
231,	4
232,	5
233,	2
234,	4
235,	10
236,	5
237,	5
238,	3
239,	9
240,	4
241,	4
242,	8
243,	3
244,	4
245,	3
246,	0
247,	9
248,	4
249,	12
250,	3
251,	0
252,	0
253,	13
254,	5
255,	9
256,	1
257,	10
258,	9
259,	2
260,	9
261,	7
262,	2
263,	7
264,	13
265,	7
266,	10
267,	8
268,	3
269,	0
270,	2
271,	4
272,	5
273,	2
274,	19
275,	12
276,	3
277,	1
278,	6
279,	5
280,	2
281,	5
282,	2
283,	1
284,	3
285,	6
286,	2
287,	3
288,	5
289,	3
290,	14
291,	3
292,	2
293,	1
294,	13
295,	3
296,	7
297,	0
298,	7
299,	10
300,	3
301,	0
302,	2
303,	6
304,	1
305,	0
306,	0
307,	11
308,	1
309,	3
310,	1
311,	10
312,	0
313,	3
314,	8
315,	0
316,	2
317,	5
318,	1
319,	1
320,	5
321,	2
322,	2
323,	9
324,	6
325,	0
326,	10
327,	12
328,	1
329,	4
330,	5
331,	2
332,	7
333,	0
334,	0
335,	9
336,	15
337,	4
338,	6
339,	5
340,	1
341,	5
342,	4
343,	13
344,	1
345,	4
346,	3
347,	5
348,	2
349,	2
350,	3
351,	8
352,	3
353,	8
354,	3
355,	13
356,	3
357,	1
358,	7
359,	4
360,	3
361,	6
362,	19
363,	9
364,	15
365,	2
366,	0
367,	7
368,	8
369,	14
370,	7
371,	0
372,	7
373,	3
374,	4
375,	5
376,	0
377,	9
378,	8
379,	5
380,	6
381,	4
382,	7
383,	6
384,	2
385,	4
386,	2
387,	31
388,	3
389,	3
390,	25
391,	7
392,	14
393,	2
394,	5
395,	8
396,	3
397,	5
398,	3
399,	3
400,	0
401,	4
402,	8
403,	4
404,	8
405,	8
406,	5
407,	5
408,	4
409,	8
410,	10
411,	11
412,	2
413,	3
414,	6
415,	1
416,	3
417,	0
418,	5
419,	1
420,	7
421,	0
422,	4
423,	11
424,	10
425,	2
426,	5
427,	2
428,	15
429,	14
430,	1
431,	7
432,	10
433,	0
434,	6
435,	5
436,	6
437,	7
438,	9
439,	6
440,	16
441,	12
442,	4
443,	0
444,	13
445,	4
446,	2
447,	7
448,	7
449,	7
450,	9
451,	1
452,	4
453,	3
454,	5
455,	2
456,	2
457,	5
458,	1
459,	17
460,	12
461,	6
462,	1
463,	18
464,	7
465,	5
466,	5
467,	0
468,	12
469,	14
470,	15
471,	13
472,	5
473,	1
474,	6
475,	6
476,	3
477,	7
478,	0
479,	9
480,	7
481,	3
482,	2
483,	1
484,	8
485,	11
486,	8
487,	7
488,	1
489,	1
490,	10
491,	5
492,	1
493,	3
494,	1
495,	9
496,	8
497,	1
498,	11
499,	6
500,	0
501,	11
502,	6
503,	8
504,	6
505,	13
506,	2
507,	6
508,	12
509,	3
510,	12
511,	0
512,	10
513,	5
514,	10
515,	14
516,	7
517,	10
518,	8
519,	8
520,	6
521,	6
522,	6
523,	7
524,	5
525,	9
526,	4
527,	13
528,	11
529,	9
530,	2
531,	10
532,	5
533,	6
534,	12
535,	6
536,	1
537,	11
538,	7
539,	2
540,	5
541,	5
542,	12
543,	9
544,	9
545,	16
546,	5
547,	7
548,	8
549,	4
550,	10
551,	8
552,	2
553,	11
554,	0
555,	11
556,	13
557,	10
558,	3
559,	9
560,	7
561,	11
562,	8
563,	11
564,	9
565,	4
566,	8
567,	9
568,	7
569,	17
570,	5
571,	4
572,	1
573,	6
574,	3
575,	0
576,	5
577,	3
578,	6
579,	9
580,	4
581,	18
582,	2
583,	8
584,	12
585,	13
586,	12
587,	12
588,	12
589,	0
590,	7
591,	28
592,	14
593,	6
594,	11
595,	5
596,	13
597,	3
598,	14
599,	11
600,	5
601,	14
602,	2
603,	11
604,	0
605,	10
606,	15
607,	2
608,	5
609,	5
610,	5
611,	10
612,	8
613,	2
614,	6
615,	13
616,	3
617,	4
618,	6
619,	10
620,	10
621,	6
622,	6
623,	8
624,	10
625,	2
626,	12
627,	3
628,	1
629,	10
630,	4
631,	10
632,	26
633,	18
634,	9
635,	21
636,	5
637,	13
638,	2
639,	1
640,	6
641,	4
642,	1
643,	7
644,	1
645,	2
646,	12
647,	8
648,	22
649,	11
650,	6
651,	13
652,	11
653,	4
654,	10
655,	15
656,	10
657,	9
658,	5
659,	16
660,	10
661,	13
662,	8
663,	9
664,	10
665,	9
666,	6
667,	8
668,	7
669,	13
670,	1
671,	14
672,	8
673,	9
674,	14
675,	6
676,	10
677,	9
678,	10
679,	8
680,	14
681,	9
682,	6
683,	10
684,	7
685,	7
686,	11
687,	16
688,	3
689,	5
690,	21
691,	12
692,	10
693,	15
694,	11
695,	7
696,	11
697,	6
698,	20
699,	9
700,	5
701,	9
702,	4
703,	13
704,	6
705,	11
706,	19
707,	13
708,	8
709,	8
710,	7
711,	8
712,	11
713,	14
714,	2
715,	11
716,	11
717,	11
718,	11
719,	6
720,	12
721,	7
722,	14
723,	11
724,	13
725,	8
726,	17
727,	15
728,	12
729,	3
730,	19
731,	9
732,	9
733,	12
734,	3
735,	7
736,	0
737,	1
738,	12
739,	12
740,	4
741,	11
742,	7
743,	14
744,	13
745,	3
746,	3
747,	2
748,	14
749,	9
750,	14
751,	1
752,	6
753,	8
754,	5
755,	10
756,	12
757,	10
758,	8
759,	12
760,	8
761,	14
762,	6
763,	10
764,	2
765,	10
766,	19
767,	6
768,	11
769,	8
770,	13
771,	14
772,	31
773,	7
774,	11
775,	6
776,	11
777,	17
778,	3
779,	12
780,	10
781,	11
782,	8
783,	8
784,	18
785,	8
786,	19
787,	15
788,	9
789,	5
790,	5
791,	4
792,	9
793,	11
794,	18
795,	10
796,	5
797,	0
798,	4
799,	12
800,	8
801,	12
802,	9
803,	12
804,	2
805,	11
806,	1
807,	12
808,	5
809,	9
810,	12
811,	14
812,	8
813,	9
814,	9
815,	8
816,	7
817,	4
818,	4
819,	0
820,	0
821,	9
822,	10
823,	13
824,	13
825,	16
826,	15
827,	9
828,	13
829,	13
830,	4
831,	5
832,	14
833,	10
834,	21
835,	15
836,	15
837,	13
838,	9
839,	12
840,	14
841,	9
842,	10
843,	11
844,	16
845,	6
846,	0
847,	13
848,	15
849,	8
850,	17
851,	7
852,	4
853,	12
854,	2
855,	10
856,	7
857,	6
858,	11
859,	14
860,	9
861,	5
862,	13
863,	23
864,	4
865,	17
866,	12
867,	16
868,	6
869,	14
870,	14
871,	12
872,	17
873,	10
874,	8
875,	14
876,	10
877,	9
878,	14
879,	8
880,	15
881,	9
882,	2
883,	4
884,	12
885,	9
886,	19
887,	14
888,	10
889,	0
890,	12
891,	17
892,	13
893,	11
894,	19
895,	13
896,	14
897,	12
898,	8
899,	13
900,	9
901,	8
902,	15
903,	23
904,	14
905,	8
906,	12
907,	15
908,	11
909,	17
910,	16
911,	8
912,	8
913,	5
914,	13
915,	6
916,	12
917,	7
918,	13
919,	17
920,	10
921,	4
922,	16
923,	10
924,	18
925,	6
926,	12
927,	22
928,	13
929,	8
930,	17
931,	11
932,	26
933,	9
934,	4
935,	16
936,	9
937,	9
938,	11
939,	8
940,	12
941,	12
942,	13
943,	19
944,	11
945,	20
946,	23
947,	14
948,	9
949,	13
950,	1
951,	16
952,	9
953,	11
954,	14
955,	17
956,	17
957,	10
958,	15
959,	17
960,	12
961,	19
962,	7
963,	14
964,	13
965,	23
966,	12
967,	16
968,	6
969,	15
970,	10
971,	3
972,	16
973,	17
974,	20
975,	6
976,	10
977,	11
978,	6
979,	15
980,	6
981,	14
982,	11
983,	3
984,	13
985,	9
986,	2
987,	18
988,	7
989,	15
990,	15
991,	18
992,	17
993,	13
994,	14
995,	12
996,	14
997,	19
998,	4
999,	15
1000,	15
1001,	8
1002,	4
1003,	19
1004,	25
1005,	13
1006,	19
1007,	8
1008,	12
1009,	15
1010,	20
1011,	18
1012,	8
1013,	17
1014,	7
1015,	16
1016,	13
1017,	15
1018,	23
1019,	16
1020,	11
1021,	13
1022,	24
1023,	17
1024,	9
1025,	17
1026,	9
1027,	19
1028,	21
1029,	15
1030,	19
1031,	17
1032,	20
1033,	17
1034,	21
1035,	16
1036,	20
1037,	10
1038,	16
1039,	15
1040,	22
1041,	17
1042,	13
1043,	20
1044,	12
1045,	13
1046,	9
1047,	18
1048,	18
1049,	15
1050,	13
1051,	16
1052,	16
1053,	15
1054,	9
1055,	15
1056,	9
1057,	16
1058,	19
1059,	10
1060,	16
1061,	15
1062,	14
1063,	10
1064,	21
1065,	10
1066,	17
1067,	18
1068,	16
1069,	16
1070,	11
1071,	15
1072,	8
1073,	8
1074,	5
1075,	12
1076,	16
1077,	7
1078,	16
1079,	10
1080,	16
1081,	9
1082,	9
1083,	10
1084,	18
1085,	12
1086,	12
1087,	10
1088,	11
1089,	11
1090,	15
1091,	14
1092,	22
1093,	15
1094,	12
1095,	17
1096,	9
1097,	22
1098,	4
1099,	4
1100,	9
1101,	13
1102,	11
1103,	19
1104,	18
1105,	8
1106,	14
1107,	13
1108,	22
1109,	18
1110,	16
1111,	11
1112,	20
1113,	18
1114,	16
1115,	25
1116,	26
1117,	21
1118,	19
1119,	18
1120,	18
1121,	18
1122,	13
1123,	16
1124,	15
1125,	20
1126,	18
1127,	17
1128,	20
1129,	16
1130,	20
1131,	8
1132,	20
1133,	15
1134,	6
1135,	24
1136,	6
1137,	19
1138,	11
1139,	19
1140,	12
1141,	18
1142,	13
1143,	16
1144,	17
1145,	2
1146,	12
1147,	4
1148,	15
1149,	17
1150,	20
1151,	18
1152,	22
1153,	15
1154,	20
1155,	14
1156,	17
1157,	18
1158,	18
1159,	8
1160,	21
1161,	22
1162,	8
1163,	13
1164,	14
1165,	17
1166,	22
1167,	11
1168,	0
1169,	14
1170,	14
1171,	11
1172,	12
1173,	13
1174,	24
1175,	11
1176,	11
1177,	10
1178,	17
1179,	18
1180,	8
1181,	19
1182,	14
1183,	9
1184,	24
1185,	7
1186,	6
1187,	17
1188,	15
1189,	13
1190,	12
1191,	15
1192,	9
1193,	14
1194,	15
1195,	7
1196,	14
1197,	15
1198,	17
1199,	20
1200,	21
1201,	20
1202,	10
1203,	21
1204,	14
1205,	16
1206,	16
1207,	3
1208,	16
1209,	20
1210,	11
1211,	11
1212,	22
1213,	15
1214,	16
1215,	11
1216,	9
1217,	23
1218,	22
1219,	21
1220,	18
1221,	18
1222,	20
1223,	16
1224,	3
1225,	20
1226,	16
1227,	11
1228,	13
1229,	22
1230,	21
1231,	16
1232,	17
1233,	19
1234,	16
1235,	18
1236,	14
1237,	22
1238,	8
1239,	24
1240,	21
1241,	20
1242,	17
1243,	23
1244,	13
1245,	17
1246,	18
1247,	22
1248,	19
1249,	15
1250,	20
1251,	16
1252,	20
1253,	18
1254,	23
1255,	21
1256,	17
1257,	21
1258,	17
1259,	25
1260,	9
1261,	17
1262,	9
1263,	15
1264,	9
1265,	24
1266,	20
1267,	17
1268,	22
1269,	23
1270,	7
1271,	17
1272,	22
1273,	20
1274,	21
1275,	16
1276,	13
1277,	13
1278,	19
1279,	18
1280,	11
1281,	14
1282,	22
1283,	12
1284,	10
1285,	16
1286,	22
1287,	19
1288,	21
1289,	23
1290,	13
1291,	20
1292,	6
1293,	21
1294,	14
1295,	23
1296,	14
1297,	25
1298,	18
1299,	2
1300,	15
1301,	21
1302,	28
1303,	18
1304,	22
1305,	22
1306,	15
1307,	24
1308,	17
1309,	19
1310,	17
1311,	18
1312,	14
1313,	12
1314,	18
1315,	20
1316,	18
1317,	29
1318,	20
1319,	20
1320,	19
1321,	24
1322,	17
1323,	21
1324,	13
1325,	19
1326,	10
1327,	19
1328,	22
1329,	21
1330,	17
1331,	17
1332,	13
1333,	18
1334,	23
1335,	13
1336,	18
1337,	26
1338,	22
1339,	15
1340,	14
1341,	21
1342,	23
1343,	22
1344,	19
1345,	25
1346,	10
1347,	14
1348,	18
1349,	20
1350,	16
1351,	10
1352,	24
1353,	14
1354,	18
1355,	17
1356,	16
1357,	24
1358,	17
1359,	12
1360,	14
1361,	5
1362,	21
1363,	15
1364,	27
1365,	23
1366,	17
1367,	8
1368,	14
1369,	7
1370,	17
1371,	14
1372,	15
1373,	13
1374,	4
1375,	16
1376,	20
1377,	22
1378,	14
1379,	27
1380,	0
1381,	18
1382,	17
1383,	15
1384,	21
1385,	19
1386,	6
1387,	17
1388,	18
1389,	19
1390,	15
1391,	20
1392,	21
1393,	16
1394,	19
1395,	19
1396,	21
1397,	15
1398,	16
1399,	15
1400,	19
1401,	24
1402,	20
1403,	23
1404,	24
1405,	15
1406,	16
1407,	19
1408,	23
1409,	18
1410,	20
1411,	22
1412,	2
1413,	20
1414,	18
1415,	21
1416,	11
1417,	10
1418,	24
1419,	23
1420,	20
1421,	27
1422,	24
1423,	21
1424,	22
1425,	18
1426,	25
1427,	23
1428,	18
1429,	19
1430,	19
1431,	19
1432,	21
1433,	21
1434,	16
1435,	23
1436,	23
1437,	7
1438,	21
1439,	20
1440,	17
1441,	22
1442,	18
1443,	20
1444,	16
1445,	15
1446,	21
1447,	25
1448,	21
1449,	24
1450,	23
1451,	23
1452,	23
1453,	22
1454,	14
1455,	18
1456,	19
1457,	18
1458,	26
1459,	22
1460,	18
1461,	24
1462,	21
1463,	9
1464,	15
1465,	17
1466,	23
1467,	24
1468,	22
1469,	26
1470,	7
1471,	29
1472,	19
1473,	23
1474,	24
1475,	15
1476,	17
1477,	20
1478,	21
1479,	17
1480,	25
1481,	27
1482,	23
1483,	25
1484,	21
1485,	12
1486,	28
1487,	0
1488,	17
1489,	23
1490,	22
1491,	22
1492,	12
1493,	26
1494,	20
1495,	10
1496,	1
1497,	5
1498,	29
1499,	7
1500,	16
1501,	14
1502,	27
1503,	16
1504,	21
1505,	18
1506,	28
1507,	16
1508,	15
1509,	15
1510,	0
1511,	22
1512,	23
1513,	24
1514,	21
1515,	20
1516,	24
1517,	26
1518,	30
1519,	20
1520,	24
1521,	14
1522,	26
1523,	28
1524,	20
1525,	20
1526,	14
1527,	19
1528,	21
1529,	23
1530,	22
1531,	19
1532,	23
1533,	7
1534,	22
1535,	21
1536,	22
1537,	10
1538,	13
1539,	19
1540,	21
1541,	26
1542,	23
1543,	25
1544,	23
1545,	4
1546,	19
1547,	24
1548,	20
1549,	16
1550,	19
1551,	21
1552,	22
1553,	21
1554,	21
1555,	22
1556,	24
1557,	21
1558,	15
1559,	28
1560,	23
1561,	21
1562,	20
1563,	25
1564,	14
1565,	22
1566,	22
1567,	22
1568,	19
1569,	23
1570,	25
1571,	10
1572,	4
1573,	21
1574,	26
1575,	28
1576,	21
1577,	20
1578,	25
1579,	25
1580,	27
1581,	24
1582,	23
1583,	13
1584,	8
1585,	18
1586,	22
1587,	20
1588,	25
1589,	26
1590,	17
1591,	5
1592,	24
1593,	28
1594,	27
1595,	29
1596,	11
1597,	0
1598,	3
1599,	19
1600,	22
1601,	24
1602,	30
1603,	22
1604,	0
1605,	26
1606,	25
1607,	24
1608,	0
1609,	24
1610,	24
1611,	25
1612,	25
1613,	21
1614,	19
1615,	30
1616,	15
1617,	28
1618,	25
1619,	25
1620,	15
1621,	26
1622,	26
1623,	26
1624,	9
1625,	23
1626,	26
1627,	20
1628,	18
1629,	27
1630,	23
1631,	14
1632,	23
1633,	12
1634,	25
1635,	19
1636,	16
1637,	9
1638,	2
1639,	20
1640,	26
1641,	27
1642,	27
1643,	11
1644,	26
1645,	20
1646,	7
1647,	23
1648,	22
1649,	29
1650,	28
1651,	18
1652,	22
1653,	22
1654,	28
1655,	0
1656,	20
1657,	23
1658,	23
1659,	24
1660,	25
1661,	11
1662,	25
1663,	24
1664,	27
1665,	27
1666,	18
1667,	17
1668,	5
1669,	18
1670,	29
1671,	20
1672,	23
1673,	25
1674,	15
1675,	26
1676,	23
1677,	28
1678,	8
1679,	26
1680,	14
1681,	17
1682,	12
1683,	19
1684,	27
1685,	22
1686,	12
1687,	22
1688,	11
1689,	26
1690,	24
1691,	17
1692,	24
1693,	0
1694,	26
1695,	19
1696,	29
1697,	17
1698,	30
1699,	29
1700,	31
1701,	25
1702,	23
1703,	2
1704,	27
1705,	25
1706,	21
1707,	28
1708,	19
1709,	23
1710,	21
1711,	24
1712,	15
1713,	25
1714,	24
1715,	2
1716,	27
1717,	25
1718,	21
1719,	27
1720,	15
1721,	26
1722,	26
1723,	26
1724,	19
1725,	25
1726,	16
1727,	27
1728,	17
1729,	25
1730,	21
1731,	16
1732,	30
1733,	26
1734,	25
1735,	29
1736,	18
1737,	26
1738,	3
1739,	24
1740,	5
1741,	29
1742,	9
1743,	28
1744,	27
1745,	24
1746,	26
1747,	28
1748,	17
1749,	20
1750,	20
1751,	17
1752,	27
1753,	27
1754,	18
1755,	25
1756,	26
1757,	19
1758,	28
1759,	30
1760,	29
1761,	25
1762,	25
1763,	30
1764,	24
1765,	10
1766,	27
1767,	31
1768,	16
1769,	12
1770,	20
1771,	25
1772,	28
1773,	15
1774,	29
1775,	29
1776,	21
1777,	22
1778,	25
1779,	19
1780,	22
1781,	4
1782,	18
1783,	30
1784,	23
1785,	16
1786,	15
1787,	31
1788,	27
1789,	22
1790,	14
1791,	10
1792,	25
1793,	24
1794,	24
1795,	28
1796,	29
1797,	25
1798,	26
1799,	31
1800,	13
1801,	21
1802,	19
1803,	25
1804,	3
1805,	18
1806,	18
1807,	25
1808,	26
1809,	13
1810,	3
1811,	0
1812,	27
1813,	17
1814,	26
1815,	15
1816,	8
1817,	1
1818,	24
1819,	25
1820,	14
1821,	26
1822,	27
1823,	27
1824,	28
1825,	21
1826,	28
1827,	10
1828,	29
1829,	13
1830,	24
1831,	29
1832,	0
1833,	30
1834,	25
1835,	22
1836,	25
1837,	26
1838,	19
1839,	27
1840,	6
1841,	27
1842,	26
1843,	24
1844,	28
1845,	29
1846,	27
1847,	28
1848,	26
1849,	26
1850,	29
1851,	0
1852,	25
1853,	27
1854,	25
1855,	2
1856,	22
1857,	26
1858,	21
1859,	23
1860,	28
1861,	17
1862,	24
1863,	27
1864,	18
1865,	13
1866,	23
1867,	10
1868,	31
1869,	26
1870,	30
1871,	22
1872,	28
1873,	28
1874,	28
1875,	17
1876,	23
1877,	27
1878,	27
1879,	1
1880,	30
1881,	25
1882,	17
1883,	29
1884,	27
1885,	27
1886,	10
1887,	27
1888,	26
1889,	31
1890,	24
1891,	29
1892,	30
1893,	22
1894,	27
1895,	26
1896,	7
1897,	30
1898,	28
1899,	29
1900,	26
1901,	24
1902,	27
1903,	27
1904,	30
1905,	8
1906,	25
1907,	28
1908,	19
1909,	30
1910,	28
1911,	26
1912,	26
1913,	29
1914,	26
1915,	22
1916,	31
1917,	11
1918,	16
1919,	25
1920,	23
1921,	30
1922,	25
1923,	26
1924,	30
1925,	18
1926,	31
1927,	26
1928,	13
1929,	29
1930,	21
1931,	10
1932,	27
1933,	24
1934,	13
1935,	28
1936,	27
1937,	31
1938,	1
1939,	19
1940,	28
1941,	28
1942,	26
1943,	20
1944,	29
1945,	31
1946,	23
1947,	29
1948,	29
1949,	28
1950,	27
1951,	29
1952,	30
1953,	25
1954,	8
1955,	18
1956,	31
1957,	15
1958,	15
1959,	13
1960,	25
1961,	13
1962,	7
1963,	29
1964,	28
1965,	28
1966,	24
1967,	20
1968,	28
1969,	26
1970,	31
1971,	31
1972,	23
1973,	30
1974,	20
1975,	31
1976,	24
1977,	20
1978,	7
1979,	1
1980,	30
1981,	24
1982,	24
1983,	30
1984,	9
1985,	30
1986,	27
1987,	30
1988,	29
1989,	22
1990,	30
1991,	31
1992,	29
1993,	30
1994,	31
1995,	31
1996,	20
1997,	2
1998,	1
1999,	31
