Instance: /home/gabriel/Documents/ufrgs/courses/oc/trab/instances/cmb09
Vertices: 4000
Colors: 45
NumIterations: 1000000000
Alpha: 0.500000
Is Factible?: false
Conflicts: 393
Solution Value: 235717.812500
Initial Value: 249532.515625
Initial Conflicts: 991
Vertex,	Color
0,	1
1,	13
2,	0
3,	3
4,	22
5,	2
6,	0
7,	12
8,	44
9,	7
10,	6
11,	7
12,	2
13,	11
14,	39
15,	3
16,	2
17,	0
18,	16
19,	28
20,	11
21,	17
22,	0
23,	7
24,	2
25,	3
26,	6
27,	3
28,	43
29,	23
30,	0
31,	35
32,	9
33,	11
34,	0
35,	7
36,	18
37,	6
38,	22
39,	21
40,	19
41,	22
42,	21
43,	11
44,	43
45,	2
46,	7
47,	2
48,	26
49,	19
50,	24
51,	43
52,	10
53,	20
54,	32
55,	4
56,	43
57,	30
58,	19
59,	31
60,	7
61,	15
62,	7
63,	2
64,	0
65,	26
66,	12
67,	0
68,	11
69,	6
70,	6
71,	11
72,	5
73,	13
74,	11
75,	12
76,	10
77,	44
78,	24
79,	7
80,	10
81,	21
82,	15
83,	21
84,	19
85,	35
86,	24
87,	23
88,	44
89,	13
90,	36
91,	31
92,	16
93,	6
94,	16
95,	27
96,	9
97,	11
98,	24
99,	5
100,	41
101,	43
102,	14
103,	11
104,	1
105,	1
106,	28
107,	6
108,	13
109,	17
110,	1
111,	11
112,	4
113,	1
114,	38
115,	19
116,	38
117,	30
118,	16
119,	22
120,	7
121,	11
122,	19
123,	7
124,	15
125,	9
126,	6
127,	1
128,	4
129,	15
130,	6
131,	10
132,	17
133,	15
134,	30
135,	3
136,	34
137,	15
138,	4
139,	39
140,	28
141,	21
142,	4
143,	19
144,	3
145,	29
146,	7
147,	34
148,	17
149,	33
150,	30
151,	2
152,	42
153,	42
154,	9
155,	28
156,	12
157,	2
158,	7
159,	14
160,	2
161,	38
162,	6
163,	36
164,	10
165,	1
166,	31
167,	0
168,	4
169,	15
170,	9
171,	12
172,	19
173,	1
174,	29
175,	19
176,	1
177,	31
178,	43
179,	7
180,	22
181,	1
182,	7
183,	8
184,	11
185,	18
186,	3
187,	13
188,	6
189,	4
190,	7
191,	7
192,	8
193,	43
194,	8
195,	8
196,	1
197,	22
198,	7
199,	6
200,	7
201,	27
202,	21
203,	8
204,	6
205,	27
206,	0
207,	8
208,	36
209,	9
210,	28
211,	2
212,	7
213,	28
214,	7
215,	5
216,	21
217,	18
218,	13
219,	3
220,	29
221,	7
222,	23
223,	13
224,	22
225,	36
226,	0
227,	2
228,	10
229,	17
230,	28
231,	32
232,	13
233,	1
234,	7
235,	21
236,	21
237,	5
238,	4
239,	14
240,	23
241,	19
242,	10
243,	42
244,	24
245,	31
246,	2
247,	3
248,	25
249,	3
250,	21
251,	25
252,	9
253,	3
254,	1
255,	28
256,	2
257,	7
258,	42
259,	21
260,	21
261,	20
262,	2
263,	9
264,	21
265,	2
266,	19
267,	17
268,	25
269,	22
270,	27
271,	41
272,	0
273,	30
274,	7
275,	16
276,	30
277,	6
278,	8
279,	8
280,	6
281,	25
282,	7
283,	3
284,	0
285,	26
286,	12
287,	22
288,	0
289,	0
290,	8
291,	2
292,	23
293,	19
294,	3
295,	31
296,	18
297,	5
298,	14
299,	1
300,	22
301,	29
302,	28
303,	6
304,	33
305,	35
306,	23
307,	8
308,	18
309,	1
310,	5
311,	8
312,	3
313,	22
314,	27
315,	36
316,	4
317,	19
318,	3
319,	1
320,	44
321,	19
322,	4
323,	24
324,	0
325,	17
326,	13
327,	16
328,	5
329,	18
330,	33
331,	3
332,	31
333,	38
334,	24
335,	19
336,	43
337,	27
338,	17
339,	18
340,	6
341,	4
342,	32
343,	14
344,	24
345,	21
346,	29
347,	3
348,	33
349,	14
350,	34
351,	16
352,	24
353,	6
354,	29
355,	1
356,	7
357,	9
358,	3
359,	31
360,	34
361,	28
362,	7
363,	16
364,	2
365,	9
366,	11
367,	5
368,	0
369,	11
370,	15
371,	8
372,	17
373,	8
374,	22
375,	36
376,	6
377,	20
378,	12
379,	2
380,	1
381,	10
382,	27
383,	0
384,	18
385,	38
386,	6
387,	24
388,	31
389,	25
390,	7
391,	6
392,	8
393,	21
394,	0
395,	35
396,	21
397,	2
398,	22
399,	2
400,	1
401,	2
402,	0
403,	2
404,	6
405,	2
406,	15
407,	27
408,	0
409,	4
410,	10
411,	7
412,	0
413,	3
414,	14
415,	4
416,	8
417,	15
418,	9
419,	13
420,	34
421,	15
422,	26
423,	16
424,	17
425,	9
426,	7
427,	9
428,	3
429,	10
430,	16
431,	14
432,	7
433,	21
434,	1
435,	13
436,	0
437,	2
438,	0
439,	20
440,	19
441,	0
442,	7
443,	1
444,	40
445,	3
446,	25
447,	5
448,	6
449,	0
450,	23
451,	15
452,	1
453,	11
454,	33
455,	39
456,	10
457,	2
458,	3
459,	29
460,	14
461,	14
462,	4
463,	4
464,	14
465,	26
466,	7
467,	20
468,	43
469,	10
470,	13
471,	13
472,	2
473,	8
474,	4
475,	41
476,	30
477,	2
478,	28
479,	20
480,	10
481,	6
482,	18
483,	17
484,	16
485,	31
486,	44
487,	20
488,	6
489,	0
490,	3
491,	16
492,	10
493,	26
494,	28
495,	21
496,	17
497,	23
498,	10
499,	10
500,	19
501,	15
502,	24
503,	7
504,	7
505,	16
506,	0
507,	0
508,	29
509,	0
510,	16
511,	6
512,	12
513,	2
514,	28
515,	7
516,	2
517,	35
518,	23
519,	16
520,	0
521,	7
522,	0
523,	0
524,	11
525,	1
526,	14
527,	2
528,	19
529,	0
530,	7
531,	15
532,	17
533,	15
534,	13
535,	9
536,	27
537,	7
538,	9
539,	1
540,	24
541,	7
542,	10
543,	13
544,	35
545,	1
546,	4
547,	26
548,	34
549,	8
550,	0
551,	38
552,	7
553,	0
554,	3
555,	9
556,	9
557,	3
558,	9
559,	8
560,	2
561,	22
562,	8
563,	6
564,	25
565,	8
566,	10
567,	10
568,	26
569,	26
570,	1
571,	5
572,	19
573,	1
574,	3
575,	8
576,	18
577,	16
578,	12
579,	36
580,	2
581,	8
582,	27
583,	13
584,	7
585,	31
586,	5
587,	12
588,	4
589,	15
590,	13
591,	44
592,	17
593,	37
594,	24
595,	9
596,	43
597,	18
598,	32
599,	43
600,	15
601,	40
602,	0
603,	15
604,	5
605,	16
606,	37
607,	7
608,	0
609,	10
610,	29
611,	22
612,	10
613,	0
614,	28
615,	33
616,	1
617,	9
618,	4
619,	11
620,	19
621,	16
622,	30
623,	11
624,	32
625,	21
626,	7
627,	26
628,	10
629,	8
630,	23
631,	1
632,	7
633,	21
634,	22
635,	25
636,	4
637,	6
638,	12
639,	33
640,	25
641,	23
642,	20
643,	0
644,	28
645,	14
646,	6
647,	31
648,	29
649,	4
650,	7
651,	13
652,	22
653,	9
654,	28
655,	30
656,	17
657,	9
658,	23
659,	1
660,	4
661,	15
662,	0
663,	16
664,	26
665,	16
666,	31
667,	0
668,	21
669,	32
670,	28
671,	16
672,	17
673,	1
674,	30
675,	15
676,	33
677,	15
678,	15
679,	14
680,	3
681,	39
682,	32
683,	4
684,	2
685,	9
686,	0
687,	13
688,	31
689,	7
690,	2
691,	21
692,	7
693,	35
694,	25
695,	16
696,	18
697,	12
698,	30
699,	39
700,	19
701,	22
702,	9
703,	0
704,	12
705,	2
706,	16
707,	23
708,	18
709,	1
710,	44
711,	3
712,	23
713,	23
714,	0
715,	22
716,	16
717,	4
718,	18
719,	17
720,	34
721,	2
722,	17
723,	1
724,	21
725,	13
726,	16
727,	17
728,	25
729,	26
730,	0
731,	7
732,	18
733,	8
734,	23
735,	27
736,	2
737,	9
738,	14
739,	0
740,	28
741,	13
742,	13
743,	13
744,	6
745,	9
746,	31
747,	4
748,	17
749,	7
750,	3
751,	9
752,	2
753,	3
754,	4
755,	3
756,	10
757,	10
758,	5
759,	20
760,	19
761,	3
762,	37
763,	26
764,	17
765,	19
766,	0
767,	37
768,	30
769,	22
770,	14
771,	7
772,	6
773,	4
774,	1
775,	27
776,	10
777,	27
778,	18
779,	2
780,	19
781,	15
782,	0
783,	41
784,	11
785,	38
786,	6
787,	11
788,	44
789,	5
790,	23
791,	13
792,	31
793,	0
794,	16
795,	0
796,	20
797,	23
798,	6
799,	21
800,	22
801,	10
802,	22
803,	40
804,	4
805,	20
806,	1
807,	18
808,	17
809,	7
810,	11
811,	15
812,	0
813,	2
814,	3
815,	17
816,	6
817,	22
818,	16
819,	6
820,	19
821,	43
822,	15
823,	5
824,	14
825,	7
826,	18
827,	13
828,	30
829,	12
830,	0
831,	10
832,	20
833,	36
834,	3
835,	8
836,	13
837,	2
838,	6
839,	1
840,	6
841,	27
842,	26
843,	2
844,	40
845,	39
846,	42
847,	2
848,	2
849,	26
850,	23
851,	1
852,	19
853,	25
854,	26
855,	25
856,	29
857,	8
858,	2
859,	25
860,	5
861,	10
862,	9
863,	13
864,	32
865,	0
866,	1
867,	6
868,	2
869,	34
870,	26
871,	3
872,	34
873,	9
874,	32
875,	6
876,	0
877,	23
878,	42
879,	19
880,	39
881,	3
882,	20
883,	24
884,	29
885,	7
886,	14
887,	12
888,	25
889,	11
890,	2
891,	11
892,	20
893,	4
894,	15
895,	12
896,	26
897,	19
898,	17
899,	17
900,	12
901,	6
902,	16
903,	10
904,	34
905,	21
906,	2
907,	14
908,	11
909,	2
910,	19
911,	40
912,	15
913,	15
914,	6
915,	13
916,	8
917,	12
918,	4
919,	6
920,	3
921,	1
922,	28
923,	17
924,	13
925,	33
926,	2
927,	11
928,	12
929,	12
930,	20
931,	30
932,	30
933,	0
934,	6
935,	15
936,	20
937,	24
938,	37
939,	6
940,	16
941,	1
942,	7
943,	6
944,	22
945,	16
946,	7
947,	35
948,	14
949,	8
950,	37
951,	15
952,	8
953,	13
954,	32
955,	1
956,	3
957,	0
958,	8
959,	11
960,	2
961,	29
962,	12
963,	28
964,	3
965,	16
966,	12
967,	4
968,	27
969,	16
970,	1
971,	7
972,	5
973,	34
974,	14
975,	2
976,	11
977,	11
978,	2
979,	2
980,	3
981,	23
982,	11
983,	24
984,	7
985,	5
986,	39
987,	8
988,	5
989,	15
990,	22
991,	14
992,	25
993,	6
994,	22
995,	13
996,	1
997,	10
998,	3
999,	0
1000,	5
1001,	10
1002,	26
1003,	24
1004,	9
1005,	4
1006,	27
1007,	17
1008,	0
1009,	33
1010,	9
1011,	19
1012,	17
1013,	0
1014,	3
1015,	32
1016,	2
1017,	25
1018,	16
1019,	21
1020,	3
1021,	3
1022,	7
1023,	24
1024,	0
1025,	0
1026,	2
1027,	27
1028,	10
1029,	1
1030,	22
1031,	24
1032,	19
1033,	38
1034,	38
1035,	3
1036,	3
1037,	20
1038,	11
1039,	41
1040,	22
1041,	4
1042,	5
1043,	3
1044,	2
1045,	19
1046,	18
1047,	33
1048,	19
1049,	13
1050,	8
1051,	10
1052,	8
1053,	3
1054,	18
1055,	7
1056,	22
1057,	7
1058,	11
1059,	6
1060,	36
1061,	35
1062,	21
1063,	28
1064,	16
1065,	6
1066,	8
1067,	19
1068,	7
1069,	28
1070,	29
1071,	15
1072,	15
1073,	3
1074,	6
1075,	17
1076,	12
1077,	10
1078,	37
1079,	9
1080,	1
1081,	5
1082,	3
1083,	1
1084,	12
1085,	13
1086,	11
1087,	1
1088,	11
1089,	0
1090,	10
1091,	27
1092,	2
1093,	44
1094,	2
1095,	5
1096,	10
1097,	5
1098,	13
1099,	10
1100,	26
1101,	9
1102,	8
1103,	0
1104,	23
1105,	33
1106,	44
1107,	31
1108,	15
1109,	7
1110,	29
1111,	5
1112,	6
1113,	15
1114,	3
1115,	9
1116,	0
1117,	3
1118,	13
1119,	7
1120,	30
1121,	4
1122,	34
1123,	1
1124,	7
1125,	13
1126,	31
1127,	14
1128,	19
1129,	19
1130,	1
1131,	36
1132,	28
1133,	40
1134,	11
1135,	4
1136,	20
1137,	26
1138,	28
1139,	7
1140,	20
1141,	10
1142,	3
1143,	19
1144,	32
1145,	20
1146,	7
1147,	1
1148,	13
1149,	1
1150,	23
1151,	6
1152,	14
1153,	20
1154,	24
1155,	6
1156,	2
1157,	14
1158,	28
1159,	9
1160,	9
1161,	21
1162,	17
1163,	3
1164,	6
1165,	0
1166,	5
1167,	6
1168,	2
1169,	15
1170,	0
1171,	9
1172,	41
1173,	28
1174,	10
1175,	9
1176,	5
1177,	1
1178,	8
1179,	12
1180,	13
1181,	10
1182,	15
1183,	25
1184,	17
1185,	9
1186,	16
1187,	22
1188,	11
1189,	5
1190,	2
1191,	3
1192,	22
1193,	11
1194,	24
1195,	1
1196,	3
1197,	14
1198,	28
1199,	30
1200,	25
1201,	2
1202,	3
1203,	3
1204,	19
1205,	29
1206,	3
1207,	4
1208,	0
1209,	18
1210,	21
1211,	22
1212,	13
1213,	11
1214,	0
1215,	0
1216,	32
1217,	16
1218,	20
1219,	4
1220,	20
1221,	13
1222,	6
1223,	13
1224,	17
1225,	0
1226,	2
1227,	29
1228,	14
1229,	2
1230,	9
1231,	17
1232,	15
1233,	15
1234,	40
1235,	15
1236,	13
1237,	40
1238,	44
1239,	43
1240,	15
1241,	10
1242,	1
1243,	12
1244,	10
1245,	32
1246,	32
1247,	6
1248,	5
1249,	32
1250,	3
1251,	1
1252,	3
1253,	2
1254,	22
1255,	33
1256,	10
1257,	11
1258,	21
1259,	42
1260,	2
1261,	37
1262,	34
1263,	18
1264,	5
1265,	13
1266,	8
1267,	13
1268,	12
1269,	2
1270,	13
1271,	5
1272,	0
1273,	19
1274,	9
1275,	16
1276,	14
1277,	34
1278,	9
1279,	22
1280,	41
1281,	11
1282,	8
1283,	2
1284,	9
1285,	4
1286,	5
1287,	35
1288,	4
1289,	0
1290,	34
1291,	42
1292,	19
1293,	9
1294,	6
1295,	3
1296,	6
1297,	21
1298,	23
1299,	9
1300,	16
1301,	18
1302,	14
1303,	11
1304,	12
1305,	6
1306,	20
1307,	15
1308,	6
1309,	11
1310,	28
1311,	2
1312,	12
1313,	0
1314,	3
1315,	0
1316,	32
1317,	37
1318,	14
1319,	21
1320,	21
1321,	23
1322,	11
1323,	39
1324,	10
1325,	0
1326,	9
1327,	7
1328,	15
1329,	30
1330,	1
1331,	1
1332,	13
1333,	12
1334,	3
1335,	1
1336,	7
1337,	14
1338,	35
1339,	39
1340,	5
1341,	7
1342,	1
1343,	29
1344,	38
1345,	13
1346,	30
1347,	2
1348,	6
1349,	24
1350,	9
1351,	16
1352,	19
1353,	7
1354,	2
1355,	17
1356,	33
1357,	2
1358,	21
1359,	3
1360,	24
1361,	15
1362,	20
1363,	6
1364,	12
1365,	22
1366,	21
1367,	10
1368,	39
1369,	3
1370,	17
1371,	18
1372,	17
1373,	2
1374,	17
1375,	38
1376,	6
1377,	7
1378,	2
1379,	17
1380,	17
1381,	15
1382,	12
1383,	8
1384,	25
1385,	5
1386,	34
1387,	14
1388,	9
1389,	17
1390,	6
1391,	6
1392,	8
1393,	44
1394,	9
1395,	27
1396,	5
1397,	8
1398,	2
1399,	36
1400,	23
1401,	12
1402,	10
1403,	40
1404,	16
1405,	39
1406,	11
1407,	21
1408,	15
1409,	11
1410,	2
1411,	19
1412,	33
1413,	2
1414,	20
1415,	13
1416,	43
1417,	29
1418,	12
1419,	16
1420,	28
1421,	17
1422,	21
1423,	20
1424,	4
1425,	11
1426,	12
1427,	7
1428,	6
1429,	28
1430,	10
1431,	23
1432,	6
1433,	2
1434,	20
1435,	23
1436,	10
1437,	12
1438,	9
1439,	14
1440,	34
1441,	15
1442,	4
1443,	30
1444,	12
1445,	16
1446,	2
1447,	20
1448,	1
1449,	15
1450,	12
1451,	5
1452,	0
1453,	15
1454,	29
1455,	4
1456,	15
1457,	15
1458,	10
1459,	18
1460,	12
1461,	34
1462,	20
1463,	10
1464,	14
1465,	15
1466,	11
1467,	6
1468,	0
1469,	9
1470,	15
1471,	1
1472,	2
1473,	19
1474,	16
1475,	2
1476,	3
1477,	42
1478,	30
1479,	0
1480,	1
1481,	9
1482,	26
1483,	39
1484,	19
1485,	11
1486,	2
1487,	7
1488,	36
1489,	2
1490,	21
1491,	13
1492,	6
1493,	4
1494,	4
1495,	21
1496,	23
1497,	10
1498,	18
1499,	1
1500,	40
1501,	38
1502,	22
1503,	43
1504,	33
1505,	4
1506,	15
1507,	0
1508,	1
1509,	23
1510,	6
1511,	18
1512,	4
1513,	34
1514,	44
1515,	11
1516,	5
1517,	27
1518,	15
1519,	30
1520,	38
1521,	24
1522,	4
1523,	29
1524,	1
1525,	1
1526,	24
1527,	3
1528,	13
1529,	2
1530,	13
1531,	5
1532,	1
1533,	22
1534,	9
1535,	36
1536,	22
1537,	22
1538,	7
1539,	0
1540,	4
1541,	12
1542,	5
1543,	6
1544,	8
1545,	9
1546,	20
1547,	10
1548,	10
1549,	7
1550,	17
1551,	5
1552,	1
1553,	19
1554,	15
1555,	5
1556,	10
1557,	36
1558,	26
1559,	9
1560,	15
1561,	23
1562,	30
1563,	17
1564,	8
1565,	29
1566,	31
1567,	19
1568,	10
1569,	41
1570,	12
1571,	34
1572,	5
1573,	6
1574,	35
1575,	10
1576,	23
1577,	33
1578,	8
1579,	12
1580,	0
1581,	14
1582,	8
1583,	3
1584,	8
1585,	12
1586,	11
1587,	5
1588,	2
1589,	15
1590,	27
1591,	3
1592,	2
1593,	22
1594,	38
1595,	22
1596,	37
1597,	5
1598,	13
1599,	16
1600,	44
1601,	8
1602,	9
1603,	12
1604,	11
1605,	1
1606,	6
1607,	11
1608,	1
1609,	14
1610,	24
1611,	1
1612,	2
1613,	20
1614,	20
1615,	39
1616,	24
1617,	14
1618,	17
1619,	36
1620,	7
1621,	31
1622,	3
1623,	22
1624,	9
1625,	30
1626,	5
1627,	31
1628,	11
1629,	25
1630,	4
1631,	30
1632,	23
1633,	37
1634,	6
1635,	6
1636,	26
1637,	7
1638,	27
1639,	6
1640,	39
1641,	21
1642,	18
1643,	1
1644,	32
1645,	1
1646,	8
1647,	27
1648,	35
1649,	44
1650,	7
1651,	19
1652,	29
1653,	11
1654,	14
1655,	5
1656,	7
1657,	14
1658,	34
1659,	0
1660,	26
1661,	4
1662,	24
1663,	3
1664,	12
1665,	9
1666,	14
1667,	14
1668,	8
1669,	31
1670,	14
1671,	12
1672,	14
1673,	28
1674,	14
1675,	1
1676,	5
1677,	34
1678,	26
1679,	9
1680,	15
1681,	31
1682,	32
1683,	24
1684,	34
1685,	8
1686,	29
1687,	3
1688,	4
1689,	0
1690,	9
1691,	10
1692,	21
1693,	14
1694,	24
1695,	1
1696,	11
1697,	10
1698,	28
1699,	14
1700,	27
1701,	8
1702,	13
1703,	15
1704,	17
1705,	17
1706,	35
1707,	10
1708,	10
1709,	28
1710,	22
1711,	12
1712,	16
1713,	10
1714,	35
1715,	10
1716,	13
1717,	10
1718,	0
1719,	9
1720,	13
1721,	33
1722,	7
1723,	3
1724,	4
1725,	8
1726,	24
1727,	9
1728,	21
1729,	20
1730,	8
1731,	10
1732,	29
1733,	27
1734,	15
1735,	31
1736,	30
1737,	23
1738,	24
1739,	32
1740,	3
1741,	18
1742,	34
1743,	16
1744,	3
1745,	39
1746,	24
1747,	24
1748,	1
1749,	22
1750,	17
1751,	25
1752,	12
1753,	10
1754,	14
1755,	21
1756,	20
1757,	2
1758,	34
1759,	8
1760,	7
1761,	31
1762,	18
1763,	3
1764,	27
1765,	4
1766,	25
1767,	3
1768,	15
1769,	20
1770,	9
1771,	39
1772,	13
1773,	24
1774,	9
1775,	25
1776,	12
1777,	37
1778,	9
1779,	41
1780,	21
1781,	19
1782,	27
1783,	4
1784,	6
1785,	3
1786,	16
1787,	36
1788,	13
1789,	6
1790,	8
1791,	14
1792,	16
1793,	18
1794,	21
1795,	0
1796,	11
1797,	24
1798,	16
1799,	34
1800,	18
1801,	43
1802,	14
1803,	10
1804,	14
1805,	1
1806,	5
1807,	22
1808,	13
1809,	6
1810,	1
1811,	14
1812,	23
1813,	2
1814,	4
1815,	3
1816,	12
1817,	4
1818,	29
1819,	10
1820,	26
1821,	6
1822,	0
1823,	1
1824,	20
1825,	8
1826,	1
1827,	16
1828,	34
1829,	24
1830,	4
1831,	14
1832,	20
1833,	14
1834,	27
1835,	7
1836,	11
1837,	4
1838,	9
1839,	22
1840,	9
1841,	14
1842,	38
1843,	9
1844,	7
1845,	8
1846,	8
1847,	9
1848,	11
1849,	1
1850,	15
1851,	24
1852,	5
1853,	30
1854,	4
1855,	10
1856,	7
1857,	20
1858,	7
1859,	11
1860,	21
1861,	12
1862,	31
1863,	18
1864,	40
1865,	10
1866,	8
1867,	2
1868,	23
1869,	6
1870,	4
1871,	1
1872,	27
1873,	10
1874,	37
1875,	29
1876,	3
1877,	20
1878,	40
1879,	20
1880,	31
1881,	16
1882,	4
1883,	16
1884,	4
1885,	26
1886,	27
1887,	10
1888,	35
1889,	6
1890,	26
1891,	37
1892,	22
1893,	9
1894,	13
1895,	19
1896,	22
1897,	43
1898,	40
1899,	20
1900,	38
1901,	8
1902,	0
1903,	27
1904,	8
1905,	27
1906,	10
1907,	6
1908,	22
1909,	9
1910,	18
1911,	11
1912,	16
1913,	9
1914,	20
1915,	9
1916,	0
1917,	24
1918,	22
1919,	7
1920,	10
1921,	3
1922,	25
1923,	9
1924,	4
1925,	7
1926,	9
1927,	38
1928,	42
1929,	15
1930,	21
1931,	8
1932,	18
1933,	3
1934,	19
1935,	14
1936,	34
1937,	35
1938,	17
1939,	8
1940,	7
1941,	13
1942,	15
1943,	13
1944,	12
1945,	3
1946,	30
1947,	18
1948,	19
1949,	40
1950,	42
1951,	4
1952,	0
1953,	38
1954,	24
1955,	9
1956,	23
1957,	23
1958,	32
1959,	7
1960,	0
1961,	29
1962,	5
1963,	17
1964,	7
1965,	7
1966,	20
1967,	27
1968,	4
1969,	41
1970,	31
1971,	21
1972,	6
1973,	4
1974,	5
1975,	1
1976,	18
1977,	8
1978,	22
1979,	16
1980,	16
1981,	3
1982,	43
1983,	1
1984,	1
1985,	1
1986,	24
1987,	31
1988,	17
1989,	21
1990,	39
1991,	29
1992,	15
1993,	5
1994,	28
1995,	33
1996,	13
1997,	34
1998,	44
1999,	24
2000,	26
2001,	2
2002,	2
2003,	12
2004,	10
2005,	16
2006,	7
2007,	36
2008,	1
2009,	37
2010,	25
2011,	19
2012,	42
2013,	15
2014,	16
2015,	25
2016,	13
2017,	2
2018,	20
2019,	37
2020,	6
2021,	10
2022,	29
2023,	21
2024,	15
2025,	14
2026,	6
2027,	16
2028,	11
2029,	1
2030,	12
2031,	22
2032,	1
2033,	16
2034,	41
2035,	34
2036,	22
2037,	25
2038,	29
2039,	18
2040,	39
2041,	11
2042,	40
2043,	8
2044,	3
2045,	16
2046,	21
2047,	30
2048,	2
2049,	8
2050,	44
2051,	1
2052,	32
2053,	17
2054,	9
2055,	15
2056,	25
2057,	44
2058,	1
2059,	20
2060,	11
2061,	31
2062,	6
2063,	35
2064,	20
2065,	33
2066,	32
2067,	11
2068,	20
2069,	19
2070,	10
2071,	19
2072,	18
2073,	5
2074,	25
2075,	32
2076,	19
2077,	12
2078,	13
2079,	35
2080,	24
2081,	42
2082,	26
2083,	12
2084,	0
2085,	29
2086,	42
2087,	0
2088,	20
2089,	0
2090,	35
2091,	8
2092,	15
2093,	16
2094,	4
2095,	1
2096,	7
2097,	10
2098,	6
2099,	9
2100,	10
2101,	7
2102,	35
2103,	30
2104,	34
2105,	7
2106,	8
2107,	22
2108,	17
2109,	16
2110,	12
2111,	19
2112,	15
2113,	37
2114,	3
2115,	41
2116,	3
2117,	5
2118,	27
2119,	37
2120,	6
2121,	16
2122,	26
2123,	21
2124,	10
2125,	14
2126,	9
2127,	18
2128,	30
2129,	23
2130,	9
2131,	16
2132,	31
2133,	21
2134,	3
2135,	5
2136,	40
2137,	10
2138,	28
2139,	31
2140,	3
2141,	18
2142,	43
2143,	16
2144,	36
2145,	13
2146,	10
2147,	19
2148,	15
2149,	8
2150,	11
2151,	26
2152,	25
2153,	16
2154,	22
2155,	41
2156,	0
2157,	2
2158,	12
2159,	5
2160,	17
2161,	21
2162,	18
2163,	19
2164,	19
2165,	38
2166,	25
2167,	22
2168,	13
2169,	8
2170,	26
2171,	19
2172,	15
2173,	30
2174,	14
2175,	26
2176,	17
2177,	40
2178,	4
2179,	19
2180,	14
2181,	4
2182,	22
2183,	20
2184,	19
2185,	10
2186,	6
2187,	2
2188,	16
2189,	30
2190,	36
2191,	25
2192,	28
2193,	13
2194,	29
2195,	7
2196,	22
2197,	38
2198,	13
2199,	22
2200,	41
2201,	20
2202,	23
2203,	6
2204,	21
2205,	14
2206,	20
2207,	0
2208,	14
2209,	25
2210,	29
2211,	2
2212,	5
2213,	10
2214,	12
2215,	26
2216,	14
2217,	12
2218,	40
2219,	1
2220,	8
2221,	14
2222,	34
2223,	14
2224,	24
2225,	10
2226,	33
2227,	12
2228,	22
2229,	13
2230,	16
2231,	23
2232,	18
2233,	1
2234,	14
2235,	22
2236,	5
2237,	33
2238,	15
2239,	38
2240,	21
2241,	4
2242,	30
2243,	42
2244,	33
2245,	15
2246,	16
2247,	5
2248,	39
2249,	4
2250,	41
2251,	5
2252,	8
2253,	30
2254,	32
2255,	14
2256,	16
2257,	30
2258,	32
2259,	22
2260,	5
2261,	29
2262,	14
2263,	19
2264,	34
2265,	18
2266,	4
2267,	38
2268,	10
2269,	5
2270,	8
2271,	26
2272,	1
2273,	10
2274,	36
2275,	40
2276,	14
2277,	20
2278,	42
2279,	25
2280,	17
2281,	13
2282,	44
2283,	19
2284,	37
2285,	32
2286,	9
2287,	21
2288,	18
2289,	27
2290,	33
2291,	33
2292,	7
2293,	36
2294,	25
2295,	25
2296,	42
2297,	19
2298,	7
2299,	5
2300,	18
2301,	2
2302,	31
2303,	39
2304,	24
2305,	15
2306,	2
2307,	20
2308,	12
2309,	11
2310,	1
2311,	18
2312,	27
2313,	32
2314,	20
2315,	15
2316,	4
2317,	6
2318,	12
2319,	10
2320,	23
2321,	22
2322,	19
2323,	29
2324,	28
2325,	3
2326,	3
2327,	16
2328,	40
2329,	26
2330,	29
2331,	4
2332,	19
2333,	3
2334,	34
2335,	24
2336,	0
2337,	10
2338,	23
2339,	30
2340,	20
2341,	38
2342,	11
2343,	29
2344,	12
2345,	15
2346,	13
2347,	8
2348,	16
2349,	20
2350,	35
2351,	42
2352,	19
2353,	23
2354,	19
2355,	8
2356,	0
2357,	19
2358,	11
2359,	31
2360,	37
2361,	24
2362,	16
2363,	18
2364,	20
2365,	9
2366,	10
2367,	23
2368,	5
2369,	4
2370,	17
2371,	17
2372,	15
2373,	25
2374,	10
2375,	23
2376,	32
2377,	4
2378,	32
2379,	22
2380,	11
2381,	37
2382,	9
2383,	21
2384,	31
2385,	39
2386,	26
2387,	36
2388,	20
2389,	9
2390,	5
2391,	2
2392,	1
2393,	8
2394,	4
2395,	15
2396,	4
2397,	13
2398,	16
2399,	0
2400,	28
2401,	2
2402,	11
2403,	24
2404,	30
2405,	26
2406,	33
2407,	8
2408,	36
2409,	16
2410,	40
2411,	24
2412,	16
2413,	31
2414,	33
2415,	17
2416,	13
2417,	0
2418,	33
2419,	37
2420,	32
2421,	30
2422,	36
2423,	6
2424,	4
2425,	11
2426,	10
2427,	18
2428,	27
2429,	37
2430,	15
2431,	28
2432,	17
2433,	22
2434,	34
2435,	26
2436,	15
2437,	34
2438,	28
2439,	35
2440,	18
2441,	32
2442,	27
2443,	18
2444,	38
2445,	19
2446,	42
2447,	17
2448,	10
2449,	41
2450,	1
2451,	5
2452,	17
2453,	13
2454,	38
2455,	36
2456,	20
2457,	12
2458,	3
2459,	11
2460,	16
2461,	14
2462,	11
2463,	16
2464,	32
2465,	12
2466,	23
2467,	3
2468,	19
2469,	12
2470,	15
2471,	9
2472,	21
2473,	39
2474,	0
2475,	13
2476,	26
2477,	28
2478,	31
2479,	15
2480,	13
2481,	30
2482,	31
2483,	28
2484,	18
2485,	7
2486,	38
2487,	2
2488,	25
2489,	13
2490,	7
2491,	12
2492,	1
2493,	13
2494,	13
2495,	0
2496,	14
2497,	34
2498,	27
2499,	6
2500,	18
2501,	11
2502,	27
2503,	26
2504,	7
2505,	17
2506,	23
2507,	30
2508,	22
2509,	20
2510,	2
2511,	18
2512,	14
2513,	2
2514,	16
2515,	22
2516,	23
2517,	19
2518,	6
2519,	20
2520,	29
2521,	19
2522,	15
2523,	10
2524,	31
2525,	18
2526,	19
2527,	13
2528,	11
2529,	27
2530,	19
2531,	13
2532,	14
2533,	43
2534,	27
2535,	43
2536,	36
2537,	22
2538,	12
2539,	12
2540,	28
2541,	26
2542,	32
2543,	28
2544,	14
2545,	13
2546,	5
2547,	17
2548,	21
2549,	18
2550,	17
2551,	35
2552,	30
2553,	5
2554,	30
2555,	41
2556,	22
2557,	29
2558,	34
2559,	25
2560,	8
2561,	22
2562,	31
2563,	28
2564,	17
2565,	43
2566,	21
2567,	23
2568,	13
2569,	30
2570,	16
2571,	28
2572,	12
2573,	5
2574,	17
2575,	7
2576,	37
2577,	43
2578,	17
2579,	40
2580,	13
2581,	14
2582,	25
2583,	18
2584,	22
2585,	30
2586,	26
2587,	11
2588,	29
2589,	11
2590,	15
2591,	33
2592,	23
2593,	35
2594,	31
2595,	25
2596,	34
2597,	15
2598,	21
2599,	19
2600,	32
2601,	32
2602,	32
2603,	25
2604,	35
2605,	19
2606,	16
2607,	41
2608,	29
2609,	2
2610,	24
2611,	26
2612,	6
2613,	18
2614,	27
2615,	18
2616,	16
2617,	17
2618,	27
2619,	26
2620,	23
2621,	28
2622,	26
2623,	6
2624,	25
2625,	43
2626,	40
2627,	19
2628,	16
2629,	13
2630,	21
2631,	11
2632,	33
2633,	28
2634,	42
2635,	40
2636,	28
2637,	35
2638,	37
2639,	20
2640,	12
2641,	27
2642,	23
2643,	12
2644,	0
2645,	23
2646,	23
2647,	17
2648,	19
2649,	37
2650,	35
2651,	6
2652,	38
2653,	37
2654,	29
2655,	26
2656,	30
2657,	26
2658,	42
2659,	18
2660,	36
2661,	25
2662,	16
2663,	28
2664,	29
2665,	28
2666,	24
2667,	27
2668,	21
2669,	38
2670,	9
2671,	13
2672,	1
2673,	10
2674,	36
2675,	23
2676,	26
2677,	20
2678,	26
2679,	24
2680,	7
2681,	19
2682,	13
2683,	16
2684,	13
2685,	17
2686,	33
2687,	22
2688,	27
2689,	26
2690,	35
2691,	43
2692,	29
2693,	18
2694,	17
2695,	24
2696,	24
2697,	4
2698,	22
2699,	40
2700,	18
2701,	39
2702,	33
2703,	17
2704,	3
2705,	42
2706,	29
2707,	25
2708,	6
2709,	28
2710,	3
2711,	17
2712,	13
2713,	40
2714,	31
2715,	23
2716,	36
2717,	36
2718,	31
2719,	29
2720,	31
2721,	19
2722,	30
2723,	35
2724,	42
2725,	21
2726,	9
2727,	30
2728,	31
2729,	11
2730,	37
2731,	34
2732,	18
2733,	36
2734,	29
2735,	8
2736,	25
2737,	17
2738,	36
2739,	31
2740,	32
2741,	25
2742,	33
2743,	18
2744,	33
2745,	30
2746,	16
2747,	20
2748,	21
2749,	20
2750,	29
2751,	29
2752,	29
2753,	9
2754,	37
2755,	30
2756,	30
2757,	37
2758,	43
2759,	21
2760,	23
2761,	32
2762,	36
2763,	23
2764,	15
2765,	25
2766,	25
2767,	19
2768,	18
2769,	21
2770,	38
2771,	22
2772,	5
2773,	30
2774,	10
2775,	34
2776,	33
2777,	21
2778,	29
2779,	33
2780,	27
2781,	28
2782,	21
2783,	38
2784,	32
2785,	32
2786,	3
2787,	26
2788,	25
2789,	29
2790,	22
2791,	30
2792,	37
2793,	34
2794,	18
2795,	30
2796,	7
2797,	6
2798,	40
2799,	26
2800,	14
2801,	43
2802,	21
2803,	21
2804,	43
2805,	40
2806,	11
2807,	17
2808,	0
2809,	25
2810,	20
2811,	32
2812,	26
2813,	15
2814,	25
2815,	42
2816,	40
2817,	35
2818,	25
2819,	33
2820,	28
2821,	21
2822,	11
2823,	7
2824,	37
2825,	17
2826,	43
2827,	5
2828,	35
2829,	28
2830,	6
2831,	3
2832,	28
2833,	35
2834,	29
2835,	39
2836,	42
2837,	21
2838,	33
2839,	20
2840,	14
2841,	25
2842,	26
2843,	33
2844,	9
2845,	39
2846,	9
2847,	29
2848,	2
2849,	35
2850,	5
2851,	32
2852,	26
2853,	24
2854,	25
2855,	17
2856,	42
2857,	19
2858,	35
2859,	24
2860,	30
2861,	36
2862,	30
2863,	19
2864,	34
2865,	28
2866,	29
2867,	24
2868,	14
2869,	35
2870,	25
2871,	20
2872,	26
2873,	35
2874,	23
2875,	28
2876,	26
2877,	3
2878,	25
2879,	29
2880,	38
2881,	27
2882,	30
2883,	24
2884,	34
2885,	39
2886,	22
2887,	42
2888,	35
2889,	23
2890,	27
2891,	39
2892,	35
2893,	21
2894,	6
2895,	29
2896,	22
2897,	40
2898,	20
2899,	24
2900,	37
2901,	19
2902,	28
2903,	28
2904,	30
2905,	18
2906,	16
2907,	17
2908,	9
2909,	31
2910,	38
2911,	0
2912,	32
2913,	26
2914,	41
2915,	38
2916,	18
2917,	32
2918,	22
2919,	36
2920,	26
2921,	29
2922,	25
2923,	7
2924,	28
2925,	23
2926,	38
2927,	5
2928,	31
2929,	38
2930,	20
2931,	8
2932,	30
2933,	43
2934,	36
2935,	4
2936,	29
2937,	43
2938,	23
2939,	12
2940,	38
2941,	5
2942,	39
2943,	44
2944,	36
2945,	20
2946,	33
2947,	29
2948,	34
2949,	31
2950,	5
2951,	15
2952,	26
2953,	30
2954,	8
2955,	28
2956,	24
2957,	24
2958,	28
2959,	30
2960,	40
2961,	36
2962,	44
2963,	30
2964,	18
2965,	29
2966,	37
2967,	38
2968,	31
2969,	37
2970,	42
2971,	19
2972,	27
2973,	23
2974,	24
2975,	23
2976,	5
2977,	29
2978,	40
2979,	33
2980,	18
2981,	44
2982,	10
2983,	37
2984,	23
2985,	27
2986,	26
2987,	23
2988,	12
2989,	39
2990,	24
2991,	25
2992,	24
2993,	24
2994,	24
2995,	38
2996,	30
2997,	33
2998,	20
2999,	15
3000,	35
3001,	33
3002,	16
3003,	37
3004,	41
3005,	35
3006,	28
3007,	39
3008,	30
3009,	29
3010,	39
3011,	10
3012,	42
3013,	27
3014,	32
3015,	34
3016,	34
3017,	38
3018,	26
3019,	39
3020,	33
3021,	36
3022,	0
3023,	33
3024,	32
3025,	0
3026,	29
3027,	36
3028,	33
3029,	39
3030,	18
3031,	38
3032,	42
3033,	27
3034,	37
3035,	42
3036,	33
3037,	21
3038,	27
3039,	37
3040,	27
3041,	43
3042,	17
3043,	11
3044,	23
3045,	38
3046,	39
3047,	27
3048,	25
3049,	32
3050,	35
3051,	33
3052,	35
3053,	33
3054,	19
3055,	34
3056,	40
3057,	29
3058,	35
3059,	37
3060,	23
3061,	27
3062,	42
3063,	26
3064,	40
3065,	29
3066,	26
3067,	20
3068,	42
3069,	35
3070,	37
3071,	43
3072,	37
3073,	29
3074,	32
3075,	4
3076,	40
3077,	20
3078,	30
3079,	12
3080,	32
3081,	31
3082,	42
3083,	0
3084,	21
3085,	30
3086,	29
3087,	33
3088,	4
3089,	25
3090,	34
3091,	0
3092,	27
3093,	32
3094,	33
3095,	41
3096,	34
3097,	26
3098,	33
3099,	23
3100,	33
3101,	31
3102,	35
3103,	17
3104,	40
3105,	3
3106,	30
3107,	36
3108,	42
3109,	8
3110,	0
3111,	42
3112,	26
3113,	38
3114,	33
3115,	12
3116,	35
3117,	39
3118,	40
3119,	34
3120,	36
3121,	32
3122,	26
3123,	22
3124,	38
3125,	34
3126,	41
3127,	31
3128,	29
3129,	12
3130,	36
3131,	33
3132,	33
3133,	33
3134,	22
3135,	37
3136,	20
3137,	16
3138,	40
3139,	33
3140,	34
3141,	35
3142,	41
3143,	23
3144,	40
3145,	30
3146,	39
3147,	36
3148,	40
3149,	32
3150,	32
3151,	28
3152,	27
3153,	44
3154,	37
3155,	39
3156,	38
3157,	15
3158,	31
3159,	32
3160,	41
3161,	21
3162,	4
3163,	43
3164,	33
3165,	30
3166,	32
3167,	26
3168,	42
3169,	31
3170,	20
3171,	43
3172,	26
3173,	18
3174,	37
3175,	44
3176,	30
3177,	0
3178,	43
3179,	31
3180,	4
3181,	33
3182,	37
3183,	19
3184,	19
3185,	41
3186,	44
3187,	20
3188,	32
3189,	19
3190,	38
3191,	40
3192,	12
3193,	6
3194,	29
3195,	32
3196,	43
3197,	35
3198,	25
3199,	35
3200,	18
3201,	31
3202,	41
3203,	15
3204,	10
3205,	29
3206,	42
3207,	38
3208,	5
3209,	39
3210,	34
3211,	34
3212,	30
3213,	34
3214,	10
3215,	39
3216,	31
3217,	39
3218,	37
3219,	22
3220,	31
3221,	37
3222,	23
3223,	25
3224,	39
3225,	35
3226,	43
3227,	28
3228,	32
3229,	43
3230,	35
3231,	10
3232,	4
3233,	21
3234,	40
3235,	40
3236,	18
3237,	39
3238,	33
3239,	11
3240,	16
3241,	33
3242,	43
3243,	34
3244,	28
3245,	36
3246,	29
3247,	44
3248,	20
3249,	33
3250,	34
3251,	33
3252,	27
3253,	33
3254,	41
3255,	44
3256,	43
3257,	32
3258,	3
3259,	21
3260,	28
3261,	31
3262,	4
3263,	30
3264,	24
3265,	41
3266,	1
3267,	25
3268,	36
3269,	29
3270,	21
3271,	5
3272,	42
3273,	2
3274,	9
3275,	42
3276,	29
3277,	42
3278,	29
3279,	32
3280,	26
3281,	8
3282,	1
3283,	42
3284,	29
3285,	36
3286,	11
3287,	41
3288,	36
3289,	12
3290,	33
3291,	19
3292,	12
3293,	41
3294,	28
3295,	41
3296,	23
3297,	8
3298,	44
3299,	36
3300,	33
3301,	35
3302,	41
3303,	35
3304,	1
3305,	10
3306,	36
3307,	39
3308,	25
3309,	28
3310,	34
3311,	40
3312,	32
3313,	34
3314,	33
3315,	23
3316,	38
3317,	44
3318,	32
3319,	33
3320,	21
3321,	27
3322,	38
3323,	41
3324,	40
3325,	30
3326,	42
3327,	18
3328,	35
3329,	9
3330,	21
3331,	9
3332,	13
3333,	4
3334,	36
3335,	31
3336,	38
3337,	33
3338,	9
3339,	30
3340,	15
3341,	44
3342,	41
3343,	26
3344,	44
3345,	17
3346,	34
3347,	41
3348,	11
3349,	6
3350,	23
3351,	38
3352,	23
3353,	25
3354,	39
3355,	40
3356,	36
3357,	41
3358,	35
3359,	31
3360,	36
3361,	37
3362,	26
3363,	37
3364,	25
3365,	18
3366,	37
3367,	38
3368,	43
3369,	43
3370,	35
3371,	39
3372,	35
3373,	35
3374,	27
3375,	22
3376,	34
3377,	33
3378,	44
3379,	28
3380,	40
3381,	44
3382,	37
3383,	39
3384,	32
3385,	34
3386,	27
3387,	37
3388,	30
3389,	43
3390,	10
3391,	35
3392,	26
3393,	34
3394,	9
3395,	38
3396,	36
3397,	8
3398,	39
3399,	36
3400,	44
3401,	44
3402,	13
3403,	26
3404,	26
3405,	9
3406,	24
3407,	14
3408,	32
3409,	19
3410,	35
3411,	30
3412,	36
3413,	40
3414,	35
3415,	34
3416,	33
3417,	5
3418,	31
3419,	41
3420,	34
3421,	12
3422,	44
3423,	38
3424,	31
3425,	37
3426,	34
3427,	44
3428,	28
3429,	39
3430,	44
3431,	33
3432,	31
3433,	31
3434,	35
3435,	40
3436,	40
3437,	42
3438,	25
3439,	23
3440,	41
3441,	43
3442,	42
3443,	33
3444,	20
3445,	3
3446,	36
3447,	40
3448,	39
3449,	34
3450,	33
3451,	16
3452,	35
3453,	39
3454,	14
3455,	41
3456,	39
3457,	31
3458,	5
3459,	43
3460,	39
3461,	1
3462,	26
3463,	23
3464,	39
3465,	28
3466,	38
3467,	42
3468,	42
3469,	40
3470,	34
3471,	3
3472,	3
3473,	5
3474,	37
3475,	38
3476,	43
3477,	38
3478,	26
3479,	41
3480,	35
3481,	33
3482,	30
3483,	39
3484,	28
3485,	39
3486,	42
3487,	23
3488,	35
3489,	22
3490,	5
3491,	44
3492,	30
3493,	40
3494,	44
3495,	35
3496,	39
3497,	8
3498,	43
3499,	40
3500,	19
3501,	39
3502,	36
3503,	38
3504,	44
3505,	43
3506,	44
3507,	35
3508,	40
3509,	35
3510,	43
3511,	35
3512,	38
3513,	37
3514,	30
3515,	38
3516,	35
3517,	43
3518,	14
3519,	36
3520,	41
3521,	37
3522,	15
3523,	43
3524,	37
3525,	34
3526,	13
3527,	2
3528,	38
3529,	33
3530,	25
3531,	43
3532,	41
3533,	43
3534,	36
3535,	29
3536,	44
3537,	4
3538,	17
3539,	44
3540,	43
3541,	39
3542,	42
3543,	17
3544,	36
3545,	43
3546,	14
3547,	35
3548,	44
3549,	38
3550,	21
3551,	24
3552,	6
3553,	4
3554,	37
3555,	38
3556,	30
3557,	24
3558,	28
3559,	41
3560,	39
3561,	40
3562,	40
3563,	27
3564,	22
3565,	41
3566,	36
3567,	44
3568,	40
3569,	42
3570,	15
3571,	44
3572,	15
3573,	37
3574,	35
3575,	41
3576,	0
3577,	40
3578,	41
3579,	39
3580,	41
3581,	34
3582,	41
3583,	43
3584,	33
3585,	42
3586,	42
3587,	42
3588,	17
3589,	37
3590,	43
3591,	44
3592,	44
3593,	40
3594,	38
3595,	31
3596,	44
3597,	41
3598,	36
3599,	32
3600,	16
3601,	44
3602,	8
3603,	41
3604,	31
3605,	31
3606,	40
3607,	23
3608,	37
3609,	43
3610,	43
3611,	41
3612,	42
3613,	42
3614,	4
3615,	44
3616,	8
3617,	31
3618,	43
3619,	42
3620,	41
3621,	39
3622,	34
3623,	30
3624,	9
3625,	4
3626,	33
3627,	10
3628,	43
3629,	33
3630,	4
3631,	42
3632,	29
3633,	37
3634,	43
3635,	41
3636,	6
3637,	35
3638,	44
3639,	39
3640,	37
3641,	40
3642,	44
3643,	40
3644,	43
3645,	42
3646,	44
3647,	33
3648,	40
3649,	24
3650,	38
3651,	24
3652,	13
3653,	18
3654,	40
3655,	33
3656,	41
3657,	38
3658,	40
3659,	22
3660,	37
3661,	41
3662,	37
3663,	26
3664,	34
3665,	34
3666,	38
3667,	43
3668,	25
3669,	32
3670,	36
3671,	39
3672,	37
3673,	39
3674,	42
3675,	41
3676,	16
3677,	43
3678,	44
3679,	17
3680,	15
3681,	3
3682,	39
3683,	43
3684,	29
3685,	27
3686,	38
3687,	36
3688,	44
3689,	40
3690,	39
3691,	41
3692,	34
3693,	20
3694,	44
3695,	41
3696,	40
3697,	42
3698,	41
3699,	43
3700,	38
3701,	28
3702,	22
3703,	40
3704,	39
3705,	30
3706,	43
3707,	41
3708,	27
3709,	12
3710,	28
3711,	0
3712,	38
3713,	42
3714,	44
3715,	31
3716,	32
3717,	40
3718,	32
3719,	8
3720,	44
3721,	44
3722,	19
3723,	40
3724,	38
3725,	30
3726,	7
3727,	22
3728,	43
3729,	41
3730,	27
3731,	42
3732,	36
3733,	44
3734,	37
3735,	44
3736,	5
3737,	28
3738,	39
3739,	37
3740,	42
3741,	39
3742,	28
3743,	35
3744,	42
3745,	2
3746,	1
3747,	41
3748,	35
3749,	32
3750,	36
3751,	43
3752,	36
3753,	37
3754,	42
3755,	41
3756,	8
3757,	44
3758,	38
3759,	36
3760,	35
3761,	14
3762,	26
3763,	43
3764,	38
3765,	44
3766,	30
3767,	28
3768,	41
3769,	42
3770,	31
3771,	24
3772,	12
3773,	22
3774,	34
3775,	22
3776,	43
3777,	24
3778,	14
3779,	2
3780,	25
3781,	16
3782,	12
3783,	18
3784,	31
3785,	39
3786,	34
3787,	9
3788,	31
3789,	32
3790,	28
3791,	0
3792,	38
3793,	28
3794,	20
3795,	27
3796,	36
3797,	0
3798,	43
3799,	36
3800,	30
3801,	40
3802,	41
3803,	25
3804,	12
3805,	32
3806,	25
3807,	44
3808,	31
3809,	39
3810,	37
3811,	3
3812,	5
3813,	44
3814,	40
3815,	14
3816,	0
3817,	4
3818,	39
3819,	17
3820,	9
3821,	32
3822,	22
3823,	35
3824,	7
3825,	27
3826,	21
3827,	12
3828,	1
3829,	44
3830,	36
3831,	41
3832,	0
3833,	43
3834,	32
3835,	19
3836,	42
3837,	32
3838,	25
3839,	18
3840,	42
3841,	15
3842,	38
3843,	35
3844,	3
3845,	8
3846,	42
3847,	43
3848,	36
3849,	38
3850,	33
3851,	15
3852,	28
3853,	8
3854,	17
3855,	10
3856,	37
3857,	22
3858,	32
3859,	37
3860,	26
3861,	40
3862,	8
3863,	5
3864,	5
3865,	21
3866,	21
3867,	33
3868,	27
3869,	34
3870,	27
3871,	5
3872,	39
3873,	13
3874,	4
3875,	40
3876,	19
3877,	28
3878,	26
3879,	0
3880,	28
3881,	43
3882,	34
3883,	31
3884,	18
3885,	29
3886,	34
3887,	36
3888,	41
3889,	28
3890,	39
3891,	22
3892,	42
3893,	31
3894,	20
3895,	2
3896,	9
3897,	36
3898,	15
3899,	24
3900,	35
3901,	44
3902,	14
3903,	36
3904,	23
3905,	44
3906,	16
3907,	36
3908,	25
3909,	5
3910,	18
3911,	22
3912,	34
3913,	11
3914,	12
3915,	0
3916,	3
3917,	35
3918,	9
3919,	41
3920,	27
3921,	39
3922,	3
3923,	24
3924,	41
3925,	35
3926,	43
3927,	18
3928,	22
3929,	44
3930,	42
3931,	42
3932,	30
3933,	0
3934,	0
3935,	13
3936,	11
3937,	17
3938,	42
3939,	2
3940,	3
3941,	17
3942,	4
3943,	40
3944,	27
3945,	17
3946,	41
3947,	31
3948,	4
3949,	41
3950,	23
3951,	12
3952,	34
3953,	33
3954,	0
3955,	38
3956,	11
3957,	14
3958,	20
3959,	1
3960,	17
3961,	0
3962,	43
3963,	20
3964,	5
3965,	13
3966,	26
3967,	25
3968,	27
3969,	37
3970,	24
3971,	15
3972,	33
3973,	44
3974,	14
3975,	8
3976,	25
3977,	21
3978,	40
3979,	3
3980,	3
3981,	36
3982,	8
3983,	28
3984,	6
3985,	31
3986,	1
3987,	43
3988,	2
3989,	8
3990,	15
3991,	12
3992,	0
3993,	27
3994,	16
3995,	14
3996,	18
3997,	14
3998,	21
3999,	23
