Instance: /home/gabriel/Documents/ufrgs/courses/oc/trab/instances/cmb07
Vertices: 2000
Colors: 32
NumIterations: 1000000000
Alpha: 0.500000
Is Factible?: false
Conflicts: 21
Solution Value: 202756.546875
Initial Value: 211356.937500
Initial Conflicts: 58
Vertex,	Color
0,	19
1,	3
2,	8
3,	2
4,	15
5,	2
6,	6
7,	17
8,	23
9,	5
10,	1
11,	16
12,	19
13,	5
14,	3
15,	8
16,	18
17,	7
18,	4
19,	8
20,	1
21,	7
22,	9
23,	21
24,	22
25,	5
26,	14
27,	3
28,	18
29,	4
30,	16
31,	4
32,	9
33,	12
34,	25
35,	14
36,	8
37,	2
38,	27
39,	2
40,	22
41,	5
42,	2
43,	23
44,	9
45,	8
46,	5
47,	18
48,	10
49,	5
50,	15
51,	21
52,	22
53,	5
54,	1
55,	3
56,	14
57,	23
58,	13
59,	0
60,	8
61,	15
62,	9
63,	8
64,	10
65,	24
66,	19
67,	6
68,	0
69,	4
70,	19
71,	22
72,	7
73,	9
74,	10
75,	14
76,	14
77,	8
78,	18
79,	7
80,	5
81,	20
82,	0
83,	4
84,	16
85,	4
86,	27
87,	8
88,	20
89,	24
90,	11
91,	6
92,	22
93,	8
94,	18
95,	10
96,	9
97,	16
98,	12
99,	15
100,	7
101,	17
102,	24
103,	0
104,	10
105,	16
106,	6
107,	20
108,	12
109,	3
110,	16
111,	13
112,	21
113,	3
114,	15
115,	4
116,	6
117,	11
118,	9
119,	20
120,	17
121,	15
122,	14
123,	2
124,	7
125,	7
126,	20
127,	1
128,	5
129,	14
130,	3
131,	1
132,	9
133,	2
134,	0
135,	4
136,	13
137,	20
138,	1
139,	7
140,	4
141,	5
142,	5
143,	24
144,	17
145,	5
146,	16
147,	6
148,	15
149,	7
150,	1
151,	22
152,	10
153,	2
154,	21
155,	12
156,	2
157,	1
158,	12
159,	7
160,	19
161,	5
162,	6
163,	2
164,	12
165,	30
166,	16
167,	17
168,	8
169,	7
170,	4
171,	18
172,	8
173,	10
174,	18
175,	1
176,	1
177,	8
178,	13
179,	18
180,	12
181,	7
182,	10
183,	21
184,	4
185,	9
186,	17
187,	0
188,	16
189,	2
190,	23
191,	1
192,	28
193,	3
194,	12
195,	16
196,	0
197,	1
198,	0
199,	3
200,	0
201,	2
202,	17
203,	8
204,	8
205,	4
206,	6
207,	7
208,	11
209,	28
210,	8
211,	22
212,	12
213,	16
214,	2
215,	10
216,	16
217,	23
218,	5
219,	13
220,	10
221,	12
222,	3
223,	13
224,	5
225,	23
226,	15
227,	12
228,	8
229,	4
230,	8
231,	11
232,	6
233,	11
234,	0
235,	24
236,	2
237,	0
238,	3
239,	12
240,	1
241,	1
242,	26
243,	5
244,	5
245,	3
246,	9
247,	7
248,	6
249,	12
250,	8
251,	21
252,	23
253,	21
254,	11
255,	10
256,	19
257,	6
258,	2
259,	1
260,	4
261,	6
262,	2
263,	0
264,	18
265,	5
266,	10
267,	2
268,	2
269,	9
270,	2
271,	7
272,	1
273,	16
274,	9
275,	1
276,	8
277,	16
278,	11
279,	2
280,	7
281,	5
282,	6
283,	7
284,	8
285,	2
286,	9
287,	9
288,	1
289,	2
290,	5
291,	15
292,	8
293,	0
294,	14
295,	28
296,	21
297,	13
298,	4
299,	10
300,	2
301,	24
302,	9
303,	5
304,	2
305,	1
306,	4
307,	8
308,	14
309,	17
310,	23
311,	0
312,	0
313,	1
314,	12
315,	0
316,	5
317,	0
318,	21
319,	8
320,	15
321,	10
322,	3
323,	7
324,	9
325,	11
326,	0
327,	6
328,	31
329,	18
330,	3
331,	2
332,	21
333,	4
334,	7
335,	6
336,	27
337,	4
338,	7
339,	23
340,	13
341,	31
342,	12
343,	2
344,	6
345,	5
346,	14
347,	4
348,	3
349,	6
350,	18
351,	0
352,	19
353,	3
354,	2
355,	3
356,	14
357,	3
358,	20
359,	9
360,	6
361,	17
362,	2
363,	3
364,	17
365,	10
366,	24
367,	10
368,	6
369,	18
370,	19
371,	11
372,	4
373,	2
374,	8
375,	4
376,	1
377,	3
378,	13
379,	6
380,	13
381,	3
382,	1
383,	0
384,	24
385,	12
386,	3
387,	4
388,	17
389,	2
390,	5
391,	24
392,	10
393,	2
394,	13
395,	8
396,	16
397,	10
398,	12
399,	10
400,	12
401,	18
402,	2
403,	0
404,	2
405,	7
406,	23
407,	26
408,	12
409,	29
410,	11
411,	8
412,	22
413,	10
414,	19
415,	15
416,	12
417,	9
418,	12
419,	13
420,	11
421,	2
422,	20
423,	17
424,	0
425,	15
426,	6
427,	4
428,	13
429,	8
430,	18
431,	2
432,	5
433,	3
434,	12
435,	21
436,	2
437,	0
438,	1
439,	6
440,	6
441,	6
442,	4
443,	9
444,	27
445,	0
446,	1
447,	17
448,	13
449,	21
450,	16
451,	19
452,	18
453,	16
454,	21
455,	6
456,	8
457,	17
458,	2
459,	9
460,	0
461,	0
462,	12
463,	20
464,	5
465,	13
466,	5
467,	3
468,	7
469,	10
470,	3
471,	2
472,	3
473,	2
474,	8
475,	5
476,	12
477,	1
478,	4
479,	4
480,	3
481,	1
482,	3
483,	6
484,	2
485,	10
486,	7
487,	17
488,	5
489,	30
490,	8
491,	12
492,	16
493,	27
494,	1
495,	6
496,	2
497,	4
498,	9
499,	9
500,	1
501,	12
502,	6
503,	3
504,	3
505,	15
506,	14
507,	17
508,	2
509,	9
510,	0
511,	2
512,	3
513,	17
514,	15
515,	9
516,	7
517,	9
518,	7
519,	12
520,	1
521,	0
522,	9
523,	0
524,	0
525,	7
526,	4
527,	7
528,	8
529,	11
530,	14
531,	11
532,	0
533,	8
534,	15
535,	16
536,	25
537,	1
538,	8
539,	2
540,	3
541,	7
542,	13
543,	21
544,	14
545,	13
546,	0
547,	0
548,	4
549,	11
550,	0
551,	7
552,	0
553,	9
554,	0
555,	8
556,	3
557,	5
558,	6
559,	15
560,	18
561,	1
562,	3
563,	13
564,	18
565,	1
566,	7
567,	3
568,	5
569,	27
570,	16
571,	3
572,	9
573,	3
574,	16
575,	13
576,	3
577,	6
578,	16
579,	4
580,	5
581,	5
582,	1
583,	2
584,	21
585,	5
586,	17
587,	15
588,	25
589,	4
590,	0
591,	23
592,	16
593,	2
594,	1
595,	4
596,	5
597,	20
598,	6
599,	9
600,	21
601,	13
602,	3
603,	8
604,	0
605,	17
606,	11
607,	7
608,	2
609,	13
610,	4
611,	2
612,	4
613,	15
614,	11
615,	4
616,	0
617,	6
618,	13
619,	22
620,	0
621,	8
622,	9
623,	12
624,	16
625,	0
626,	25
627,	19
628,	7
629,	16
630,	7
631,	8
632,	18
633,	14
634,	0
635,	4
636,	19
637,	21
638,	11
639,	8
640,	16
641,	5
642,	1
643,	12
644,	11
645,	2
646,	1
647,	13
648,	1
649,	28
650,	6
651,	3
652,	20
653,	10
654,	6
655,	20
656,	8
657,	4
658,	11
659,	5
660,	10
661,	15
662,	8
663,	7
664,	1
665,	15
666,	12
667,	6
668,	14
669,	24
670,	7
671,	6
672,	24
673,	4
674,	15
675,	5
676,	6
677,	12
678,	7
679,	2
680,	9
681,	0
682,	3
683,	10
684,	0
685,	19
686,	4
687,	1
688,	0
689,	8
690,	3
691,	4
692,	5
693,	0
694,	1
695,	18
696,	12
697,	10
698,	17
699,	9
700,	13
701,	4
702,	1
703,	1
704,	4
705,	15
706,	14
707,	5
708,	5
709,	1
710,	7
711,	6
712,	14
713,	0
714,	7
715,	20
716,	14
717,	17
718,	3
719,	3
720,	15
721,	17
722,	26
723,	20
724,	2
725,	7
726,	9
727,	8
728,	3
729,	1
730,	6
731,	6
732,	7
733,	21
734,	18
735,	5
736,	3
737,	0
738,	16
739,	2
740,	10
741,	7
742,	0
743,	3
744,	25
745,	9
746,	1
747,	6
748,	11
749,	12
750,	19
751,	2
752,	19
753,	1
754,	8
755,	22
756,	22
757,	28
758,	13
759,	1
760,	6
761,	12
762,	24
763,	1
764,	14
765,	20
766,	5
767,	1
768,	11
769,	7
770,	9
771,	24
772,	2
773,	14
774,	7
775,	20
776,	0
777,	8
778,	15
779,	2
780,	7
781,	1
782,	5
783,	10
784,	28
785,	4
786,	10
787,	14
788,	1
789,	8
790,	8
791,	0
792,	10
793,	6
794,	14
795,	8
796,	3
797,	4
798,	5
799,	21
800,	8
801,	26
802,	4
803,	25
804,	10
805,	11
806,	10
807,	25
808,	16
809,	4
810,	14
811,	19
812,	6
813,	10
814,	18
815,	6
816,	11
817,	2
818,	4
819,	5
820,	0
821,	8
822,	9
823,	26
824,	13
825,	5
826,	15
827,	0
828,	14
829,	10
830,	11
831,	3
832,	2
833,	28
834,	13
835,	3
836,	20
837,	22
838,	2
839,	12
840,	4
841,	19
842,	24
843,	17
844,	4
845,	19
846,	2
847,	5
848,	11
849,	13
850,	1
851,	0
852,	7
853,	22
854,	3
855,	25
856,	5
857,	0
858,	2
859,	4
860,	7
861,	12
862,	2
863,	13
864,	10
865,	7
866,	12
867,	2
868,	0
869,	1
870,	22
871,	23
872,	12
873,	19
874,	19
875,	4
876,	10
877,	21
878,	4
879,	27
880,	5
881,	3
882,	13
883,	14
884,	15
885,	6
886,	0
887,	21
888,	21
889,	0
890,	6
891,	17
892,	12
893,	1
894,	8
895,	6
896,	5
897,	8
898,	15
899,	12
900,	15
901,	3
902,	19
903,	2
904,	2
905,	13
906,	7
907,	11
908,	0
909,	17
910,	8
911,	22
912,	9
913,	17
914,	1
915,	2
916,	3
917,	11
918,	4
919,	6
920,	17
921,	1
922,	18
923,	4
924,	10
925,	27
926,	1
927,	28
928,	19
929,	0
930,	3
931,	6
932,	13
933,	1
934,	15
935,	8
936,	12
937,	21
938,	3
939,	2
940,	1
941,	0
942,	13
943,	25
944,	12
945,	12
946,	0
947,	10
948,	7
949,	11
950,	6
951,	1
952,	7
953,	21
954,	11
955,	20
956,	11
957,	11
958,	9
959,	7
960,	9
961,	7
962,	0
963,	1
964,	10
965,	7
966,	14
967,	6
968,	10
969,	18
970,	24
971,	2
972,	18
973,	11
974,	8
975,	3
976,	8
977,	8
978,	2
979,	0
980,	14
981,	13
982,	3
983,	7
984,	0
985,	18
986,	10
987,	23
988,	27
989,	14
990,	12
991,	14
992,	6
993,	3
994,	2
995,	20
996,	7
997,	22
998,	2
999,	4
1000,	14
1001,	2
1002,	28
1003,	20
1004,	24
1005,	20
1006,	24
1007,	23
1008,	9
1009,	7
1010,	6
1011,	2
1012,	5
1013,	12
1014,	5
1015,	12
1016,	3
1017,	1
1018,	29
1019,	13
1020,	23
1021,	13
1022,	6
1023,	2
1024,	0
1025,	28
1026,	5
1027,	24
1028,	10
1029,	0
1030,	11
1031,	12
1032,	14
1033,	13
1034,	6
1035,	5
1036,	5
1037,	3
1038,	6
1039,	28
1040,	9
1041,	11
1042,	10
1043,	13
1044,	9
1045,	11
1046,	20
1047,	1
1048,	22
1049,	15
1050,	0
1051,	0
1052,	9
1053,	1
1054,	1
1055,	21
1056,	2
1057,	1
1058,	3
1059,	13
1060,	26
1061,	7
1062,	13
1063,	0
1064,	2
1065,	31
1066,	17
1067,	15
1068,	2
1069,	2
1070,	9
1071,	15
1072,	9
1073,	8
1074,	14
1075,	6
1076,	2
1077,	13
1078,	9
1079,	1
1080,	6
1081,	0
1082,	5
1083,	11
1084,	1
1085,	11
1086,	17
1087,	26
1088,	18
1089,	6
1090,	6
1091,	22
1092,	15
1093,	12
1094,	17
1095,	7
1096,	11
1097,	5
1098,	4
1099,	3
1100,	5
1101,	16
1102,	23
1103,	11
1104,	11
1105,	24
1106,	2
1107,	19
1108,	23
1109,	16
1110,	25
1111,	11
1112,	14
1113,	7
1114,	12
1115,	27
1116,	3
1117,	9
1118,	13
1119,	2
1120,	18
1121,	5
1122,	11
1123,	9
1124,	11
1125,	2
1126,	15
1127,	26
1128,	12
1129,	4
1130,	5
1131,	11
1132,	11
1133,	23
1134,	13
1135,	16
1136,	5
1137,	9
1138,	1
1139,	8
1140,	11
1141,	14
1142,	4
1143,	5
1144,	26
1145,	4
1146,	16
1147,	18
1148,	16
1149,	8
1150,	19
1151,	24
1152,	15
1153,	8
1154,	14
1155,	3
1156,	11
1157,	5
1158,	10
1159,	11
1160,	26
1161,	8
1162,	7
1163,	8
1164,	13
1165,	13
1166,	14
1167,	11
1168,	12
1169,	9
1170,	11
1171,	0
1172,	3
1173,	5
1174,	15
1175,	24
1176,	11
1177,	14
1178,	10
1179,	0
1180,	15
1181,	17
1182,	13
1183,	6
1184,	18
1185,	17
1186,	5
1187,	8
1188,	4
1189,	16
1190,	6
1191,	8
1192,	17
1193,	10
1194,	9
1195,	13
1196,	1
1197,	8
1198,	14
1199,	6
1200,	13
1201,	17
1202,	9
1203,	10
1204,	24
1205,	5
1206,	7
1207,	3
1208,	12
1209,	18
1210,	3
1211,	14
1212,	23
1213,	9
1214,	3
1215,	3
1216,	14
1217,	20
1218,	27
1219,	13
1220,	13
1221,	9
1222,	9
1223,	18
1224,	13
1225,	22
1226,	10
1227,	15
1228,	23
1229,	4
1230,	15
1231,	21
1232,	20
1233,	8
1234,	4
1235,	15
1236,	10
1237,	16
1238,	14
1239,	10
1240,	27
1241,	10
1242,	17
1243,	12
1244,	7
1245,	10
1246,	10
1247,	25
1248,	8
1249,	21
1250,	19
1251,	11
1252,	21
1253,	20
1254,	10
1255,	8
1256,	12
1257,	18
1258,	4
1259,	13
1260,	6
1261,	9
1262,	19
1263,	23
1264,	6
1265,	15
1266,	22
1267,	4
1268,	23
1269,	14
1270,	7
1271,	5
1272,	19
1273,	19
1274,	6
1275,	16
1276,	10
1277,	3
1278,	13
1279,	13
1280,	9
1281,	17
1282,	19
1283,	10
1284,	20
1285,	15
1286,	12
1287,	11
1288,	20
1289,	17
1290,	8
1291,	14
1292,	6
1293,	3
1294,	19
1295,	16
1296,	20
1297,	21
1298,	3
1299,	3
1300,	28
1301,	6
1302,	11
1303,	25
1304,	7
1305,	28
1306,	6
1307,	28
1308,	3
1309,	8
1310,	10
1311,	26
1312,	17
1313,	10
1314,	18
1315,	14
1316,	9
1317,	3
1318,	11
1319,	18
1320,	13
1321,	11
1322,	4
1323,	15
1324,	22
1325,	30
1326,	14
1327,	14
1328,	25
1329,	25
1330,	13
1331,	5
1332,	8
1333,	15
1334,	15
1335,	5
1336,	9
1337,	21
1338,	15
1339,	17
1340,	10
1341,	9
1342,	9
1343,	9
1344,	11
1345,	20
1346,	11
1347,	5
1348,	18
1349,	21
1350,	15
1351,	16
1352,	10
1353,	21
1354,	17
1355,	9
1356,	18
1357,	22
1358,	12
1359,	21
1360,	9
1361,	8
1362,	14
1363,	19
1364,	22
1365,	19
1366,	25
1367,	20
1368,	6
1369,	20
1370,	13
1371,	12
1372,	15
1373,	10
1374,	16
1375,	16
1376,	7
1377,	17
1378,	13
1379,	18
1380,	24
1381,	10
1382,	11
1383,	27
1384,	23
1385,	12
1386,	5
1387,	14
1388,	2
1389,	15
1390,	26
1391,	15
1392,	21
1393,	11
1394,	20
1395,	18
1396,	18
1397,	6
1398,	4
1399,	19
1400,	14
1401,	15
1402,	27
1403,	19
1404,	23
1405,	13
1406,	10
1407,	23
1408,	22
1409,	18
1410,	17
1411,	11
1412,	6
1413,	12
1414,	14
1415,	28
1416,	10
1417,	20
1418,	16
1419,	12
1420,	17
1421,	10
1422,	9
1423,	19
1424,	23
1425,	10
1426,	19
1427,	10
1428,	13
1429,	16
1430,	17
1431,	3
1432,	21
1433,	22
1434,	14
1435,	20
1436,	11
1437,	4
1438,	16
1439,	12
1440,	15
1441,	1
1442,	16
1443,	18
1444,	13
1445,	18
1446,	19
1447,	25
1448,	14
1449,	16
1450,	9
1451,	21
1452,	18
1453,	15
1454,	8
1455,	18
1456,	20
1457,	14
1458,	20
1459,	24
1460,	22
1461,	25
1462,	26
1463,	3
1464,	15
1465,	7
1466,	12
1467,	20
1468,	15
1469,	21
1470,	14
1471,	19
1472,	21
1473,	18
1474,	11
1475,	11
1476,	5
1477,	21
1478,	22
1479,	16
1480,	21
1481,	19
1482,	21
1483,	0
1484,	20
1485,	13
1486,	22
1487,	10
1488,	14
1489,	14
1490,	18
1491,	15
1492,	13
1493,	20
1494,	25
1495,	13
1496,	23
1497,	15
1498,	0
1499,	6
1500,	19
1501,	17
1502,	27
1503,	21
1504,	13
1505,	15
1506,	30
1507,	14
1508,	7
1509,	18
1510,	4
1511,	19
1512,	11
1513,	14
1514,	20
1515,	4
1516,	16
1517,	16
1518,	25
1519,	8
1520,	19
1521,	22
1522,	19
1523,	26
1524,	11
1525,	9
1526,	12
1527,	18
1528,	16
1529,	17
1530,	8
1531,	23
1532,	12
1533,	20
1534,	17
1535,	17
1536,	21
1537,	11
1538,	12
1539,	19
1540,	28
1541,	24
1542,	23
1543,	18
1544,	20
1545,	2
1546,	21
1547,	21
1548,	13
1549,	21
1550,	18
1551,	17
1552,	15
1553,	19
1554,	12
1555,	22
1556,	16
1557,	16
1558,	17
1559,	22
1560,	22
1561,	23
1562,	26
1563,	24
1564,	20
1565,	22
1566,	26
1567,	13
1568,	12
1569,	17
1570,	21
1571,	11
1572,	3
1573,	10
1574,	13
1575,	25
1576,	21
1577,	12
1578,	23
1579,	8
1580,	23
1581,	20
1582,	16
1583,	27
1584,	7
1585,	19
1586,	16
1587,	14
1588,	27
1589,	26
1590,	1
1591,	6
1592,	15
1593,	23
1594,	23
1595,	31
1596,	15
1597,	25
1598,	8
1599,	27
1600,	14
1601,	20
1602,	26
1603,	9
1604,	4
1605,	24
1606,	26
1607,	20
1608,	14
1609,	20
1610,	17
1611,	24
1612,	25
1613,	19
1614,	22
1615,	28
1616,	23
1617,	23
1618,	26
1619,	11
1620,	12
1621,	20
1622,	30
1623,	19
1624,	18
1625,	20
1626,	25
1627,	16
1628,	14
1629,	22
1630,	17
1631,	17
1632,	19
1633,	22
1634,	26
1635,	12
1636,	17
1637,	19
1638,	26
1639,	19
1640,	23
1641,	31
1642,	21
1643,	15
1644,	29
1645,	17
1646,	15
1647,	25
1648,	22
1649,	29
1650,	22
1651,	24
1652,	18
1653,	13
1654,	19
1655,	30
1656,	17
1657,	22
1658,	4
1659,	27
1660,	27
1661,	11
1662,	21
1663,	26
1664,	28
1665,	29
1666,	19
1667,	25
1668,	29
1669,	7
1670,	28
1671,	21
1672,	30
1673,	23
1674,	9
1675,	22
1676,	23
1677,	25
1678,	25
1679,	25
1680,	30
1681,	18
1682,	7
1683,	13
1684,	26
1685,	8
1686,	9
1687,	19
1688,	29
1689,	23
1690,	24
1691,	9
1692,	23
1693,	25
1694,	29
1695,	25
1696,	30
1697,	18
1698,	22
1699,	28
1700,	3
1701,	25
1702,	16
1703,	8
1704,	24
1705,	6
1706,	19
1707,	24
1708,	24
1709,	16
1710,	22
1711,	21
1712,	25
1713,	25
1714,	21
1715,	31
1716,	30
1717,	18
1718,	20
1719,	26
1720,	9
1721,	25
1722,	26
1723,	27
1724,	16
1725,	22
1726,	16
1727,	28
1728,	13
1729,	22
1730,	8
1731,	17
1732,	24
1733,	11
1734,	20
1735,	25
1736,	18
1737,	26
1738,	28
1739,	17
1740,	25
1741,	30
1742,	28
1743,	25
1744,	19
1745,	25
1746,	29
1747,	27
1748,	23
1749,	20
1750,	14
1751,	20
1752,	27
1753,	27
1754,	14
1755,	21
1756,	20
1757,	14
1758,	28
1759,	29
1760,	28
1761,	22
1762,	21
1763,	28
1764,	15
1765,	18
1766,	24
1767,	30
1768,	9
1769,	17
1770,	22
1771,	22
1772,	29
1773,	15
1774,	0
1775,	28
1776,	9
1777,	20
1778,	22
1779,	19
1780,	23
1781,	27
1782,	16
1783,	25
1784,	22
1785,	23
1786,	24
1787,	29
1788,	28
1789,	17
1790,	14
1791,	20
1792,	0
1793,	9
1794,	23
1795,	24
1796,	29
1797,	19
1798,	22
1799,	4
1800,	30
1801,	27
1802,	16
1803,	20
1804,	31
1805,	15
1806,	23
1807,	26
1808,	21
1809,	25
1810,	7
1811,	0
1812,	27
1813,	17
1814,	18
1815,	18
1816,	12
1817,	29
1818,	26
1819,	20
1820,	7
1821,	22
1822,	23
1823,	20
1824,	28
1825,	20
1826,	24
1827,	0
1828,	31
1829,	23
1830,	26
1831,	26
1832,	0
1833,	26
1834,	22
1835,	19
1836,	29
1837,	27
1838,	26
1839,	23
1840,	7
1841,	27
1842,	29
1843,	22
1844,	27
1845,	19
1846,	24
1847,	28
1848,	6
1849,	25
1850,	26
1851,	1
1852,	29
1853,	9
1854,	30
1855,	30
1856,	18
1857,	28
1858,	24
1859,	24
1860,	27
1861,	25
1862,	20
1863,	21
1864,	12
1865,	27
1866,	27
1867,	26
1868,	30
1869,	27
1870,	31
1871,	26
1872,	6
1873,	29
1874,	25
1875,	23
1876,	29
1877,	21
1878,	27
1879,	31
1880,	5
1881,	26
1882,	10
1883,	29
1884,	24
1885,	11
1886,	17
1887,	29
1888,	15
1889,	17
1890,	24
1891,	25
1892,	31
1893,	21
1894,	29
1895,	28
1896,	11
1897,	29
1898,	30
1899,	30
1900,	29
1901,	19
1902,	19
1903,	24
1904,	30
1905,	6
1906,	8
1907,	18
1908,	8
1909,	18
1910,	20
1911,	27
1912,	24
1913,	29
1914,	23
1915,	26
1916,	30
1917,	24
1918,	5
1919,	23
1920,	25
1921,	27
1922,	25
1923,	22
1924,	28
1925,	16
1926,	4
1927,	29
1928,	31
1929,	31
1930,	16
1931,	18
1932,	28
1933,	22
1934,	15
1935,	23
1936,	25
1937,	26
1938,	20
1939,	22
1940,	31
1941,	28
1942,	28
1943,	22
1944,	31
1945,	17
1946,	17
1947,	31
1948,	15
1949,	30
1950,	29
1951,	23
1952,	30
1953,	24
1954,	24
1955,	25
1956,	31
1957,	16
1958,	7
1959,	16
1960,	24
1961,	24
1962,	8
1963,	30
1964,	28
1965,	31
1966,	26
1967,	5
1968,	28
1969,	30
1970,	31
1971,	30
1972,	24
1973,	30
1974,	25
1975,	31
1976,	25
1977,	18
1978,	5
1979,	13
1980,	24
1981,	25
1982,	26
1983,	29
1984,	18
1985,	1
1986,	23
1987,	31
1988,	30
1989,	29
1990,	27
1991,	31
1992,	29
1993,	31
1994,	29
1995,	30
1996,	21
1997,	29
1998,	31
1999,	30
