
Instance: /home/gabriel/Documents/ufrgs/courses/oc/trab/instances/cmb06
Vertices: 2000
Colors: 15
NumIterations: 1000000000
Alpha: 0.500000
Is Factible?: false
Conflicts: 10
Solution Value: 491475.562500
Initial Value: 491475.562500
Initial Conflicts: 41
Vertex,	Color
0,	6
1,	9
2,	0
3,	0
4,	7
5,	8
6,	8
7,	6
8,	1
9,	9
10,	3
11,	7
12,	2
13,	0
14,	3
15,	2
16,	3
17,	5
18,	4
19,	14
20,	2
21,	2
22,	13
23,	4
24,	8
25,	7
26,	6
27,	5
28,	1
29,	0
30,	3
31,	7
32,	1
33,	7
34,	4
35,	4
36,	0
37,	3
38,	6
39,	4
40,	3
41,	2
42,	5
43,	1
44,	8
45,	1
46,	4
47,	5
48,	4
49,	1
50,	3
51,	5
52,	0
53,	12
54,	0
55,	1
56,	5
57,	0
58,	13
59,	2
60,	7
61,	0
62,	5
63,	0
64,	7
65,	0
66,	3
67,	1
68,	2
69,	5
70,	1
71,	13
72,	4
73,	0
74,	3
75,	3
76,	0
77,	9
78,	2
79,	3
80,	4
81,	0
82,	8
83,	9
84,	1
85,	5
86,	2
87,	9
88,	3
89,	0
90,	10
91,	10
92,	0
93,	8
94,	0
95,	1
96,	6
97,	5
98,	2
99,	0
100,	7
101,	7
102,	1
103,	4
104,	7
105,	1
106,	5
107,	4
108,	5
109,	2
110,	0
111,	8
112,	0
113,	6
114,	5
115,	6
116,	5
117,	4
118,	4
119,	3
120,	11
121,	3
122,	3
123,	6
124,	2
125,	6
126,	0
127,	7
128,	6
129,	1
130,	3
131,	5
132,	1
133,	5
134,	11
135,	9
136,	4
137,	6
138,	3
139,	0
140,	1
141,	5
142,	3
143,	3
144,	3
145,	0
146,	6
147,	1
148,	0
149,	6
150,	9
151,	0
152,	12
153,	1
154,	4
155,	3
156,	1
157,	6
158,	4
159,	0
160,	7
161,	4
162,	4
163,	0
164,	7
165,	3
166,	10
167,	1
168,	2
169,	5
170,	2
171,	0
172,	1
173,	0
174,	0
175,	1
176,	1
177,	3
178,	6
179,	2
180,	0
181,	4
182,	4
183,	10
184,	8
185,	0
186,	5
187,	6
188,	6
189,	6
190,	2
191,	4
192,	4
193,	1
194,	10
195,	0
196,	10
197,	1
198,	1
199,	6
200,	1
201,	5
202,	0
203,	9
204,	4
205,	2
206,	1
207,	9
208,	0
209,	3
210,	1
211,	0
212,	13
213,	4
214,	8
215,	2
216,	0
217,	2
218,	5
219,	4
220,	9
221,	6
222,	2
223,	3
224,	1
225,	0
226,	1
227,	0
228,	2
229,	5
230,	0
231,	4
232,	1
233,	0
234,	1
235,	5
236,	1
237,	7
238,	5
239,	9
240,	0
241,	0
242,	7
243,	7
244,	1
245,	6
246,	6
247,	0
248,	8
249,	2
250,	1
251,	10
252,	0
253,	6
254,	0
255,	7
256,	1
257,	12
258,	4
259,	5
260,	1
261,	9
262,	6
263,	7
264,	4
265,	3
266,	5
267,	2
268,	0
269,	2
270,	6
271,	1
272,	10
273,	4
274,	1
275,	1
276,	10
277,	4
278,	3
279,	2
280,	0
281,	4
282,	2
283,	3
284,	2
285,	5
286,	3
287,	10
288,	9
289,	0
290,	1
291,	4
292,	3
293,	3
294,	4
295,	10
296,	4
297,	5
298,	3
299,	11
300,	3
301,	5
302,	10
303,	7
304,	2
305,	6
306,	6
307,	7
308,	4
309,	4
310,	7
311,	2
312,	2
313,	2
314,	0
315,	7
316,	11
317,	4
318,	1
319,	3
320,	0
321,	4
322,	0
323,	0
324,	6
325,	1
326,	5
327,	6
328,	0
329,	1
330,	8
331,	8
332,	0
333,	7
334,	1
335,	2
336,	0
337,	1
338,	1
339,	2
340,	0
341,	5
342,	3
343,	0
344,	5
345,	2
346,	3
347,	6
348,	6
349,	5
350,	3
351,	4
352,	0
353,	2
354,	5
355,	0
356,	1
357,	3
358,	5
359,	1
360,	5
361,	0
362,	5
363,	5
364,	6
365,	0
366,	3
367,	0
368,	9
369,	3
370,	1
371,	7
372,	8
373,	5
374,	5
375,	7
376,	5
377,	0
378,	0
379,	3
380,	1
381,	7
382,	5
383,	2
384,	8
385,	0
386,	5
387,	1
388,	2
389,	6
390,	1
391,	0
392,	0
393,	4
394,	5
395,	2
396,	2
397,	1
398,	7
399,	5
400,	4
401,	0
402,	5
403,	1
404,	5
405,	5
406,	1
407,	1
408,	4
409,	1
410,	1
411,	4
412,	0
413,	5
414,	3
415,	7
416,	0
417,	1
418,	6
419,	11
420,	3
421,	7
422,	2
423,	3
424,	4
425,	2
426,	0
427,	2
428,	5
429,	3
430,	6
431,	0
432,	3
433,	0
434,	11
435,	0
436,	14
437,	1
438,	0
439,	1
440,	6
441,	9
442,	3
443,	0
444,	3
445,	0
446,	8
447,	2
448,	6
449,	5
450,	8
451,	2
452,	6
453,	5
454,	5
455,	0
456,	1
457,	4
458,	2
459,	2
460,	3
461,	2
462,	4
463,	0
464,	2
465,	2
466,	10
467,	8
468,	5
469,	2
470,	3
471,	4
472,	5
473,	3
474,	0
475,	6
476,	6
477,	3
478,	1
479,	3
480,	7
481,	3
482,	4
483,	9
484,	1
485,	1
486,	4
487,	11
488,	6
489,	4
490,	0
491,	5
492,	4
493,	3
494,	9
495,	5
496,	4
497,	6
498,	0
499,	0
500,	0
501,	9
502,	4
503,	8
504,	1
505,	1
506,	3
507,	0
508,	3
509,	1
510,	2
511,	3
512,	4
513,	3
514,	8
515,	3
516,	3
517,	0
518,	0
519,	3
520,	0
521,	6
522,	3
523,	0
524,	4
525,	8
526,	3
527,	0
528,	8
529,	1
530,	5
531,	4
532,	1
533,	1
534,	1
535,	4
536,	1
537,	0
538,	2
539,	5
540,	1
541,	12
542,	3
543,	11
544,	2
545,	6
546,	5
547,	6
548,	1
549,	2
550,	3
551,	0
552,	1
553,	4
554,	2
555,	2
556,	0
557,	4
558,	1
559,	2
560,	0
561,	8
562,	0
563,	4
564,	4
565,	0
566,	1
567,	6
568,	1
569,	4
570,	2
571,	1
572,	0
573,	2
574,	0
575,	4
576,	2
577,	12
578,	6
579,	2
580,	10
581,	2
582,	7
583,	0
584,	4
585,	2
586,	4
587,	4
588,	5
589,	6
590,	3
591,	1
592,	4
593,	8
594,	5
595,	2
596,	2
597,	4
598,	2
599,	8
600,	1
601,	1
602,	2
603,	3
604,	3
605,	7
606,	1
607,	1
608,	1
609,	11
610,	5
611,	1
612,	1
613,	2
614,	2
615,	4
616,	3
617,	2
618,	0
619,	4
620,	8
621,	4
622,	7
623,	5
624,	5
625,	2
626,	5
627,	8
628,	2
629,	1
630,	0
631,	1
632,	6
633,	10
634,	3
635,	2
636,	0
637,	1
638,	6
639,	1
640,	3
641,	2
642,	9
643,	3
644,	8
645,	1
646,	8
647,	2
648,	3
649,	10
650,	6
651,	12
652,	3
653,	8
654,	0
655,	0
656,	3
657,	0
658,	3
659,	6
660,	1
661,	0
662,	2
663,	2
664,	10
665,	4
666,	7
667,	3
668,	4
669,	1
670,	2
671,	8
672,	5
673,	1
674,	2
675,	0
676,	0
677,	0
678,	1
679,	9
680,	4
681,	10
682,	0
683,	9
684,	8
685,	0
686,	0
687,	3
688,	13
689,	8
690,	1
691,	5
692,	8
693,	4
694,	10
695,	6
696,	0
697,	1
698,	0
699,	9
700,	4
701,	3
702,	0
703,	0
704,	2
705,	0
706,	2
707,	6
708,	9
709,	9
710,	6
711,	2
712,	5
713,	10
714,	4
715,	8
716,	6
717,	5
718,	3
719,	4
720,	2
721,	6
722,	0
723,	3
724,	11
725,	0
726,	2
727,	6
728,	4
729,	0
730,	4
731,	2
732,	4
733,	5
734,	6
735,	2
736,	2
737,	1
738,	1
739,	0
740,	5
741,	6
742,	9
743,	3
744,	6
745,	0
746,	8
747,	4
748,	2
749,	4
750,	1
751,	2
752,	7
753,	3
754,	11
755,	1
756,	5
757,	5
758,	8
759,	6
760,	2
761,	6
762,	0
763,	3
764,	1
765,	3
766,	3
767,	2
768,	0
769,	5
770,	11
771,	1
772,	9
773,	4
774,	1
775,	1
776,	2
777,	1
778,	5
779,	6
780,	5
781,	0
782,	3
783,	2
784,	1
785,	5
786,	10
787,	0
788,	0
789,	2
790,	3
791,	7
792,	3
793,	9
794,	1
795,	4
796,	1
797,	5
798,	6
799,	1
800,	0
801,	9
802,	6
803,	5
804,	3
805,	10
806,	6
807,	2
808,	8
809,	2
810,	6
811,	0
812,	0
813,	10
814,	4
815,	0
816,	7
817,	2
818,	2
819,	2
820,	6
821,	3
822,	3
823,	7
824,	1
825,	4
826,	11
827,	4
828,	1
829,	1
830,	3
831,	3
832,	0
833,	2
834,	0
835,	7
836,	4
837,	13
838,	0
839,	5
840,	10
841,	0
842,	4
843,	8
844,	4
845,	7
846,	0
847,	3
848,	0
849,	6
850,	1
851,	13
852,	4
853,	1
854,	10
855,	7
856,	1
857,	4
858,	1
859,	3
860,	5
861,	5
862,	2
863,	11
864,	3
865,	2
866,	1
867,	1
868,	0
869,	1
870,	1
871,	2
872,	4
873,	4
874,	1
875,	3
876,	3
877,	2
878,	2
879,	1
880,	6
881,	7
882,	3
883,	2
884,	5
885,	0
886,	5
887,	0
888,	3
889,	2
890,	1
891,	9
892,	5
893,	3
894,	5
895,	5
896,	1
897,	3
898,	4
899,	10
900,	3
901,	3
902,	7
903,	4
904,	9
905,	6
906,	11
907,	0
908,	5
909,	1
910,	0
911,	0
912,	1
913,	11
914,	1
915,	5
916,	5
917,	3
918,	3
919,	1
920,	1
921,	2
922,	7
923,	5
924,	2
925,	4
926,	4
927,	0
928,	0
929,	5
930,	0
931,	3
932,	7
933,	3
934,	3
935,	6
936,	10
937,	2
938,	12
939,	4
940,	6
941,	0
942,	2
943,	0
944,	11
945,	0
946,	0
947,	2
948,	3
949,	2
950,	10
951,	2
952,	5
953,	8
954,	2
955,	0
956,	4
957,	2
958,	13
959,	8
960,	12
961,	9
962,	2
963,	9
964,	6
965,	2
966,	4
967,	2
968,	0
969,	5
970,	11
971,	14
972,	2
973,	8
974,	1
975,	3
976,	0
977,	0
978,	1
979,	8
980,	1
981,	4
982,	2
983,	3
984,	8
985,	0
986,	1
987,	1
988,	4
989,	9
990,	5
991,	8
992,	4
993,	8
994,	1
995,	4
996,	1
997,	0
998,	4
999,	3
1000,	5
1001,	4
1002,	0
1003,	6
1004,	1
1005,	0
1006,	5
1007,	7
1008,	2
1009,	2
1010,	8
1011,	9
1012,	1
1013,	2
1014,	3
1015,	4
1016,	6
1017,	2
1018,	7
1019,	1
1020,	0
1021,	5
1022,	7
1023,	2
1024,	4
1025,	1
1026,	4
1027,	3
1028,	2
1029,	10
1030,	4
1031,	10
1032,	3
1033,	0
1034,	6
1035,	6
1036,	7
1037,	5
1038,	1
1039,	1
1040,	3
1041,	5
1042,	5
1043,	1
1044,	7
1045,	7
1046,	3
1047,	3
1048,	1
1049,	0
1050,	3
1051,	8
1052,	4
1053,	2
1054,	3
1055,	6
1056,	1
1057,	7
1058,	6
1059,	5
1060,	0
1061,	0
1062,	4
1063,	10
1064,	4
1065,	3
1066,	6
1067,	5
1068,	3
1069,	9
1070,	4
1071,	6
1072,	8
1073,	9
1074,	1
1075,	0
1076,	1
1077,	5
1078,	7
1079,	1
1080,	6
1081,	4
1082,	8
1083,	6
1084,	9
1085,	6
1086,	6
1087,	6
1088,	0
1089,	2
1090,	7
1091,	1
1092,	5
1093,	1
1094,	4
1095,	4
1096,	6
1097,	13
1098,	0
1099,	2
1100,	1
1101,	8
1102,	3
1103,	13
1104,	3
1105,	4
1106,	8
1107,	2
1108,	4
1109,	4
1110,	0
1111,	1
1112,	8
1113,	0
1114,	7
1115,	6
1116,	7
1117,	6
1118,	3
1119,	0
1120,	3
1121,	6
1122,	4
1123,	2
1124,	2
1125,	5
1126,	5
1127,	11
1128,	0
1129,	2
1130,	4
1131,	10
1132,	5
1133,	6
1134,	6
1135,	3
1136,	6
1137,	6
1138,	3
1139,	7
1140,	6
1141,	7
1142,	1
1143,	8
1144,	1
1145,	2
1146,	2
1147,	6
1148,	5
1149,	3
1150,	4
1151,	6
1152,	4
1153,	2
1154,	0
1155,	3
1156,	3
1157,	3
1158,	2
1159,	8
1160,	3
1161,	12
1162,	1
1163,	6
1164,	2
1165,	7
1166,	9
1167,	4
1168,	6
1169,	12
1170,	5
1171,	13
1172,	3
1173,	3
1174,	6
1175,	6
1176,	9
1177,	8
1178,	3
1179,	2
1180,	9
1181,	4
1182,	9
1183,	8
1184,	5
1185,	3
1186,	2
1187,	12
1188,	6
1189,	4
1190,	2
1191,	0
1192,	2
1193,	1
1194,	5
1195,	4
1196,	3
1197,	9
1198,	4
1199,	4
1200,	8
1201,	2
1202,	5
1203,	9
1204,	5
1205,	3
1206,	9
1207,	3
1208,	6
1209,	11
1210,	2
1211,	10
1212,	7
1213,	1
1214,	5
1215,	4
1216,	4
1217,	2
1218,	8
1219,	6
1220,	3
1221,	1
1222,	9
1223,	6
1224,	0
1225,	14
1226,	5
1227,	8
1228,	1
1229,	1
1230,	1
1231,	7
1232,	2
1233,	8
1234,	3
1235,	10
1236,	6
1237,	5
1238,	8
1239,	2
1240,	7
1241,	0
1242,	0
1243,	4
1244,	3
1245,	8
1246,	2
1247,	8
1248,	3
1249,	5
1250,	7
1251,	1
1252,	1
1253,	8
1254,	4
1255,	4
1256,	3
1257,	7
1258,	0
1259,	4
1260,	1
1261,	4
1262,	6
1263,	3
1264,	2
1265,	7
1266,	8
1267,	1
1268,	7
1269,	6
1270,	4
1271,	6
1272,	1
1273,	2
1274,	3
1275,	1
1276,	9
1277,	7
1278,	12
1279,	11
1280,	5
1281,	6
1282,	6
1283,	9
1284,	6
1285,	6
1286,	3
1287,	4
1288,	5
1289,	1
1290,	7
1291,	3
1292,	2
1293,	8
1294,	10
1295,	2
1296,	7
1297,	5
1298,	4
1299,	10
1300,	8
1301,	1
1302,	6
1303,	7
1304,	7
1305,	10
1306,	1
1307,	2
1308,	2
1309,	5
1310,	10
1311,	2
1312,	2
1313,	4
1314,	6
1315,	7
1316,	4
1317,	3
1318,	10
1319,	4
1320,	3
1321,	1
1322,	7
1323,	6
1324,	5
1325,	1
1326,	12
1327,	7
1328,	11
1329,	12
1330,	9
1331,	10
1332,	8
1333,	3
1334,	7
1335,	3
1336,	0
1337,	9
1338,	4
1339,	9
1340,	7
1341,	7
1342,	12
1343,	4
1344,	3
1345,	6
1346,	8
1347,	11
1348,	0
1349,	8
1350,	9
1351,	4
1352,	4
1353,	6
1354,	7
1355,	7
1356,	1
1357,	8
1358,	4
1359,	9
1360,	5
1361,	2
1362,	6
1363,	3
1364,	11
1365,	1
1366,	6
1367,	4
1368,	4
1369,	8
1370,	10
1371,	6
1372,	3
1373,	9
1374,	2
1375,	0
1376,	2
1377,	9
1378,	7
1379,	2
1380,	7
1381,	1
1382,	8
1383,	2
1384,	4
1385,	4
1386,	3
1387,	7
1388,	5
1389,	6
1390,	10
1391,	7
1392,	2
1393,	4
1394,	5
1395,	2
1396,	10
1397,	2
1398,	11
1399,	11
1400,	9
1401,	3
1402,	7
1403,	0
1404,	7
1405,	3
1406,	5
1407,	11
1408,	6
1409,	5
1410,	0
1411,	8
1412,	6
1413,	2
1414,	5
1415,	7
1416,	4
1417,	8
1418,	7
1419,	8
1420,	7
1421,	7
1422,	9
1423,	10
1424,	10
1425,	5
1426,	11
1427,	8
1428,	6
1429,	10
1430,	7
1431,	9
1432,	2
1433,	8
1434,	6
1435,	7
1436,	13
1437,	7
1438,	2
1439,	9
1440,	2
1441,	7
1442,	2
1443,	7
1444,	12
1445,	9
1446,	2
1447,	2
1448,	2
1449,	7
1450,	5
1451,	4
1452,	0
1453,	5
1454,	7
1455,	7
1456,	3
1457,	9
1458,	7
1459,	8
1460,	6
1461,	11
1462,	11
1463,	11
1464,	9
1465,	4
1466,	9
1467,	5
1468,	8
1469,	0
1470,	6
1471,	7
1472,	6
1473,	9
1474,	8
1475,	1
1476,	12
1477,	7
1478,	2
1479,	6
1480,	0
1481,	1
1482,	11
1483,	10
1484,	2
1485,	5
1486,	7
1487,	8
1488,	3
1489,	0
1490,	12
1491,	9
1492,	9
1493,	5
1494,	10
1495,	10
1496,	2
1497,	7
1498,	9
1499,	6
1500,	5
1501,	9
1502,	14
1503,	8
1504,	7
1505,	2
1506,	4
1507,	3
1508,	8
1509,	8
1510,	4
1511,	13
1512,	7
1513,	9
1514,	2
1515,	4
1516,	7
1517,	4
1518,	1
1519,	11
1520,	7
1521,	4
1522,	8
1523,	6
1524,	11
1525,	6
1526,	11
1527,	8
1528,	3
1529,	4
1530,	12
1531,	10
1532,	9
1533,	9
1534,	3
1535,	10
1536,	6
1537,	4
1538,	7
1539,	6
1540,	5
1541,	10
1542,	10
1543,	8
1544,	5
1545,	7
1546,	9
1547,	12
1548,	11
1549,	2
1550,	10
1551,	8
1552,	9
1553,	6
1554,	10
1555,	8
1556,	9
1557,	9
1558,	9
1559,	5
1560,	2
1561,	6
1562,	9
1563,	8
1564,	6
1565,	5
1566,	7
1567,	6
1568,	11
1569,	10
1570,	8
1571,	2
1572,	7
1573,	7
1574,	6
1575,	12
1576,	4
1577,	8
1578,	10
1579,	8
1580,	7
1581,	3
1582,	10
1583,	7
1584,	11
1585,	5
1586,	0
1587,	7
1588,	5
1589,	11
1590,	9
1591,	8
1592,	10
1593,	4
1594,	7
1595,	10
1596,	8
1597,	7
1598,	9
1599,	9
1600,	3
1601,	9
1602,	6
1603,	6
1604,	8
1605,	9
1606,	9
1607,	4
1608,	11
1609,	12
1610,	12
1611,	3
1612,	9
1613,	5
1614,	6
1615,	12
1616,	7
1617,	8
1618,	3
1619,	7
1620,	10
1621,	9
1622,	2
1623,	12
1624,	0
1625,	4
1626,	8
1627,	5
1628,	9
1629,	0
1630,	9
1631,	11
1632,	4
1633,	1
1634,	7
1635,	10
1636,	10
1637,	8
1638,	10
1639,	6
1640,	4
1641,	10
1642,	3
1643,	5
1644,	8
1645,	11
1646,	7
1647,	1
1648,	4
1649,	5
1650,	8
1651,	9
1652,	14
1653,	7
1654,	3
1655,	9
1656,	7
1657,	11
1658,	12
1659,	8
1660,	8
1661,	6
1662,	7
1663,	9
1664,	10
1665,	13
1666,	8
1667,	8
1668,	12
1669,	12
1670,	10
1671,	4
1672,	10
1673,	10
1674,	11
1675,	7
1676,	1
1677,	12
1678,	6
1679,	9
1680,	8
1681,	10
1682,	12
1683,	10
1684,	3
1685,	11
1686,	12
1687,	14
1688,	9
1689,	11
1690,	8
1691,	4
1692,	9
1693,	14
1694,	9
1695,	11
1696,	1
1697,	10
1698,	4
1699,	11
1700,	7
1701,	12
1702,	5
1703,	8
1704,	6
1705,	12
1706,	9
1707,	2
1708,	7
1709,	7
1710,	10
1711,	12
1712,	12
1713,	8
1714,	13
1715,	9
1716,	11
1717,	11
1718,	7
1719,	12
1720,	10
1721,	1
1722,	11
1723,	13
1724,	8
1725,	8
1726,	10
1727,	8
1728,	9
1729,	14
1730,	3
1731,	12
1732,	7
1733,	11
1734,	5
1735,	12
1736,	13
1737,	12
1738,	5
1739,	12
1740,	5
1741,	4
1742,	3
1743,	9
1744,	7
1745,	6
1746,	7
1747,	6
1748,	13
1749,	7
1750,	5
1751,	7
1752,	5
1753,	7
1754,	5
1755,	7
1756,	7
1757,	13
1758,	4
1759,	8
1760,	6
1761,	8
1762,	5
1763,	7
1764,	14
1765,	13
1766,	7
1767,	8
1768,	8
1769,	13
1770,	9
1771,	8
1772,	8
1773,	5
1774,	6
1775,	11
1776,	10
1777,	9
1778,	13
1779,	7
1780,	1
1781,	14
1782,	11
1783,	1
1784,	9
1785,	8
1786,	8
1787,	14
1788,	7
1789,	6
1790,	8
1791,	3
1792,	9
1793,	10
1794,	10
1795,	7
1796,	0
1797,	10
1798,	7
1799,	9
1800,	0
1801,	11
1802,	10
1803,	13
1804,	10
1805,	11
1806,	13
1807,	11
1808,	1
1809,	11
1810,	4
1811,	13
1812,	14
1813,	9
1814,	9
1815,	11
1816,	10
1817,	10
1818,	12
1819,	7
1820,	12
1821,	12
1822,	10
1823,	10
1824,	7
1825,	14
1826,	5
1827,	12
1828,	14
1829,	9
1830,	10
1831,	12
1832,	8
1833,	9
1834,	12
1835,	8
1836,	11
1837,	9
1838,	13
1839,	7
1840,	8
1841,	7
1842,	1
1843,	11
1844,	10
1845,	12
1846,	0
1847,	7
1848,	6
1849,	12
1850,	8
1851,	11
1852,	2
1853,	6
1854,	4
1855,	11
1856,	8
1857,	7
1858,	14
1859,	12
1860,	13
1861,	7
1862,	14
1863,	11
1864,	13
1865,	10
1866,	9
1867,	11
1868,	8
1869,	10
1870,	10
1871,	9
1872,	7
1873,	7
1874,	12
1875,	7
1876,	9
1877,	9
1878,	13
1879,	10
1880,	8
1881,	10
1882,	12
1883,	11
1884,	12
1885,	11
1886,	7
1887,	7
1888,	7
1889,	10
1890,	12
1891,	14
1892,	13
1893,	7
1894,	3
1895,	9
1896,	10
1897,	1
1898,	14
1899,	12
1900,	14
1901,	13
1902,	13
1903,	8
1904,	9
1905,	12
1906,	5
1907,	6
1908,	12
1909,	12
1910,	11
1911,	11
1912,	6
1913,	9
1914,	5
1915,	9
1916,	10
1917,	14
1918,	7
1919,	11
1920,	8
1921,	7
1922,	12
1923,	4
1924,	14
1925,	10
1926,	10
1927,	14
1928,	11
1929,	11
1930,	14
1931,	4
1932,	9
1933,	14
1934,	10
1935,	6
1936,	9
1937,	5
1938,	6
1939,	10
1940,	14
1941,	9
1942,	10
1943,	12
1944,	10
1945,	14
1946,	14
1947,	12
1948,	10
1949,	11
1950,	11
1951,	9
1952,	6
1953,	14
1954,	9
1955,	13
1956,	14
1957,	12
1958,	10
1959,	5
1960,	12
1961,	10
1962,	12
1963,	9
1964,	3
1965,	12
1966,	2
1967,	13
1968,	11
1969,	8
1970,	7
1971,	12
1972,	13
1973,	12
1974,	0
1975,	10
1976,	12
1977,	11
1978,	14
1979,	4
1980,	11
1981,	5
1982,	13
1983,	14
1984,	12
1985,	6
1986,	11
1987,	7
1988,	12
1989,	11
1990,	13
1991,	12
1992,	9
1993,	13
1994,	14
1995,	13
1996,	7
1997,	12
1998,	10
1999,	14
