Instance: /home/gabriel/Documents/ufrgs/courses/oc/trab/instances/cmb01
Vertices: 500
Colors: 12
NumIterations: 1000000000
Alpha: 0.500000
Is Factible?: false
Conflicts: 1
Solution Value: 148756.328125
Initial Value: 159335.562500
Initial Conflicts: 9
Vertex,	Color
0,	7
1,	3
2,	3
3,	0
4,	3
5,	6
6,	1
7,	6
8,	5
9,	4
10,	1
11,	1
12,	1
13,	10
14,	8
15,	1
16,	2
17,	2
18,	6
19,	3
20,	0
21,	0
22,	5
23,	0
24,	4
25,	2
26,	3
27,	3
28,	0
29,	0
30,	2
31,	2
32,	2
33,	2
34,	5
35,	1
36,	7
37,	1
38,	1
39,	5
40,	1
41,	4
42,	6
43,	1
44,	2
45,	1
46,	1
47,	0
48,	0
49,	6
50,	0
51,	0
52,	5
53,	3
54,	3
55,	6
56,	1
57,	2
58,	2
59,	2
60,	7
61,	0
62,	2
63,	3
64,	5
65,	1
66,	0
67,	2
68,	1
69,	3
70,	2
71,	2
72,	7
73,	8
74,	3
75,	2
76,	0
77,	4
78,	6
79,	5
80,	6
81,	6
82,	0
83,	5
84,	4
85,	5
86,	0
87,	1
88,	1
89,	3
90,	2
91,	5
92,	5
93,	3
94,	3
95,	3
96,	0
97,	2
98,	0
99,	7
100,	7
101,	4
102,	0
103,	5
104,	0
105,	8
106,	3
107,	2
108,	1
109,	2
110,	0
111,	8
112,	2
113,	8
114,	6
115,	4
116,	0
117,	3
118,	0
119,	4
120,	4
121,	5
122,	3
123,	7
124,	0
125,	3
126,	2
127,	2
128,	2
129,	1
130,	1
131,	1
132,	6
133,	5
134,	1
135,	0
136,	0
137,	11
138,	10
139,	0
140,	3
141,	9
142,	1
143,	3
144,	7
145,	0
146,	1
147,	2
148,	7
149,	5
150,	0
151,	7
152,	2
153,	4
154,	3
155,	2
156,	2
157,	5
158,	4
159,	2
160,	1
161,	1
162,	4
163,	4
164,	3
165,	2
166,	5
167,	4
168,	0
169,	3
170,	6
171,	4
172,	4
173,	4
174,	1
175,	9
176,	2
177,	8
178,	5
179,	2
180,	1
181,	3
182,	3
183,	2
184,	0
185,	2
186,	2
187,	1
188,	1
189,	3
190,	7
191,	4
192,	4
193,	0
194,	2
195,	3
196,	2
197,	1
198,	1
199,	4
200,	2
201,	0
202,	5
203,	4
204,	1
205,	1
206,	1
207,	4
208,	6
209,	2
210,	9
211,	0
212,	6
213,	2
214,	3
215,	7
216,	0
217,	4
218,	8
219,	7
220,	5
221,	3
222,	4
223,	3
224,	0
225,	4
226,	5
227,	10
228,	1
229,	1
230,	0
231,	2
232,	0
233,	4
234,	5
235,	3
236,	10
237,	1
238,	0
239,	10
240,	6
241,	0
242,	5
243,	3
244,	3
245,	0
246,	2
247,	7
248,	4
249,	0
250,	3
251,	0
252,	5
253,	0
254,	4
255,	0
256,	4
257,	1
258,	1
259,	0
260,	2
261,	3
262,	6
263,	2
264,	4
265,	2
266,	5
267,	7
268,	7
269,	2
270,	1
271,	2
272,	1
273,	2
274,	10
275,	3
276,	1
277,	6
278,	1
279,	1
280,	6
281,	1
282,	5
283,	3
284,	5
285,	4
286,	0
287,	2
288,	1
289,	5
290,	4
291,	1
292,	6
293,	6
294,	8
295,	1
296,	4
297,	4
298,	3
299,	3
300,	10
301,	0
302,	0
303,	3
304,	1
305,	8
306,	0
307,	5
308,	2
309,	5
310,	6
311,	0
312,	0
313,	7
314,	5
315,	1
316,	4
317,	0
318,	2
319,	1
320,	3
321,	2
322,	4
323,	9
324,	4
325,	5
326,	4
327,	3
328,	6
329,	6
330,	2
331,	6
332,	4
333,	3
334,	8
335,	1
336,	4
337,	7
338,	3
339,	3
340,	4
341,	10
342,	8
343,	2
344,	0
345,	5
346,	4
347,	8
348,	7
349,	6
350,	4
351,	2
352,	9
353,	8
354,	5
355,	5
356,	3
357,	6
358,	3
359,	9
360,	7
361,	3
362,	0
363,	7
364,	8
365,	8
366,	4
367,	5
368,	4
369,	4
370,	1
371,	5
372,	7
373,	6
374,	2
375,	7
376,	6
377,	7
378,	6
379,	3
380,	6
381,	3
382,	2
383,	3
384,	0
385,	3
386,	3
387,	6
388,	5
389,	7
390,	6
391,	0
392,	4
393,	7
394,	9
395,	4
396,	8
397,	6
398,	5
399,	8
400,	3
401,	4
402,	1
403,	6
404,	5
405,	7
406,	5
407,	3
408,	10
409,	9
410,	5
411,	1
412,	6
413,	6
414,	4
415,	11
416,	11
417,	4
418,	9
419,	2
420,	8
421,	7
422,	6
423,	4
424,	5
425,	8
426,	9
427,	6
428,	4
429,	8
430,	9
431,	4
432,	0
433,	1
434,	5
435,	8
436,	7
437,	4
438,	6
439,	7
440,	9
441,	7
442,	8
443,	6
444,	1
445,	5
446,	11
447,	3
448,	5
449,	11
450,	6
451,	7
452,	7
453,	10
454,	4
455,	5
456,	8
457,	11
458,	5
459,	11
460,	9
461,	4
462,	5
463,	6
464,	6
465,	7
466,	7
467,	2
468,	8
469,	5
470,	8
471,	8
472,	6
473,	6
474,	9
475,	10
476,	8
477,	1
478,	6
479,	11
480,	9
481,	4
482,	9
483,	4
484,	7
485,	9
486,	6
487,	9
488,	7
489,	5
490,	6
491,	11
492,	10
493,	10
494,	10
495,	8
496,	10
497,	6
498,	6
499,	2
