Instance: /home/gabriel/Documents/ufrgs/courses/oc/trab/instances/cmb01
Vertices: 500
Colors: 12
NumIterations: 1000
Alpha: 0.850000
Is Factible?: false
Conflicts: 3
Solution Value: 144258.468750
Vertex,	Color
0,	1
1,	0
2,	1
3,	0
4,	7
5,	0
6,	1
7,	3
8,	0
9,	4
10,	1
11,	1
12,	2
13,	1
14,	2
15,	1
16,	2
17,	2
18,	2
19,	2
20,	0
21,	0
22,	1
23,	5
24,	1
25,	0
26,	0
27,	0
28,	3
29,	1
30,	1
31,	0
32,	0
33,	0
34,	4
35,	0
36,	3
37,	5
38,	2
39,	1
40,	1
41,	4
42,	0
43,	1
44,	1
45,	0
46,	0
47,	1
48,	2
49,	1
50,	1
51,	2
52,	1
53,	1
54,	0
55,	0
56,	2
57,	4
58,	1
59,	1
60,	0
61,	2
62,	6
63,	2
64,	3
65,	1
66,	1
67,	2
68,	1
69,	2
70,	7
71,	1
72,	3
73,	0
74,	3
75,	0
76,	2
77,	6
78,	0
79,	4
80,	1
81,	5
82,	8
83,	0
84,	1
85,	1
86,	0
87,	1
88,	3
89,	3
90,	3
91,	1
92,	2
93,	0
94,	4
95,	0
96,	1
97,	1
98,	8
99,	2
100,	4
101,	3
102,	2
103,	5
104,	4
105,	5
106,	2
107,	3
108,	2
109,	0
110,	0
111,	0
112,	1
113,	1
114,	1
115,	4
116,	1
117,	9
118,	3
119,	4
120,	3
121,	6
122,	5
123,	2
124,	6
125,	1
126,	2
127,	6
128,	3
129,	4
130,	0
131,	2
132,	3
133,	1
134,	2
135,	1
136,	3
137,	3
138,	0
139,	1
140,	0
141,	0
142,	5
143,	3
144,	4
145,	3
146,	5
147,	3
148,	6
149,	0
150,	5
151,	3
152,	0
153,	1
154,	2
155,	3
156,	2
157,	0
158,	4
159,	2
160,	2
161,	4
162,	6
163,	5
164,	6
165,	3
166,	0
167,	0
168,	4
169,	3
170,	5
171,	5
172,	2
173,	1
174,	2
175,	1
176,	2
177,	9
178,	7
179,	4
180,	3
181,	3
182,	3
183,	5
184,	2
185,	4
186,	3
187,	0
188,	3
189,	5
190,	7
191,	2
192,	3
193,	2
194,	4
195,	2
196,	2
197,	5
198,	7
199,	2
200,	1
201,	4
202,	4
203,	6
204,	3
205,	2
206,	3
207,	3
208,	3
209,	3
210,	3
211,	2
212,	7
213,	4
214,	11
215,	4
216,	4
217,	2
218,	6
219,	7
220,	7
221,	0
222,	5
223,	3
224,	4
225,	0
226,	4
227,	0
228,	1
229,	4
230,	2
231,	5
232,	5
233,	5
234,	1
235,	9
236,	5
237,	6
238,	3
239,	0
240,	2
241,	1
242,	6
243,	2
244,	7
245,	2
246,	3
247,	5
248,	6
249,	4
250,	3
251,	2
252,	5
253,	6
254,	6
255,	1
256,	4
257,	0
258,	4
259,	2
260,	2
261,	3
262,	5
263,	10
264,	4
265,	1
266,	5
267,	7
268,	6
269,	10
270,	7
271,	5
272,	5
273,	5
274,	8
275,	1
276,	8
277,	7
278,	5
279,	3
280,	0
281,	4
282,	6
283,	5
284,	6
285,	4
286,	1
287,	7
288,	3
289,	4
290,	1
291,	3
292,	6
293,	5
294,	0
295,	1
296,	6
297,	7
298,	3
299,	3
300,	2
301,	2
302,	4
303,	3
304,	5
305,	6
306,	2
307,	7
308,	3
309,	6
310,	5
311,	4
312,	2
313,	7
314,	4
315,	6
316,	7
317,	2
318,	3
319,	2
320,	3
321,	7
322,	4
323,	7
324,	8
325,	5
326,	0
327,	6
328,	6
329,	6
330,	1
331,	6
332,	4
333,	6
334,	8
335,	1
336,	5
337,	8
338,	4
339,	6
340,	4
341,	5
342,	7
343,	9
344,	2
345,	7
346,	6
347,	7
348,	8
349,	6
350,	6
351,	0
352,	9
353,	8
354,	4
355,	4
356,	9
357,	9
358,	5
359,	2
360,	7
361,	5
362,	3
363,	7
364,	8
365,	9
366,	8
367,	4
368,	7
369,	3
370,	7
371,	4
372,	5
373,	4
374,	4
375,	6
376,	8
377,	6
378,	6
379,	3
380,	5
381,	1
382,	3
383,	1
384,	2
385,	6
386,	8
387,	9
388,	8
389,	5
390,	7
391,	5
392,	5
393,	8
394,	10
395,	2
396,	9
397,	10
398,	3
399,	8
400,	7
401,	1
402,	0
403,	4
404,	5
405,	10
406,	7
407,	4
408,	11
409,	10
410,	8
411,	6
412,	8
413,	6
414,	6
415,	10
416,	10
417,	7
418,	9
419,	5
420,	11
421,	6
422,	8
423,	4
424,	9
425,	7
426,	9
427,	6
428,	5
429,	4
430,	9
431,	10
432,	1
433,	6
434,	5
435,	10
436,	5
437,	7
438,	5
439,	7
440,	11
441,	8
442,	11
443,	1
444,	3
445,	8
446,	11
447,	5
448,	4
449,	8
450,	9
451,	3
452,	7
453,	10
454,	4
455,	8
456,	9
457,	10
458,	6
459,	11
460,	10
461,	4
462,	8
463,	9
464,	7
465,	8
466,	9
467,	2
468,	7
469,	3
470,	5
471,	9
472,	7
473,	5
474,	8
475,	10
476,	0
477,	2
478,	8
479,	11
480,	10
481,	4
482,	10
483,	5
484,	8
485,	10
486,	7
487,	7
488,	8
489,	4
490,	5
491,	9
492,	11
493,	9
494,	10
495,	5
496,	10
497,	9
498,	6
499,	9
