Instance: /home/gabriel/Documents/ufrgs/courses/oc/trab/instances/cmb08
Vertices: 4000
Colors: 16
NumIterations: 100000000
Alpha: 0.850000
Is Factible?: false
Conflicts: 1
Solution Value: 972479.875000
Initial Value: 986443.4375000
Initial Conflicts: 6
Vertex,	Color
0,	2
1,	0
2,	1
3,	1
4,	3
5,	2
6,	1
7,	0
8,	4
9,	1
10,	2
11,	0
12,	0
13,	1
14,	1
15,	4
16,	5
17,	0
18,	2
19,	0
20,	6
21,	2
22,	0
23,	0
24,	0
25,	4
26,	1
27,	0
28,	0
29,	0
30,	0
31,	0
32,	2
33,	3
34,	4
35,	0
36,	0
37,	0
38,	0
39,	2
40,	3
41,	2
42,	0
43,	0
44,	1
45,	5
46,	2
47,	0
48,	3
49,	5
50,	0
51,	2
52,	0
53,	4
54,	3
55,	1
56,	1
57,	2
58,	4
59,	3
60,	2
61,	0
62,	0
63,	0
64,	2
65,	8
66,	4
67,	0
68,	0
69,	0
70,	1
71,	1
72,	0
73,	2
74,	1
75,	1
76,	1
77,	2
78,	0
79,	1
80,	2
81,	2
82,	0
83,	2
84,	3
85,	1
86,	1
87,	0
88,	1
89,	5
90,	1
91,	1
92,	0
93,	4
94,	0
95,	0
96,	2
97,	0
98,	2
99,	0
100,	1
101,	1
102,	1
103,	4
104,	0
105,	1
106,	0
107,	1
108,	3
109,	5
110,	7
111,	1
112,	0
113,	1
114,	8
115,	0
116,	0
117,	2
118,	3
119,	1
120,	1
121,	4
122,	0
123,	1
124,	7
125,	2
126,	3
127,	2
128,	1
129,	1
130,	0
131,	0
132,	2
133,	2
134,	1
135,	0
136,	1
137,	1
138,	0
139,	1
140,	0
141,	4
142,	1
143,	0
144,	0
145,	1
146,	0
147,	0
148,	1
149,	3
150,	3
151,	1
152,	1
153,	2
154,	3
155,	5
156,	0
157,	5
158,	1
159,	1
160,	0
161,	6
162,	5
163,	0
164,	2
165,	2
166,	3
167,	0
168,	0
169,	1
170,	2
171,	3
172,	0
173,	0
174,	5
175,	0
176,	1
177,	0
178,	2
179,	0
180,	2
181,	5
182,	0
183,	4
184,	0
185,	2
186,	4
187,	1
188,	6
189,	4
190,	6
191,	2
192,	3
193,	0
194,	2
195,	6
196,	4
197,	0
198,	3
199,	1
200,	0
201,	0
202,	0
203,	7
204,	5
205,	0
206,	0
207,	0
208,	4
209,	2
210,	12
211,	0
212,	1
213,	0
214,	1
215,	0
216,	1
217,	0
218,	0
219,	2
220,	1
221,	3
222,	2
223,	4
224,	1
225,	3
226,	5
227,	4
228,	1
229,	2
230,	2
231,	1
232,	0
233,	4
234,	1
235,	0
236,	1
237,	0
238,	0
239,	5
240,	0
241,	5
242,	0
243,	0
244,	1
245,	0
246,	0
247,	0
248,	3
249,	1
250,	1
251,	2
252,	5
253,	2
254,	3
255,	0
256,	1
257,	3
258,	5
259,	3
260,	2
261,	2
262,	0
263,	2
264,	3
265,	2
266,	1
267,	2
268,	1
269,	3
270,	2
271,	2
272,	0
273,	0
274,	3
275,	1
276,	2
277,	0
278,	0
279,	0
280,	5
281,	1
282,	0
283,	3
284,	0
285,	3
286,	2
287,	1
288,	4
289,	2
290,	1
291,	1
292,	1
293,	5
294,	0
295,	1
296,	3
297,	1
298,	5
299,	10
300,	4
301,	4
302,	1
303,	8
304,	0
305,	0
306,	1
307,	2
308,	0
309,	3
310,	1
311,	1
312,	1
313,	2
314,	5
315,	1
316,	0
317,	2
318,	0
319,	0
320,	0
321,	0
322,	1
323,	1
324,	0
325,	1
326,	1
327,	0
328,	6
329,	0
330,	1
331,	1
332,	1
333,	0
334,	2
335,	2
336,	7
337,	0
338,	5
339,	0
340,	0
341,	1
342,	1
343,	1
344,	2
345,	2
346,	1
347,	1
348,	2
349,	1
350,	4
351,	5
352,	4
353,	3
354,	2
355,	1
356,	4
357,	2
358,	1
359,	1
360,	3
361,	4
362,	4
363,	0
364,	3
365,	2
366,	4
367,	0
368,	1
369,	0
370,	0
371,	1
372,	4
373,	0
374,	1
375,	1
376,	1
377,	0
378,	3
379,	4
380,	2
381,	2
382,	3
383,	3
384,	1
385,	2
386,	4
387,	4
388,	2
389,	0
390,	0
391,	0
392,	7
393,	0
394,	0
395,	5
396,	0
397,	6
398,	0
399,	1
400,	1
401,	1
402,	0
403,	5
404,	0
405,	3
406,	1
407,	1
408,	4
409,	0
410,	0
411,	0
412,	1
413,	5
414,	6
415,	2
416,	2
417,	2
418,	3
419,	1
420,	3
421,	0
422,	1
423,	2
424,	2
425,	0
426,	0
427,	0
428,	4
429,	7
430,	1
431,	3
432,	0
433,	0
434,	1
435,	2
436,	1
437,	2
438,	3
439,	1
440,	1
441,	0
442,	1
443,	2
444,	0
445,	0
446,	1
447,	1
448,	2
449,	2
450,	0
451,	3
452,	2
453,	0
454,	2
455,	6
456,	7
457,	2
458,	1
459,	0
460,	2
461,	0
462,	0
463,	2
464,	3
465,	0
466,	1
467,	3
468,	1
469,	2
470,	4
471,	2
472,	0
473,	7
474,	3
475,	1
476,	0
477,	2
478,	0
479,	3
480,	0
481,	3
482,	2
483,	0
484,	1
485,	1
486,	1
487,	1
488,	4
489,	3
490,	0
491,	0
492,	3
493,	3
494,	4
495,	3
496,	4
497,	1
498,	6
499,	0
500,	1
501,	0
502,	3
503,	0
504,	1
505,	4
506,	0
507,	4
508,	1
509,	3
510,	5
511,	2
512,	2
513,	3
514,	4
515,	2
516,	0
517,	6
518,	0
519,	0
520,	0
521,	1
522,	2
523,	1
524,	0
525,	1
526,	8
527,	0
528,	7
529,	1
530,	0
531,	0
532,	2
533,	0
534,	3
535,	4
536,	1
537,	0
538,	0
539,	4
540,	1
541,	7
542,	2
543,	0
544,	6
545,	3
546,	0
547,	3
548,	2
549,	0
550,	6
551,	5
552,	5
553,	0
554,	0
555,	1
556,	1
557,	2
558,	0
559,	0
560,	2
561,	2
562,	6
563,	4
564,	2
565,	4
566,	7
567,	1
568,	1
569,	0
570,	2
571,	1
572,	0
573,	3
574,	7
575,	1
576,	1
577,	1
578,	2
579,	1
580,	3
581,	3
582,	5
583,	4
584,	9
585,	0
586,	0
587,	4
588,	8
589,	2
590,	4
591,	0
592,	2
593,	2
594,	5
595,	5
596,	1
597,	3
598,	6
599,	4
600,	1
601,	0
602,	0
603,	1
604,	5
605,	1
606,	1
607,	0
608,	2
609,	3
610,	1
611,	2
612,	4
613,	2
614,	3
615,	0
616,	1
617,	12
618,	2
619,	0
620,	3
621,	1
622,	0
623,	1
624,	1
625,	2
626,	0
627,	3
628,	1
629,	3
630,	2
631,	1
632,	1
633,	4
634,	0
635,	3
636,	0
637,	0
638,	3
639,	4
640,	1
641,	4
642,	1
643,	1
644,	0
645,	4
646,	4
647,	0
648,	1
649,	2
650,	3
651,	0
652,	2
653,	3
654,	3
655,	2
656,	1
657,	1
658,	2
659,	6
660,	0
661,	3
662,	0
663,	0
664,	4
665,	4
666,	2
667,	3
668,	2
669,	5
670,	3
671,	2
672,	1
673,	1
674,	0
675,	4
676,	3
677,	5
678,	3
679,	2
680,	7
681,	4
682,	1
683,	2
684,	1
685,	0
686,	1
687,	6
688,	7
689,	0
690,	4
691,	4
692,	0
693,	0
694,	3
695,	2
696,	4
697,	5
698,	2
699,	0
700,	2
701,	0
702,	4
703,	3
704,	1
705,	3
706,	0
707,	0
708,	1
709,	0
710,	4
711,	4
712,	7
713,	2
714,	4
715,	1
716,	13
717,	0
718,	6
719,	7
720,	2
721,	0
722,	2
723,	0
724,	7
725,	0
726,	3
727,	1
728,	2
729,	3
730,	0
731,	5
732,	4
733,	1
734,	4
735,	1
736,	3
737,	3
738,	0
739,	0
740,	0
741,	3
742,	3
743,	4
744,	2
745,	4
746,	4
747,	0
748,	2
749,	2
750,	4
751,	0
752,	2
753,	1
754,	4
755,	2
756,	2
757,	0
758,	4
759,	0
760,	5
761,	3
762,	2
763,	4
764,	6
765,	7
766,	3
767,	4
768,	3
769,	1
770,	3
771,	2
772,	2
773,	5
774,	3
775,	6
776,	0
777,	5
778,	4
779,	8
780,	1
781,	3
782,	2
783,	4
784,	2
785,	1
786,	2
787,	1
788,	1
789,	6
790,	2
791,	1
792,	1
793,	4
794,	3
795,	0
796,	2
797,	2
798,	0
799,	0
800,	3
801,	0
802,	5
803,	2
804,	0
805,	0
806,	0
807,	1
808,	3
809,	0
810,	3
811,	6
812,	3
813,	3
814,	0
815,	2
816,	1
817,	2
818,	1
819,	0
820,	2
821,	0
822,	2
823,	0
824,	3
825,	1
826,	1
827,	0
828,	3
829,	1
830,	1
831,	3
832,	0
833,	6
834,	4
835,	5
836,	3
837,	1
838,	1
839,	2
840,	3
841,	1
842,	2
843,	2
844,	2
845,	0
846,	2
847,	0
848,	2
849,	0
850,	3
851,	3
852,	1
853,	5
854,	4
855,	8
856,	0
857,	2
858,	4
859,	3
860,	3
861,	0
862,	3
863,	3
864,	4
865,	3
866,	2
867,	4
868,	3
869,	1
870,	5
871,	5
872,	9
873,	7
874,	2
875,	1
876,	0
877,	0
878,	1
879,	4
880,	0
881,	4
882,	0
883,	5
884,	8
885,	1
886,	4
887,	2
888,	3
889,	5
890,	7
891,	1
892,	6
893,	5
894,	5
895,	1
896,	5
897,	7
898,	4
899,	5
900,	1
901,	3
902,	1
903,	3
904,	1
905,	2
906,	0
907,	1
908,	3
909,	6
910,	1
911,	0
912,	2
913,	7
914,	3
915,	0
916,	1
917,	4
918,	2
919,	5
920,	2
921,	6
922,	5
923,	0
924,	2
925,	4
926,	3
927,	0
928,	3
929,	4
930,	0
931,	8
932,	4
933,	3
934,	0
935,	4
936,	1
937,	0
938,	0
939,	0
940,	2
941,	2
942,	6
943,	3
944,	1
945,	0
946,	4
947,	5
948,	3
949,	3
950,	4
951,	0
952,	2
953,	4
954,	4
955,	5
956,	4
957,	0
958,	1
959,	2
960,	0
961,	2
962,	2
963,	4
964,	2
965,	0
966,	4
967,	1
968,	3
969,	0
970,	2
971,	7
972,	2
973,	4
974,	5
975,	1
976,	3
977,	0
978,	5
979,	0
980,	7
981,	2
982,	0
983,	1
984,	3
985,	6
986,	8
987,	10
988,	1
989,	2
990,	2
991,	6
992,	3
993,	0
994,	3
995,	6
996,	5
997,	4
998,	0
999,	5
1000,	2
1001,	9
1002,	8
1003,	5
1004,	0
1005,	6
1006,	4
1007,	1
1008,	2
1009,	2
1010,	1
1011,	3
1012,	6
1013,	0
1014,	3
1015,	6
1016,	1
1017,	0
1018,	2
1019,	3
1020,	10
1021,	4
1022,	3
1023,	2
1024,	5
1025,	2
1026,	0
1027,	1
1028,	4
1029,	6
1030,	3
1031,	1
1032,	5
1033,	3
1034,	6
1035,	1
1036,	5
1037,	2
1038,	4
1039,	0
1040,	2
1041,	3
1042,	6
1043,	1
1044,	2
1045,	4
1046,	2
1047,	1
1048,	1
1049,	2
1050,	0
1051,	6
1052,	1
1053,	4
1054,	1
1055,	5
1056,	2
1057,	2
1058,	2
1059,	4
1060,	4
1061,	2
1062,	4
1063,	3
1064,	4
1065,	2
1066,	0
1067,	6
1068,	5
1069,	1
1070,	2
1071,	0
1072,	3
1073,	1
1074,	5
1075,	6
1076,	0
1077,	0
1078,	0
1079,	1
1080,	1
1081,	1
1082,	1
1083,	1
1084,	6
1085,	3
1086,	0
1087,	3
1088,	3
1089,	4
1090,	0
1091,	1
1092,	2
1093,	1
1094,	0
1095,	1
1096,	2
1097,	0
1098,	1
1099,	4
1100,	6
1101,	6
1102,	2
1103,	0
1104,	2
1105,	7
1106,	0
1107,	2
1108,	4
1109,	0
1110,	1
1111,	2
1112,	0
1113,	6
1114,	6
1115,	2
1116,	2
1117,	4
1118,	4
1119,	3
1120,	6
1121,	1
1122,	6
1123,	1
1124,	1
1125,	5
1126,	0
1127,	2
1128,	0
1129,	2
1130,	4
1131,	2
1132,	7
1133,	1
1134,	7
1135,	1
1136,	3
1137,	2
1138,	1
1139,	0
1140,	5
1141,	3
1142,	5
1143,	0
1144,	2
1145,	0
1146,	3
1147,	4
1148,	1
1149,	8
1150,	5
1151,	0
1152,	2
1153,	1
1154,	3
1155,	5
1156,	4
1157,	8
1158,	4
1159,	7
1160,	2
1161,	6
1162,	0
1163,	3
1164,	3
1165,	0
1166,	2
1167,	7
1168,	2
1169,	1
1170,	5
1171,	1
1172,	4
1173,	0
1174,	4
1175,	3
1176,	1
1177,	0
1178,	2
1179,	4
1180,	3
1181,	6
1182,	1
1183,	1
1184,	4
1185,	6
1186,	4
1187,	4
1188,	4
1189,	1
1190,	6
1191,	5
1192,	6
1193,	7
1194,	1
1195,	0
1196,	0
1197,	2
1198,	5
1199,	0
1200,	2
1201,	5
1202,	4
1203,	5
1204,	1
1205,	3
1206,	3
1207,	4
1208,	3
1209,	5
1210,	4
1211,	1
1212,	2
1213,	5
1214,	4
1215,	3
1216,	1
1217,	0
1218,	5
1219,	0
1220,	0
1221,	3
1222,	2
1223,	1
1224,	1
1225,	2
1226,	5
1227,	1
1228,	5
1229,	1
1230,	1
1231,	6
1232,	1
1233,	2
1234,	2
1235,	9
1236,	0
1237,	3
1238,	4
1239,	5
1240,	3
1241,	1
1242,	5
1243,	2
1244,	0
1245,	4
1246,	7
1247,	4
1248,	9
1249,	5
1250,	0
1251,	7
1252,	4
1253,	0
1254,	5
1255,	1
1256,	1
1257,	1
1258,	2
1259,	1
1260,	2
1261,	5
1262,	3
1263,	6
1264,	2
1265,	7
1266,	3
1267,	7
1268,	3
1269,	1
1270,	5
1271,	6
1272,	2
1273,	3
1274,	2
1275,	3
1276,	2
1277,	2
1278,	1
1279,	6
1280,	5
1281,	0
1282,	6
1283,	3
1284,	2
1285,	0
1286,	2
1287,	5
1288,	2
1289,	6
1290,	1
1291,	3
1292,	2
1293,	6
1294,	1
1295,	6
1296,	7
1297,	0
1298,	0
1299,	1
1300,	0
1301,	2
1302,	5
1303,	4
1304,	2
1305,	1
1306,	1
1307,	3
1308,	0
1309,	3
1310,	3
1311,	0
1312,	8
1313,	5
1314,	3
1315,	5
1316,	7
1317,	7
1318,	4
1319,	1
1320,	5
1321,	3
1322,	3
1323,	2
1324,	4
1325,	3
1326,	5
1327,	5
1328,	2
1329,	1
1330,	3
1331,	6
1332,	9
1333,	0
1334,	7
1335,	2
1336,	7
1337,	2
1338,	5
1339,	3
1340,	3
1341,	1
1342,	3
1343,	6
1344,	6
1345,	3
1346,	0
1347,	2
1348,	4
1349,	0
1350,	1
1351,	2
1352,	3
1353,	3
1354,	4
1355,	0
1356,	0
1357,	0
1358,	8
1359,	4
1360,	5
1361,	1
1362,	4
1363,	1
1364,	0
1365,	3
1366,	0
1367,	2
1368,	4
1369,	9
1370,	4
1371,	1
1372,	6
1373,	3
1374,	7
1375,	7
1376,	2
1377,	2
1378,	6
1379,	5
1380,	3
1381,	6
1382,	0
1383,	4
1384,	4
1385,	4
1386,	6
1387,	6
1388,	3
1389,	3
1390,	3
1391,	4
1392,	7
1393,	5
1394,	6
1395,	3
1396,	4
1397,	3
1398,	6
1399,	0
1400,	6
1401,	5
1402,	1
1403,	1
1404,	1
1405,	3
1406,	5
1407,	1
1408,	2
1409,	6
1410,	2
1411,	0
1412,	6
1413,	0
1414,	5
1415,	4
1416,	3
1417,	4
1418,	5
1419,	8
1420,	2
1421,	2
1422,	1
1423,	7
1424,	4
1425,	5
1426,	5
1427,	7
1428,	0
1429,	4
1430,	4
1431,	6
1432,	1
1433,	3
1434,	4
1435,	1
1436,	0
1437,	5
1438,	5
1439,	2
1440,	5
1441,	5
1442,	1
1443,	2
1444,	6
1445,	1
1446,	7
1447,	6
1448,	0
1449,	5
1450,	2
1451,	7
1452,	1
1453,	1
1454,	1
1455,	0
1456,	4
1457,	9
1458,	1
1459,	0
1460,	9
1461,	6
1462,	4
1463,	8
1464,	4
1465,	7
1466,	2
1467,	4
1468,	2
1469,	4
1470,	2
1471,	5
1472,	1
1473,	1
1474,	2
1475,	0
1476,	4
1477,	3
1478,	3
1479,	7
1480,	2
1481,	4
1482,	4
1483,	0
1484,	2
1485,	0
1486,	3
1487,	7
1488,	1
1489,	0
1490,	6
1491,	6
1492,	4
1493,	3
1494,	5
1495,	5
1496,	0
1497,	5
1498,	4
1499,	3
1500,	4
1501,	5
1502,	0
1503,	5
1504,	4
1505,	6
1506,	5
1507,	7
1508,	6
1509,	1
1510,	4
1511,	6
1512,	5
1513,	7
1514,	7
1515,	0
1516,	1
1517,	4
1518,	2
1519,	0
1520,	3
1521,	6
1522,	4
1523,	4
1524,	7
1525,	1
1526,	0
1527,	5
1528,	7
1529,	6
1530,	5
1531,	3
1532,	2
1533,	6
1534,	3
1535,	2
1536,	4
1537,	2
1538,	1
1539,	4
1540,	4
1541,	7
1542,	7
1543,	3
1544,	2
1545,	7
1546,	3
1547,	1
1548,	4
1549,	4
1550,	0
1551,	3
1552,	2
1553,	6
1554,	4
1555,	2
1556,	4
1557,	4
1558,	8
1559,	2
1560,	7
1561,	1
1562,	2
1563,	6
1564,	6
1565,	4
1566,	5
1567,	3
1568,	8
1569,	4
1570,	7
1571,	3
1572,	8
1573,	3
1574,	4
1575,	5
1576,	3
1577,	0
1578,	3
1579,	3
1580,	3
1581,	1
1582,	0
1583,	6
1584,	6
1585,	4
1586,	2
1587,	2
1588,	4
1589,	3
1590,	5
1591,	5
1592,	6
1593,	1
1594,	2
1595,	6
1596,	6
1597,	0
1598,	7
1599,	3
1600,	1
1601,	4
1602,	3
1603,	5
1604,	2
1605,	6
1606,	3
1607,	6
1608,	4
1609,	3
1610,	2
1611,	5
1612,	2
1613,	8
1614,	3
1615,	4
1616,	5
1617,	5
1618,	4
1619,	6
1620,	8
1621,	4
1622,	3
1623,	9
1624,	1
1625,	5
1626,	3
1627,	1
1628,	2
1629,	3
1630,	1
1631,	0
1632,	8
1633,	5
1634,	2
1635,	1
1636,	1
1637,	8
1638,	5
1639,	3
1640,	7
1641,	5
1642,	8
1643,	2
1644,	1
1645,	2
1646,	9
1647,	5
1648,	7
1649,	5
1650,	6
1651,	5
1652,	1
1653,	6
1654,	5
1655,	0
1656,	4
1657,	2
1658,	4
1659,	1
1660,	4
1661,	4
1662,	3
1663,	3
1664,	0
1665,	5
1666,	3
1667,	2
1668,	5
1669,	6
1670,	2
1671,	2
1672,	7
1673,	7
1674,	5
1675,	2
1676,	6
1677,	5
1678,	5
1679,	8
1680,	6
1681,	4
1682,	10
1683,	0
1684,	3
1685,	1
1686,	3
1687,	2
1688,	2
1689,	1
1690,	4
1691,	5
1692,	2
1693,	3
1694,	5
1695,	8
1696,	3
1697,	5
1698,	1
1699,	0
1700,	0
1701,	7
1702,	5
1703,	3
1704,	5
1705,	1
1706,	2
1707,	10
1708,	4
1709,	2
1710,	9
1711,	6
1712,	5
1713,	3
1714,	1
1715,	6
1716,	7
1717,	10
1718,	9
1719,	3
1720,	7
1721,	2
1722,	4
1723,	3
1724,	6
1725,	5
1726,	4
1727,	3
1728,	3
1729,	2
1730,	4
1731,	5
1732,	6
1733,	2
1734,	5
1735,	7
1736,	5
1737,	0
1738,	8
1739,	4
1740,	3
1741,	6
1742,	0
1743,	0
1744,	3
1745,	3
1746,	5
1747,	5
1748,	2
1749,	2
1750,	2
1751,	5
1752,	9
1753,	6
1754,	5
1755,	3
1756,	4
1757,	4
1758,	2
1759,	2
1760,	7
1761,	1
1762,	3
1763,	4
1764,	6
1765,	7
1766,	0
1767,	9
1768,	5
1769,	6
1770,	4
1771,	5
1772,	4
1773,	6
1774,	6
1775,	7
1776,	1
1777,	1
1778,	0
1779,	1
1780,	2
1781,	1
1782,	6
1783,	7
1784,	5
1785,	4
1786,	4
1787,	6
1788,	6
1789,	0
1790,	6
1791,	5
1792,	9
1793,	1
1794,	9
1795,	1
1796,	7
1797,	9
1798,	2
1799,	9
1800,	5
1801,	4
1802,	2
1803,	5
1804,	6
1805,	2
1806,	4
1807,	6
1808,	8
1809,	4
1810,	4
1811,	9
1812,	2
1813,	3
1814,	5
1815,	2
1816,	5
1817,	6
1818,	8
1819,	0
1820,	1
1821,	2
1822,	3
1823,	8
1824,	4
1825,	5
1826,	6
1827,	9
1828,	4
1829,	6
1830,	3
1831,	5
1832,	4
1833,	6
1834,	3
1835,	4
1836,	1
1837,	7
1838,	5
1839,	5
1840,	2
1841,	5
1842,	3
1843,	8
1844,	4
1845,	4
1846,	7
1847,	6
1848,	5
1849,	6
1850,	4
1851,	3
1852,	5
1853,	4
1854,	4
1855,	3
1856,	2
1857,	7
1858,	3
1859,	2
1860,	2
1861,	0
1862,	5
1863,	3
1864,	6
1865,	10
1866,	6
1867,	2
1868,	3
1869,	1
1870,	2
1871,	9
1872,	3
1873,	5
1874,	6
1875,	5
1876,	4
1877,	5
1878,	0
1879,	6
1880,	10
1881,	3
1882,	1
1883,	1
1884,	8
1885,	4
1886,	6
1887,	1
1888,	8
1889,	7
1890,	0
1891,	6
1892,	6
1893,	7
1894,	7
1895,	8
1896,	5
1897,	2
1898,	3
1899,	9
1900,	6
1901,	8
1902,	0
1903,	2
1904,	3
1905,	5
1906,	1
1907,	2
1908,	1
1909,	3
1910,	1
1911,	7
1912,	4
1913,	1
1914,	4
1915,	7
1916,	5
1917,	8
1918,	3
1919,	2
1920,	4
1921,	3
1922,	2
1923,	9
1924,	5
1925,	7
1926,	3
1927,	3
1928,	1
1929,	6
1930,	4
1931,	7
1932,	5
1933,	4
1934,	3
1935,	3
1936,	4
1937,	8
1938,	5
1939,	6
1940,	7
1941,	9
1942,	6
1943,	3
1944,	4
1945,	1
1946,	4
1947,	1
1948,	7
1949,	5
1950,	3
1951,	6
1952,	1
1953,	5
1954,	7
1955,	6
1956,	7
1957,	6
1958,	5
1959,	8
1960,	2
1961,	5
1962,	0
1963,	3
1964,	4
1965,	6
1966,	10
1967,	4
1968,	2
1969,	4
1970,	7
1971,	7
1972,	5
1973,	4
1974,	6
1975,	5
1976,	1
1977,	2
1978,	9
1979,	8
1980,	1
1981,	7
1982,	9
1983,	4
1984,	6
1985,	1
1986,	7
1987,	6
1988,	6
1989,	3
1990,	3
1991,	3
1992,	10
1993,	0
1994,	7
1995,	6
1996,	7
1997,	4
1998,	0
1999,	4
2000,	3
2001,	6
2002,	5
2003,	3
2004,	5
2005,	0
2006,	1
2007,	5
2008,	5
2009,	1
2010,	2
2011,	3
2012,	7
2013,	7
2014,	0
2015,	1
2016,	5
2017,	7
2018,	3
2019,	1
2020,	7
2021,	6
2022,	8
2023,	8
2024,	8
2025,	4
2026,	6
2027,	5
2028,	6
2029,	5
2030,	4
2031,	8
2032,	0
2033,	7
2034,	8
2035,	3
2036,	10
2037,	4
2038,	1
2039,	6
2040,	6
2041,	2
2042,	2
2043,	6
2044,	5
2045,	6
2046,	0
2047,	3
2048,	6
2049,	6
2050,	6
2051,	5
2052,	10
2053,	6
2054,	7
2055,	8
2056,	9
2057,	4
2058,	1
2059,	8
2060,	3
2061,	6
2062,	5
2063,	5
2064,	2
2065,	2
2066,	4
2067,	7
2068,	6
2069,	3
2070,	6
2071,	8
2072,	9
2073,	5
2074,	8
2075,	7
2076,	3
2077,	2
2078,	10
2079,	2
2080,	8
2081,	5
2082,	6
2083,	9
2084,	9
2085,	6
2086,	9
2087,	9
2088,	2
2089,	3
2090,	3
2091,	4
2092,	7
2093,	1
2094,	5
2095,	10
2096,	2
2097,	8
2098,	10
2099,	5
2100,	4
2101,	5
2102,	9
2103,	4
2104,	6
2105,	2
2106,	7
2107,	8
2108,	9
2109,	7
2110,	6
2111,	3
2112,	3
2113,	9
2114,	3
2115,	3
2116,	7
2117,	7
2118,	4
2119,	9
2120,	1
2121,	9
2122,	8
2123,	7
2124,	3
2125,	1
2126,	7
2127,	2
2128,	6
2129,	8
2130,	4
2131,	9
2132,	7
2133,	5
2134,	6
2135,	3
2136,	9
2137,	3
2138,	0
2139,	0
2140,	6
2141,	7
2142,	8
2143,	6
2144,	6
2145,	3
2146,	8
2147,	8
2148,	7
2149,	8
2150,	7
2151,	3
2152,	5
2153,	2
2154,	9
2155,	0
2156,	5
2157,	8
2158,	3
2159,	8
2160,	6
2161,	1
2162,	10
2163,	4
2164,	4
2165,	4
2166,	8
2167,	5
2168,	3
2169,	5
2170,	7
2171,	7
2172,	4
2173,	8
2174,	4
2175,	1
2176,	4
2177,	9
2178,	0
2179,	7
2180,	2
2181,	8
2182,	5
2183,	6
2184,	6
2185,	6
2186,	7
2187,	9
2188,	2
2189,	5
2190,	8
2191,	3
2192,	7
2193,	5
2194,	2
2195,	8
2196,	5
2197,	10
2198,	4
2199,	8
2200,	5
2201,	2
2202,	2
2203,	9
2204,	8
2205,	8
2206,	10
2207,	5
2208,	5
2209,	0
2210,	7
2211,	2
2212,	6
2213,	3
2214,	11
2215,	0
2216,	6
2217,	8
2218,	9
2219,	5
2220,	2
2221,	0
2222,	7
2223,	7
2224,	3
2225,	5
2226,	4
2227,	5
2228,	9
2229,	4
2230,	8
2231,	9
2232,	2
2233,	6
2234,	8
2235,	7
2236,	2
2237,	4
2238,	3
2239,	8
2240,	8
2241,	10
2242,	11
2243,	10
2244,	4
2245,	8
2246,	2
2247,	7
2248,	6
2249,	7
2250,	6
2251,	5
2252,	7
2253,	2
2254,	6
2255,	3
2256,	6
2257,	1
2258,	7
2259,	2
2260,	4
2261,	0
2262,	2
2263,	5
2264,	9
2265,	5
2266,	7
2267,	0
2268,	7
2269,	10
2270,	1
2271,	7
2272,	12
2273,	7
2274,	5
2275,	3
2276,	10
2277,	5
2278,	4
2279,	8
2280,	2
2281,	3
2282,	4
2283,	8
2284,	3
2285,	2
2286,	5
2287,	9
2288,	7
2289,	6
2290,	7
2291,	6
2292,	7
2293,	6
2294,	9
2295,	7
2296,	5
2297,	4
2298,	9
2299,	3
2300,	3
2301,	7
2302,	6
2303,	4
2304,	4
2305,	9
2306,	7
2307,	0
2308,	2
2309,	2
2310,	11
2311,	2
2312,	6
2313,	9
2314,	5
2315,	7
2316,	2
2317,	6
2318,	8
2319,	10
2320,	9
2321,	3
2322,	8
2323,	10
2324,	7
2325,	9
2326,	5
2327,	9
2328,	6
2329,	8
2330,	5
2331,	4
2332,	4
2333,	8
2334,	11
2335,	8
2336,	3
2337,	4
2338,	5
2339,	3
2340,	3
2341,	7
2342,	4
2343,	9
2344,	4
2345,	9
2346,	12
2347,	5
2348,	2
2349,	3
2350,	2
2351,	2
2352,	6
2353,	1
2354,	3
2355,	6
2356,	4
2357,	8
2358,	5
2359,	2
2360,	9
2361,	7
2362,	8
2363,	9
2364,	3
2365,	2
2366,	9
2367,	8
2368,	5
2369,	5
2370,	5
2371,	1
2372,	1
2373,	2
2374,	3
2375,	4
2376,	3
2377,	9
2378,	5
2379,	6
2380,	5
2381,	6
2382,	3
2383,	8
2384,	7
2385,	6
2386,	8
2387,	4
2388,	7
2389,	4
2390,	5
2391,	6
2392,	5
2393,	3
2394,	7
2395,	6
2396,	8
2397,	3
2398,	7
2399,	4
2400,	5
2401,	5
2402,	9
2403,	7
2404,	6
2405,	7
2406,	8
2407,	5
2408,	8
2409,	1
2410,	5
2411,	6
2412,	5
2413,	5
2414,	5
2415,	7
2416,	11
2417,	6
2418,	10
2419,	7
2420,	4
2421,	7
2422,	11
2423,	4
2424,	6
2425,	4
2426,	9
2427,	8
2428,	8
2429,	4
2430,	6
2431,	6
2432,	7
2433,	5
2434,	1
2435,	11
2436,	10
2437,	9
2438,	7
2439,	12
2440,	6
2441,	7
2442,	4
2443,	7
2444,	9
2445,	10
2446,	7
2447,	5
2448,	8
2449,	5
2450,	11
2451,	0
2452,	4
2453,	2
2454,	10
2455,	9
2456,	3
2457,	10
2458,	8
2459,	2
2460,	2
2461,	6
2462,	3
2463,	5
2464,	3
2465,	8
2466,	11
2467,	7
2468,	6
2469,	7
2470,	4
2471,	4
2472,	10
2473,	10
2474,	4
2475,	4
2476,	9
2477,	11
2478,	6
2479,	5
2480,	8
2481,	6
2482,	3
2483,	8
2484,	7
2485,	10
2486,	8
2487,	5
2488,	6
2489,	9
2490,	2
2491,	8
2492,	5
2493,	2
2494,	7
2495,	8
2496,	10
2497,	4
2498,	5
2499,	10
2500,	4
2501,	0
2502,	5
2503,	11
2504,	10
2505,	4
2506,	4
2507,	8
2508,	3
2509,	9
2510,	4
2511,	3
2512,	4
2513,	8
2514,	11
2515,	11
2516,	10
2517,	8
2518,	10
2519,	3
2520,	9
2521,	6
2522,	4
2523,	10
2524,	6
2525,	1
2526,	7
2527,	4
2528,	6
2529,	8
2530,	10
2531,	4
2532,	9
2533,	8
2534,	4
2535,	8
2536,	3
2537,	7
2538,	4
2539,	4
2540,	4
2541,	4
2542,	0
2543,	5
2544,	3
2545,	9
2546,	7
2547,	6
2548,	14
2549,	5
2550,	2
2551,	7
2552,	10
2553,	8
2554,	1
2555,	4
2556,	8
2557,	9
2558,	10
2559,	7
2560,	8
2561,	12
2562,	11
2563,	10
2564,	2
2565,	6
2566,	6
2567,	8
2568,	8
2569,	4
2570,	4
2571,	5
2572,	6
2573,	7
2574,	3
2575,	5
2576,	9
2577,	6
2578,	4
2579,	7
2580,	7
2581,	7
2582,	3
2583,	8
2584,	9
2585,	9
2586,	8
2587,	6
2588,	9
2589,	6
2590,	7
2591,	5
2592,	9
2593,	11
2594,	8
2595,	6
2596,	10
2597,	5
2598,	6
2599,	6
2600,	8
2601,	6
2602,	7
2603,	8
2604,	4
2605,	3
2606,	5
2607,	4
2608,	13
2609,	4
2610,	7
2611,	7
2612,	3
2613,	4
2614,	11
2615,	2
2616,	10
2617,	9
2618,	4
2619,	13
2620,	8
2621,	9
2622,	3
2623,	10
2624,	13
2625,	6
2626,	5
2627,	5
2628,	7
2629,	4
2630,	7
2631,	4
2632,	11
2633,	5
2634,	9
2635,	1
2636,	6
2637,	7
2638,	5
2639,	3
2640,	4
2641,	10
2642,	5
2643,	7
2644,	9
2645,	8
2646,	7
2647,	5
2648,	0
2649,	10
2650,	2
2651,	9
2652,	4
2653,	5
2654,	2
2655,	5
2656,	5
2657,	7
2658,	12
2659,	4
2660,	2
2661,	7
2662,	8
2663,	9
2664,	8
2665,	5
2666,	5
2667,	7
2668,	12
2669,	9
2670,	8
2671,	3
2672,	8
2673,	7
2674,	6
2675,	8
2676,	9
2677,	7
2678,	10
2679,	7
2680,	5
2681,	8
2682,	12
2683,	0
2684,	8
2685,	7
2686,	8
2687,	0
2688,	9
2689,	6
2690,	3
2691,	4
2692,	5
2693,	1
2694,	8
2695,	4
2696,	4
2697,	9
2698,	6
2699,	8
2700,	6
2701,	8
2702,	7
2703,	11
2704,	5
2705,	7
2706,	8
2707,	9
2708,	1
2709,	9
2710,	9
2711,	6
2712,	5
2713,	10
2714,	4
2715,	1
2716,	1
2717,	9
2718,	8
2719,	4
2720,	7
2721,	2
2722,	7
2723,	10
2724,	8
2725,	6
2726,	9
2727,	11
2728,	6
2729,	2
2730,	3
2731,	5
2732,	10
2733,	2
2734,	9
2735,	12
2736,	7
2737,	6
2738,	5
2739,	6
2740,	8
2741,	10
2742,	6
2743,	9
2744,	6
2745,	5
2746,	7
2747,	9
2748,	7
2749,	2
2750,	6
2751,	12
2752,	4
2753,	8
2754,	9
2755,	8
2756,	5
2757,	9
2758,	7
2759,	11
2760,	5
2761,	3
2762,	1
2763,	2
2764,	10
2765,	6
2766,	7
2767,	7
2768,	4
2769,	3
2770,	7
2771,	8
2772,	11
2773,	8
2774,	5
2775,	8
2776,	10
2777,	8
2778,	8
2779,	2
2780,	4
2781,	8
2782,	10
2783,	8
2784,	4
2785,	9
2786,	9
2787,	2
2788,	1
2789,	9
2790,	1
2791,	7
2792,	8
2793,	9
2794,	7
2795,	6
2796,	9
2797,	11
2798,	7
2799,	12
2800,	6
2801,	7
2802,	2
2803,	3
2804,	9
2805,	9
2806,	6
2807,	10
2808,	3
2809,	5
2810,	3
2811,	9
2812,	11
2813,	3
2814,	10
2815,	5
2816,	9
2817,	10
2818,	5
2819,	11
2820,	9
2821,	9
2822,	2
2823,	8
2824,	8
2825,	11
2826,	8
2827,	2
2828,	5
2829,	11
2830,	11
2831,	5
2832,	9
2833,	9
2834,	3
2835,	10
2836,	12
2837,	6
2838,	11
2839,	9
2840,	8
2841,	8
2842,	10
2843,	8
2844,	8
2845,	2
2846,	9
2847,	6
2848,	10
2849,	7
2850,	6
2851,	4
2852,	8
2853,	5
2854,	1
2855,	10
2856,	11
2857,	9
2858,	6
2859,	1
2860,	11
2861,	5
2862,	12
2863,	8
2864,	10
2865,	2
2866,	7
2867,	6
2868,	8
2869,	5
2870,	10
2871,	7
2872,	4
2873,	8
2874,	8
2875,	5
2876,	8
2877,	1
2878,	4
2879,	8
2880,	0
2881,	6
2882,	10
2883,	6
2884,	4
2885,	10
2886,	4
2887,	5
2888,	3
2889,	6
2890,	8
2891,	7
2892,	13
2893,	1
2894,	3
2895,	3
2896,	6
2897,	9
2898,	4
2899,	9
2900,	10
2901,	10
2902,	10
2903,	9
2904,	6
2905,	12
2906,	8
2907,	4
2908,	9
2909,	6
2910,	4
2911,	6
2912,	7
2913,	7
2914,	6
2915,	13
2916,	10
2917,	4
2918,	5
2919,	6
2920,	7
2921,	9
2922,	7
2923,	9
2924,	3
2925,	8
2926,	4
2927,	9
2928,	9
2929,	4
2930,	4
2931,	1
2932,	10
2933,	7
2934,	9
2935,	7
2936,	9
2937,	3
2938,	12
2939,	10
2940,	4
2941,	10
2942,	10
2943,	2
2944,	3
2945,	8
2946,	11
2947,	9
2948,	7
2949,	2
2950,	7
2951,	6
2952,	8
2953,	11
2954,	4
2955,	10
2956,	9
2957,	7
2958,	7
2959,	5
2960,	8
2961,	8
2962,	2
2963,	6
2964,	9
2965,	3
2966,	11
2967,	5
2968,	0
2969,	11
2970,	7
2971,	5
2972,	5
2973,	10
2974,	7
2975,	6
2976,	10
2977,	8
2978,	6
2979,	4
2980,	10
2981,	6
2982,	10
2983,	5
2984,	6
2985,	9
2986,	9
2987,	9
2988,	4
2989,	8
2990,	11
2991,	9
2992,	11
2993,	3
2994,	10
2995,	8
2996,	1
2997,	3
2998,	8
2999,	10
3000,	11
3001,	7
3002,	9
3003,	12
3004,	6
3005,	1
3006,	7
3007,	10
3008,	10
3009,	8
3010,	6
3011,	12
3012,	10
3013,	10
3014,	3
3015,	4
3016,	2
3017,	7
3018,	4
3019,	7
3020,	4
3021,	6
3022,	11
3023,	7
3024,	7
3025,	10
3026,	1
3027,	12
3028,	2
3029,	4
3030,	8
3031,	8
3032,	6
3033,	7
3034,	11
3035,	7
3036,	8
3037,	8
3038,	7
3039,	7
3040,	5
3041,	6
3042,	13
3043,	0
3044,	5
3045,	6
3046,	7
3047,	13
3048,	5
3049,	1
3050,	7
3051,	9
3052,	5
3053,	6
3054,	12
3055,	7
3056,	9
3057,	10
3058,	9
3059,	1
3060,	8
3061,	12
3062,	7
3063,	9
3064,	10
3065,	10
3066,	11
3067,	8
3068,	7
3069,	5
3070,	6
3071,	12
3072,	12
3073,	3
3074,	7
3075,	8
3076,	0
3077,	8
3078,	5
3079,	2
3080,	9
3081,	5
3082,	5
3083,	7
3084,	9
3085,	6
3086,	11
3087,	8
3088,	5
3089,	6
3090,	12
3091,	11
3092,	9
3093,	13
3094,	12
3095,	10
3096,	12
3097,	5
3098,	7
3099,	9
3100,	7
3101,	8
3102,	11
3103,	5
3104,	8
3105,	2
3106,	9
3107,	1
3108,	6
3109,	3
3110,	13
3111,	8
3112,	9
3113,	8
3114,	11
3115,	8
3116,	8
3117,	10
3118,	4
3119,	9
3120,	10
3121,	12
3122,	8
3123,	9
3124,	12
3125,	8
3126,	6
3127,	9
3128,	9
3129,	3
3130,	3
3131,	8
3132,	9
3133,	5
3134,	11
3135,	10
3136,	11
3137,	14
3138,	11
3139,	9
3140,	3
3141,	3
3142,	8
3143,	6
3144,	8
3145,	7
3146,	3
3147,	6
3148,	9
3149,	10
3150,	5
3151,	7
3152,	10
3153,	9
3154,	6
3155,	3
3156,	5
3157,	10
3158,	10
3159,	1
3160,	11
3161,	10
3162,	6
3163,	10
3164,	10
3165,	5
3166,	7
3167,	11
3168,	9
3169,	7
3170,	9
3171,	9
3172,	11
3173,	7
3174,	13
3175,	9
3176,	5
3177,	9
3178,	4
3179,	10
3180,	6
3181,	10
3182,	8
3183,	11
3184,	12
3185,	9
3186,	11
3187,	9
3188,	11
3189,	8
3190,	9
3191,	9
3192,	7
3193,	9
3194,	12
3195,	9
3196,	9
3197,	5
3198,	9
3199,	2
3200,	8
3201,	12
3202,	5
3203,	7
3204,	7
3205,	13
3206,	4
3207,	3
3208,	9
3209,	8
3210,	8
3211,	8
3212,	3
3213,	8
3214,	4
3215,	10
3216,	11
3217,	14
3218,	12
3219,	6
3220,	10
3221,	5
3222,	14
3223,	4
3224,	6
3225,	13
3226,	9
3227,	11
3228,	10
3229,	13
3230,	3
3231,	12
3232,	8
3233,	10
3234,	7
3235,	6
3236,	5
3237,	1
3238,	8
3239,	12
3240,	6
3241,	6
3242,	8
3243,	6
3244,	13
3245,	3
3246,	10
3247,	11
3248,	10
3249,	10
3250,	2
3251,	5
3252,	8
3253,	8
3254,	7
3255,	7
3256,	6
3257,	11
3258,	11
3259,	9
3260,	9
3261,	6
3262,	6
3263,	6
3264,	7
3265,	10
3266,	7
3267,	0
3268,	8
3269,	11
3270,	0
3271,	8
3272,	5
3273,	9
3274,	8
3275,	11
3276,	6
3277,	9
3278,	3
3279,	9
3280,	7
3281,	1
3282,	6
3283,	7
3284,	8
3285,	9
3286,	8
3287,	1
3288,	10
3289,	12
3290,	9
3291,	1
3292,	3
3293,	7
3294,	12
3295,	14
3296,	11
3297,	12
3298,	11
3299,	7
3300,	7
3301,	10
3302,	8
3303,	4
3304,	12
3305,	7
3306,	10
3307,	8
3308,	6
3309,	10
3310,	7
3311,	5
3312,	6
3313,	10
3314,	2
3315,	11
3316,	7
3317,	5
3318,	7
3319,	11
3320,	8
3321,	8
3322,	7
3323,	10
3324,	8
3325,	11
3326,	11
3327,	8
3328,	5
3329,	10
3330,	6
3331,	8
3332,	13
3333,	5
3334,	11
3335,	14
3336,	6
3337,	3
3338,	9
3339,	3
3340,	10
3341,	11
3342,	13
3343,	4
3344,	13
3345,	7
3346,	11
3347,	13
3348,	13
3349,	8
3350,	11
3351,	7
3352,	2
3353,	12
3354,	8
3355,	6
3356,	0
3357,	7
3358,	5
3359,	1
3360,	9
3361,	3
3362,	11
3363,	2
3364,	12
3365,	6
3366,	6
3367,	5
3368,	6
3369,	10
3370,	12
3371,	5
3372,	10
3373,	11
3374,	3
3375,	7
3376,	3
3377,	9
3378,	6
3379,	3
3380,	7
3381,	7
3382,	12
3383,	5
3384,	8
3385,	7
3386,	8
3387,	5
3388,	8
3389,	10
3390,	3
3391,	3
3392,	10
3393,	0
3394,	9
3395,	10
3396,	11
3397,	9
3398,	11
3399,	7
3400,	10
3401,	5
3402,	4
3403,	13
3404,	7
3405,	7
3406,	8
3407,	6
3408,	7
3409,	9
3410,	9
3411,	10
3412,	12
3413,	8
3414,	6
3415,	10
3416,	9
3417,	4
3418,	11
3419,	10
3420,	5
3421,	6
3422,	10
3423,	8
3424,	9
3425,	3
3426,	9
3427,	12
3428,	12
3429,	9
3430,	14
3431,	10
3432,	8
3433,	8
3434,	0
3435,	8
3436,	5
3437,	12
3438,	8
3439,	6
3440,	5
3441,	11
3442,	3
3443,	6
3444,	8
3445,	12
3446,	6
3447,	13
3448,	2
3449,	11
3450,	7
3451,	9
3452,	11
3453,	3
3454,	1
3455,	0
3456,	7
3457,	8
3458,	7
3459,	6
3460,	8
3461,	12
3462,	7
3463,	5
3464,	12
3465,	11
3466,	4
3467,	9
3468,	8
3469,	11
3470,	15
3471,	3
3472,	12
3473,	4
3474,	8
3475,	8
3476,	7
3477,	13
3478,	11
3479,	6
3480,	12
3481,	6
3482,	6
3483,	11
3484,	8
3485,	11
3486,	11
3487,	12
3488,	3
3489,	10
3490,	1
3491,	1
3492,	9
3493,	9
3494,	13
3495,	12
3496,	9
3497,	15
3498,	12
3499,	9
3500,	3
3501,	11
3502,	8
3503,	2
3504,	7
3505,	9
3506,	7
3507,	9
3508,	10
3509,	8
3510,	8
3511,	5
3512,	9
3513,	10
3514,	9
3515,	13
3516,	12
3517,	10
3518,	10
3519,	10
3520,	1
3521,	10
3522,	11
3523,	11
3524,	6
3525,	5
3526,	10
3527,	11
3528,	5
3529,	10
3530,	2
3531,	7
3532,	12
3533,	8
3534,	7
3535,	10
3536,	3
3537,	10
3538,	8
3539,	6
3540,	8
3541,	6
3542,	13
3543,	5
3544,	6
3545,	8
3546,	11
3547,	11
3548,	11
3549,	10
3550,	4
3551,	1
3552,	11
3553,	5
3554,	0
3555,	7
3556,	10
3557,	5
3558,	11
3559,	10
3560,	14
3561,	7
3562,	11
3563,	12
3564,	11
3565,	10
3566,	6
3567,	7
3568,	9
3569,	13
3570,	12
3571,	8
3572,	4
3573,	13
3574,	7
3575,	15
3576,	9
3577,	8
3578,	7
3579,	8
3580,	11
3581,	9
3582,	13
3583,	9
3584,	10
3585,	11
3586,	4
3587,	8
3588,	0
3589,	8
3590,	6
3591,	13
3592,	10
3593,	1
3594,	6
3595,	0
3596,	9
3597,	12
3598,	6
3599,	10
3600,	14
3601,	14
3602,	11
3603,	9
3604,	12
3605,	4
3606,	4
3607,	6
3608,	11
3609,	13
3610,	11
3611,	1
3612,	6
3613,	13
3614,	12
3615,	2
3616,	2
3617,	10
3618,	10
3619,	10
3620,	9
3621,	5
3622,	9
3623,	13
3624,	10
3625,	9
3626,	11
3627,	7
3628,	12
3629,	2
3630,	0
3631,	11
3632,	6
3633,	12
3634,	9
3635,	11
3636,	5
3637,	9
3638,	10
3639,	7
3640,	8
3641,	10
3642,	9
3643,	0
3644,	3
3645,	9
3646,	10
3647,	11
3648,	11
3649,	13
3650,	11
3651,	11
3652,	6
3653,	12
3654,	10
3655,	4
3656,	12
3657,	8
3658,	13
3659,	7
3660,	8
3661,	8
3662,	11
3663,	6
3664,	10
3665,	10
3666,	11
3667,	11
3668,	12
3669,	10
3670,	6
3671,	9
3672,	11
3673,	8
3674,	5
3675,	14
3676,	8
3677,	12
3678,	12
3679,	10
3680,	9
3681,	4
3682,	5
3683,	9
3684,	9
3685,	9
3686,	11
3687,	0
3688,	10
3689,	11
3690,	9
3691,	12
3692,	12
3693,	12
3694,	8
3695,	11
3696,	11
3697,	11
3698,	8
3699,	10
3700,	12
3701,	8
3702,	14
3703,	6
3704,	10
3705,	6
3706,	11
3707,	7
3708,	4
3709,	9
3710,	15
3711,	3
3712,	14
3713,	11
3714,	7
3715,	7
3716,	9
3717,	13
3718,	9
3719,	13
3720,	5
3721,	3
3722,	15
3723,	10
3724,	10
3725,	6
3726,	13
3727,	7
3728,	11
3729,	1
3730,	10
3731,	9
3732,	8
3733,	10
3734,	2
3735,	9
3736,	12
3737,	1
3738,	10
3739,	12
3740,	7
3741,	9
3742,	10
3743,	12
3744,	9
3745,	8
3746,	9
3747,	13
3748,	9
3749,	14
3750,	10
3751,	13
3752,	1
3753,	12
3754,	12
3755,	12
3756,	6
3757,	9
3758,	11
3759,	12
3760,	11
3761,	12
3762,	7
3763,	7
3764,	9
3765,	9
3766,	13
3767,	12
3768,	11
3769,	10
3770,	7
3771,	8
3772,	5
3773,	4
3774,	2
3775,	9
3776,	15
3777,	10
3778,	11
3779,	6
3780,	13
3781,	4
3782,	9
3783,	11
3784,	9
3785,	9
3786,	7
3787,	2
3788,	8
3789,	6
3790,	15
3791,	11
3792,	7
3793,	7
3794,	4
3795,	12
3796,	1
3797,	13
3798,	9
3799,	15
3800,	10
3801,	14
3802,	13
3803,	8
3804,	10
3805,	13
3806,	13
3807,	4
3808,	8
3809,	10
3810,	7
3811,	8
3812,	9
3813,	0
3814,	13
3815,	5
3816,	11
3817,	12
3818,	11
3819,	6
3820,	9
3821,	12
3822,	9
3823,	6
3824,	14
3825,	10
3826,	6
3827,	10
3828,	9
3829,	9
3830,	13
3831,	9
3832,	13
3833,	12
3834,	7
3835,	5
3836,	10
3837,	7
3838,	11
3839,	12
3840,	8
3841,	3
3842,	9
3843,	8
3844,	5
3845,	6
3846,	14
3847,	7
3848,	5
3849,	8
3850,	11
3851,	10
3852,	5
3853,	5
3854,	0
3855,	5
3856,	3
3857,	3
3858,	11
3859,	12
3860,	14
3861,	10
3862,	11
3863,	11
3864,	10
3865,	14
3866,	5
3867,	12
3868,	6
3869,	12
3870,	6
3871,	15
3872,	7
3873,	10
3874,	0
3875,	14
3876,	9
3877,	15
3878,	7
3879,	9
3880,	12
3881,	8
3882,	9
3883,	14
3884,	3
3885,	6
3886,	12
3887,	11
3888,	8
3889,	5
3890,	11
3891,	10
3892,	3
3893,	14
3894,	8
3895,	6
3896,	12
3897,	8
3898,	10
3899,	9
3900,	10
3901,	12
3902,	14
3903,	11
3904,	9
3905,	7
3906,	13
3907,	5
3908,	0
3909,	8
3910,	11
3911,	6
3912,	8
3913,	7
3914,	12
3915,	11
3916,	15
3917,	13
3918,	7
3919,	9
3920,	1
3921,	13
3922,	4
3923,	9
3924,	11
3925,	12
3926,	12
3927,	12
3928,	8
3929,	9
3930,	15
3931,	3
3932,	10
3933,	10
3934,	11
3935,	6
3936,	10
3937,	8
3938,	8
3939,	9
3940,	7
3941,	7
3942,	9
3943,	12
3944,	11
3945,	8
3946,	5
3947,	15
3948,	8
3949,	13
3950,	11
3951,	13
3952,	6
3953,	11
3954,	12
3955,	12
3956,	12
3957,	11
3958,	1
3959,	8
3960,	13
3961,	6
3962,	13
3963,	0
3964,	8
3965,	7
3966,	7
3967,	11
3968,	6
3969,	10
3970,	10
3971,	7
3972,	5
3973,	9
3974,	9
3975,	13
3976,	5
3977,	11
3978,	11
3979,	13
3980,	11
3981,	9
3982,	13
3983,	12
3984,	0
3985,	11
3986,	10
3987,	13
3988,	11
3989,	6
3990,	11
3991,	8
3992,	9
3993,	14
3994,	8
3995,	13
3996,	14
3997,	10
3998,	10
3999,	10
