Instance: /home/gabriel/Documents/ufrgs/courses/oc/trab/instances/cmb02
Vertices: 1000
Colors: 10
NumIterations: 1
Alpha: 0.050000
Is Factible?: false
Conflicts: 2
Solution Value: 562748.500000
Vertex,	Color
0,	0
1,	0
2,	0
3,	0
4,	2
5,	1
6,	0
7,	4
8,	1
9,	0
10,	0
11,	0
12,	0
13,	1
14,	1
15,	0
16,	0
17,	0
18,	0
19,	0
20,	1
21,	0
22,	0
23,	0
24,	0
25,	1
26,	0
27,	0
28,	0
29,	0
30,	0
31,	2
32,	0
33,	0
34,	0
35,	0
36,	1
37,	0
38,	1
39,	0
40,	0
41,	1
42,	0
43,	0
44,	0
45,	1
46,	2
47,	0
48,	0
49,	0
50,	0
51,	0
52,	0
53,	0
54,	0
55,	0
56,	0
57,	0
58,	0
59,	0
60,	0
61,	2
62,	0
63,	0
64,	0
65,	0
66,	0
67,	0
68,	0
69,	0
70,	1
71,	1
72,	0
73,	1
74,	0
75,	1
76,	0
77,	1
78,	0
79,	0
80,	1
81,	1
82,	0
83,	0
84,	1
85,	1
86,	1
87,	1
88,	0
89,	0
90,	0
91,	0
92,	0
93,	1
94,	1
95,	1
96,	3
97,	0
98,	0
99,	0
100,	1
101,	2
102,	0
103,	1
104,	0
105,	0
106,	1
107,	0
108,	1
109,	0
110,	1
111,	1
112,	1
113,	0
114,	0
115,	3
116,	0
117,	2
118,	1
119,	0
120,	1
121,	0
122,	2
123,	1
124,	0
125,	1
126,	0
127,	1
128,	0
129,	0
130,	0
131,	0
132,	0
133,	0
134,	0
135,	0
136,	1
137,	0
138,	1
139,	1
140,	0
141,	0
142,	2
143,	2
144,	3
145,	0
146,	0
147,	1
148,	0
149,	1
150,	2
151,	0
152,	2
153,	0
154,	1
155,	1
156,	2
157,	0
158,	2
159,	0
160,	1
161,	1
162,	1
163,	2
164,	1
165,	0
166,	3
167,	0
168,	0
169,	1
170,	0
171,	3
172,	0
173,	2
174,	2
175,	2
176,	0
177,	0
178,	0
179,	1
180,	0
181,	0
182,	0
183,	0
184,	0
185,	2
186,	0
187,	1
188,	1
189,	1
190,	0
191,	1
192,	0
193,	2
194,	1
195,	1
196,	3
197,	1
198,	0
199,	1
200,	1
201,	0
202,	0
203,	1
204,	0
205,	5
206,	0
207,	1
208,	2
209,	1
210,	3
211,	1
212,	3
213,	0
214,	2
215,	1
216,	1
217,	0
218,	0
219,	1
220,	1
221,	1
222,	0
223,	1
224,	1
225,	0
226,	2
227,	0
228,	1
229,	2
230,	1
231,	0
232,	0
233,	1
234,	2
235,	0
236,	3
237,	1
238,	3
239,	0
240,	1
241,	2
242,	0
243,	1
244,	0
245,	1
246,	0
247,	0
248,	3
249,	1
250,	1
251,	1
252,	1
253,	2
254,	1
255,	0
256,	1
257,	2
258,	0
259,	0
260,	3
261,	4
262,	5
263,	6
264,	2
265,	0
266,	2
267,	0
268,	3
269,	2
270,	0
271,	2
272,	1
273,	1
274,	1
275,	1
276,	3
277,	1
278,	1
279,	3
280,	0
281,	2
282,	3
283,	2
284,	2
285,	0
286,	1
287,	1
288,	1
289,	2
290,	2
291,	2
292,	1
293,	0
294,	2
295,	2
296,	0
297,	8
298,	3
299,	3
300,	3
301,	1
302,	0
303,	2
304,	2
305,	1
306,	7
307,	3
308,	1
309,	2
310,	1
311,	3
312,	1
313,	0
314,	2
315,	5
316,	0
317,	0
318,	0
319,	0
320,	1
321,	1
322,	1
323,	2
324,	2
325,	0
326,	1
327,	1
328,	1
329,	1
330,	2
331,	2
332,	0
333,	2
334,	0
335,	3
336,	0
337,	2
338,	4
339,	0
340,	2
341,	6
342,	3
343,	1
344,	4
345,	3
346,	1
347,	3
348,	3
349,	0
350,	0
351,	1
352,	1
353,	2
354,	0
355,	0
356,	1
357,	1
358,	0
359,	0
360,	1
361,	1
362,	2
363,	1
364,	3
365,	2
366,	0
367,	0
368,	1
369,	2
370,	2
371,	4
372,	4
373,	1
374,	4
375,	1
376,	0
377,	2
378,	2
379,	4
380,	2
381,	1
382,	2
383,	1
384,	1
385,	1
386,	1
387,	4
388,	0
389,	1
390,	2
391,	1
392,	1
393,	0
394,	2
395,	3
396,	2
397,	0
398,	1
399,	0
400,	0
401,	2
402,	3
403,	0
404,	2
405,	3
406,	3
407,	0
408,	0
409,	3
410,	3
411,	1
412,	3
413,	1
414,	2
415,	1
416,	3
417,	4
418,	0
419,	2
420,	1
421,	1
422,	2
423,	2
424,	4
425,	2
426,	3
427,	0
428,	3
429,	1
430,	0
431,	1
432,	2
433,	2
434,	2
435,	3
436,	0
437,	2
438,	2
439,	3
440,	0
441,	4
442,	3
443,	2
444,	1
445,	1
446,	1
447,	5
448,	2
449,	2
450,	2
451,	0
452,	2
453,	0
454,	1
455,	1
456,	2
457,	2
458,	3
459,	2
460,	4
461,	0
462,	2
463,	3
464,	3
465,	1
466,	0
467,	1
468,	2
469,	1
470,	3
471,	5
472,	3
473,	0
474,	2
475,	1
476,	1
477,	2
478,	1
479,	1
480,	3
481,	1
482,	2
483,	1
484,	1
485,	3
486,	2
487,	0
488,	2
489,	0
490,	3
491,	0
492,	3
493,	2
494,	0
495,	0
496,	4
497,	1
498,	4
499,	4
500,	2
501,	1
502,	2
503,	3
504,	6
505,	3
506,	4
507,	2
508,	0
509,	0
510,	1
511,	5
512,	1
513,	4
514,	2
515,	3
516,	5
517,	2
518,	3
519,	3
520,	0
521,	1
522,	2
523,	6
524,	5
525,	2
526,	3
527,	3
528,	1
529,	3
530,	2
531,	0
532,	5
533,	2
534,	2
535,	2
536,	2
537,	0
538,	4
539,	3
540,	3
541,	2
542,	1
543,	3
544,	2
545,	2
546,	1
547,	6
548,	3
549,	0
550,	3
551,	2
552,	3
553,	0
554,	4
555,	3
556,	1
557,	2
558,	3
559,	1
560,	2
561,	2
562,	3
563,	4
564,	4
565,	3
566,	5
567,	2
568,	5
569,	3
570,	0
571,	3
572,	2
573,	3
574,	3
575,	1
576,	5
577,	2
578,	4
579,	0
580,	2
581,	2
582,	4
583,	0
584,	2
585,	3
586,	1
587,	4
588,	1
589,	2
590,	4
591,	3
592,	0
593,	1
594,	1
595,	5
596,	1
597,	2
598,	5
599,	5
600,	4
601,	3
602,	4
603,	2
604,	1
605,	3
606,	5
607,	5
608,	2
609,	5
610,	2
611,	3
612,	1
613,	0
614,	4
615,	2
616,	4
617,	1
618,	1
619,	5
620,	7
621,	0
622,	3
623,	0
624,	2
625,	4
626,	2
627,	4
628,	0
629,	3
630,	1
631,	6
632,	6
633,	4
634,	4
635,	0
636,	1
637,	8
638,	3
639,	1
640,	0
641,	2
642,	1
643,	3
644,	3
645,	5
646,	4
647,	4
648,	2
649,	2
650,	2
651,	4
652,	1
653,	2
654,	3
655,	2
656,	1
657,	2
658,	4
659,	3
660,	2
661,	3
662,	3
663,	1
664,	2
665,	1
666,	1
667,	6
668,	3
669,	1
670,	3
671,	1
672,	1
673,	3
674,	0
675,	1
676,	3
677,	3
678,	3
679,	4
680,	2
681,	5
682,	1
683,	0
684,	3
685,	2
686,	5
687,	4
688,	2
689,	5
690,	4
691,	3
692,	3
693,	0
694,	6
695,	4
696,	3
697,	5
698,	5
699,	4
700,	4
701,	1
702,	3
703,	1
704,	4
705,	7
706,	3
707,	3
708,	2
709,	4
710,	0
711,	6
712,	4
713,	3
714,	4
715,	2
716,	1
717,	1
718,	5
719,	4
720,	2
721,	2
722,	0
723,	3
724,	5
725,	5
726,	4
727,	2
728,	6
729,	2
730,	4
731,	4
732,	0
733,	6
734,	3
735,	1
736,	2
737,	2
738,	6
739,	6
740,	4
741,	1
742,	3
743,	4
744,	7
745,	5
746,	2
747,	0
748,	4
749,	3
750,	7
751,	4
752,	4
753,	4
754,	0
755,	2
756,	5
757,	1
758,	2
759,	2
760,	4
761,	5
762,	4
763,	2
764,	1
765,	6
766,	4
767,	4
768,	3
769,	2
770,	1
771,	0
772,	1
773,	3
774,	4
775,	7
776,	4
777,	4
778,	3
779,	3
780,	4
781,	3
782,	9
783,	8
784,	1
785,	3
786,	2
787,	6
788,	3
789,	6
790,	4
791,	4
792,	4
793,	0
794,	6
795,	3
796,	2
797,	4
798,	2
799,	5
800,	3
801,	6
802,	1
803,	0
804,	7
805,	5
806,	2
807,	2
808,	3
809,	6
810,	4
811,	3
812,	2
813,	5
814,	1
815,	4
816,	3
817,	4
818,	2
819,	0
820,	2
821,	5
822,	1
823,	0
824,	5
825,	7
826,	3
827,	4
828,	2
829,	2
830,	0
831,	2
832,	4
833,	5
834,	1
835,	0
836,	5
837,	1
838,	6
839,	4
840,	2
841,	0
842,	3
843,	3
844,	5
845,	3
846,	0
847,	4
848,	5
849,	7
850,	2
851,	7
852,	3
853,	3
854,	6
855,	6
856,	4
857,	3
858,	0
859,	3
860,	3
861,	6
862,	1
863,	2
864,	4
865,	5
866,	2
867,	4
868,	6
869,	7
870,	3
871,	3
872,	5
873,	2
874,	4
875,	5
876,	4
877,	3
878,	3
879,	5
880,	1
881,	5
882,	4
883,	0
884,	5
885,	5
886,	3
887,	1
888,	3
889,	0
890,	5
891,	4
892,	4
893,	3
894,	1
895,	3
896,	6
897,	5
898,	2
899,	1
900,	2
901,	4
902,	3
903,	4
904,	1
905,	4
906,	6
907,	3
908,	5
909,	6
910,	5
911,	6
912,	0
913,	1
914,	0
915,	5
916,	4
917,	4
918,	3
919,	6
920,	8
921,	3
922,	2
923,	5
924,	5
925,	3
926,	5
927,	1
928,	8
929,	4
930,	4
931,	1
932,	4
933,	2
934,	3
935,	5
936,	5
937,	4
938,	9
939,	4
940,	4
941,	2
942,	3
943,	1
944,	4
945,	2
946,	6
947,	3
948,	5
949,	5
950,	5
951,	3
952,	6
953,	5
954,	3
955,	4
956,	5
957,	1
958,	7
959,	2
960,	5
961,	3
962,	5
963,	2
964,	2
965,	3
966,	3
967,	3
968,	9
969,	6
970,	6
971,	3
972,	4
973,	0
974,	4
975,	5
976,	0
977,	3
978,	3
979,	3
980,	7
981,	5
982,	6
983,	2
984,	1
985,	2
986,	7
987,	4
988,	4
989,	6
990,	3
991,	5
992,	0
993,	4
994,	7
995,	8
996,	0
997,	4
998,	5
999,	3
