Instance: /home/gabriel/Documents/ufrgs/courses/oc/trab/instances/cmb01
Vertices: 500
Colors: 12
NumIterations: 1
Alpha: 0.500000
Is Factible?: false
Conflicts: 3132
Solution Value: 165374.578125
Vertex,	Color
0,	4
1,	3
2,	2
3,	0
4,	4
5,	5
6,	4
7,	3
8,	4
9,	0
10,	0
11,	0
12,	2
13,	0
14,	2
15,	3
16,	0
17,	5
18,	0
19,	1
20,	0
21,	0
22,	1
23,	4
24,	2
25,	2
26,	0
27,	4
28,	0
29,	1
30,	0
31,	2
32,	2
33,	4
34,	5
35,	0
36,	3
37,	5
38,	3
39,	0
40,	3
41,	2
42,	0
43,	0
44,	0
45,	2
46,	1
47,	0
48,	0
49,	5
50,	4
51,	2
52,	0
53,	0
54,	3
55,	0
56,	0
57,	0
58,	0
59,	1
60,	2
61,	2
62,	5
63,	0
64,	3
65,	2
66,	1
67,	1
68,	0
69,	0
70,	2
71,	2
72,	0
73,	0
74,	0
75,	2
76,	0
77,	0
78,	0
79,	0
80,	2
81,	2
82,	0
83,	2
84,	4
85,	1
86,	0
87,	0
88,	0
89,	0
90,	0
91,	3
92,	0
93,	0
94,	0
95,	3
96,	0
97,	0
98,	0
99,	0
100,	0
101,	0
102,	2
103,	0
104,	0
105,	0
106,	0
107,	4
108,	1
109,	2
110,	1
111,	0
112,	0
113,	2
114,	0
115,	0
116,	5
117,	0
118,	0
119,	2
120,	0
121,	2
122,	0
123,	0
124,	0
125,	0
126,	5
127,	2
128,	0
129,	0
130,	2
131,	0
132,	0
133,	4
134,	4
135,	5
136,	0
137,	0
138,	0
139,	5
140,	0
141,	0
142,	0
143,	0
144,	2
145,	0
146,	0
147,	0
148,	0
149,	0
150,	3
151,	2
152,	0
153,	0
154,	0
155,	1
156,	4
157,	4
158,	2
159,	0
160,	0
161,	1
162,	0
163,	5
164,	5
165,	4
166,	0
167,	3
168,	4
169,	4
170,	0
171,	2
172,	2
173,	3
174,	0
175,	0
176,	5
177,	0
178,	0
179,	0
180,	5
181,	2
182,	2
183,	0
184,	3
185,	0
186,	1
187,	0
188,	5
189,	0
190,	2
191,	5
192,	0
193,	0
194,	3
195,	0
196,	0
197,	3
198,	0
199,	4
200,	0
201,	0
202,	0
203,	0
204,	2
205,	4
206,	1
207,	0
208,	0
209,	0
210,	2
211,	0
212,	0
213,	3
214,	0
215,	0
216,	2
217,	0
218,	3
219,	0
220,	0
221,	3
222,	5
223,	5
224,	2
225,	3
226,	5
227,	5
228,	3
229,	0
230,	3
231,	0
232,	5
233,	0
234,	2
235,	0
236,	0
237,	0
238,	4
239,	4
240,	2
241,	4
242,	2
243,	2
244,	5
245,	0
246,	4
247,	1
248,	0
249,	0
250,	3
251,	3
252,	4
253,	1
254,	0
255,	0
256,	0
257,	1
258,	4
259,	2
260,	0
261,	0
262,	2
263,	0
264,	5
265,	2
266,	5
267,	0
268,	0
269,	0
270,	2
271,	0
272,	2
273,	0
274,	2
275,	3
276,	0
277,	0
278,	0
279,	0
280,	0
281,	3
282,	0
283,	5
284,	0
285,	0
286,	2
287,	0
288,	4
289,	4
290,	3
291,	2
292,	4
293,	0
294,	0
295,	2
296,	3
297,	0
298,	2
299,	0
300,	4
301,	0
302,	0
303,	1
304,	0
305,	3
306,	3
307,	3
308,	3
309,	0
310,	2
311,	2
312,	0
313,	0
314,	2
315,	0
316,	0
317,	2
318,	3
319,	0
320,	2
321,	4
322,	2
323,	0
324,	4
325,	2
326,	2
327,	0
328,	4
329,	0
330,	0
331,	3
332,	1
333,	0
334,	0
335,	0
336,	0
337,	0
338,	4
339,	0
340,	0
341,	0
342,	0
343,	0
344,	1
345,	3
346,	0
347,	0
348,	0
349,	2
350,	2
351,	3
352,	2
353,	0
354,	3
355,	0
356,	2
357,	0
358,	2
359,	0
360,	5
361,	4
362,	2
363,	3
364,	2
365,	4
366,	4
367,	2
368,	1
369,	0
370,	2
371,	0
372,	0
373,	3
374,	3
375,	4
376,	1
377,	2
378,	2
379,	0
380,	0
381,	2
382,	0
383,	0
384,	3
385,	1
386,	2
387,	0
388,	0
389,	4
390,	4
391,	2
392,	3
393,	5
394,	5
395,	4
396,	5
397,	4
398,	2
399,	5
400,	2
401,	2
402,	0
403,	0
404,	3
405,	0
406,	2
407,	0
408,	0
409,	4
410,	0
411,	2
412,	0
413,	5
414,	2
415,	0
416,	0
417,	0
418,	2
419,	4
420,	1
421,	3
422,	3
423,	2
424,	0
425,	3
426,	1
427,	4
428,	3
429,	4
430,	0
431,	5
432,	0
433,	2
434,	0
435,	2
436,	3
437,	4
438,	0
439,	2
440,	0
441,	0
442,	0
443,	0
444,	0
445,	2
446,	0
447,	0
448,	3
449,	0
450,	0
451,	0
452,	2
453,	0
454,	0
455,	0
456,	2
457,	0
458,	5
459,	0
460,	2
461,	1
462,	3
463,	0
464,	0
465,	0
466,	3
467,	1
468,	0
469,	1
470,	0
471,	3
472,	1
473,	1
474,	4
475,	2
476,	4
477,	0
478,	2
479,	4
480,	0
481,	0
482,	0
483,	0
484,	0
485,	0
486,	0
487,	4
488,	4
489,	0
490,	2
491,	4
492,	1
493,	2
494,	2
495,	2
496,	0
497,	0
498,	3
499,	0
