Instance: /home/gabriel/Documents/ufrgs/courses/oc/trab/instances/cmb01
Vertices: 500
Colors: 12
NumIterations: 10
Alpha: 0.050000
Is Factible?: false
Conflicts: 4
Solution Value: 152736.968750
Vertex,	Color
0,	1
1,	1
2,	0
3,	1
4,	0
5,	1
6,	1
7,	0
8,	0
9,	1
10,	0
11,	0
12,	0
13,	0
14,	1
15,	0
16,	0
17,	0
18,	7
19,	0
20,	0
21,	1
22,	1
23,	2
24,	1
25,	2
26,	11
27,	0
28,	0
29,	1
30,	0
31,	0
32,	2
33,	0
34,	2
35,	1
36,	0
37,	0
38,	1
39,	1
40,	0
41,	0
42,	1
43,	10
44,	0
45,	0
46,	2
47,	0
48,	0
49,	1
50,	0
51,	0
52,	0
53,	0
54,	2
55,	1
56,	0
57,	2
58,	1
59,	0
60,	2
61,	1
62,	0
63,	1
64,	1
65,	1
66,	1
67,	0
68,	1
69,	2
70,	0
71,	2
72,	1
73,	1
74,	1
75,	1
76,	2
77,	3
78,	0
79,	2
80,	4
81,	1
82,	5
83,	5
84,	2
85,	1
86,	3
87,	1
88,	3
89,	2
90,	2
91,	3
92,	1
93,	2
94,	3
95,	2
96,	3
97,	2
98,	2
99,	5
100,	4
101,	4
102,	1
103,	6
104,	2
105,	4
106,	3
107,	2
108,	2
109,	2
110,	2
111,	5
112,	1
113,	2
114,	1
115,	4
116,	1
117,	2
118,	0
119,	3
120,	3
121,	5
122,	0
123,	4
124,	2
125,	2
126,	3
127,	4
128,	1
129,	4
130,	0
131,	2
132,	7
133,	1
134,	1
135,	4
136,	2
137,	7
138,	4
139,	1
140,	0
141,	3
142,	5
143,	2
144,	2
145,	1
146,	4
147,	4
148,	5
149,	0
150,	4
151,	6
152,	1
153,	3
154,	2
155,	3
156,	2
157,	4
158,	3
159,	2
160,	4
161,	5
162,	8
163,	5
164,	7
165,	3
166,	2
167,	0
168,	4
169,	1
170,	6
171,	3
172,	2
173,	3
174,	3
175,	1
176,	2
177,	9
178,	5
179,	8
180,	6
181,	2
182,	6
183,	6
184,	5
185,	4
186,	4
187,	0
188,	2
189,	5
190,	4
191,	2
192,	3
193,	3
194,	4
195,	3
196,	2
197,	1
198,	3
199,	3
200,	0
201,	3
202,	6
203,	5
204,	5
205,	3
206,	4
207,	4
208,	1
209,	3
210,	3
211,	0
212,	10
213,	2
214,	3
215,	4
216,	3
217,	3
218,	5
219,	5
220,	4
221,	1
222,	3
223,	4
224,	3
225,	0
226,	5
227,	3
228,	1
229,	4
230,	1
231,	5
232,	4
233,	6
234,	1
235,	8
236,	6
237,	4
238,	3
239,	3
240,	1
241,	1
242,	6
243,	3
244,	7
245,	1
246,	5
247,	3
248,	6
249,	4
250,	2
251,	3
252,	6
253,	6
254,	4
255,	3
256,	5
257,	0
258,	4
259,	3
260,	4
261,	3
262,	7
263,	11
264,	6
265,	1
266,	5
267,	5
268,	7
269,	6
270,	8
271,	4
272,	7
273,	6
274,	4
275,	3
276,	9
277,	5
278,	6
279,	1
280,	3
281,	2
282,	6
283,	4
284,	7
285,	5
286,	5
287,	5
288,	4
289,	2
290,	3
291,	3
292,	6
293,	6
294,	9
295,	4
296,	5
297,	10
298,	0
299,	4
300,	3
301,	1
302,	6
303,	3
304,	0
305,	4
306,	2
307,	6
308,	3
309,	7
310,	7
311,	4
312,	2
313,	7
314,	6
315,	6
316,	8
317,	3
318,	4
319,	2
320,	4
321,	6
322,	8
323,	7
324,	5
325,	5
326,	2
327,	2
328,	7
329,	6
330,	1
331,	7
332,	4
333,	2
334,	8
335,	0
336,	7
337,	8
338,	4
339,	2
340,	5
341,	6
342,	7
343,	7
344,	2
345,	6
346,	8
347,	10
348,	7
349,	1
350,	2
351,	0
352,	9
353,	7
354,	5
355,	5
356,	9
357,	9
358,	5
359,	10
360,	8
361,	6
362,	5
363,	0
364,	10
365,	6
366,	5
367,	4
368,	7
369,	6
370,	7
371,	4
372,	4
373,	5
374,	4
375,	5
376,	8
377,	8
378,	7
379,	7
380,	10
381,	2
382,	2
383,	4
384,	5
385,	5
386,	10
387,	9
388,	8
389,	7
390,	7
391,	0
392,	3
393,	9
394,	10
395,	2
396,	8
397,	7
398,	3
399,	9
400,	6
401,	7
402,	1
403,	4
404,	5
405,	10
406,	2
407,	5
408,	0
409,	7
410,	7
411,	3
412,	5
413,	7
414,	5
415,	11
416,	10
417,	7
418,	9
419,	5
420,	9
421,	6
422,	7
423,	11
424,	8
425,	8
426,	10
427,	6
428,	0
429,	7
430,	9
431,	5
432,	0
433,	6
434,	5
435,	7
436,	6
437,	3
438,	7
439,	6
440,	4
441,	10
442,	5
443,	1
444,	3
445,	8
446,	11
447,	2
448,	5
449,	9
450,	11
451,	2
452,	6
453,	6
454,	3
455,	6
456,	8
457,	9
458,	6
459,	0
460,	11
461,	3
462,	8
463,	8
464,	8
465,	6
466,	9
467,	6
468,	7
469,	4
470,	3
471,	9
472,	7
473,	0
474,	8
475,	8
476,	9
477,	1
478,	8
479,	11
480,	9
481,	4
482,	9
483,	5
484,	9
485,	7
486,	5
487,	8
488,	5
489,	1
490,	6
491,	9
492,	11
493,	9
494,	7
495,	6
496,	10
497,	8
498,	6
499,	5
