Instance: /home/gabriel/Documents/ufrgs/courses/oc/trab/instances/cmb03
Vertices: 1000
Colors: 18
NumIterations: 1
Alpha: 1.000000
Is Factible?: false
Conflicts: 16
Solution Value: 224212.500000
Vertex,	Color
0,	5
1,	10
2,	8
3,	5
4,	3
5,	7
6,	8
7,	10
8,	11
9,	0
10,	0
11,	4
12,	6
13,	0
14,	4
15,	4
16,	8
17,	9
18,	0
19,	1
20,	1
21,	11
22,	1
23,	7
24,	2
25,	8
26,	3
27,	10
28,	2
29,	4
30,	5
31,	4
32,	9
33,	7
34,	3
35,	9
36,	0
37,	0
38,	3
39,	13
40,	9
41,	1
42,	2
43,	12
44,	1
45,	5
46,	8
47,	5
48,	6
49,	1
50,	1
51,	7
52,	11
53,	2
54,	2
55,	10
56,	7
57,	2
58,	2
59,	1
60,	12
61,	12
62,	4
63,	12
64,	7
65,	3
66,	2
67,	3
68,	10
69,	7
70,	0
71,	2
72,	9
73,	4
74,	5
75,	11
76,	1
77,	0
78,	2
79,	3
80,	5
81,	4
82,	4
83,	6
84,	8
85,	4
86,	14
87,	11
88,	11
89,	2
90,	8
91,	11
92,	11
93,	3
94,	1
95,	3
96,	16
97,	5
98,	10
99,	0
100,	7
101,	9
102,	0
103,	9
104,	0
105,	10
106,	1
107,	14
108,	8
109,	6
110,	3
111,	5
112,	5
113,	5
114,	6
115,	5
116,	5
117,	7
118,	7
119,	5
120,	2
121,	4
122,	9
123,	14
124,	6
125,	4
126,	3
127,	11
128,	0
129,	12
130,	1
131,	10
132,	0
133,	7
134,	11
135,	1
136,	6
137,	12
138,	10
139,	3
140,	8
141,	13
142,	13
143,	7
144,	4
145,	4
146,	17
147,	10
148,	1
149,	8
150,	9
151,	14
152,	10
153,	14
154,	10
155,	6
156,	9
157,	8
158,	9
159,	12
160,	0
161,	12
162,	7
163,	8
164,	14
165,	14
166,	9
167,	9
168,	8
169,	0
170,	12
171,	1
172,	4
173,	12
174,	0
175,	0
176,	4
177,	4
178,	5
179,	1
180,	14
181,	4
182,	0
183,	1
184,	2
185,	1
186,	2
187,	0
188,	0
189,	13
190,	11
191,	8
192,	13
193,	1
194,	17
195,	10
196,	5
197,	8
198,	7
199,	12
200,	9
201,	1
202,	10
203,	9
204,	6
205,	0
206,	8
207,	0
208,	4
209,	4
210,	2
211,	11
212,	4
213,	5
214,	1
215,	14
216,	5
217,	1
218,	4
219,	0
220,	13
221,	6
222,	7
223,	15
224,	6
225,	7
226,	6
227,	8
228,	11
229,	3
230,	13
231,	2
232,	7
233,	2
234,	7
235,	3
236,	5
237,	3
238,	1
239,	2
240,	6
241,	7
242,	6
243,	5
244,	9
245,	2
246,	11
247,	3
248,	2
249,	12
250,	5
251,	2
252,	8
253,	5
254,	1
255,	5
256,	1
257,	3
258,	7
259,	8
260,	3
261,	5
262,	9
263,	9
264,	9
265,	11
266,	2
267,	12
268,	4
269,	3
270,	8
271,	6
272,	6
273,	1
274,	4
275,	3
276,	10
277,	7
278,	7
279,	10
280,	3
281,	6
282,	6
283,	1
284,	14
285,	7
286,	2
287,	7
288,	1
289,	3
290,	2
291,	3
292,	14
293,	2
294,	2
295,	5
296,	2
297,	0
298,	8
299,	5
300,	8
301,	2
302,	0
303,	0
304,	11
305,	4
306,	2
307,	6
308,	1
309,	0
310,	10
311,	0
312,	9
313,	3
314,	10
315,	2
316,	6
317,	13
318,	7
319,	5
320,	0
321,	15
322,	10
323,	7
324,	10
325,	7
326,	2
327,	10
328,	10
329,	1
330,	7
331,	2
332,	0
333,	2
334,	1
335,	13
336,	3
337,	9
338,	8
339,	6
340,	0
341,	9
342,	1
343,	1
344,	5
345,	4
346,	5
347,	1
348,	11
349,	12
350,	13
351,	12
352,	17
353,	8
354,	2
355,	4
356,	5
357,	11
358,	4
359,	4
360,	6
361,	6
362,	0
363,	12
364,	8
365,	3
366,	3
367,	0
368,	9
369,	6
370,	0
371,	1
372,	9
373,	4
374,	0
375,	9
376,	1
377,	0
378,	12
379,	0
380,	4
381,	8
382,	12
383,	6
384,	10
385,	5
386,	2
387,	6
388,	7
389,	11
390,	5
391,	0
392,	4
393,	4
394,	6
395,	2
396,	0
397,	3
398,	2
399,	5
400,	9
401,	7
402,	5
403,	6
404,	10
405,	3
406,	1
407,	8
408,	11
409,	3
410,	0
411,	3
412,	13
413,	12
414,	9
415,	2
416,	15
417,	3
418,	3
419,	4
420,	9
421,	12
422,	3
423,	7
424,	7
425,	5
426,	11
427,	8
428,	7
429,	0
430,	3
431,	8
432,	12
433,	3
434,	3
435,	3
436,	14
437,	3
438,	9
439,	3
440,	9
441,	3
442,	2
443,	2
444,	0
445,	2
446,	5
447,	3
448,	10
449,	1
450,	3
451,	0
452,	4
453,	14
454,	4
455,	3
456,	4
457,	1
458,	4
459,	3
460,	0
461,	2
462,	12
463,	11
464,	5
465,	3
466,	7
467,	6
468,	0
469,	3
470,	9
471,	12
472,	7
473,	10
474,	0
475,	2
476,	4
477,	4
478,	0
479,	0
480,	11
481,	2
482,	3
483,	0
484,	1
485,	5
486,	0
487,	5
488,	11
489,	12
490,	10
491,	6
492,	9
493,	6
494,	7
495,	12
496,	4
497,	7
498,	0
499,	16
500,	6
501,	10
502,	7
503,	7
504,	5
505,	0
506,	1
507,	11
508,	7
509,	3
510,	5
511,	4
512,	6
513,	1
514,	9
515,	10
516,	2
517,	4
518,	16
519,	13
520,	2
521,	7
522,	2
523,	14
524,	8
525,	5
526,	4
527,	2
528,	3
529,	8
530,	5
531,	10
532,	9
533,	3
534,	7
535,	0
536,	7
537,	3
538,	6
539,	9
540,	0
541,	4
542,	10
543,	11
544,	8
545,	10
546,	5
547,	4
548,	13
549,	7
550,	1
551,	0
552,	13
553,	12
554,	13
555,	8
556,	0
557,	4
558,	6
559,	2
560,	6
561,	15
562,	9
563,	7
564,	9
565,	3
566,	5
567,	1
568,	16
569,	7
570,	6
571,	12
572,	11
573,	1
574,	1
575,	11
576,	1
577,	4
578,	7
579,	10
580,	3
581,	8
582,	6
583,	2
584,	11
585,	0
586,	6
587,	5
588,	12
589,	3
590,	14
591,	6
592,	6
593,	2
594,	1
595,	1
596,	0
597,	5
598,	10
599,	12
600,	1
601,	9
602,	7
603,	4
604,	12
605,	9
606,	1
607,	6
608,	4
609,	2
610,	0
611,	10
612,	9
613,	2
614,	3
615,	17
616,	2
617,	7
618,	13
619,	4
620,	4
621,	4
622,	12
623,	1
624,	4
625,	8
626,	2
627,	1
628,	1
629,	4
630,	14
631,	5
632,	3
633,	6
634,	1
635,	9
636,	3
637,	1
638,	2
639,	7
640,	2
641,	13
642,	10
643,	10
644,	0
645,	1
646,	10
647,	13
648,	8
649,	16
650,	0
651,	1
652,	16
653,	5
654,	11
655,	0
656,	9
657,	6
658,	10
659,	0
660,	7
661,	2
662,	10
663,	4
664,	10
665,	6
666,	9
667,	5
668,	2
669,	5
670,	8
671,	3
672,	5
673,	9
674,	0
675,	1
676,	15
677,	15
678,	12
679,	9
680,	1
681,	13
682,	1
683,	5
684,	8
685,	10
686,	2
687,	14
688,	0
689,	11
690,	5
691,	1
692,	6
693,	5
694,	4
695,	5
696,	6
697,	11
698,	7
699,	0
700,	1
701,	13
702,	6
703,	15
704,	0
705,	0
706,	11
707,	6
708,	0
709,	11
710,	14
711,	3
712,	0
713,	0
714,	8
715,	0
716,	11
717,	0
718,	8
719,	4
720,	2
721,	10
722,	10
723,	3
724,	2
725,	1
726,	13
727,	4
728,	15
729,	7
730,	0
731,	17
732,	1
733,	9
734,	11
735,	15
736,	5
737,	3
738,	8
739,	0
740,	1
741,	2
742,	8
743,	6
744,	11
745,	3
746,	11
747,	6
748,	13
749,	7
750,	2
751,	4
752,	8
753,	9
754,	8
755,	4
756,	4
757,	8
758,	11
759,	10
760,	12
761,	1
762,	8
763,	12
764,	8
765,	8
766,	5
767,	9
768,	6
769,	8
770,	5
771,	1
772,	8
773,	1
774,	2
775,	7
776,	12
777,	0
778,	5
779,	10
780,	3
781,	5
782,	13
783,	5
784,	1
785,	1
786,	3
787,	6
788,	2
789,	14
790,	0
791,	0
792,	2
793,	9
794,	3
795,	7
796,	9
797,	13
798,	9
799,	8
800,	3
801,	2
802,	13
803,	15
804,	1
805,	8
806,	3
807,	5
808,	8
809,	5
810,	15
811,	9
812,	3
813,	2
814,	3
815,	8
816,	3
817,	7
818,	10
819,	11
820,	5
821,	0
822,	1
823,	9
824,	7
825,	12
826,	8
827,	10
828,	1
829,	14
830,	13
831,	14
832,	2
833,	5
834,	9
835,	6
836,	14
837,	10
838,	2
839,	4
840,	0
841,	4
842,	1
843,	5
844,	11
845,	0
846,	1
847,	6
848,	12
849,	2
850,	0
851,	1
852,	7
853,	0
854,	10
855,	0
856,	14
857,	7
858,	7
859,	10
860,	6
861,	4
862,	11
863,	1
864,	3
865,	4
866,	8
867,	6
868,	5
869,	3
870,	9
871,	2
872,	3
873,	8
874,	3
875,	1
876,	6
877,	11
878,	10
879,	2
880,	11
881,	5
882,	8
883,	7
884,	0
885,	5
886,	1
887,	3
888,	6
889,	13
890,	2
891,	2
892,	1
893,	4
894,	2
895,	3
896,	1
897,	3
898,	13
899,	3
900,	11
901,	3
902,	8
903,	7
904,	5
905,	17
906,	6
907,	8
908,	0
909,	1
910,	6
911,	6
912,	9
913,	4
914,	5
915,	9
916,	11
917,	9
918,	6
919,	0
920,	1
921,	6
922,	7
923,	0
924,	8
925,	4
926,	0
927,	4
928,	4
929,	2
930,	8
931,	3
932,	10
933,	0
934,	2
935,	2
936,	6
937,	4
938,	1
939,	15
940,	15
941,	5
942,	2
943,	6
944,	5
945,	7
946,	10
947,	8
948,	2
949,	12
950,	7
951,	9
952,	7
953,	7
954,	12
955,	8
956,	2
957,	3
958,	5
959,	7
960,	2
961,	7
962,	15
963,	4
964,	0
965,	1
966,	5
967,	7
968,	0
969,	4
970,	11
971,	10
972,	13
973,	6
974,	9
975,	2
976,	8
977,	12
978,	6
979,	9
980,	5
981,	8
982,	13
983,	12
984,	5
985,	5
986,	9
987,	13
988,	2
989,	12
990,	11
991,	13
992,	16
993,	4
994,	6
995,	15
996,	6
997,	11
998,	11
999,	1
