Instance: /home/gabriel/Documents/ufrgs/courses/oc/trab/instances/cmb03
Vertices: 1000
Colors: 18
NumIterations: 1
Alpha: 1.000000
Is Factible?: false
Conflicts: 17
Solution Value: 236219.109375
Vertex,	Color
0,	0
1,	6
2,	1
3,	7
4,	11
5,	4
6,	5
7,	13
8,	11
9,	1
10,	9
11,	6
12,	8
13,	3
14,	1
15,	9
16,	14
17,	11
18,	10
19,	7
20,	7
21,	8
22,	11
23,	9
24,	9
25,	5
26,	1
27,	5
28,	2
29,	6
30,	4
31,	1
32,	8
33,	6
34,	11
35,	7
36,	13
37,	0
38,	2
39,	6
40,	9
41,	10
42,	5
43,	3
44,	13
45,	12
46,	7
47,	4
48,	1
49,	1
50,	11
51,	8
52,	1
53,	11
54,	14
55,	10
56,	2
57,	6
58,	0
59,	3
60,	1
61,	5
62,	10
63,	0
64,	10
65,	9
66,	3
67,	12
68,	6
69,	7
70,	6
71,	5
72,	12
73,	7
74,	5
75,	6
76,	2
77,	12
78,	7
79,	2
80,	12
81,	9
82,	5
83,	9
84,	3
85,	10
86,	14
87,	2
88,	7
89,	13
90,	7
91,	6
92,	14
93,	4
94,	10
95,	1
96,	11
97,	11
98,	4
99,	0
100,	0
101,	9
102,	9
103,	8
104,	1
105,	12
106,	4
107,	14
108,	14
109,	0
110,	1
111,	4
112,	14
113,	10
114,	0
115,	5
116,	5
117,	7
118,	12
119,	3
120,	1
121,	11
122,	8
123,	3
124,	2
125,	1
126,	6
127,	9
128,	4
129,	6
130,	7
131,	3
132,	3
133,	7
134,	14
135,	2
136,	8
137,	3
138,	4
139,	2
140,	0
141,	7
142,	11
143,	2
144,	16
145,	6
146,	16
147,	4
148,	11
149,	1
150,	7
151,	4
152,	2
153,	8
154,	3
155,	1
156,	2
157,	3
158,	15
159,	3
160,	9
161,	3
162,	12
163,	3
164,	12
165,	2
166,	4
167,	7
168,	5
169,	5
170,	7
171,	0
172,	6
173,	8
174,	0
175,	6
176,	6
177,	5
178,	2
179,	8
180,	11
181,	7
182,	6
183,	6
184,	3
185,	0
186,	5
187,	16
188,	7
189,	7
190,	12
191,	3
192,	5
193,	6
194,	0
195,	2
196,	7
197,	10
198,	4
199,	9
200,	4
201,	1
202,	10
203,	9
204,	3
205,	7
206,	12
207,	6
208,	6
209,	10
210,	2
211,	2
212,	4
213,	1
214,	3
215,	0
216,	11
217,	1
218,	9
219,	13
220,	0
221,	0
222,	0
223,	7
224,	0
225,	8
226,	1
227,	1
228,	3
229,	4
230,	14
231,	10
232,	5
233,	1
234,	2
235,	3
236,	9
237,	3
238,	12
239,	6
240,	8
241,	6
242,	12
243,	0
244,	3
245,	5
246,	4
247,	0
248,	3
249,	4
250,	2
251,	8
252,	16
253,	8
254,	5
255,	5
256,	7
257,	1
258,	1
259,	1
260,	1
261,	0
262,	14
263,	7
264,	6
265,	3
266,	4
267,	1
268,	9
269,	4
270,	5
271,	3
272,	7
273,	0
274,	3
275,	4
276,	3
277,	7
278,	3
279,	4
280,	3
281,	2
282,	8
283,	2
284,	3
285,	5
286,	10
287,	12
288,	13
289,	0
290,	2
291,	3
292,	1
293,	1
294,	16
295,	9
296,	6
297,	5
298,	4
299,	9
300,	14
301,	3
302,	14
303,	0
304,	12
305,	3
306,	13
307,	12
308,	1
309,	0
310,	13
311,	3
312,	12
313,	3
314,	5
315,	3
316,	10
317,	1
318,	3
319,	9
320,	10
321,	2
322,	0
323,	10
324,	17
325,	2
326,	4
327,	8
328,	3
329,	9
330,	13
331,	2
332,	5
333,	0
334,	0
335,	7
336,	11
337,	7
338,	0
339,	5
340,	8
341,	4
342,	0
343,	2
344,	1
345,	16
346,	3
347,	6
348,	2
349,	15
350,	6
351,	10
352,	5
353,	11
354,	3
355,	1
356,	5
357,	2
358,	9
359,	7
360,	13
361,	0
362,	2
363,	0
364,	0
365,	3
366,	0
367,	5
368,	8
369,	0
370,	8
371,	10
372,	9
373,	13
374,	13
375,	4
376,	7
377,	17
378,	6
379,	1
380,	10
381,	5
382,	3
383,	1
384,	0
385,	13
386,	8
387,	12
388,	5
389,	0
390,	7
391,	11
392,	1
393,	2
394,	4
395,	2
396,	4
397,	3
398,	12
399,	0
400,	6
401,	1
402,	9
403,	7
404,	10
405,	5
406,	1
407,	11
408,	10
409,	5
410,	12
411,	16
412,	11
413,	1
414,	9
415,	0
416,	7
417,	15
418,	10
419,	1
420,	10
421,	11
422,	4
423,	13
424,	5
425,	4
426,	6
427,	9
428,	9
429,	1
430,	10
431,	12
432,	5
433,	10
434,	0
435,	6
436,	0
437,	6
438,	9
439,	7
440,	4
441,	10
442,	4
443,	2
444,	9
445,	3
446,	10
447,	1
448,	2
449,	6
450,	12
451,	2
452,	3
453,	8
454,	2
455,	5
456,	4
457,	6
458,	0
459,	4
460,	1
461,	9
462,	2
463,	10
464,	8
465,	0
466,	1
467,	11
468,	4
469,	1
470,	11
471,	4
472,	11
473,	9
474,	6
475,	11
476,	6
477,	10
478,	14
479,	5
480,	1
481,	4
482,	0
483,	0
484,	11
485,	4
486,	2
487,	4
488,	3
489,	2
490,	3
491,	11
492,	2
493,	14
494,	5
495,	0
496,	4
497,	3
498,	5
499,	12
500,	2
501,	0
502,	2
503,	0
504,	10
505,	0
506,	1
507,	15
508,	8
509,	8
510,	15
511,	5
512,	0
513,	12
514,	4
515,	13
516,	5
517,	1
518,	14
519,	2
520,	4
521,	7
522,	5
523,	13
524,	1
525,	1
526,	8
527,	3
528,	13
529,	8
530,	13
531,	4
532,	7
533,	8
534,	0
535,	6
536,	1
537,	2
538,	7
539,	4
540,	2
541,	13
542,	5
543,	2
544,	5
545,	7
546,	9
547,	1
548,	13
549,	5
550,	7
551,	3
552,	8
553,	8
554,	13
555,	2
556,	9
557,	9
558,	1
559,	3
560,	15
561,	4
562,	12
563,	7
564,	15
565,	8
566,	8
567,	15
568,	13
569,	5
570,	7
571,	17
572,	14
573,	10
574,	8
575,	10
576,	8
577,	9
578,	2
579,	6
580,	0
581,	2
582,	0
583,	3
584,	4
585,	4
586,	9
587,	7
588,	1
589,	9
590,	6
591,	7
592,	6
593,	0
594,	10
595,	0
596,	2
597,	5
598,	12
599,	4
600,	3
601,	10
602,	9
603,	10
604,	9
605,	0
606,	3
607,	0
608,	16
609,	5
610,	0
611,	8
612,	1
613,	0
614,	9
615,	6
616,	3
617,	10
618,	1
619,	6
620,	11
621,	6
622,	0
623,	5
624,	2
625,	11
626,	7
627,	11
628,	15
629,	9
630,	8
631,	4
632,	2
633,	2
634,	0
635,	4
636,	0
637,	9
638,	10
639,	9
640,	8
641,	6
642,	12
643,	10
644,	7
645,	7
646,	5
647,	2
648,	8
649,	16
650,	0
651,	10
652,	1
653,	11
654,	11
655,	14
656,	0
657,	14
658,	13
659,	10
660,	4
661,	7
662,	4
663,	6
664,	13
665,	2
666,	15
667,	5
668,	16
669,	14
670,	6
671,	6
672,	6
673,	12
674,	3
675,	13
676,	7
677,	4
678,	0
679,	8
680,	2
681,	10
682,	1
683,	10
684,	12
685,	12
686,	5
687,	11
688,	8
689,	11
690,	4
691,	1
692,	6
693,	11
694,	4
695,	9
696,	4
697,	2
698,	10
699,	4
700,	9
701,	13
702,	7
703,	1
704,	17
705,	10
706,	0
707,	7
708,	5
709,	3
710,	12
711,	2
712,	0
713,	1
714,	0
715,	6
716,	11
717,	5
718,	3
719,	6
720,	3
721,	2
722,	15
723,	0
724,	5
725,	1
726,	9
727,	0
728,	11
729,	9
730,	5
731,	2
732,	11
733,	11
734,	13
735,	2
736,	3
737,	2
738,	8
739,	1
740,	10
741,	9
742,	9
743,	1
744,	0
745,	10
746,	10
747,	6
748,	0
749,	0
750,	5
751,	11
752,	2
753,	9
754,	12
755,	4
756,	3
757,	4
758,	6
759,	3
760,	10
761,	9
762,	2
763,	8
764,	12
765,	0
766,	11
767,	4
768,	1
769,	7
770,	6
771,	6
772,	8
773,	1
774,	6
775,	4
776,	6
777,	7
778,	11
779,	5
780,	2
781,	8
782,	1
783,	0
784,	7
785,	4
786,	0
787,	9
788,	5
789,	7
790,	14
791,	9
792,	2
793,	15
794,	7
795,	3
796,	4
797,	8
798,	5
799,	7
800,	11
801,	2
802,	0
803,	5
804,	7
805,	9
806,	12
807,	11
808,	11
809,	5
810,	6
811,	7
812,	8
813,	2
814,	8
815,	1
816,	11
817,	0
818,	0
819,	6
820,	2
821,	2
822,	6
823,	3
824,	2
825,	10
826,	8
827,	10
828,	1
829,	7
830,	2
831,	13
832,	12
833,	7
834,	9
835,	8
836,	13
837,	6
838,	3
839,	0
840,	8
841,	9
842,	1
843,	4
844,	4
845,	0
846,	1
847,	1
848,	10
849,	14
850,	5
851,	8
852,	13
853,	2
854,	9
855,	6
856,	8
857,	3
858,	8
859,	9
860,	5
861,	11
862,	9
863,	3
864,	0
865,	8
866,	8
867,	11
868,	7
869,	10
870,	3
871,	4
872,	0
873,	9
874,	8
875,	1
876,	10
877,	5
878,	6
879,	2
880,	2
881,	0
882,	7
883,	7
884,	7
885,	1
886,	7
887,	2
888,	6
889,	3
890,	4
891,	6
892,	4
893,	8
894,	2
895,	3
896,	0
897,	12
898,	2
899,	10
900,	14
901,	15
902,	11
903,	2
904,	5
905,	4
906,	8
907,	3
908,	7
909,	14
910,	8
911,	5
912,	12
913,	0
914,	4
915,	3
916,	5
917,	3
918,	7
919,	7
920,	6
921,	8
922,	0
923,	6
924,	6
925,	15
926,	3
927,	13
928,	4
929,	2
930,	1
931,	1
932,	0
933,	7
934,	11
935,	0
936,	5
937,	6
938,	12
939,	10
940,	13
941,	4
942,	12
943,	15
944,	17
945,	12
946,	4
947,	4
948,	13
949,	7
950,	10
951,	8
952,	1
953,	4
954,	5
955,	1
956,	1
957,	8
958,	6
959,	4
960,	10
961,	12
962,	10
963,	1
964,	4
965,	3
966,	1
967,	0
968,	6
969,	0
970,	6
971,	0
972,	12
973,	0
974,	8
975,	2
976,	10
977,	5
978,	15
979,	5
980,	2
981,	1
982,	6
983,	11
984,	4
985,	7
986,	3
987,	5
988,	6
989,	4
990,	14
991,	13
992,	4
993,	6
994,	3
995,	1
996,	5
997,	8
998,	0
999,	0
