Instance: /home/gabriel/Documents/ufrgs/courses/oc/trab/instances/cmb03
Vertices: 1000
Colors: 18
NumIterations: 1
Alpha: 0.500000
Is Factible?: false
Conflicts: 9487
Solution Value: 225507.671875
Vertex,	Color
0,	5
1,	2
2,	0
3,	0
4,	0
5,	0
6,	2
7,	4
8,	0
9,	0
10,	5
11,	0
12,	0
13,	0
14,	0
15,	0
16,	4
17,	8
18,	4
19,	0
20,	4
21,	4
22,	5
23,	0
24,	0
25,	0
26,	0
27,	4
28,	0
29,	0
30,	0
31,	5
32,	5
33,	0
34,	0
35,	1
36,	0
37,	0
38,	0
39,	0
40,	0
41,	5
42,	1
43,	0
44,	2
45,	0
46,	0
47,	0
48,	0
49,	0
50,	2
51,	2
52,	5
53,	4
54,	0
55,	0
56,	4
57,	0
58,	4
59,	1
60,	0
61,	5
62,	4
63,	4
64,	4
65,	0
66,	5
67,	2
68,	1
69,	5
70,	0
71,	0
72,	2
73,	0
74,	2
75,	4
76,	5
77,	0
78,	2
79,	2
80,	0
81,	8
82,	1
83,	0
84,	0
85,	0
86,	0
87,	0
88,	4
89,	0
90,	0
91,	4
92,	0
93,	8
94,	1
95,	0
96,	0
97,	0
98,	1
99,	0
100,	0
101,	2
102,	0
103,	0
104,	4
105,	0
106,	4
107,	5
108,	4
109,	0
110,	0
111,	0
112,	0
113,	0
114,	0
115,	2
116,	0
117,	0
118,	0
119,	2
120,	4
121,	5
122,	4
123,	0
124,	0
125,	2
126,	0
127,	5
128,	0
129,	0
130,	4
131,	0
132,	0
133,	0
134,	8
135,	0
136,	5
137,	8
138,	0
139,	2
140,	1
141,	0
142,	0
143,	4
144,	0
145,	5
146,	4
147,	0
148,	0
149,	4
150,	0
151,	0
152,	0
153,	0
154,	4
155,	0
156,	4
157,	0
158,	0
159,	4
160,	0
161,	8
162,	0
163,	4
164,	4
165,	0
166,	0
167,	2
168,	1
169,	0
170,	0
171,	2
172,	5
173,	1
174,	2
175,	0
176,	4
177,	0
178,	0
179,	8
180,	0
181,	4
182,	0
183,	1
184,	0
185,	0
186,	5
187,	5
188,	4
189,	0
190,	0
191,	0
192,	0
193,	0
194,	0
195,	0
196,	0
197,	0
198,	4
199,	2
200,	0
201,	0
202,	0
203,	0
204,	0
205,	5
206,	0
207,	5
208,	0
209,	2
210,	4
211,	0
212,	0
213,	0
214,	0
215,	0
216,	4
217,	0
218,	0
219,	0
220,	0
221,	8
222,	0
223,	0
224,	1
225,	4
226,	2
227,	0
228,	0
229,	0
230,	0
231,	8
232,	0
233,	4
234,	0
235,	0
236,	0
237,	0
238,	2
239,	0
240,	0
241,	0
242,	4
243,	4
244,	4
245,	0
246,	1
247,	0
248,	2
249,	0
250,	4
251,	0
252,	0
253,	0
254,	0
255,	0
256,	8
257,	0
258,	2
259,	4
260,	1
261,	0
262,	0
263,	0
264,	0
265,	1
266,	0
267,	0
268,	0
269,	5
270,	0
271,	0
272,	2
273,	0
274,	4
275,	0
276,	0
277,	0
278,	0
279,	0
280,	0
281,	2
282,	0
283,	0
284,	4
285,	0
286,	0
287,	1
288,	0
289,	0
290,	0
291,	0
292,	0
293,	1
294,	0
295,	0
296,	0
297,	0
298,	0
299,	5
300,	0
301,	0
302,	0
303,	0
304,	0
305,	0
306,	0
307,	8
308,	0
309,	0
310,	0
311,	0
312,	0
313,	2
314,	0
315,	0
316,	4
317,	4
318,	0
319,	2
320,	4
321,	0
322,	0
323,	0
324,	0
325,	0
326,	4
327,	0
328,	0
329,	2
330,	0
331,	1
332,	0
333,	0
334,	0
335,	8
336,	4
337,	0
338,	1
339,	0
340,	1
341,	0
342,	0
343,	5
344,	0
345,	0
346,	1
347,	4
348,	0
349,	5
350,	0
351,	5
352,	0
353,	0
354,	0
355,	4
356,	2
357,	0
358,	0
359,	0
360,	4
361,	0
362,	2
363,	0
364,	5
365,	0
366,	0
367,	0
368,	0
369,	0
370,	1
371,	0
372,	0
373,	0
374,	0
375,	2
376,	1
377,	4
378,	2
379,	0
380,	1
381,	4
382,	0
383,	0
384,	0
385,	2
386,	0
387,	0
388,	0
389,	5
390,	1
391,	0
392,	2
393,	0
394,	0
395,	4
396,	0
397,	5
398,	4
399,	0
400,	0
401,	0
402,	5
403,	4
404,	5
405,	0
406,	8
407,	0
408,	0
409,	4
410,	0
411,	0
412,	4
413,	0
414,	0
415,	0
416,	0
417,	0
418,	0
419,	4
420,	0
421,	1
422,	5
423,	2
424,	8
425,	0
426,	4
427,	0
428,	5
429,	1
430,	0
431,	0
432,	0
433,	0
434,	0
435,	1
436,	2
437,	0
438,	0
439,	0
440,	5
441,	0
442,	2
443,	1
444,	0
445,	0
446,	0
447,	1
448,	8
449,	0
450,	4
451,	0
452,	0
453,	0
454,	0
455,	0
456,	0
457,	4
458,	0
459,	0
460,	0
461,	0
462,	0
463,	0
464,	0
465,	0
466,	1
467,	1
468,	0
469,	0
470,	2
471,	0
472,	0
473,	4
474,	0
475,	0
476,	0
477,	0
478,	0
479,	4
480,	0
481,	0
482,	4
483,	0
484,	0
485,	1
486,	0
487,	0
488,	2
489,	4
490,	4
491,	0
492,	0
493,	5
494,	0
495,	4
496,	0
497,	0
498,	0
499,	5
500,	4
501,	0
502,	0
503,	4
504,	0
505,	0
506,	0
507,	0
508,	0
509,	1
510,	4
511,	4
512,	8
513,	4
514,	0
515,	4
516,	8
517,	4
518,	0
519,	0
520,	4
521,	2
522,	1
523,	4
524,	0
525,	8
526,	1
527,	4
528,	5
529,	0
530,	0
531,	4
532,	5
533,	0
534,	0
535,	5
536,	2
537,	0
538,	2
539,	4
540,	8
541,	0
542,	5
543,	0
544,	2
545,	2
546,	4
547,	0
548,	0
549,	0
550,	1
551,	4
552,	0
553,	4
554,	5
555,	2
556,	4
557,	4
558,	0
559,	0
560,	0
561,	0
562,	0
563,	1
564,	0
565,	2
566,	2
567,	4
568,	0
569,	0
570,	2
571,	0
572,	0
573,	0
574,	0
575,	8
576,	0
577,	4
578,	0
579,	1
580,	8
581,	0
582,	5
583,	4
584,	4
585,	0
586,	1
587,	8
588,	0
589,	4
590,	0
591,	0
592,	0
593,	2
594,	0
595,	0
596,	4
597,	0
598,	0
599,	0
600,	2
601,	0
602,	0
603,	4
604,	4
605,	4
606,	5
607,	5
608,	4
609,	8
610,	2
611,	0
612,	0
613,	2
614,	0
615,	0
616,	0
617,	4
618,	5
619,	1
620,	0
621,	2
622,	0
623,	4
624,	1
625,	0
626,	0
627,	0
628,	0
629,	0
630,	0
631,	0
632,	2
633,	0
634,	0
635,	0
636,	4
637,	0
638,	0
639,	0
640,	2
641,	4
642,	0
643,	2
644,	0
645,	0
646,	5
647,	0
648,	0
649,	0
650,	1
651,	4
652,	4
653,	4
654,	0
655,	4
656,	0
657,	0
658,	4
659,	0
660,	8
661,	0
662,	4
663,	0
664,	0
665,	0
666,	4
667,	0
668,	0
669,	0
670,	0
671,	4
672,	0
673,	0
674,	1
675,	0
676,	0
677,	5
678,	0
679,	0
680,	0
681,	1
682,	0
683,	0
684,	8
685,	0
686,	0
687,	0
688,	2
689,	0
690,	1
691,	0
692,	4
693,	0
694,	0
695,	4
696,	4
697,	1
698,	2
699,	2
700,	0
701,	4
702,	0
703,	0
704,	0
705,	0
706,	0
707,	4
708,	2
709,	0
710,	0
711,	2
712,	0
713,	0
714,	5
715,	5
716,	4
717,	0
718,	2
719,	2
720,	0
721,	4
722,	0
723,	4
724,	0
725,	0
726,	0
727,	4
728,	4
729,	0
730,	0
731,	0
732,	0
733,	4
734,	0
735,	0
736,	5
737,	4
738,	4
739,	4
740,	8
741,	2
742,	0
743,	2
744,	0
745,	0
746,	0
747,	4
748,	0
749,	4
750,	4
751,	0
752,	5
753,	0
754,	8
755,	2
756,	0
757,	4
758,	4
759,	5
760,	4
761,	0
762,	4
763,	0
764,	5
765,	0
766,	0
767,	0
768,	0
769,	0
770,	5
771,	4
772,	5
773,	0
774,	0
775,	0
776,	5
777,	5
778,	0
779,	4
780,	4
781,	4
782,	0
783,	4
784,	0
785,	0
786,	0
787,	0
788,	4
789,	0
790,	2
791,	0
792,	5
793,	0
794,	0
795,	5
796,	2
797,	4
798,	5
799,	4
800,	0
801,	5
802,	0
803,	0
804,	4
805,	1
806,	0
807,	4
808,	5
809,	0
810,	0
811,	1
812,	4
813,	2
814,	0
815,	0
816,	8
817,	0
818,	4
819,	0
820,	0
821,	0
822,	0
823,	5
824,	5
825,	4
826,	2
827,	2
828,	5
829,	0
830,	0
831,	0
832,	0
833,	0
834,	2
835,	0
836,	4
837,	0
838,	2
839,	0
840,	5
841,	4
842,	0
843,	1
844,	2
845,	5
846,	2
847,	5
848,	0
849,	0
850,	2
851,	0
852,	0
853,	4
854,	0
855,	0
856,	0
857,	4
858,	0
859,	1
860,	0
861,	2
862,	2
863,	0
864,	2
865,	4
866,	0
867,	2
868,	0
869,	0
870,	2
871,	0
872,	4
873,	4
874,	0
875,	2
876,	0
877,	4
878,	8
879,	5
880,	0
881,	5
882,	1
883,	4
884,	0
885,	4
886,	5
887,	2
888,	2
889,	0
890,	0
891,	5
892,	0
893,	2
894,	1
895,	1
896,	0
897,	0
898,	0
899,	5
900,	4
901,	4
902,	5
903,	0
904,	0
905,	0
906,	4
907,	0
908,	0
909,	0
910,	5
911,	0
912,	5
913,	0
914,	2
915,	0
916,	4
917,	4
918,	5
919,	0
920,	0
921,	0
922,	0
923,	0
924,	0
925,	0
926,	0
927,	0
928,	5
929,	0
930,	0
931,	5
932,	0
933,	2
934,	0
935,	2
936,	1
937,	0
938,	4
939,	0
940,	0
941,	4
942,	0
943,	0
944,	0
945,	2
946,	0
947,	2
948,	0
949,	4
950,	5
951,	4
952,	1
953,	0
954,	4
955,	0
956,	2
957,	0
958,	0
959,	5
960,	0
961,	0
962,	0
963,	8
964,	0
965,	5
966,	0
967,	0
968,	8
969,	0
970,	2
971,	0
972,	2
973,	2
974,	0
975,	0
976,	0
977,	2
978,	0
979,	0
980,	1
981,	0
982,	0
983,	4
984,	0
985,	0
986,	8
987,	2
988,	4
989,	0
990,	0
991,	0
992,	0
993,	1
994,	2
995,	4
996,	0
997,	5
998,	0
999,	2
