Instance: /home/gabriel/Documents/ufrgs/courses/oc/trab/instances/cmb01
Vertices: 500
Colors: 12
NumIterations: 1
Alpha: 0.500000
Is Factible?: false
Conflicts: 30
Solution Value: 167262.234375
Vertex,	Color
0,	5
1,	0
2,	3
3,	0
4,	10
5,	7
6,	0
7,	4
8,	6
9,	6
10,	2
11,	1
12,	7
13,	1
14,	1
15,	1
16,	0
17,	2
18,	4
19,	0
20,	5
21,	4
22,	1
23,	3
24,	2
25,	4
26,	3
27,	6
28,	3
29,	1
30,	4
31,	0
32,	4
33,	4
34,	3
35,	2
36,	8
37,	2
38,	7
39,	6
40,	4
41,	0
42,	4
43,	6
44,	0
45,	0
46,	0
47,	3
48,	10
49,	5
50,	3
51,	10
52,	0
53,	2
54,	3
55,	0
56,	3
57,	6
58,	2
59,	2
60,	2
61,	7
62,	4
63,	2
64,	3
65,	1
66,	3
67,	2
68,	1
69,	0
70,	3
71,	0
72,	5
73,	2
74,	3
75,	3
76,	4
77,	7
78,	2
79,	6
80,	1
81,	9
82,	0
83,	0
84,	5
85,	0
86,	4
87,	8
88,	1
89,	3
90,	2
91,	1
92,	3
93,	0
94,	6
95,	0
96,	0
97,	1
98,	8
99,	0
100,	10
101,	4
102,	0
103,	9
104,	1
105,	7
106,	1
107,	0
108,	0
109,	5
110,	3
111,	1
112,	1
113,	1
114,	5
115,	3
116,	0
117,	5
118,	1
119,	6
120,	5
121,	0
122,	0
123,	2
124,	7
125,	1
126,	6
127,	3
128,	1
129,	1
130,	0
131,	1
132,	4
133,	2
134,	2
135,	4
136,	3
137,	2
138,	3
139,	0
140,	0
141,	6
142,	0
143,	1
144,	5
145,	1
146,	6
147,	1
148,	0
149,	0
150,	2
151,	5
152,	4
153,	1
154,	4
155,	1
156,	1
157,	0
158,	5
159,	2
160,	2
161,	2
162,	5
163,	8
164,	0
165,	1
166,	0
167,	3
168,	5
169,	2
170,	5
171,	4
172,	2
173,	1
174,	4
175,	1
176,	3
177,	4
178,	3
179,	3
180,	5
181,	4
182,	8
183,	9
184,	5
185,	8
186,	6
187,	1
188,	1
189,	6
190,	1
191,	0
192,	1
193,	6
194,	2
195,	9
196,	2
197,	3
198,	4
199,	4
200,	3
201,	4
202,	8
203,	0
204,	2
205,	1
206,	2
207,	7
208,	7
209,	2
210,	5
211,	0
212,	11
213,	3
214,	3
215,	2
216,	0
217,	2
218,	5
219,	0
220,	0
221,	0
222,	1
223,	1
224,	0
225,	1
226,	3
227,	2
228,	0
229,	1
230,	0
231,	4
232,	6
233,	0
234,	5
235,	3
236,	0
237,	2
238,	1
239,	5
240,	0
241,	2
242,	6
243,	5
244,	1
245,	0
246,	0
247,	10
248,	3
249,	4
250,	2
251,	2
252,	1
253,	4
254,	8
255,	5
256,	6
257,	4
258,	0
259,	4
260,	2
261,	0
262,	2
263,	7
264,	7
265,	1
266,	5
267,	0
268,	3
269,	5
270,	11
271,	6
272,	5
273,	3
274,	4
275,	4
276,	2
277,	3
278,	8
279,	0
280,	1
281,	3
282,	6
283,	6
284,	6
285,	1
286,	6
287,	5
288,	0
289,	1
290,	1
291,	1
292,	3
293,	1
294,	10
295,	2
296,	5
297,	0
298,	1
299,	2
300,	7
301,	0
302,	6
303,	1
304,	2
305,	5
306,	6
307,	6
308,	2
309,	10
310,	7
311,	3
312,	3
313,	5
314,	6
315,	6
316,	7
317,	3
318,	2
319,	2
320,	3
321,	2
322,	6
323,	9
324,	8
325,	1
326,	3
327,	0
328,	9
329,	5
330,	1
331,	4
332,	5
333,	5
334,	7
335,	5
336,	3
337,	7
338,	4
339,	4
340,	6
341,	8
342,	0
343,	9
344,	3
345,	4
346,	7
347,	8
348,	7
349,	2
350,	2
351,	2
352,	7
353,	4
354,	1
355,	6
356,	8
357,	5
358,	4
359,	0
360,	5
361,	3
362,	4
363,	6
364,	7
365,	7
366,	2
367,	2
368,	9
369,	7
370,	2
371,	7
372,	4
373,	7
374,	1
375,	4
376,	5
377,	6
378,	5
379,	4
380,	7
381,	1
382,	2
383,	3
384,	6
385,	4
386,	0
387,	10
388,	7
389,	7
390,	7
391,	7
392,	3
393,	8
394,	9
395,	6
396,	11
397,	6
398,	4
399,	9
400,	7
401,	5
402,	2
403,	5
404,	7
405,	5
406,	1
407,	6
408,	0
409,	9
410,	6
411,	1
412,	7
413,	6
414,	6
415,	0
416,	3
417,	0
418,	8
419,	1
420,	7
421,	4
422,	7
423,	10
424,	9
425,	5
426,	8
427,	3
428,	3
429,	7
430,	8
431,	3
432,	11
433,	3
434,	7
435,	10
436,	6
437,	6
438,	7
439,	7
440,	0
441,	8
442,	0
443,	1
444,	2
445,	6
446,	9
447,	3
448,	5
449,	11
450,	9
451,	8
452,	6
453,	6
454,	4
455,	5
456,	8
457,	0
458,	10
459,	10
460,	11
461,	5
462,	8
463,	7
464,	8
465,	4
466,	8
467,	3
468,	11
469,	7
470,	8
471,	9
472,	6
473,	2
474,	8
475,	9
476,	9
477,	2
478,	6
479,	0
480,	5
481,	4
482,	10
483,	6
484,	9
485,	11
486,	4
487,	8
488,	7
489,	5
490,	5
491,	9
492,	11
493,	9
494,	8
495,	7
496,	6
497,	9
498,	5
499,	10
