Instance: /home/gabriel/Documents/ufrgs/courses/oc/trab/instances/cmb03
Vertices: 1000
Colors: 18
NumIterations: 1
Alpha: 1.000000
Is Factible?: false
Conflicts: 25
Solution Value: 233665.546875
Vertex,	Color
0,	9
1,	7
2,	1
3,	6
4,	0
5,	2
6,	4
7,	9
8,	9
9,	4
10,	4
11,	7
12,	0
13,	12
14,	2
15,	10
16,	14
17,	13
18,	0
19,	16
20,	2
21,	14
22,	13
23,	2
24,	13
25,	1
26,	1
27,	14
28,	1
29,	2
30,	2
31,	2
32,	13
33,	10
34,	2
35,	9
36,	11
37,	7
38,	7
39,	11
40,	10
41,	5
42,	1
43,	13
44,	7
45,	3
46,	3
47,	9
48,	2
49,	1
50,	5
51,	5
52,	7
53,	0
54,	1
55,	7
56,	5
57,	10
58,	2
59,	2
60,	4
61,	6
62,	12
63,	8
64,	10
65,	14
66,	0
67,	9
68,	2
69,	0
70,	4
71,	0
72,	1
73,	10
74,	3
75,	8
76,	9
77,	11
78,	0
79,	2
80,	15
81,	5
82,	11
83,	7
84,	1
85,	13
86,	7
87,	9
88,	9
89,	5
90,	2
91,	12
92,	14
93,	11
94,	7
95,	3
96,	0
97,	5
98,	2
99,	1
100,	9
101,	6
102,	2
103,	6
104,	13
105,	4
106,	13
107,	7
108,	5
109,	10
110,	4
111,	4
112,	8
113,	9
114,	1
115,	7
116,	9
117,	5
118,	10
119,	10
120,	13
121,	2
122,	10
123,	13
124,	13
125,	3
126,	0
127,	7
128,	11
129,	3
130,	0
131,	3
132,	4
133,	5
134,	7
135,	1
136,	2
137,	0
138,	11
139,	3
140,	3
141,	12
142,	4
143,	9
144,	11
145,	3
146,	4
147,	9
148,	4
149,	7
150,	6
151,	3
152,	10
153,	8
154,	8
155,	1
156,	4
157,	8
158,	12
159,	3
160,	2
161,	7
162,	2
163,	0
164,	11
165,	6
166,	4
167,	1
168,	7
169,	3
170,	4
171,	3
172,	8
173,	5
174,	2
175,	4
176,	0
177,	12
178,	2
179,	1
180,	10
181,	1
182,	5
183,	7
184,	3
185,	9
186,	5
187,	6
188,	5
189,	15
190,	9
191,	17
192,	11
193,	1
194,	7
195,	1
196,	2
197,	3
198,	15
199,	14
200,	3
201,	2
202,	0
203,	5
204,	0
205,	1
206,	5
207,	2
208,	8
209,	5
210,	1
211,	8
212,	6
213,	8
214,	0
215,	0
216,	6
217,	2
218,	3
219,	11
220,	1
221,	3
222,	5
223,	4
224,	10
225,	6
226,	2
227,	0
228,	0
229,	8
230,	11
231,	8
232,	2
233,	4
234,	1
235,	8
236,	17
237,	8
238,	5
239,	7
240,	2
241,	5
242,	3
243,	2
244,	11
245,	5
246,	0
247,	2
248,	0
249,	14
250,	0
251,	12
252,	3
253,	17
254,	10
255,	6
256,	6
257,	0
258,	8
259,	5
260,	11
261,	7
262,	12
263,	7
264,	0
265,	5
266,	1
267,	14
268,	6
269,	1
270,	1
271,	11
272,	9
273,	4
274,	6
275,	14
276,	13
277,	16
278,	8
279,	10
280,	8
281,	1
282,	0
283,	9
284,	12
285,	0
286,	8
287,	0
288,	7
289,	2
290,	4
291,	3
292,	11
293,	1
294,	10
295,	1
296,	8
297,	6
298,	7
299,	3
300,	10
301,	6
302,	6
303,	3
304,	9
305,	3
306,	11
307,	2
308,	5
309,	2
310,	4
311,	6
312,	4
313,	11
314,	8
315,	5
316,	1
317,	15
318,	5
319,	4
320,	13
321,	8
322,	12
323,	15
324,	2
325,	4
326,	0
327,	15
328,	13
329,	11
330,	6
331,	5
332,	2
333,	8
334,	8
335,	6
336,	3
337,	13
338,	4
339,	0
340,	2
341,	12
342,	2
343,	6
344,	1
345,	10
346,	0
347,	1
348,	3
349,	4
350,	0
351,	10
352,	14
353,	1
354,	2
355,	2
356,	1
357,	0
358,	3
359,	9
360,	10
361,	7
362,	10
363,	4
364,	7
365,	0
366,	10
367,	4
368,	0
369,	0
370,	10
371,	6
372,	16
373,	7
374,	4
375,	5
376,	7
377,	3
378,	11
379,	6
380,	5
381,	3
382,	5
383,	10
384,	11
385,	10
386,	0
387,	12
388,	8
389,	15
390,	9
391,	12
392,	2
393,	0
394,	7
395,	11
396,	15
397,	0
398,	15
399,	4
400,	9
401,	7
402,	13
403,	3
404,	4
405,	3
406,	0
407,	2
408,	0
409,	3
410,	1
411,	12
412,	10
413,	10
414,	0
415,	4
416,	6
417,	5
418,	14
419,	6
420,	4
421,	3
422,	1
423,	11
424,	3
425,	5
426,	7
427,	6
428,	4
429,	8
430,	5
431,	1
432,	15
433,	1
434,	3
435,	3
436,	14
437,	13
438,	3
439,	5
440,	11
441,	0
442,	4
443,	6
444,	11
445,	2
446,	6
447,	0
448,	4
449,	8
450,	5
451,	6
452,	0
453,	9
454,	12
455,	11
456,	8
457,	1
458,	8
459,	2
460,	2
461,	6
462,	9
463,	14
464,	1
465,	1
466,	0
467,	2
468,	5
469,	7
470,	5
471,	15
472,	9
473,	7
474,	6
475,	11
476,	12
477,	10
478,	11
479,	7
480,	0
481,	4
482,	12
483,	7
484,	3
485,	6
486,	3
487,	6
488,	2
489,	6
490,	2
491,	12
492,	9
493,	7
494,	3
495,	12
496,	0
497,	8
498,	7
499,	13
500,	8
501,	2
502,	10
503,	7
504,	0
505,	8
506,	3
507,	0
508,	10
509,	1
510,	16
511,	6
512,	12
513,	15
514,	11
515,	7
516,	3
517,	11
518,	12
519,	7
520,	1
521,	0
522,	8
523,	10
524,	0
525,	9
526,	6
527,	9
528,	10
529,	9
530,	5
531,	11
532,	0
533,	11
534,	5
535,	3
536,	2
537,	5
538,	1
539,	4
540,	4
541,	0
542,	4
543,	8
544,	8
545,	3
546,	8
547,	2
548,	0
549,	5
550,	5
551,	13
552,	8
553,	0
554,	9
555,	10
556,	9
557,	13
558,	2
559,	12
560,	1
561,	12
562,	2
563,	3
564,	9
565,	6
566,	10
567,	3
568,	14
569,	3
570,	2
571,	0
572,	3
573,	3
574,	13
575,	8
576,	3
577,	4
578,	4
579,	3
580,	1
581,	8
582,	6
583,	0
584,	1
585,	0
586,	4
587,	1
588,	9
589,	4
590,	10
591,	11
592,	14
593,	3
594,	3
595,	9
596,	4
597,	11
598,	7
599,	6
600,	10
601,	4
602,	1
603,	5
604,	2
605,	2
606,	5
607,	10
608,	1
609,	4
610,	1
611,	8
612,	8
613,	4
614,	9
615,	0
616,	0
617,	9
618,	11
619,	6
620,	1
621,	13
622,	13
623,	0
624,	0
625,	0
626,	5
627,	3
628,	4
629,	14
630,	7
631,	7
632,	1
633,	2
634,	5
635,	10
636,	1
637,	1
638,	7
639,	6
640,	0
641,	6
642,	17
643,	4
644,	4
645,	6
646,	2
647,	12
648,	6
649,	7
650,	12
651,	4
652,	13
653,	14
654,	15
655,	2
656,	6
657,	5
658,	7
659,	16
660,	2
661,	2
662,	7
663,	6
664,	6
665,	3
666,	12
667,	9
668,	14
669,	9
670,	13
671,	0
672,	1
673,	6
674,	8
675,	9
676,	0
677,	1
678,	7
679,	0
680,	3
681,	12
682,	16
683,	11
684,	10
685,	0
686,	0
687,	15
688,	8
689,	1
690,	1
691,	1
692,	11
693,	6
694,	8
695,	2
696,	8
697,	10
698,	9
699,	4
700,	12
701,	1
702,	4
703,	5
704,	16
705,	7
706,	1
707,	6
708,	4
709,	9
710,	0
711,	2
712,	2
713,	1
714,	3
715,	6
716,	11
717,	0
718,	6
719,	0
720,	4
721,	1
722,	10
723,	6
724,	1
725,	3
726,	3
727,	3
728,	9
729,	4
730,	16
731,	9
732,	8
733,	9
734,	9
735,	3
736,	8
737,	2
738,	5
739,	12
740,	6
741,	9
742,	13
743,	11
744,	4
745,	4
746,	2
747,	11
748,	10
749,	15
750,	10
751,	8
752,	9
753,	5
754,	10
755,	5
756,	0
757,	3
758,	12
759,	12
760,	10
761,	13
762,	12
763,	11
764,	11
765,	12
766,	7
767,	8
768,	0
769,	7
770,	1
771,	8
772,	12
773,	10
774,	5
775,	2
776,	3
777,	0
778,	6
779,	6
780,	6
781,	14
782,	13
783,	2
784,	3
785,	0
786,	13
787,	5
788,	9
789,	15
790,	7
791,	5
792,	12
793,	6
794,	5
795,	6
796,	8
797,	13
798,	16
799,	6
800,	5
801,	8
802,	0
803,	4
804,	2
805,	4
806,	3
807,	4
808,	9
809,	13
810,	17
811,	7
812,	5
813,	4
814,	6
815,	11
816,	0
817,	3
818,	10
819,	7
820,	3
821,	11
822,	9
823,	2
824,	5
825,	8
826,	3
827,	6
828,	2
829,	1
830,	1
831,	0
832,	2
833,	8
834,	0
835,	0
836,	12
837,	11
838,	4
839,	2
840,	4
841,	4
842,	5
843,	1
844,	4
845,	7
846,	12
847,	10
848,	8
849,	12
850,	12
851,	7
852,	7
853,	9
854,	11
855,	4
856,	8
857,	7
858,	1
859,	9
860,	4
861,	11
862,	3
863,	15
864,	9
865,	4
866,	0
867,	13
868,	4
869,	4
870,	7
871,	2
872,	2
873,	9
874,	5
875,	5
876,	5
877,	0
878,	4
879,	8
880,	12
881,	5
882,	5
883,	3
884,	4
885,	5
886,	3
887,	8
888,	7
889,	13
890,	4
891,	8
892,	3
893,	8
894,	6
895,	4
896,	3
897,	1
898,	11
899,	0
900,	4
901,	10
902,	8
903,	1
904,	3
905,	5
906,	4
907,	7
908,	2
909,	13
910,	2
911,	2
912,	10
913,	2
914,	14
915,	13
916,	7
917,	7
918,	3
919,	5
920,	4
921,	11
922,	2
923,	1
924,	5
925,	6
926,	6
927,	7
928,	4
929,	1
930,	1
931,	0
932,	0
933,	1
934,	3
935,	0
936,	4
937,	0
938,	1
939,	5
940,	4
941,	1
942,	0
943,	5
944,	8
945,	8
946,	7
947,	0
948,	16
949,	11
950,	14
951,	0
952,	0
953,	1
954,	16
955,	1
956,	9
957,	3
958,	8
959,	5
960,	14
961,	6
962,	6
963,	9
964,	4
965,	4
966,	5
967,	6
968,	5
969,	6
970,	6
971,	5
972,	1
973,	1
974,	13
975,	4
976,	13
977,	12
978,	12
979,	10
980,	10
981,	6
982,	9
983,	4
984,	9
985,	2
986,	7
987,	5
988,	5
989,	2
990,	4
991,	10
992,	11
993,	8
994,	6
995,	14
996,	7
997,	6
998,	1
999,	5
