Instance: /home/gabriel/Documents/ufrgs/courses/oc/trab/instances/cmb01
Vertices: 500
Colors: 12
NumIterations: 10
Alpha: 0.050000
Is Factible?: false
Conflicts: 5
Solution Value: 154030.609375
Vertex,	Color
0,	1
1,	1
2,	1
3,	0
4,	0
5,	1
6,	1
7,	0
8,	0
9,	1
10,	0
11,	0
12,	0
13,	0
14,	0
15,	0
16,	3
17,	2
18,	7
19,	1
20,	0
21,	0
22,	0
23,	2
24,	1
25,	0
26,	11
27,	0
28,	0
29,	1
30,	0
31,	0
32,	2
33,	0
34,	0
35,	2
36,	0
37,	0
38,	1
39,	1
40,	0
41,	0
42,	1
43,	10
44,	1
45,	1
46,	0
47,	0
48,	3
49,	1
50,	0
51,	0
52,	3
53,	0
54,	1
55,	1
56,	2
57,	1
58,	1
59,	0
60,	1
61,	0
62,	0
63,	2
64,	1
65,	2
66,	1
67,	2
68,	1
69,	2
70,	0
71,	1
72,	0
73,	1
74,	1
75,	1
76,	2
77,	2
78,	0
79,	2
80,	2
81,	2
82,	3
83,	1
84,	2
85,	0
86,	3
87,	1
88,	4
89,	3
90,	2
91,	2
92,	1
93,	2
94,	1
95,	2
96,	3
97,	1
98,	2
99,	5
100,	6
101,	0
102,	2
103,	4
104,	0
105,	3
106,	3
107,	1
108,	2
109,	3
110,	3
111,	4
112,	0
113,	3
114,	1
115,	3
116,	1
117,	5
118,	0
119,	4
120,	3
121,	5
122,	0
123,	2
124,	2
125,	2
126,	2
127,	2
128,	1
129,	4
130,	1
131,	2
132,	6
133,	2
134,	1
135,	3
136,	2
137,	6
138,	8
139,	1
140,	1
141,	4
142,	3
143,	1
144,	3
145,	1
146,	4
147,	4
148,	7
149,	0
150,	3
151,	6
152,	4
153,	1
154,	2
155,	4
156,	2
157,	3
158,	3
159,	2
160,	4
161,	5
162,	9
163,	5
164,	4
165,	4
166,	2
167,	0
168,	3
169,	1
170,	5
171,	4
172,	1
173,	4
174,	3
175,	1
176,	2
177,	7
178,	5
179,	8
180,	6
181,	2
182,	6
183,	11
184,	3
185,	3
186,	4
187,	0
188,	2
189,	5
190,	5
191,	2
192,	1
193,	0
194,	5
195,	3
196,	2
197,	1
198,	11
199,	4
200,	1
201,	3
202,	5
203,	5
204,	6
205,	4
206,	2
207,	6
208,	1
209,	3
210,	3
211,	2
212,	10
213,	5
214,	3
215,	4
216,	3
217,	3
218,	4
219,	5
220,	4
221,	1
222,	5
223,	4
224,	3
225,	0
226,	4
227,	5
228,	1
229,	4
230,	3
231,	5
232,	3
233,	4
234,	3
235,	7
236,	11
237,	5
238,	3
239,	3
240,	0
241,	1
242,	7
243,	3
244,	7
245,	1
246,	5
247,	7
248,	6
249,	3
250,	2
251,	2
252,	4
253,	6
254,	8
255,	5
256,	6
257,	3
258,	5
259,	3
260,	6
261,	3
262,	5
263,	11
264,	6
265,	0
266,	5
267,	8
268,	5
269,	4
270,	7
271,	4
272,	7
273,	6
274,	8
275,	1
276,	9
277,	7
278,	3
279,	1
280,	0
281,	2
282,	5
283,	6
284,	7
285,	5
286,	6
287,	5
288,	4
289,	2
290,	6
291,	2
292,	6
293,	7
294,	9
295,	4
296,	4
297,	10
298,	4
299,	3
300,	4
301,	1
302,	6
303,	3
304,	2
305,	3
306,	2
307,	7
308,	3
309,	7
310,	8
311,	4
312,	3
313,	7
314,	7
315,	4
316,	6
317,	4
318,	4
319,	2
320,	5
321,	5
322,	4
323,	6
324,	6
325,	4
326,	2
327,	5
328,	8
329,	6
330,	0
331,	8
332,	5
333,	7
334,	8
335,	2
336,	7
337,	8
338,	7
339,	1
340,	6
341,	11
342,	6
343,	8
344,	1
345,	6
346,	7
347,	10
348,	7
349,	1
350,	1
351,	4
352,	9
353,	7
354,	5
355,	5
356,	9
357,	7
358,	5
359,	3
360,	8
361,	6
362,	5
363,	0
364,	8
365,	5
366,	6
367,	5
368,	8
369,	6
370,	5
371,	4
372,	5
373,	5
374,	4
375,	6
376,	9
377,	9
378,	7
379,	5
380,	10
381,	3
382,	2
383,	3
384,	3
385,	4
386,	8
387,	8
388,	2
389,	7
390,	8
391,	1
392,	3
393,	9
394,	10
395,	4
396,	8
397,	7
398,	4
399,	9
400,	7
401,	6
402,	4
403,	4
404,	3
405,	9
406,	2
407,	1
408,	0
409,	9
410,	5
411,	4
412,	7
413,	7
414,	10
415,	7
416,	9
417,	5
418,	9
419,	5
420,	2
421,	8
422,	6
423,	10
424,	8
425,	7
426,	10
427,	6
428,	6
429,	7
430,	9
431,	10
432,	1
433,	6
434,	6
435,	6
436,	5
437,	3
438,	2
439,	7
440,	0
441,	9
442,	0
443,	1
444,	4
445,	8
446,	10
447,	2
448,	6
449,	9
450,	8
451,	5
452,	7
453,	8
454,	4
455,	6
456,	9
457,	9
458,	0
459,	0
460,	10
461,	3
462,	6
463,	7
464,	4
465,	7
466,	10
467,	5
468,	6
469,	6
470,	8
471,	9
472,	8
473,	2
474,	9
475,	11
476,	7
477,	2
478,	8
479,	11
480,	10
481,	5
482,	7
483,	6
484,	8
485,	8
486,	5
487,	8
488,	5
489,	4
490,	3
491,	10
492,	11
493,	4
494,	11
495,	6
496,	9
497,	4
498,	0
499,	5
