Instance: /home/gabriel/Documents/ufrgs/courses/oc/trab/instances/cmb01
Vertices: 500
Colors: 12
NumIterations: 100
Alpha: 0.950000
Is Factible?: false
Conflicts: 7
Solution Value: 164784.578125
Vertex,	Color
0,	7
1,	2
2,	6
3,	7
4,	9
5,	8
6,	9
7,	8
8,	6
9,	7
10,	2
11,	2
12,	7
13,	2
14,	1
15,	6
16,	6
17,	0
18,	8
19,	4
20,	1
21,	2
22,	0
23,	3
24,	6
25,	1
26,	3
27,	7
28,	9
29,	6
30,	2
31,	8
32,	8
33,	5
34,	6
35,	11
36,	0
37,	1
38,	1
39,	3
40,	1
41,	7
42,	0
43,	4
44,	3
45,	8
46,	8
47,	9
48,	5
49,	9
50,	7
51,	7
52,	4
53,	3
54,	4
55,	5
56,	5
57,	1
58,	8
59,	1
60,	4
61,	5
62,	0
63,	5
64,	6
65,	9
66,	1
67,	9
68,	2
69,	3
70,	1
71,	0
72,	9
73,	3
74,	4
75,	11
76,	5
77,	9
78,	3
79,	1
80,	1
81,	0
82,	8
83,	9
84,	8
85,	1
86,	0
87,	2
88,	0
89,	5
90,	8
91,	2
92,	8
93,	6
94,	2
95,	2
96,	7
97,	1
98,	9
99,	11
100,	2
101,	6
102,	9
103,	4
104,	0
105,	4
106,	2
107,	3
108,	4
109,	8
110,	5
111,	4
112,	1
113,	2
114,	3
115,	8
116,	5
117,	1
118,	5
119,	5
120,	2
121,	11
122,	10
123,	6
124,	1
125,	4
126,	4
127,	3
128,	1
129,	1
130,	3
131,	0
132,	8
133,	0
134,	1
135,	5
136,	0
137,	5
138,	3
139,	2
140,	3
141,	3
142,	7
143,	5
144,	2
145,	9
146,	0
147,	1
148,	7
149,	5
150,	7
151,	6
152,	0
153,	1
154,	6
155,	10
156,	0
157,	5
158,	0
159,	2
160,	7
161,	6
162,	7
163,	3
164,	2
165,	0
166,	5
167,	4
168,	8
169,	6
170,	10
171,	0
172,	4
173,	6
174,	4
175,	8
176,	4
177,	10
178,	8
179,	1
180,	1
181,	0
182,	3
183,	11
184,	1
185,	4
186,	3
187,	1
188,	1
189,	2
190,	3
191,	11
192,	7
193,	1
194,	5
195,	0
196,	7
197,	9
198,	2
199,	4
200,	4
201,	1
202,	10
203,	6
204,	4
205,	1
206,	2
207,	6
208,	3
209,	4
210,	7
211,	0
212,	0
213,	3
214,	3
215,	2
216,	0
217,	1
218,	5
219,	6
220,	3
221,	2
222,	4
223,	6
224,	1
225,	4
226,	3
227,	4
228,	3
229,	4
230,	7
231,	2
232,	5
233,	0
234,	5
235,	7
236,	7
237,	2
238,	0
239,	4
240,	1
241,	9
242,	5
243,	2
244,	10
245,	0
246,	3
247,	10
248,	3
249,	4
250,	5
251,	1
252,	8
253,	7
254,	3
255,	9
256,	4
257,	0
258,	9
259,	6
260,	0
261,	6
262,	0
263,	1
264,	2
265,	2
266,	3
267,	4
268,	9
269,	6
270,	8
271,	6
272,	8
273,	1
274,	9
275,	1
276,	2
277,	2
278,	5
279,	4
280,	0
281,	2
282,	7
283,	5
284,	8
285,	2
286,	4
287,	2
288,	6
289,	8
290,	6
291,	1
292,	5
293,	7
294,	10
295,	4
296,	5
297,	9
298,	3
299,	6
300,	0
301,	6
302,	0
303,	0
304,	4
305,	5
306,	5
307,	4
308,	2
309,	1
310,	2
311,	6
312,	0
313,	5
314,	5
315,	0
316,	1
317,	4
318,	5
319,	5
320,	3
321,	2
322,	2
323,	9
324,	8
325,	5
326,	3
327,	3
328,	10
329,	5
330,	1
331,	8
332,	2
333,	2
334,	4
335,	4
336,	6
337,	1
338,	5
339,	4
340,	5
341,	7
342,	3
343,	11
344,	3
345,	8
346,	7
347,	10
348,	6
349,	4
350,	2
351,	0
352,	10
353,	5
354,	3
355,	5
356,	10
357,	2
358,	0
359,	0
360,	0
361,	0
362,	1
363,	4
364,	9
365,	4
366,	2
367,	7
368,	9
369,	5
370,	4
371,	2
372,	6
373,	3
374,	0
375,	3
376,	1
377,	5
378,	3
379,	2
380,	4
381,	0
382,	3
383,	0
384,	7
385,	7
386,	4
387,	9
388,	3
389,	6
390,	5
391,	0
392,	4
393,	7
394,	2
395,	5
396,	8
397,	1
398,	6
399,	7
400,	9
401,	2
402,	0
403,	1
404,	2
405,	6
406,	2
407,	3
408,	9
409,	6
410,	1
411,	4
412,	8
413,	7
414,	1
415,	10
416,	4
417,	2
418,	5
419,	3
420,	2
421,	1
422,	0
423,	1
424,	7
425,	6
426,	8
427,	2
428,	1
429,	1
430,	6
431,	4
432,	6
433,	4
434,	4
435,	5
436,	0
437,	1
438,	6
439,	3
440,	0
441,	4
442,	1
443,	0
444,	2
445,	2
446,	8
447,	1
448,	3
449,	3
450,	4
451,	1
452,	0
453,	7
454,	2
455,	6
456,	7
457,	10
458,	6
459,	5
460,	0
461,	4
462,	7
463,	5
464,	3
465,	0
466,	0
467,	5
468,	8
469,	0
470,	0
471,	3
472,	3
473,	1
474,	2
475,	7
476,	1
477,	1
478,	7
479,	1
480,	9
481,	4
482,	10
483,	3
484,	1
485,	8
486,	3
487,	10
488,	2
489,	8
490,	5
491,	8
492,	11
493,	10
494,	9
495,	6
496,	7
497,	9
498,	3
499,	8
