Instance: /home/gabriel/Documents/ufrgs/courses/oc/trab/instances/cmb01
Vertices: 500
Colors: 12
NumIterations: 1
Alpha: 1.000000
Is Factible?: false
Conflicts: 17
Solution Value: 167648.687500
Vertex,	Color
0,	10
1,	0
2,	6
3,	2
4,	2
5,	7
6,	1
7,	1
8,	8
9,	5
10,	3
11,	6
12,	7
13,	6
14,	7
15,	6
16,	11
17,	1
18,	8
19,	5
20,	5
21,	1
22,	9
23,	4
24,	6
25,	0
26,	3
27,	8
28,	5
29,	2
30,	3
31,	8
32,	3
33,	3
34,	5
35,	7
36,	8
37,	2
38,	7
39,	6
40,	4
41,	10
42,	0
43,	6
44,	2
45,	6
46,	7
47,	1
48,	4
49,	4
50,	7
51,	10
52,	2
53,	4
54,	8
55,	2
56,	8
57,	2
58,	5
59,	3
60,	4
61,	3
62,	3
63,	6
64,	4
65,	5
66,	2
67,	1
68,	6
69,	2
70,	1
71,	3
72,	0
73,	5
74,	5
75,	7
76,	2
77,	3
78,	2
79,	0
80,	0
81,	8
82,	7
83,	6
84,	3
85,	2
86,	7
87,	0
88,	10
89,	9
90,	3
91,	0
92,	3
93,	0
94,	0
95,	9
96,	6
97,	6
98,	7
99,	9
100,	4
101,	1
102,	8
103,	0
104,	1
105,	7
106,	0
107,	6
108,	1
109,	10
110,	3
111,	2
112,	3
113,	4
114,	1
115,	4
116,	4
117,	0
118,	3
119,	3
120,	1
121,	6
122,	7
123,	2
124,	1
125,	1
126,	1
127,	8
128,	1
129,	9
130,	5
131,	0
132,	8
133,	3
134,	1
135,	3
136,	7
137,	8
138,	5
139,	4
140,	2
141,	0
142,	4
143,	5
144,	4
145,	2
146,	0
147,	1
148,	2
149,	5
150,	4
151,	0
152,	7
153,	1
154,	2
155,	6
156,	2
157,	9
158,	1
159,	3
160,	6
161,	1
162,	1
163,	4
164,	6
165,	8
166,	3
167,	4
168,	10
169,	9
170,	4
171,	2
172,	1
173,	5
174,	1
175,	6
176,	1
177,	4
178,	4
179,	9
180,	2
181,	0
182,	11
183,	1
184,	1
185,	4
186,	10
187,	0
188,	10
189,	8
190,	4
191,	0
192,	4
193,	4
194,	2
195,	8
196,	5
197,	4
198,	2
199,	7
200,	0
201,	6
202,	10
203,	0
204,	5
205,	0
206,	1
207,	5
208,	2
209,	4
210,	3
211,	0
212,	2
213,	3
214,	7
215,	4
216,	1
217,	4
218,	2
219,	2
220,	3
221,	5
222,	0
223,	3
224,	4
225,	0
226,	5
227,	7
228,	2
229,	9
230,	6
231,	8
232,	1
233,	7
234,	3
235,	0
236,	10
237,	1
238,	2
239,	8
240,	4
241,	5
242,	3
243,	2
244,	8
245,	0
246,	2
247,	2
248,	7
249,	5
250,	1
251,	5
252,	6
253,	0
254,	0
255,	0
256,	4
257,	1
258,	0
259,	3
260,	2
261,	4
262,	11
263,	3
264,	6
265,	3
266,	0
267,	8
268,	8
269,	4
270,	7
271,	3
272,	2
273,	5
274,	5
275,	1
276,	7
277,	2
278,	6
279,	4
280,	4
281,	5
282,	6
283,	0
284,	6
285,	0
286,	1
287,	4
288,	1
289,	0
290,	3
291,	0
292,	9
293,	6
294,	10
295,	1
296,	2
297,	0
298,	2
299,	0
300,	9
301,	2
302,	8
303,	0
304,	8
305,	0
306,	1
307,	6
308,	3
309,	5
310,	7
311,	5
312,	6
313,	1
314,	3
315,	9
316,	8
317,	2
318,	4
319,	2
320,	5
321,	6
322,	7
323,	11
324,	5
325,	2
326,	1
327,	2
328,	0
329,	9
330,	3
331,	0
332,	3
333,	3
334,	5
335,	3
336,	0
337,	1
338,	3
339,	2
340,	1
341,	1
342,	7
343,	6
344,	0
345,	7
346,	9
347,	10
348,	6
349,	0
350,	1
351,	0
352,	2
353,	3
354,	2
355,	1
356,	8
357,	9
358,	6
359,	11
360,	8
361,	9
362,	0
363,	3
364,	5
365,	6
366,	8
367,	9
368,	6
369,	5
370,	1
371,	2
372,	0
373,	1
374,	5
375,	10
376,	7
377,	4
378,	6
379,	3
380,	3
381,	0
382,	1
383,	5
384,	0
385,	6
386,	5
387,	9
388,	7
389,	4
390,	3
391,	0
392,	3
393,	2
394,	6
395,	4
396,	11
397,	7
398,	2
399,	0
400,	9
401,	1
402,	10
403,	3
404,	3
405,	11
406,	8
407,	2
408,	5
409,	0
410,	0
411,	2
412,	4
413,	2
414,	6
415,	0
416,	1
417,	5
418,	3
419,	6
420,	4
421,	7
422,	0
423,	10
424,	2
425,	6
426,	11
427,	2
428,	1
429,	0
430,	4
431,	5
432,	11
433,	5
434,	3
435,	0
436,	3
437,	2
438,	0
439,	4
440,	5
441,	5
442,	2
443,	4
444,	4
445,	2
446,	7
447,	1
448,	2
449,	3
450,	0
451,	4
452,	8
453,	6
454,	3
455,	4
456,	9
457,	3
458,	5
459,	0
460,	9
461,	3
462,	6
463,	0
464,	4
465,	5
466,	5
467,	5
468,	7
469,	4
470,	0
471,	10
472,	0
473,	0
474,	1
475,	0
476,	5
477,	0
478,	7
479,	7
480,	10
481,	1
482,	6
483,	6
484,	3
485,	1
486,	0
487,	1
488,	4
489,	5
490,	4
491,	5
492,	8
493,	6
494,	1
495,	5
496,	8
497,	7
498,	2
499,	7
