Instance: /home/gabriel/Documents/ufrgs/courses/oc/trab/instances/cmb01
Vertices: 500
Colors: 12
NumIterations: 10
Alpha: 0.950000
Is Factible?: false
Conflicts: 10
Solution Value: 172111.406250
Vertex,	Color
0,	8
1,	3
2,	2
3,	3
4,	0
5,	4
6,	0
7,	1
8,	7
9,	5
10,	6
11,	4
12,	0
13,	11
14,	8
15,	4
16,	4
17,	0
18,	7
19,	7
20,	5
21,	3
22,	2
23,	3
24,	4
25,	0
26,	3
27,	1
28,	4
29,	7
30,	0
31,	3
32,	6
33,	4
34,	6
35,	5
36,	6
37,	0
38,	3
39,	1
40,	2
41,	1
42,	5
43,	6
44,	1
45,	7
46,	3
47,	2
48,	2
49,	11
50,	5
51,	4
52,	1
53,	5
54,	9
55,	0
56,	1
57,	3
58,	1
59,	1
60,	9
61,	6
62,	7
63,	0
64,	1
65,	5
66,	0
67,	6
68,	1
69,	2
70,	6
71,	8
72,	2
73,	3
74,	9
75,	5
76,	1
77,	8
78,	0
79,	5
80,	0
81,	1
82,	2
83,	6
84,	8
85,	1
86,	0
87,	7
88,	5
89,	11
90,	2
91,	0
92,	7
93,	1
94,	5
95,	8
96,	4
97,	5
98,	5
99,	2
100,	10
101,	7
102,	5
103,	11
104,	2
105,	0
106,	4
107,	3
108,	3
109,	10
110,	5
111,	3
112,	5
113,	11
114,	7
115,	6
116,	1
117,	9
118,	0
119,	10
120,	6
121,	3
122,	0
123,	8
124,	3
125,	8
126,	8
127,	1
128,	4
129,	9
130,	2
131,	2
132,	2
133,	10
134,	9
135,	5
136,	3
137,	3
138,	7
139,	3
140,	3
141,	0
142,	5
143,	3
144,	3
145,	8
146,	2
147,	4
148,	0
149,	3
150,	7
151,	0
152,	11
153,	1
154,	1
155,	11
156,	3
157,	2
158,	1
159,	4
160,	7
161,	6
162,	9
163,	1
164,	7
165,	1
166,	1
167,	7
168,	7
169,	2
170,	1
171,	6
172,	0
173,	1
174,	1
175,	6
176,	2
177,	8
178,	7
179,	3
180,	2
181,	4
182,	5
183,	4
184,	2
185,	6
186,	4
187,	2
188,	5
189,	3
190,	4
191,	6
192,	3
193,	3
194,	3
195,	4
196,	2
197,	5
198,	1
199,	0
200,	2
201,	4
202,	0
203,	7
204,	7
205,	0
206,	0
207,	7
208,	1
209,	0
210,	7
211,	0
212,	4
213,	2
214,	8
215,	0
216,	1
217,	0
218,	6
219,	0
220,	6
221,	1
222,	8
223,	5
224,	1
225,	3
226,	1
227,	4
228,	5
229,	5
230,	4
231,	9
232,	9
233,	5
234,	5
235,	7
236,	4
237,	5
238,	2
239,	4
240,	0
241,	3
242,	0
243,	7
244,	3
245,	2
246,	4
247,	8
248,	0
249,	0
250,	2
251,	1
252,	3
253,	5
254,	9
255,	1
256,	6
257,	6
258,	8
259,	3
260,	4
261,	0
262,	5
263,	10
264,	4
265,	1
266,	6
267,	6
268,	4
269,	10
270,	8
271,	2
272,	4
273,	2
274,	2
275,	0
276,	7
277,	2
278,	0
279,	1
280,	0
281,	1
282,	7
283,	2
284,	9
285,	4
286,	9
287,	6
288,	2
289,	7
290,	5
291,	7
292,	2
293,	8
294,	8
295,	6
296,	5
297,	6
298,	2
299,	6
300,	2
301,	1
302,	0
303,	4
304,	6
305,	3
306,	0
307,	4
308,	1
309,	7
310,	3
311,	2
312,	2
313,	8
314,	1
315,	8
316,	6
317,	0
318,	2
319,	1
320,	5
321,	6
322,	0
323,	4
324,	5
325,	3
326,	4
327,	2
328,	1
329,	3
330,	1
331,	7
332,	2
333,	4
334,	6
335,	3
336,	2
337,	9
338,	9
339,	4
340,	3
341,	6
342,	7
343,	1
344,	0
345,	0
346,	1
347,	6
348,	1
349,	2
350,	4
351,	2
352,	7
353,	7
354,	4
355,	4
356,	1
357,	2
358,	9
359,	6
360,	6
361,	1
362,	3
363,	6
364,	7
365,	6
366,	5
367,	10
368,	3
369,	1
370,	1
371,	10
372,	9
373,	2
374,	4
375,	0
376,	1
377,	2
378,	2
379,	3
380,	2
381,	2
382,	3
383,	4
384,	1
385,	9
386,	2
387,	10
388,	9
389,	6
390,	7
391,	2
392,	3
393,	10
394,	8
395,	3
396,	0
397,	4
398,	0
399,	3
400,	2
401,	4
402,	2
403,	4
404,	0
405,	1
406,	0
407,	8
408,	0
409,	4
410,	1
411,	3
412,	3
413,	0
414,	3
415,	0
416,	2
417,	1
418,	10
419,	9
420,	0
421,	3
422,	5
423,	3
424,	2
425,	6
426,	9
427,	5
428,	2
429,	7
430,	1
431,	3
432,	1
433,	6
434,	7
435,	8
436,	5
437,	0
438,	8
439,	6
440,	5
441,	11
442,	0
443,	4
444,	0
445,	4
446,	2
447,	2
448,	1
449,	7
450,	8
451,	5
452,	7
453,	8
454,	0
455,	7
456,	8
457,	2
458,	1
459,	3
460,	8
461,	1
462,	4
463,	3
464,	8
465,	0
466,	6
467,	2
468,	6
469,	5
470,	8
471,	0
472,	4
473,	0
474,	1
475,	4
476,	4
477,	0
478,	1
479,	4
480,	5
481,	4
482,	3
483,	5
484,	5
485,	7
486,	5
487,	8
488,	5
489,	4
490,	5
491,	6
492,	10
493,	6
494,	9
495,	4
496,	8
497,	5
498,	3
499,	9
