Instance: /home/gabriel/Documents/ufrgs/courses/oc/trab/instances/cmb03
Vertices: 1000
Colors: 18
NumIterations: 1
Alpha: 1.000000
Is Factible?: false
Conflicts: 16
Solution Value: 231631.437500
Vertex,	Color
0,	1
1,	1
2,	2
3,	3
4,	8
5,	6
6,	10
7,	9
8,	2
9,	4
10,	11
11,	1
12,	2
13,	6
14,	10
15,	10
16,	11
17,	8
18,	0
19,	0
20,	2
21,	10
22,	3
23,	2
24,	10
25,	15
26,	3
27,	6
28,	4
29,	6
30,	4
31,	3
32,	11
33,	1
34,	9
35,	7
36,	4
37,	4
38,	1
39,	0
40,	3
41,	1
42,	2
43,	9
44,	2
45,	3
46,	7
47,	17
48,	4
49,	0
50,	11
51,	8
52,	5
53,	4
54,	14
55,	0
56,	2
57,	4
58,	16
59,	2
60,	0
61,	12
62,	3
63,	5
64,	7
65,	12
66,	5
67,	6
68,	5
69,	0
70,	13
71,	13
72,	3
73,	2
74,	4
75,	6
76,	5
77,	7
78,	4
79,	7
80,	0
81,	2
82,	10
83,	6
84,	1
85,	10
86,	1
87,	6
88,	2
89,	0
90,	6
91,	15
92,	9
93,	5
94,	10
95,	2
96,	15
97,	5
98,	12
99,	0
100,	11
101,	7
102,	9
103,	5
104,	9
105,	8
106,	8
107,	2
108,	13
109,	5
110,	3
111,	3
112,	6
113,	3
114,	14
115,	12
116,	9
117,	2
118,	1
119,	0
120,	6
121,	1
122,	8
123,	12
124,	2
125,	8
126,	2
127,	8
128,	14
129,	4
130,	8
131,	7
132,	8
133,	6
134,	6
135,	0
136,	11
137,	4
138,	7
139,	2
140,	0
141,	3
142,	1
143,	1
144,	5
145,	6
146,	7
147,	11
148,	7
149,	14
150,	13
151,	10
152,	8
153,	4
154,	6
155,	4
156,	2
157,	5
158,	1
159,	1
160,	6
161,	10
162,	4
163,	11
164,	14
165,	15
166,	9
167,	8
168,	0
169,	0
170,	9
171,	1
172,	4
173,	4
174,	0
175,	8
176,	1
177,	11
178,	5
179,	10
180,	16
181,	3
182,	4
183,	0
184,	2
185,	9
186,	7
187,	0
188,	12
189,	8
190,	10
191,	6
192,	0
193,	12
194,	9
195,	3
196,	11
197,	14
198,	1
199,	9
200,	6
201,	4
202,	6
203,	11
204,	0
205,	8
206,	0
207,	1
208,	13
209,	5
210,	2
211,	12
212,	10
213,	1
214,	0
215,	1
216,	12
217,	1
218,	3
219,	7
220,	9
221,	0
222,	5
223,	10
224,	1
225,	12
226,	0
227,	3
228,	5
229,	13
230,	8
231,	7
232,	2
233,	1
234,	6
235,	8
236,	0
237,	1
238,	8
239,	11
240,	5
241,	0
242,	5
243,	3
244,	16
245,	6
246,	3
247,	3
248,	6
249,	7
250,	12
251,	12
252,	1
253,	0
254,	6
255,	0
256,	1
257,	6
258,	3
259,	12
260,	3
261,	14
262,	11
263,	10
264,	6
265,	11
266,	5
267,	16
268,	15
269,	4
270,	0
271,	2
272,	6
273,	1
274,	17
275,	1
276,	4
277,	13
278,	3
279,	9
280,	10
281,	0
282,	7
283,	8
284,	4
285,	17
286,	2
287,	5
288,	11
289,	2
290,	3
291,	3
292,	9
293,	6
294,	2
295,	14
296,	13
297,	0
298,	1
299,	7
300,	1
301,	3
302,	8
303,	2
304,	12
305,	6
306,	3
307,	9
308,	8
309,	0
310,	13
311,	4
312,	10
313,	5
314,	13
315,	0
316,	0
317,	1
318,	13
319,	0
320,	2
321,	9
322,	7
323,	1
324,	6
325,	3
326,	1
327,	14
328,	7
329,	1
330,	2
331,	3
332,	4
333,	10
334,	10
335,	3
336,	0
337,	1
338,	3
339,	8
340,	8
341,	5
342,	7
343,	0
344,	5
345,	6
346,	3
347,	7
348,	16
349,	8
350,	8
351,	10
352,	4
353,	6
354,	11
355,	3
356,	13
357,	15
358,	8
359,	8
360,	1
361,	2
362,	1
363,	3
364,	10
365,	5
366,	5
367,	9
368,	5
369,	3
370,	4
371,	5
372,	10
373,	7
374,	7
375,	7
376,	7
377,	12
378,	7
379,	6
380,	6
381,	4
382,	3
383,	8
384,	0
385,	0
386,	4
387,	6
388,	0
389,	2
390,	9
391,	6
392,	4
393,	4
394,	10
395,	13
396,	12
397,	3
398,	6
399,	8
400,	12
401,	4
402,	6
403,	5
404,	2
405,	0
406,	1
407,	3
408,	3
409,	11
410,	5
411,	14
412,	1
413,	9
414,	10
415,	11
416,	9
417,	7
418,	4
419,	2
420,	9
421,	1
422,	7
423,	10
424,	3
425,	1
426,	5
427,	9
428,	2
429,	8
430,	1
431,	9
432,	16
433,	5
434,	3
435,	4
436,	0
437,	3
438,	0
439,	11
440,	9
441,	0
442,	3
443,	6
444,	8
445,	1
446,	5
447,	2
448,	2
449,	9
450,	6
451,	5
452,	16
453,	10
454,	12
455,	2
456,	4
457,	7
458,	5
459,	2
460,	12
461,	5
462,	4
463,	12
464,	7
465,	0
466,	6
467,	3
468,	5
469,	8
470,	0
471,	11
472,	3
473,	2
474,	9
475,	15
476,	2
477,	2
478,	1
479,	3
480,	6
481,	1
482,	12
483,	0
484,	5
485,	1
486,	3
487,	8
488,	4
489,	10
490,	3
491,	7
492,	1
493,	11
494,	0
495,	7
496,	7
497,	9
498,	6
499,	13
500,	8
501,	8
502,	4
503,	0
504,	5
505,	4
506,	0
507,	14
508,	1
509,	9
510,	10
511,	5
512,	7
513,	4
514,	10
515,	5
516,	12
517,	10
518,	13
519,	9
520,	10
521,	5
522,	7
523,	2
524,	2
525,	1
526,	9
527,	9
528,	12
529,	14
530,	1
531,	11
532,	9
533,	13
534,	1
535,	1
536,	3
537,	0
538,	10
539,	5
540,	0
541,	9
542,	5
543,	12
544,	10
545,	5
546,	6
547,	3
548,	12
549,	2
550,	2
551,	0
552,	15
553,	11
554,	4
555,	14
556,	4
557,	6
558,	13
559,	6
560,	14
561,	13
562,	14
563,	4
564,	16
565,	6
566,	5
567,	9
568,	12
569,	2
570,	4
571,	2
572,	5
573,	11
574,	11
575,	5
576,	12
577,	15
578,	0
579,	0
580,	7
581,	7
582,	8
583,	10
584,	1
585,	1
586,	6
587,	3
588,	6
589,	6
590,	2
591,	4
592,	4
593,	4
594,	11
595,	3
596,	5
597,	11
598,	7
599,	3
600,	0
601,	0
602,	10
603,	0
604,	3
605,	0
606,	3
607,	6
608,	10
609,	2
610,	2
611,	8
612,	3
613,	4
614,	0
615,	8
616,	3
617,	11
618,	15
619,	11
620,	13
621,	12
622,	6
623,	10
624,	5
625,	2
626,	4
627,	9
628,	12
629,	0
630,	2
631,	7
632,	9
633,	4
634,	1
635,	9
636,	3
637,	0
638,	4
639,	2
640,	2
641,	11
642,	9
643,	10
644,	4
645,	1
646,	0
647,	5
648,	0
649,	15
650,	7
651,	3
652,	12
653,	9
654,	16
655,	9
656,	3
657,	2
658,	2
659,	13
660,	9
661,	8
662,	8
663,	11
664,	6
665,	1
666,	12
667,	10
668,	10
669,	5
670,	0
671,	4
672,	7
673,	10
674,	8
675,	1
676,	10
677,	10
678,	8
679,	6
680,	17
681,	3
682,	11
683,	8
684,	8
685,	17
686,	9
687,	8
688,	8
689,	0
690,	1
691,	0
692,	2
693,	12
694,	11
695,	3
696,	7
697,	9
698,	7
699,	6
700,	10
701,	10
702,	0
703,	14
704,	5
705,	2
706,	8
707,	12
708,	2
709,	6
710,	5
711,	13
712,	13
713,	3
714,	3
715,	4
716,	2
717,	3
718,	1
719,	5
720,	1
721,	8
722,	3
723,	7
724,	5
725,	8
726,	1
727,	3
728,	13
729,	3
730,	2
731,	12
732,	8
733,	9
734,	6
735,	6
736,	1
737,	9
738,	9
739,	12
740,	7
741,	3
742,	10
743,	2
744,	11
745,	7
746,	3
747,	14
748,	16
749,	4
750,	12
751,	1
752,	7
753,	6
754,	0
755,	1
756,	5
757,	5
758,	6
759,	3
760,	0
761,	11
762,	5
763,	12
764,	5
765,	16
766,	9
767,	6
768,	0
769,	1
770,	4
771,	13
772,	12
773,	13
774,	1
775,	2
776,	9
777,	3
778,	7
779,	13
780,	5
781,	0
782,	3
783,	0
784,	8
785,	0
786,	3
787,	14
788,	0
789,	15
790,	1
791,	4
792,	2
793,	15
794,	2
795,	6
796,	9
797,	11
798,	9
799,	14
800,	8
801,	7
802,	5
803,	16
804,	4
805,	6
806,	7
807,	3
808,	1
809,	2
810,	7
811,	11
812,	9
813,	1
814,	6
815,	3
816,	1
817,	3
818,	8
819,	0
820,	7
821,	2
822,	0
823,	1
824,	5
825,	13
826,	5
827,	8
828,	0
829,	15
830,	12
831,	1
832,	1
833,	4
834,	3
835,	7
836,	15
837,	15
838,	13
839,	7
840,	0
841,	8
842,	11
843,	4
844,	2
845,	6
846,	3
847,	8
848,	1
849,	2
850,	12
851,	8
852,	4
853,	6
854,	11
855,	2
856,	0
857,	1
858,	11
859,	14
860,	10
861,	10
862,	8
863,	13
864,	8
865,	10
866,	1
867,	11
868,	5
869,	1
870,	3
871,	11
872,	7
873,	7
874,	5
875,	1
876,	4
877,	1
878,	11
879,	1
880,	3
881,	5
882,	0
883,	3
884,	6
885,	8
886,	4
887,	7
888,	0
889,	9
890,	0
891,	14
892,	7
893,	8
894,	8
895,	5
896,	1
897,	9
898,	1
899,	9
900,	4
901,	10
902,	10
903,	5
904,	7
905,	4
906,	6
907,	14
908,	2
909,	0
910,	0
911,	6
912,	8
913,	0
914,	9
915,	7
916,	5
917,	3
918,	7
919,	0
920,	0
921,	11
922,	5
923,	7
924,	5
925,	4
926,	4
927,	4
928,	3
929,	1
930,	12
931,	4
932,	1
933,	4
934,	13
935,	2
936,	0
937,	2
938,	8
939,	10
940,	4
941,	7
942,	3
943,	11
944,	15
945,	1
946,	2
947,	10
948,	8
949,	2
950,	6
951,	4
952,	8
953,	9
954,	3
955,	8
956,	9
957,	5
958,	11
959,	2
960,	4
961,	13
962,	0
963,	6
964,	12
965,	2
966,	2
967,	10
968,	11
969,	1
970,	12
971,	0
972,	7
973,	2
974,	8
975,	8
976,	14
977,	6
978,	9
979,	15
980,	10
981,	1
982,	7
983,	13
984,	3
985,	8
986,	4
987,	5
988,	5
989,	5
990,	5
991,	2
992,	5
993,	10
994,	6
995,	4
996,	2
997,	9
998,	5
999,	7
