Instance: /home/gabriel/Documents/ufrgs/courses/oc/trab/instances/cmb03
Vertices: 1000
Colors: 18
NumIterations: 1
Alpha: 1.000000
Is Factible?: false
Conflicts: 23
Solution Value: 222582.500000
Vertex,	Color
0,	0
1,	3
2,	9
3,	4
4,	12
5,	8
6,	8
7,	5
8,	11
9,	9
10,	2
11,	3
12,	6
13,	4
14,	5
15,	12
16,	10
17,	2
18,	8
19,	4
20,	3
21,	14
22,	7
23,	3
24,	9
25,	8
26,	7
27,	9
28,	8
29,	0
30,	10
31,	3
32,	5
33,	14
34,	13
35,	11
36,	0
37,	3
38,	6
39,	5
40,	5
41,	0
42,	4
43,	3
44,	1
45,	10
46,	11
47,	5
48,	2
49,	0
50,	12
51,	4
52,	6
53,	11
54,	7
55,	0
56,	9
57,	13
58,	16
59,	9
60,	0
61,	3
62,	7
63,	8
64,	6
65,	10
66,	1
67,	11
68,	0
69,	11
70,	8
71,	6
72,	6
73,	4
74,	9
75,	0
76,	0
77,	13
78,	8
79,	8
80,	7
81,	3
82,	8
83,	3
84,	10
85,	10
86,	4
87,	7
88,	0
89,	1
90,	11
91,	15
92,	3
93,	10
94,	3
95,	0
96,	9
97,	10
98,	3
99,	1
100,	3
101,	4
102,	0
103,	2
104,	9
105,	0
106,	3
107,	5
108,	6
109,	5
110,	2
111,	1
112,	13
113,	6
114,	2
115,	5
116,	9
117,	5
118,	1
119,	9
120,	2
121,	11
122,	9
123,	17
124,	14
125,	6
126,	1
127,	9
128,	6
129,	2
130,	8
131,	3
132,	5
133,	8
134,	0
135,	1
136,	14
137,	5
138,	0
139,	6
140,	4
141,	13
142,	7
143,	0
144,	10
145,	5
146,	17
147,	1
148,	9
149,	12
150,	2
151,	2
152,	6
153,	10
154,	12
155,	5
156,	3
157,	7
158,	10
159,	4
160,	6
161,	7
162,	16
163,	10
164,	10
165,	6
166,	9
167,	9
168,	0
169,	13
170,	5
171,	3
172,	4
173,	11
174,	7
175,	3
176,	2
177,	12
178,	9
179,	8
180,	12
181,	4
182,	15
183,	7
184,	1
185,	5
186,	1
187,	6
188,	5
189,	5
190,	0
191,	16
192,	0
193,	1
194,	1
195,	0
196,	0
197,	7
198,	1
199,	5
200,	5
201,	1
202,	11
203,	2
204,	5
205,	5
206,	10
207,	1
208,	7
209,	10
210,	13
211,	5
212,	6
213,	4
214,	8
215,	0
216,	7
217,	4
218,	7
219,	3
220,	3
221,	3
222,	8
223,	9
224,	2
225,	11
226,	9
227,	4
228,	0
229,	2
230,	17
231,	4
232,	10
233,	0
234,	0
235,	0
236,	4
237,	7
238,	1
239,	5
240,	6
241,	8
242,	11
243,	5
244,	5
245,	11
246,	11
247,	9
248,	0
249,	12
250,	5
251,	7
252,	10
253,	6
254,	11
255,	0
256,	6
257,	5
258,	4
259,	5
260,	4
261,	11
262,	15
263,	3
264,	5
265,	10
266,	10
267,	11
268,	3
269,	4
270,	7
271,	11
272,	4
273,	7
274,	11
275,	10
276,	13
277,	11
278,	0
279,	12
280,	4
281,	9
282,	4
283,	7
284,	9
285,	1
286,	6
287,	7
288,	15
289,	2
290,	6
291,	6
292,	4
293,	6
294,	3
295,	2
296,	5
297,	11
298,	1
299,	2
300,	12
301,	2
302,	1
303,	3
304,	11
305,	3
306,	1
307,	1
308,	4
309,	1
310,	5
311,	8
312,	9
313,	1
314,	7
315,	0
316,	0
317,	8
318,	11
319,	5
320,	3
321,	1
322,	12
323,	14
324,	16
325,	5
326,	4
327,	9
328,	12
329,	1
330,	1
331,	8
332,	6
333,	8
334,	1
335,	12
336,	8
337,	15
338,	9
339,	14
340,	9
341,	10
342,	2
343,	7
344,	2
345,	11
346,	5
347,	6
348,	0
349,	3
350,	11
351,	1
352,	13
353,	0
354,	2
355,	5
356,	8
357,	2
358,	12
359,	8
360,	14
361,	12
362,	6
363,	10
364,	1
365,	0
366,	14
367,	4
368,	2
369,	2
370,	7
371,	8
372,	8
373,	11
374,	3
375,	2
376,	5
377,	9
378,	13
379,	9
380,	6
381,	7
382,	14
383,	13
384,	5
385,	9
386,	15
387,	4
388,	8
389,	14
390,	0
391,	9
392,	12
393,	5
394,	6
395,	8
396,	12
397,	5
398,	11
399,	2
400,	5
401,	9
402,	10
403,	15
404,	10
405,	1
406,	2
407,	2
408,	13
409,	4
410,	11
411,	14
412,	12
413,	5
414,	7
415,	12
416,	5
417,	4
418,	14
419,	3
420,	8
421,	6
422,	5
423,	10
424,	3
425,	13
426,	1
427,	9
428,	2
429,	0
430,	7
431,	8
432,	7
433,	7
434,	7
435,	1
436,	10
437,	10
438,	1
439,	6
440,	3
441,	7
442,	2
443,	3
444,	3
445,	1
446,	2
447,	6
448,	6
449,	0
450,	2
451,	1
452,	4
453,	9
454,	3
455,	8
456,	2
457,	12
458,	8
459,	3
460,	4
461,	14
462,	13
463,	10
464,	4
465,	0
466,	3
467,	1
468,	5
469,	8
470,	2
471,	7
472,	9
473,	10
474,	6
475,	7
476,	8
477,	6
478,	1
479,	7
480,	9
481,	4
482,	5
483,	10
484,	15
485,	2
486,	6
487,	2
488,	7
489,	2
490,	0
491,	0
492,	4
493,	2
494,	0
495,	1
496,	2
497,	8
498,	5
499,	16
500,	16
501,	6
502,	9
503,	8
504,	8
505,	4
506,	9
507,	8
508,	12
509,	2
510,	3
511,	3
512,	3
513,	6
514,	1
515,	12
516,	9
517,	9
518,	6
519,	6
520,	4
521,	9
522,	8
523,	13
524,	2
525,	11
526,	12
527,	4
528,	8
529,	14
530,	2
531,	8
532,	3
533,	7
534,	2
535,	2
536,	6
537,	3
538,	3
539,	3
540,	6
541,	10
542,	10
543,	7
544,	0
545,	3
546,	13
547,	0
548,	5
549,	1
550,	7
551,	8
552,	10
553,	11
554,	10
555,	11
556,	13
557,	2
558,	6
559,	11
560,	0
561,	4
562,	8
563,	1
564,	15
565,	2
566,	3
567,	4
568,	6
569,	1
570,	1
571,	16
572,	8
573,	4
574,	6
575,	0
576,	7
577,	13
578,	0
579,	5
580,	1
581,	1
582,	4
583,	14
584,	7
585,	2
586,	9
587,	8
588,	9
589,	14
590,	12
591,	0
592,	0
593,	1
594,	4
595,	1
596,	9
597,	1
598,	0
599,	12
600,	0
601,	7
602,	10
603,	11
604,	11
605,	7
606,	1
607,	0
608,	15
609,	8
610,	0
611,	6
612,	10
613,	10
614,	6
615,	15
616,	1
617,	0
618,	1
619,	5
620,	4
621,	3
622,	1
623,	1
624,	0
625,	9
626,	8
627,	9
628,	6
629,	3
630,	10
631,	1
632,	11
633,	5
634,	2
635,	3
636,	2
637,	9
638,	5
639,	12
640,	5
641,	9
642,	9
643,	10
644,	5
645,	8
646,	1
647,	5
648,	0
649,	3
650,	8
651,	0
652,	12
653,	4
654,	7
655,	2
656,	5
657,	4
658,	12
659,	5
660,	10
661,	5
662,	13
663,	13
664,	11
665,	2
666,	5
667,	13
668,	2
669,	6
670,	2
671,	4
672,	8
673,	5
674,	10
675,	4
676,	17
677,	7
678,	4
679,	8
680,	13
681,	5
682,	0
683,	2
684,	4
685,	17
686,	8
687,	1
688,	2
689,	13
690,	2
691,	4
692,	3
693,	8
694,	11
695,	5
696,	12
697,	10
698,	4
699,	3
700,	2
701,	7
702,	7
703,	9
704,	10
705,	9
706,	3
707,	3
708,	5
709,	13
710,	0
711,	1
712,	2
713,	13
714,	6
715,	2
716,	6
717,	10
718,	0
719,	2
720,	2
721,	7
722,	0
723,	3
724,	4
725,	4
726,	3
727,	1
728,	10
729,	3
730,	3
731,	16
732,	1
733,	2
734,	12
735,	4
736,	2
737,	4
738,	5
739,	0
740,	0
741,	3
742,	13
743,	7
744,	2
745,	14
746,	1
747,	6
748,	15
749,	11
750,	8
751,	1
752,	4
753,	13
754,	13
755,	7
756,	6
757,	8
758,	9
759,	9
760,	10
761,	9
762,	7
763,	5
764,	6
765,	10
766,	0
767,	12
768,	0
769,	4
770,	4
771,	1
772,	7
773,	1
774,	2
775,	3
776,	8
777,	7
778,	6
779,	9
780,	8
781,	1
782,	13
783,	1
784,	0
785,	1
786,	13
787,	8
788,	6
789,	13
790,	8
791,	1
792,	11
793,	17
794,	4
795,	9
796,	4
797,	4
798,	12
799,	0
800,	12
801,	11
802,	10
803,	12
804,	12
805,	1
806,	8
807,	11
808,	4
809,	1
810,	16
811,	5
812,	0
813,	9
814,	7
815,	0
816,	5
817,	3
818,	0
819,	7
820,	6
821,	3
822,	4
823,	5
824,	8
825,	14
826,	9
827,	7
828,	0
829,	9
830,	6
831,	4
832,	5
833,	7
834,	4
835,	15
836,	7
837,	1
838,	0
839,	6
840,	12
841,	6
842,	1
843,	6
844,	4
845,	7
846,	12
847,	2
848,	3
849,	2
850,	7
851,	1
852,	4
853,	4
854,	7
855,	6
856,	17
857,	12
858,	1
859,	3
860,	8
861,	7
862,	6
863,	9
864,	5
865,	6
866,	10
867,	8
868,	1
869,	3
870,	10
871,	4
872,	2
873,	2
874,	7
875,	1
876,	6
877,	0
878,	7
879,	0
880,	6
881,	0
882,	7
883,	15
884,	3
885,	6
886,	15
887,	5
888,	10
889,	0
890,	2
891,	5
892,	8
893,	0
894,	7
895,	10
896,	4
897,	3
898,	10
899,	13
900,	1
901,	5
902,	6
903,	1
904,	11
905,	14
906,	3
907,	14
908,	4
909,	10
910,	8
911,	6
912,	0
913,	0
914,	8
915,	6
916,	1
917,	0
918,	2
919,	2
920,	7
921,	2
922,	12
923,	0
924,	2
925,	0
926,	0
927,	5
928,	8
929,	5
930,	2
931,	4
932,	0
933,	6
934,	9
935,	1
936,	4
937,	2
938,	10
939,	11
940,	0
941,	9
942,	15
943,	0
944,	4
945,	4
946,	2
947,	1
948,	12
949,	3
950,	13
951,	11
952,	8
953,	9
954,	7
955,	2
956,	0
957,	16
958,	2
959,	1
960,	0
961,	11
962,	16
963,	2
964,	17
965,	6
966,	4
967,	11
968,	1
969,	0
970,	2
971,	7
972,	11
973,	6
974,	1
975,	10
976,	2
977,	11
978,	6
979,	14
980,	2
981,	10
982,	0
983,	14
984,	7
985,	5
986,	11
987,	5
988,	1
989,	3
990,	17
991,	5
992,	3
993,	0
994,	0
995,	14
996,	5
997,	3
998,	3
999,	1
