Instance: /home/gabriel/Documents/ufrgs/courses/oc/trab/instances/cmb01
Vertices: 500
Colors: 12
NumIterations: 1
Alpha: 1.000000
Is Factible?: false
Conflicts: 19
Solution Value: 179065.984375
Vertex,	Color
0,	11
1,	2
2,	8
3,	1
4,	2
5,	5
6,	8
7,	3
8,	6
9,	0
10,	7
11,	0
12,	1
13,	10
14,	10
15,	7
16,	3
17,	6
18,	10
19,	8
20,	6
21,	2
22,	11
23,	5
24,	6
25,	3
26,	10
27,	4
28,	8
29,	4
30,	4
31,	6
32,	8
33,	5
34,	1
35,	5
36,	7
37,	2
38,	4
39,	0
40,	3
41,	9
42,	7
43,	1
44,	1
45,	0
46,	2
47,	4
48,	0
49,	5
50,	5
51,	5
52,	1
53,	4
54,	4
55,	2
56,	7
57,	6
58,	3
59,	1
60,	8
61,	2
62,	6
63,	4
64,	1
65,	3
66,	4
67,	1
68,	11
69,	4
70,	11
71,	0
72,	5
73,	4
74,	7
75,	3
76,	5
77,	5
78,	7
79,	0
80,	4
81,	7
82,	9
83,	6
84,	9
85,	5
86,	9
87,	3
88,	8
89,	0
90,	4
91,	7
92,	4
93,	1
94,	2
95,	9
96,	1
97,	3
98,	9
99,	7
100,	11
101,	2
102,	4
103,	10
104,	0
105,	1
106,	1
107,	0
108,	5
109,	6
110,	3
111,	9
112,	3
113,	3
114,	4
115,	0
116,	5
117,	4
118,	3
119,	1
120,	5
121,	10
122,	2
123,	2
124,	0
125,	3
126,	0
127,	8
128,	1
129,	0
130,	4
131,	0
132,	7
133,	11
134,	6
135,	4
136,	5
137,	0
138,	1
139,	4
140,	0
141,	8
142,	4
143,	6
144,	7
145,	3
146,	6
147,	6
148,	3
149,	1
150,	6
151,	0
152,	8
153,	7
154,	8
155,	9
156,	3
157,	0
158,	1
159,	3
160,	7
161,	4
162,	6
163,	2
164,	3
165,	8
166,	2
167,	8
168,	5
169,	0
170,	7
171,	1
172,	8
173,	2
174,	1
175,	5
176,	0
177,	8
178,	8
179,	9
180,	8
181,	7
182,	2
183,	8
184,	6
185,	6
186,	2
187,	2
188,	1
189,	3
190,	7
191,	7
192,	3
193,	0
194,	4
195,	5
196,	9
197,	0
198,	2
199,	6
200,	3
201,	2
202,	9
203,	2
204,	2
205,	3
206,	2
207,	0
208,	0
209,	1
210,	0
211,	0
212,	0
213,	0
214,	7
215,	0
216,	4
217,	7
218,	8
219,	3
220,	2
221,	0
222,	0
223,	4
224,	5
225,	1
226,	1
227,	2
228,	5
229,	3
230,	2
231,	10
232,	0
233,	5
234,	1
235,	3
236,	0
237,	6
238,	0
239,	7
240,	3
241,	2
242,	0
243,	2
244,	3
245,	1
246,	0
247,	9
248,	5
249,	0
250,	4
251,	4
252,	4
253,	3
254,	8
255,	10
256,	1
257,	2
258,	2
259,	10
260,	2
261,	1
262,	11
263,	4
264,	7
265,	2
266,	2
267,	3
268,	7
269,	4
270,	0
271,	3
272,	7
273,	7
274,	4
275,	4
276,	1
277,	5
278,	1
279,	1
280,	2
281,	3
282,	1
283,	0
284,	2
285,	0
286,	5
287,	5
288,	1
289,	3
290,	5
291,	0
292,	1
293,	0
294,	6
295,	0
296,	5
297,	0
298,	0
299,	4
300,	2
301,	4
302,	6
303,	0
304,	7
305,	3
306,	1
307,	1
308,	0
309,	8
310,	5
311,	3
312,	2
313,	8
314,	9
315,	5
316,	5
317,	3
318,	5
319,	0
320,	4
321,	7
322,	1
323,	7
324,	4
325,	0
326,	3
327,	1
328,	1
329,	5
330,	1
331,	8
332,	3
333,	7
334,	2
335,	4
336,	4
337,	0
338,	9
339,	0
340,	4
341,	8
342,	1
343,	3
344,	0
345,	1
346,	6
347,	6
348,	2
349,	2
350,	2
351,	6
352,	9
353,	11
354,	6
355,	7
356,	5
357,	9
358,	7
359,	5
360,	1
361,	4
362,	6
363,	7
364,	0
365,	7
366,	4
367,	6
368,	0
369,	1
370,	3
371,	2
372,	10
373,	6
374,	6
375,	1
376,	5
377,	5
378,	1
379,	4
380,	5
381,	3
382,	1
383,	0
384,	0
385,	6
386,	4
387,	3
388,	2
389,	2
390,	9
391,	0
392,	2
393,	4
394,	9
395,	3
396,	8
397,	6
398,	6
399,	6
400,	4
401,	3
402,	9
403,	4
404,	1
405,	6
406,	2
407,	1
408,	1
409,	3
410,	5
411,	1
412,	0
413,	3
414,	5
415,	0
416,	0
417,	0
418,	2
419,	10
420,	7
421,	3
422,	7
423,	7
424,	9
425,	2
426,	10
427,	0
428,	1
429,	9
430,	6
431,	3
432,	4
433,	2
434,	2
435,	2
436,	0
437,	6
438,	4
439,	5
440,	6
441,	8
442,	7
443,	0
444,	5
445,	4
446,	1
447,	0
448,	3
449,	0
450,	1
451,	2
452,	7
453,	6
454,	3
455,	5
456,	6
457,	5
458,	1
459,	0
460,	6
461,	3
462,	1
463,	4
464,	9
465,	0
466,	1
467,	0
468,	6
469,	5
470,	3
471,	3
472,	7
473,	1
474,	6
475,	9
476,	8
477,	2
478,	4
479,	3
480,	2
481,	3
482,	0
483,	6
484,	8
485,	10
486,	8
487,	8
488,	0
489,	5
490,	0
491,	4
492,	1
493,	1
494,	1
495,	4
496,	3
497,	6
498,	0
499,	2
