Instance: /home/gabriel/Documents/ufrgs/courses/oc/trab/instances/cmb01
Vertices: 500
Colors: 12
NumIterations: 10
Alpha: 0.050000
Is Factible?: false
Conflicts: 5
Solution Value: 162461.281250
Vertex,	Color
0,	1
1,	1
2,	0
3,	0
4,	2
5,	0
6,	1
7,	0
8,	2
9,	1
10,	0
11,	0
12,	2
13,	0
14,	1
15,	0
16,	2
17,	1
18,	2
19,	0
20,	0
21,	0
22,	1
23,	9
24,	1
25,	2
26,	5
27,	0
28,	0
29,	0
30,	0
31,	0
32,	0
33,	0
34,	2
35,	1
36,	2
37,	0
38,	1
39,	1
40,	0
41,	1
42,	1
43,	10
44,	1
45,	2
46,	1
47,	0
48,	0
49,	1
50,	0
51,	0
52,	2
53,	0
54,	2
55,	1
56,	2
57,	2
58,	1
59,	0
60,	0
61,	0
62,	0
63,	1
64,	1
65,	1
66,	0
67,	3
68,	1
69,	2
70,	2
71,	2
72,	1
73,	1
74,	4
75,	0
76,	2
77,	4
78,	1
79,	2
80,	2
81,	1
82,	3
83,	3
84,	0
85,	0
86,	3
87,	1
88,	3
89,	3
90,	3
91,	3
92,	0
93,	1
94,	5
95,	0
96,	2
97,	1
98,	2
99,	3
100,	3
101,	5
102,	1
103,	4
104,	2
105,	4
106,	3
107,	2
108,	1
109,	2
110,	2
111,	5
112,	0
113,	2
114,	2
115,	4
116,	2
117,	6
118,	0
119,	4
120,	3
121,	3
122,	4
123,	1
124,	1
125,	2
126,	1
127,	5
128,	1
129,	4
130,	1
131,	2
132,	3
133,	1
134,	1
135,	3
136,	2
137,	7
138,	6
139,	2
140,	1
141,	2
142,	3
143,	4
144,	4
145,	2
146,	3
147,	5
148,	2
149,	0
150,	4
151,	6
152,	2
153,	2
154,	2
155,	5
156,	2
157,	4
158,	3
159,	0
160,	4
161,	3
162,	8
163,	5
164,	4
165,	3
166,	1
167,	0
168,	3
169,	1
170,	6
171,	3
172,	2
173,	3
174,	3
175,	1
176,	1
177,	9
178,	4
179,	7
180,	6
181,	2
182,	5
183,	2
184,	2
185,	5
186,	4
187,	0
188,	3
189,	5
190,	4
191,	2
192,	3
193,	0
194,	4
195,	3
196,	3
197,	1
198,	10
199,	4
200,	1
201,	4
202,	5
203,	6
204,	5
205,	4
206,	3
207,	4
208,	1
209,	3
210,	4
211,	0
212,	10
213,	5
214,	3
215,	4
216,	0
217,	3
218,	6
219,	7
220,	4
221,	1
222,	5
223,	4
224,	3
225,	0
226,	7
227,	4
228,	1
229,	4
230,	1
231,	5
232,	5
233,	3
234,	3
235,	6
236,	6
237,	4
238,	3
239,	3
240,	1
241,	1
242,	6
243,	3
244,	8
245,	1
246,	2
247,	5
248,	6
249,	5
250,	2
251,	3
252,	7
253,	6
254,	8
255,	5
256,	5
257,	2
258,	4
259,	3
260,	6
261,	4
262,	7
263,	11
264,	5
265,	0
266,	6
267,	7
268,	6
269,	9
270,	8
271,	4
272,	6
273,	5
274,	7
275,	2
276,	8
277,	2
278,	5
279,	3
280,	0
281,	3
282,	6
283,	5
284,	8
285,	5
286,	0
287,	6
288,	4
289,	5
290,	5
291,	1
292,	5
293,	7
294,	5
295,	4
296,	6
297,	9
298,	3
299,	3
300,	4
301,	1
302,	5
303,	2
304,	2
305,	4
306,	2
307,	7
308,	3
309,	6
310,	7
311,	5
312,	3
313,	7
314,	6
315,	6
316,	6
317,	4
318,	4
319,	2
320,	4
321,	10
322,	8
323,	7
324,	5
325,	5
326,	1
327,	4
328,	6
329,	6
330,	0
331,	6
332,	4
333,	8
334,	8
335,	0
336,	3
337,	8
338,	7
339,	1
340,	5
341,	10
342,	7
343,	7
344,	1
345,	7
346,	8
347,	9
348,	7
349,	6
350,	2
351,	4
352,	9
353,	7
354,	5
355,	2
356,	9
357,	9
358,	6
359,	4
360,	7
361,	6
362,	5
363,	5
364,	7
365,	8
366,	3
367,	3
368,	7
369,	5
370,	7
371,	4
372,	4
373,	5
374,	3
375,	5
376,	8
377,	8
378,	7
379,	4
380,	4
381,	1
382,	2
383,	4
384,	5
385,	6
386,	10
387,	9
388,	8
389,	6
390,	8
391,	3
392,	3
393,	9
394,	10
395,	2
396,	6
397,	7
398,	3
399,	8
400,	6
401,	1
402,	1
403,	7
404,	5
405,	8
406,	2
407,	1
408,	0
409,	7
410,	6
411,	5
412,	5
413,	7
414,	5
415,	11
416,	4
417,	4
418,	9
419,	5
420,	9
421,	4
422,	6
423,	4
424,	8
425,	7
426,	10
427,	7
428,	6
429,	6
430,	9
431,	8
432,	6
433,	6
434,	6
435,	10
436,	5
437,	2
438,	2
439,	9
440,	4
441,	10
442,	0
443,	1
444,	4
445,	7
446,	10
447,	4
448,	6
449,	9
450,	7
451,	10
452,	7
453,	8
454,	3
455,	6
456,	8
457,	11
458,	11
459,	0
460,	10
461,	2
462,	7
463,	7
464,	4
465,	5
466,	9
467,	4
468,	7
469,	5
470,	3
471,	8
472,	7
473,	3
474,	9
475,	8
476,	6
477,	0
478,	7
479,	0
480,	9
481,	5
482,	9
483,	5
484,	7
485,	6
486,	7
487,	8
488,	3
489,	3
490,	6
491,	10
492,	11
493,	4
494,	7
495,	6
496,	10
497,	9
498,	0
499,	6
