Instance: /home/gabriel/Documents/ufrgs/courses/oc/trab/instances/cmb01
Vertices: 500
Colors: 12
NumIterations: 10
Alpha: 0.050000
Is Factible?: false
Conflicts: 13
Solution Value: 151813.250000
Vertex,	Color
0,	2
1,	0
2,	2
3,	0
4,	0
5,	0
6,	0
7,	2
8,	1
9,	1
10,	0
11,	0
12,	2
13,	0
14,	0
15,	1
16,	0
17,	1
18,	0
19,	1
20,	0
21,	1
22,	0
23,	3
24,	0
25,	1
26,	0
27,	0
28,	0
29,	1
30,	0
31,	0
32,	1
33,	0
34,	2
35,	1
36,	1
37,	0
38,	0
39,	2
40,	0
41,	0
42,	1
43,	0
44,	0
45,	1
46,	0
47,	3
48,	0
49,	0
50,	0
51,	0
52,	0
53,	0
54,	1
55,	1
56,	2
57,	0
58,	1
59,	0
60,	1
61,	0
62,	1
63,	1
64,	1
65,	2
66,	1
67,	2
68,	1
69,	2
70,	0
71,	2
72,	1
73,	0
74,	2
75,	1
76,	4
77,	1
78,	0
79,	2
80,	2
81,	2
82,	0
83,	1
84,	1
85,	0
86,	3
87,	1
88,	2
89,	4
90,	2
91,	3
92,	1
93,	1
94,	2
95,	2
96,	3
97,	1
98,	3
99,	6
100,	3
101,	3
102,	0
103,	4
104,	2
105,	3
106,	2
107,	1
108,	2
109,	1
110,	3
111,	5
112,	0
113,	3
114,	2
115,	3
116,	1
117,	4
118,	0
119,	5
120,	3
121,	4
122,	3
123,	1
124,	1
125,	2
126,	4
127,	2
128,	1
129,	4
130,	1
131,	2
132,	6
133,	2
134,	2
135,	3
136,	2
137,	3
138,	5
139,	0
140,	1
141,	4
142,	3
143,	2
144,	3
145,	1
146,	4
147,	4
148,	7
149,	0
150,	4
151,	6
152,	0
153,	2
154,	2
155,	6
156,	2
157,	4
158,	4
159,	3
160,	4
161,	5
162,	7
163,	6
164,	5
165,	5
166,	3
167,	0
168,	3
169,	1
170,	4
171,	4
172,	1
173,	3
174,	3
175,	1
176,	2
177,	8
178,	5
179,	5
180,	7
181,	2
182,	6
183,	3
184,	4
185,	5
186,	2
187,	0
188,	2
189,	5
190,	3
191,	2
192,	4
193,	3
194,	5
195,	2
196,	2
197,	0
198,	5
199,	4
200,	0
201,	3
202,	5
203,	6
204,	5
205,	4
206,	2
207,	5
208,	1
209,	3
210,	3
211,	0
212,	9
213,	6
214,	3
215,	4
216,	3
217,	5
218,	5
219,	9
220,	4
221,	1
222,	4
223,	5
224,	3
225,	0
226,	5
227,	4
228,	1
229,	4
230,	4
231,	6
232,	3
233,	6
234,	3
235,	7
236,	6
237,	7
238,	4
239,	3
240,	0
241,	1
242,	6
243,	3
244,	6
245,	1
246,	5
247,	4
248,	6
249,	3
250,	2
251,	2
252,	5
253,	6
254,	8
255,	5
256,	8
257,	1
258,	4
259,	3
260,	6
261,	3
262,	4
263,	10
264,	6
265,	0
266,	4
267,	6
268,	6
269,	4
270,	7
271,	4
272,	7
273,	5
274,	8
275,	1
276,	7
277,	4
278,	7
279,	2
280,	2
281,	2
282,	6
283,	6
284,	7
285,	5
286,	5
287,	5
288,	4
289,	2
290,	1
291,	2
292,	6
293,	5
294,	11
295,	2
296,	7
297,	8
298,	2
299,	3
300,	4
301,	1
302,	6
303,	3
304,	6
305,	4
306,	2
307,	7
308,	3
309,	7
310,	7
311,	4
312,	2
313,	7
314,	6
315,	4
316,	6
317,	4
318,	3
319,	4
320,	4
321,	3
322,	9
323,	7
324,	6
325,	5
326,	4
327,	5
328,	7
329,	7
330,	0
331,	8
332,	4
333,	2
334,	8
335,	0
336,	7
337,	8
338,	5
339,	1
340,	7
341,	6
342,	5
343,	2
344,	2
345,	8
346,	7
347,	8
348,	8
349,	0
350,	1
351,	0
352,	9
353,	7
354,	4
355,	2
356,	10
357,	9
358,	5
359,	0
360,	8
361,	6
362,	5
363,	9
364,	8
365,	9
366,	8
367,	5
368,	7
369,	6
370,	5
371,	4
372,	6
373,	5
374,	4
375,	6
376,	8
377,	4
378,	7
379,	3
380,	6
381,	3
382,	2
383,	3
384,	5
385,	5
386,	8
387,	8
388,	9
389,	7
390,	9
391,	2
392,	5
393,	8
394,	9
395,	5
396,	7
397,	7
398,	7
399,	9
400,	6
401,	7
402,	10
403,	7
404,	5
405,	9
406,	9
407,	1
408,	0
409,	7
410,	8
411,	3
412,	7
413,	7
414,	10
415,	11
416,	9
417,	5
418,	9
419,	6
420,	9
421,	6
422,	7
423,	10
424,	8
425,	8
426,	10
427,	7
428,	0
429,	8
430,	9
431,	9
432,	0
433,	5
434,	6
435,	6
436,	6
437,	3
438,	7
439,	7
440,	0
441,	10
442,	0
443,	1
444,	3
445,	8
446,	10
447,	3
448,	5
449,	8
450,	1
451,	4
452,	6
453,	8
454,	4
455,	7
456,	8
457,	11
458,	10
459,	11
460,	11
461,	3
462,	10
463,	8
464,	4
465,	7
466,	5
467,	4
468,	7
469,	6
470,	6
471,	11
472,	7
473,	2
474,	7
475,	11
476,	10
477,	1
478,	8
479,	11
480,	9
481,	4
482,	9
483,	5
484,	8
485,	6
486,	8
487,	9
488,	5
489,	1
490,	3
491,	10
492,	11
493,	10
494,	11
495,	6
496,	10
497,	9
498,	6
499,	5
