Instance: /home/gabriel/Documents/ufrgs/courses/oc/trab/instances/cmb02
Vertices: 1000
Colors: 10
NumIterations: 1
Alpha: 0.050000
Is Factible?: false
Conflicts: 1
Solution Value: 564635.875000
Vertex,	Color
0,	0
1,	0
2,	1
3,	0
4,	1
5,	0
6,	0
7,	1
8,	0
9,	0
10,	0
11,	0
12,	0
13,	0
14,	1
15,	0
16,	1
17,	0
18,	0
19,	0
20,	0
21,	0
22,	0
23,	0
24,	0
25,	0
26,	0
27,	0
28,	0
29,	0
30,	0
31,	0
32,	0
33,	0
34,	1
35,	1
36,	0
37,	0
38,	0
39,	1
40,	1
41,	0
42,	1
43,	0
44,	1
45,	1
46,	0
47,	0
48,	0
49,	0
50,	2
51,	1
52,	0
53,	1
54,	0
55,	0
56,	0
57,	1
58,	0
59,	1
60,	0
61,	2
62,	0
63,	0
64,	0
65,	0
66,	0
67,	0
68,	0
69,	0
70,	0
71,	0
72,	0
73,	1
74,	0
75,	1
76,	0
77,	0
78,	0
79,	0
80,	1
81,	2
82,	0
83,	1
84,	1
85,	0
86,	1
87,	2
88,	1
89,	0
90,	0
91,	0
92,	0
93,	1
94,	0
95,	1
96,	0
97,	0
98,	0
99,	0
100,	2
101,	1
102,	0
103,	1
104,	1
105,	0
106,	1
107,	0
108,	1
109,	0
110,	3
111,	0
112,	1
113,	1
114,	0
115,	3
116,	0
117,	0
118,	1
119,	2
120,	1
121,	0
122,	0
123,	2
124,	0
125,	1
126,	0
127,	0
128,	0
129,	0
130,	0
131,	0
132,	1
133,	0
134,	1
135,	0
136,	1
137,	1
138,	0
139,	1
140,	0
141,	0
142,	1
143,	2
144,	2
145,	0
146,	2
147,	1
148,	0
149,	0
150,	2
151,	1
152,	2
153,	0
154,	1
155,	1
156,	3
157,	0
158,	3
159,	0
160,	0
161,	0
162,	1
163,	2
164,	1
165,	2
166,	3
167,	0
168,	0
169,	1
170,	0
171,	3
172,	1
173,	2
174,	2
175,	1
176,	0
177,	0
178,	0
179,	1
180,	0
181,	0
182,	0
183,	0
184,	0
185,	2
186,	0
187,	1
188,	0
189,	1
190,	0
191,	1
192,	0
193,	2
194,	1
195,	1
196,	3
197,	1
198,	0
199,	2
200,	1
201,	0
202,	1
203,	1
204,	0
205,	4
206,	0
207,	1
208,	1
209,	1
210,	2
211,	1
212,	3
213,	1
214,	1
215,	2
216,	2
217,	3
218,	0
219,	1
220,	1
221,	1
222,	0
223,	1
224,	1
225,	0
226,	0
227,	0
228,	1
229,	3
230,	0
231,	1
232,	0
233,	1
234,	3
235,	0
236,	3
237,	1
238,	2
239,	0
240,	0
241,	2
242,	0
243,	2
244,	0
245,	1
246,	0
247,	0
248,	3
249,	0
250,	1
251,	1
252,	1
253,	3
254,	1
255,	0
256,	0
257,	3
258,	0
259,	0
260,	0
261,	6
262,	6
263,	5
264,	3
265,	0
266,	2
267,	0
268,	3
269,	2
270,	1
271,	0
272,	1
273,	1
274,	1
275,	4
276,	3
277,	1
278,	1
279,	2
280,	1
281,	3
282,	2
283,	1
284,	2
285,	0
286,	1
287,	0
288,	2
289,	2
290,	2
291,	2
292,	1
293,	1
294,	2
295,	2
296,	0
297,	5
298,	3
299,	2
300,	2
301,	1
302,	0
303,	2
304,	2
305,	0
306,	4
307,	2
308,	1
309,	1
310,	1
311,	3
312,	1
313,	0
314,	1
315,	4
316,	0
317,	0
318,	0
319,	1
320,	2
321,	1
322,	1
323,	2
324,	3
325,	1
326,	2
327,	1
328,	3
329,	1
330,	2
331,	2
332,	0
333,	2
334,	0
335,	3
336,	1
337,	1
338,	5
339,	0
340,	2
341,	7
342,	3
343,	1
344,	3
345,	1
346,	1
347,	3
348,	3
349,	0
350,	0
351,	0
352,	1
353,	1
354,	1
355,	1
356,	4
357,	2
358,	0
359,	0
360,	1
361,	1
362,	2
363,	1
364,	3
365,	2
366,	0
367,	0
368,	3
369,	0
370,	2
371,	4
372,	4
373,	2
374,	4
375,	1
376,	0
377,	2
378,	2
379,	4
380,	2
381,	2
382,	1
383,	0
384,	1
385,	1
386,	3
387,	4
388,	0
389,	1
390,	3
391,	2
392,	1
393,	1
394,	2
395,	2
396,	2
397,	0
398,	1
399,	0
400,	0
401,	2
402,	2
403,	0
404,	2
405,	0
406,	2
407,	0
408,	0
409,	3
410,	4
411,	1
412,	2
413,	1
414,	2
415,	1
416,	3
417,	4
418,	0
419,	2
420,	1
421,	1
422,	2
423,	1
424,	4
425,	2
426,	3
427,	0
428,	4
429,	1
430,	0
431,	1
432,	3
433,	3
434,	2
435,	3
436,	0
437,	3
438,	2
439,	3
440,	0
441,	4
442,	3
443,	2
444,	2
445,	1
446,	1
447,	5
448,	2
449,	2
450,	2
451,	0
452,	2
453,	0
454,	1
455,	1
456,	2
457,	2
458,	3
459,	4
460,	5
461,	0
462,	2
463,	3
464,	4
465,	1
466,	0
467,	2
468,	2
469,	2
470,	2
471,	5
472,	3
473,	0
474,	2
475,	1
476,	2
477,	2
478,	2
479,	1
480,	4
481,	1
482,	2
483,	2
484,	1
485,	3
486,	2
487,	0
488,	2
489,	3
490,	2
491,	0
492,	3
493,	0
494,	0
495,	0
496,	3
497,	1
498,	4
499,	5
500,	2
501,	1
502,	2
503,	3
504,	5
505,	3
506,	4
507,	2
508,	2
509,	0
510,	3
511,	7
512,	1
513,	6
514,	2
515,	3
516,	5
517,	1
518,	3
519,	4
520,	0
521,	1
522,	3
523,	5
524,	5
525,	1
526,	3
527,	2
528,	1
529,	3
530,	2
531,	0
532,	5
533,	2
534,	2
535,	2
536,	0
537,	0
538,	3
539,	3
540,	0
541,	2
542,	1
543,	3
544,	1
545,	2
546,	1
547,	6
548,	1
549,	0
550,	3
551,	2
552,	3
553,	0
554,	4
555,	3
556,	1
557,	3
558,	3
559,	1
560,	2
561,	2
562,	3
563,	4
564,	4
565,	3
566,	6
567,	2
568,	3
569,	3
570,	1
571,	3
572,	2
573,	3
574,	3
575,	1
576,	4
577,	2
578,	4
579,	1
580,	2
581,	2
582,	4
583,	0
584,	3
585,	3
586,	1
587,	4
588,	1
589,	2
590,	4
591,	3
592,	1
593,	1
594,	1
595,	5
596,	1
597,	3
598,	5
599,	5
600,	4
601,	3
602,	5
603,	2
604,	1
605,	4
606,	5
607,	4
608,	2
609,	5
610,	2
611,	3
612,	1
613,	0
614,	3
615,	2
616,	4
617,	1
618,	1
619,	2
620,	9
621,	0
622,	3
623,	0
624,	2
625,	4
626,	3
627,	4
628,	0
629,	3
630,	1
631,	6
632,	6
633,	4
634,	4
635,	4
636,	1
637,	8
638,	3
639,	1
640,	0
641,	2
642,	0
643,	3
644,	3
645,	5
646,	4
647,	4
648,	2
649,	2
650,	2
651,	1
652,	2
653,	2
654,	3
655,	2
656,	2
657,	3
658,	4
659,	4
660,	2
661,	3
662,	3
663,	1
664,	2
665,	1
666,	1
667,	6
668,	3
669,	1
670,	3
671,	0
672,	1
673,	3
674,	4
675,	1
676,	2
677,	3
678,	2
679,	3
680,	4
681,	5
682,	1
683,	0
684,	3
685,	2
686,	5
687,	4
688,	2
689,	5
690,	3
691,	3
692,	4
693,	1
694,	6
695,	4
696,	5
697,	4
698,	5
699,	5
700,	4
701,	2
702,	3
703,	1
704,	5
705,	7
706,	2
707,	3
708,	2
709,	4
710,	0
711,	6
712,	4
713,	3
714,	3
715,	2
716,	1
717,	1
718,	5
719,	4
720,	2
721,	1
722,	0
723,	3
724,	4
725,	5
726,	4
727,	2
728,	6
729,	1
730,	4
731,	4
732,	0
733,	6
734,	3
735,	1
736,	1
737,	1
738,	6
739,	6
740,	2
741,	0
742,	3
743,	2
744,	7
745,	5
746,	2
747,	2
748,	1
749,	3
750,	7
751,	4
752,	4
753,	5
754,	1
755,	2
756,	5
757,	1
758,	2
759,	1
760,	4
761,	5
762,	4
763,	2
764,	1
765,	6
766,	4
767,	4
768,	3
769,	1
770,	1
771,	0
772,	5
773,	2
774,	3
775,	7
776,	3
777,	4
778,	3
779,	5
780,	4
781,	3
782,	8
783,	8
784,	1
785,	3
786,	1
787,	5
788,	3
789,	6
790,	4
791,	5
792,	5
793,	0
794,	6
795,	3
796,	2
797,	4
798,	4
799,	6
800,	3
801,	6
802,	1
803,	0
804,	7
805,	4
806,	2
807,	2
808,	3
809,	6
810,	4
811,	3
812,	2
813,	6
814,	1
815,	4
816,	2
817,	4
818,	2
819,	0
820,	3
821,	4
822,	2
823,	0
824,	5
825,	7
826,	3
827,	4
828,	2
829,	2
830,	3
831,	2
832,	4
833,	5
834,	1
835,	0
836,	6
837,	2
838,	6
839,	5
840,	2
841,	0
842,	3
843,	3
844,	5
845,	3
846,	0
847,	4
848,	5
849,	9
850,	2
851,	7
852,	3
853,	5
854,	6
855,	7
856,	4
857,	2
858,	0
859,	3
860,	5
861,	6
862,	2
863,	2
864,	4
865,	5
866,	2
867,	2
868,	6
869,	7
870,	4
871,	4
872,	5
873,	2
874,	5
875,	5
876,	3
877,	4
878,	1
879,	6
880,	2
881,	5
882,	4
883,	0
884,	5
885,	6
886,	3
887,	1
888,	3
889,	0
890,	5
891,	3
892,	4
893,	3
894,	1
895,	3
896,	6
897,	5
898,	2
899,	1
900,	2
901,	4
902,	3
903,	4
904,	1
905,	4
906,	6
907,	3
908,	6
909,	8
910,	5
911,	6
912,	0
913,	1
914,	1
915,	3
916,	4
917,	4
918,	3
919,	6
920,	8
921,	3
922,	2
923,	5
924,	5
925,	3
926,	5
927,	0
928,	8
929,	4
930,	4
931,	1
932,	4
933,	2
934,	3
935,	5
936,	5
937,	4
938,	9
939,	4
940,	4
941,	2
942,	3
943,	1
944,	4
945,	0
946,	3
947,	3
948,	5
949,	5
950,	5
951,	4
952,	6
953,	4
954,	3
955,	5
956,	5
957,	2
958,	7
959,	2
960,	5
961,	1
962,	2
963,	4
964,	3
965,	3
966,	3
967,	2
968,	0
969,	6
970,	5
971,	5
972,	4
973,	0
974,	3
975,	5
976,	0
977,	3
978,	3
979,	3
980,	7
981,	5
982,	6
983,	3
984,	0
985,	2
986,	7
987,	4
988,	4
989,	6
990,	3
991,	5
992,	0
993,	4
994,	7
995,	8
996,	9
997,	4
998,	5
999,	2
