Instance: /home/gabriel/Documents/ufrgs/courses/oc/trab/instances/cmb03
Vertices: 1000
Colors: 18
NumIterations: 1
Alpha: 1.000000
Is Factible?: false
Conflicts: 20
Solution Value: 244922.125000
Vertex,	Color
0,	4
1,	6
2,	1
3,	4
4,	4
5,	4
6,	8
7,	13
8,	1
9,	6
10,	8
11,	9
12,	8
13,	6
14,	6
15,	0
16,	5
17,	6
18,	6
19,	11
20,	2
21,	4
22,	3
23,	16
24,	7
25,	13
26,	1
27,	9
28,	8
29,	5
30,	3
31,	9
32,	0
33,	4
34,	9
35,	0
36,	6
37,	6
38,	12
39,	8
40,	2
41,	4
42,	7
43,	13
44,	2
45,	13
46,	10
47,	0
48,	5
49,	2
50,	11
51,	1
52,	1
53,	12
54,	8
55,	5
56,	5
57,	4
58,	9
59,	1
60,	3
61,	2
62,	7
63,	12
64,	3
65,	0
66,	2
67,	10
68,	10
69,	5
70,	0
71,	8
72,	5
73,	0
74,	10
75,	13
76,	1
77,	2
78,	3
79,	4
80,	6
81,	4
82,	8
83,	6
84,	6
85,	0
86,	14
87,	3
88,	6
89,	5
90,	17
91,	1
92,	9
93,	9
94,	6
95,	2
96,	1
97,	4
98,	9
99,	0
100,	10
101,	2
102,	13
103,	13
104,	5
105,	7
106,	2
107,	7
108,	15
109,	0
110,	12
111,	6
112,	7
113,	0
114,	3
115,	9
116,	7
117,	6
118,	3
119,	3
120,	2
121,	5
122,	10
123,	4
124,	15
125,	11
126,	0
127,	4
128,	7
129,	11
130,	11
131,	9
132,	0
133,	12
134,	10
135,	4
136,	0
137,	8
138,	14
139,	6
140,	0
141,	5
142,	2
143,	1
144,	0
145,	2
146,	4
147,	7
148,	1
149,	4
150,	11
151,	9
152,	13
153,	7
154,	3
155,	7
156,	1
157,	8
158,	8
159,	6
160,	10
161,	11
162,	10
163,	15
164,	5
165,	11
166,	8
167,	7
168,	7
169,	7
170,	14
171,	7
172,	9
173,	3
174,	3
175,	5
176,	3
177,	17
178,	4
179,	1
180,	8
181,	7
182,	12
183,	10
184,	0
185,	3
186,	2
187,	2
188,	13
189,	5
190,	8
191,	6
192,	8
193,	9
194,	14
195,	8
196,	8
197,	16
198,	0
199,	7
200,	10
201,	7
202,	1
203,	11
204,	1
205,	1
206,	13
207,	4
208,	9
209,	5
210,	5
211,	3
212,	6
213,	16
214,	8
215,	5
216,	9
217,	1
218,	3
219,	6
220,	2
221,	5
222,	3
223,	0
224,	4
225,	0
226,	1
227,	9
228,	13
229,	2
230,	12
231,	7
232,	5
233,	2
234,	7
235,	9
236,	13
237,	8
238,	5
239,	11
240,	8
241,	3
242,	5
243,	7
244,	1
245,	8
246,	2
247,	12
248,	0
249,	11
250,	2
251,	1
252,	10
253,	1
254,	5
255,	1
256,	3
257,	5
258,	11
259,	8
260,	1
261,	5
262,	12
263,	5
264,	3
265,	5
266,	2
267,	6
268,	13
269,	6
270,	5
271,	1
272,	8
273,	6
274,	7
275,	3
276,	1
277,	12
278,	3
279,	4
280,	0
281,	5
282,	1
283,	8
284,	6
285,	4
286,	8
287,	13
288,	9
289,	0
290,	2
291,	0
292,	12
293,	5
294,	11
295,	3
296,	7
297,	11
298,	7
299,	3
300,	13
301,	3
302,	9
303,	7
304,	10
305,	0
306,	6
307,	2
308,	4
309,	1
310,	2
311,	3
312,	3
313,	5
314,	14
315,	4
316,	8
317,	1
318,	4
319,	0
320,	13
321,	12
322,	8
323,	5
324,	1
325,	3
326,	8
327,	1
328,	1
329,	0
330,	7
331,	2
332,	2
333,	12
334,	12
335,	3
336,	4
337,	2
338,	1
339,	10
340,	2
341,	8
342,	5
343,	5
344,	5
345,	9
346,	1
347,	5
348,	16
349,	9
350,	0
351,	11
352,	10
353,	11
354,	4
355,	4
356,	1
357,	2
358,	5
359,	5
360,	7
361,	9
362,	7
363,	1
364,	2
365,	8
366,	6
367,	7
368,	11
369,	10
370,	0
371,	2
372,	6
373,	6
374,	6
375,	4
376,	4
377,	6
378,	3
379,	7
380,	12
381,	10
382,	0
383,	12
384,	14
385,	14
386,	11
387,	7
388,	4
389,	17
390,	7
391,	2
392,	8
393,	1
394,	9
395,	3
396,	0
397,	0
398,	13
399,	1
400,	3
401,	5
402,	3
403,	4
404,	7
405,	7
406,	0
407,	10
408,	2
409,	9
410,	4
411,	9
412,	3
413,	13
414,	2
415,	0
416,	15
417,	7
418,	5
419,	10
420,	2
421,	3
422,	2
423,	6
424,	1
425,	3
426,	8
427,	7
428,	5
429,	8
430,	5
431,	13
432,	3
433,	4
434,	0
435,	3
436,	10
437,	0
438,	2
439,	1
440,	0
441,	10
442,	4
443,	7
444,	2
445,	2
446,	5
447,	5
448,	5
449,	1
450,	6
451,	6
452,	8
453,	10
454,	5
455,	2
456,	1
457,	1
458,	3
459,	0
460,	9
461,	10
462,	7
463,	6
464,	6
465,	0
466,	3
467,	6
468,	1
469,	1
470,	11
471,	2
472,	0
473,	2
474,	9
475,	4
476,	6
477,	4
478,	15
479,	0
480,	10
481,	0
482,	10
483,	10
484,	12
485,	2
486,	3
487,	2
488,	6
489,	8
490,	7
491,	2
492,	0
493,	7
494,	0
495,	9
496,	5
497,	6
498,	1
499,	6
500,	12
501,	6
502,	12
503,	2
504,	4
505,	7
506,	5
507,	15
508,	12
509,	4
510,	6
511,	12
512,	12
513,	14
514,	2
515,	12
516,	7
517,	7
518,	15
519,	10
520,	4
521,	2
522,	0
523,	13
524,	2
525,	11
526,	6
527,	11
528,	8
529,	15
530,	5
531,	3
532,	6
533,	4
534,	2
535,	3
536,	8
537,	1
538,	12
539,	5
540,	5
541,	7
542,	7
543,	11
544,	9
545,	12
546,	10
547,	12
548,	2
549,	6
550,	8
551,	16
552,	5
553,	10
554,	7
555,	4
556,	0
557,	0
558,	7
559,	6
560,	0
561,	14
562,	2
563,	3
564,	3
565,	0
566,	1
567,	9
568,	8
569,	5
570,	8
571,	8
572,	14
573,	11
574,	15
575,	10
576,	13
577,	5
578,	6
579,	3
580,	5
581,	3
582,	4
583,	6
584,	7
585,	0
586,	1
587,	4
588,	17
589,	4
590,	5
591,	11
592,	10
593,	4
594,	9
595,	2
596,	3
597,	3
598,	10
599,	13
600,	3
601,	10
602,	6
603,	10
604,	0
605,	9
606,	10
607,	10
608,	7
609,	7
610,	0
611,	9
612,	9
613,	6
614,	11
615,	17
616,	5
617,	1
618,	11
619,	5
620,	0
621,	12
622,	8
623,	2
624,	9
625,	15
626,	1
627,	13
628,	10
629,	11
630,	2
631,	10
632,	0
633,	4
634,	4
635,	2
636,	0
637,	11
638,	2
639,	1
640,	2
641,	2
642,	14
643,	6
644,	0
645,	14
646,	9
647,	8
648,	8
649,	2
650,	9
651,	7
652,	3
653,	15
654,	2
655,	15
656,	0
657,	5
658,	12
659,	16
660,	9
661,	9
662,	14
663,	7
664,	9
665,	9
666,	9
667,	9
668,	1
669,	0
670,	11
671,	3
672,	7
673,	15
674,	2
675,	13
676,	14
677,	15
678,	7
679,	4
680,	3
681,	4
682,	11
683,	11
684,	0
685,	16
686,	9
687,	4
688,	11
689,	12
690,	1
691,	4
692,	14
693,	4
694,	6
695,	2
696,	14
697,	10
698,	4
699,	2
700,	10
701,	0
702,	3
703,	14
704,	7
705,	5
706,	9
707,	8
708,	8
709,	11
710,	3
711,	1
712,	7
713,	6
714,	6
715,	4
716,	8
717,	0
718,	6
719,	3
720,	3
721,	7
722,	11
723,	11
724,	4
725,	4
726,	10
727,	6
728,	11
729,	10
730,	7
731,	9
732,	9
733,	16
734,	1
735,	3
736,	13
737,	15
738,	10
739,	0
740,	0
741,	11
742,	7
743,	2
744,	3
745,	10
746,	14
747,	11
748,	0
749,	5
750,	0
751,	4
752,	10
753,	11
754,	0
755,	1
756,	8
757,	4
758,	1
759,	14
760,	4
761,	3
762,	10
763,	1
764,	3
765,	3
766,	8
767,	1
768,	1
769,	0
770,	0
771,	0
772,	9
773,	1
774,	1
775,	1
776,	1
777,	6
778,	7
779,	1
780,	12
781,	2
782,	16
783,	1
784,	8
785,	11
786,	2
787,	11
788,	11
789,	9
790,	10
791,	1
792,	5
793,	11
794,	5
795,	12
796,	7
797,	3
798,	12
799,	0
800,	5
801,	4
802,	12
803,	3
804,	14
805,	5
806,	3
807,	0
808,	5
809,	8
810,	10
811,	7
812,	2
813,	3
814,	9
815,	0
816,	3
817,	0
818,	12
819,	10
820,	7
821,	6
822,	10
823,	9
824,	6
825,	7
826,	9
827,	4
828,	1
829,	7
830,	1
831,	17
832,	0
833,	12
834,	8
835,	4
836,	3
837,	9
838,	5
839,	5
840,	8
841,	1
842,	10
843,	6
844,	2
845,	3
846,	3
847,	10
848,	0
849,	1
850,	9
851,	12
852,	14
853,	3
854,	5
855,	5
856,	12
857,	8
858,	4
859,	11
860,	6
861,	2
862,	0
863,	9
864,	5
865,	7
866,	11
867,	1
868,	2
869,	9
870,	5
871,	13
872,	6
873,	8
874,	7
875,	5
876,	1
877,	3
878,	12
879,	0
880,	4
881,	3
882,	9
883,	0
884,	2
885,	4
886,	1
887,	4
888,	12
889,	2
890,	6
891,	13
892,	0
893,	1
894,	0
895,	1
896,	0
897,	16
898,	2
899,	4
900,	8
901,	13
902,	8
903,	2
904,	4
905,	15
906,	3
907,	6
908,	4
909,	15
910,	1
911,	2
912,	0
913,	7
914,	1
915,	5
916,	5
917,	12
918,	1
919,	2
920,	4
921,	3
922,	10
923,	4
924,	0
925,	3
926,	0
927,	6
928,	7
929,	0
930,	8
931,	5
932,	0
933,	6
934,	3
935,	9
936,	6
937,	4
938,	6
939,	14
940,	6
941,	11
942,	7
943,	0
944,	9
945,	8
946,	2
947,	13
948,	4
949,	8
950,	16
951,	10
952,	8
953,	6
954,	2
955,	1
956,	9
957,	1
958,	3
959,	2
960,	0
961,	14
962,	6
963,	6
964,	2
965,	0
966,	3
967,	4
968,	2
969,	3
970,	8
971,	5
972,	0
973,	7
974,	1
975,	5
976,	2
977,	3
978,	12
979,	6
980,	4
981,	4
982,	0
983,	10
984,	1
985,	3
986,	11
987,	9
988,	8
989,	2
990,	1
991,	11
992,	13
993,	8
994,	1
995,	14
996,	0
997,	4
998,	13
999,	7
