Instance: /home/gabriel/Documents/ufrgs/courses/oc/trab/instances/cmb03
Vertices: 1000
Colors: 18
NumIterations: 1
Alpha: 1.000000
Is Factible?: false
Conflicts: 36
Solution Value: 238284.375000
Vertex,	Color
0,	1
1,	6
2,	2
3,	7
4,	11
5,	12
6,	4
7,	8
8,	10
9,	6
10,	0
11,	10
12,	3
13,	7
14,	8
15,	3
16,	13
17,	1
18,	3
19,	8
20,	0
21,	4
22,	12
23,	12
24,	8
25,	2
26,	1
27,	9
28,	5
29,	0
30,	1
31,	6
32,	3
33,	10
34,	5
35,	9
36,	0
37,	0
38,	12
39,	12
40,	6
41,	5
42,	0
43,	7
44,	7
45,	11
46,	13
47,	9
48,	9
49,	2
50,	14
51,	0
52,	8
53,	5
54,	4
55,	5
56,	1
57,	2
58,	8
59,	13
60,	8
61,	10
62,	13
63,	5
64,	4
65,	2
66,	4
67,	11
68,	5
69,	9
70,	11
71,	5
72,	8
73,	4
74,	9
75,	0
76,	6
77,	9
78,	7
79,	6
80,	13
81,	8
82,	7
83,	1
84,	0
85,	5
86,	6
87,	5
88,	1
89,	0
90,	8
91,	11
92,	7
93,	4
94,	8
95,	1
96,	0
97,	0
98,	8
99,	0
100,	4
101,	9
102,	12
103,	15
104,	9
105,	9
106,	2
107,	5
108,	7
109,	5
110,	10
111,	1
112,	10
113,	7
114,	6
115,	6
116,	8
117,	1
118,	4
119,	0
120,	13
121,	7
122,	9
123,	4
124,	6
125,	11
126,	3
127,	2
128,	10
129,	12
130,	13
131,	8
132,	3
133,	3
134,	7
135,	4
136,	12
137,	13
138,	14
139,	0
140,	0
141,	6
142,	12
143,	0
144,	0
145,	5
146,	5
147,	3
148,	2
149,	7
150,	17
151,	3
152,	2
153,	3
154,	2
155,	0
156,	5
157,	8
158,	13
159,	1
160,	3
161,	6
162,	5
163,	11
164,	9
165,	9
166,	0
167,	1
168,	6
169,	5
170,	9
171,	0
172,	8
173,	8
174,	3
175,	7
176,	7
177,	11
178,	8
179,	0
180,	16
181,	9
182,	11
183,	3
184,	3
185,	1
186,	12
187,	4
188,	1
189,	8
190,	0
191,	0
192,	8
193,	6
194,	11
195,	9
196,	7
197,	11
198,	4
199,	5
200,	2
201,	1
202,	3
203,	17
204,	6
205,	0
206,	5
207,	0
208,	14
209,	5
210,	4
211,	5
212,	10
213,	2
214,	1
215,	7
216,	15
217,	0
218,	3
219,	7
220,	9
221,	2
222,	1
223,	3
224,	0
225,	14
226,	3
227,	15
228,	11
229,	8
230,	1
231,	5
232,	12
233,	0
234,	6
235,	3
236,	4
237,	1
238,	7
239,	8
240,	3
241,	6
242,	11
243,	8
244,	16
245,	4
246,	10
247,	13
248,	3
249,	5
250,	4
251,	8
252,	2
253,	4
254,	5
255,	10
256,	0
257,	1
258,	3
259,	2
260,	6
261,	11
262,	10
263,	7
264,	12
265,	11
266,	8
267,	2
268,	9
269,	5
270,	6
271,	1
272,	6
273,	6
274,	1
275,	2
276,	14
277,	13
278,	9
279,	12
280,	0
281,	1
282,	3
283,	14
284,	11
285,	11
286,	3
287,	4
288,	1
289,	6
290,	2
291,	1
292,	4
293,	3
294,	3
295,	9
296,	1
297,	7
298,	6
299,	1
300,	5
301,	0
302,	16
303,	7
304,	5
305,	5
306,	11
307,	2
308,	7
309,	3
310,	1
311,	10
312,	8
313,	1
314,	14
315,	0
316,	0
317,	0
318,	12
319,	3
320,	9
321,	12
322,	11
323,	11
324,	2
325,	5
326,	5
327,	7
328,	12
329,	3
330,	15
331,	3
332,	1
333,	3
334,	9
335,	11
336,	11
337,	0
338,	4
339,	5
340,	3
341,	10
342,	3
343,	1
344,	5
345,	13
346,	3
347,	2
348,	5
349,	10
350,	0
351,	4
352,	11
353,	5
354,	0
355,	2
356,	0
357,	8
358,	14
359,	8
360,	14
361,	9
362,	9
363,	15
364,	6
365,	9
366,	12
367,	5
368,	11
369,	5
370,	6
371,	9
372,	2
373,	10
374,	10
375,	9
376,	2
377,	12
378,	12
379,	9
380,	8
381,	3
382,	9
383,	1
384,	3
385,	10
386,	1
387,	4
388,	8
389,	2
390,	5
391,	5
392,	0
393,	3
394,	10
395,	5
396,	3
397,	5
398,	7
399,	4
400,	13
401,	2
402,	11
403,	3
404,	8
405,	4
406,	1
407,	4
408,	7
409,	14
410,	2
411,	0
412,	5
413,	7
414,	10
415,	12
416,	4
417,	0
418,	13
419,	9
420,	3
421,	5
422,	7
423,	10
424,	0
425,	7
426,	6
427,	6
428,	0
429,	10
430,	4
431,	2
432,	1
433,	11
434,	11
435,	6
436,	9
437,	4
438,	2
439,	1
440,	9
441,	1
442,	1
443,	3
444,	4
445,	10
446,	7
447,	4
448,	12
449,	8
450,	12
451,	9
452,	8
453,	0
454,	9
455,	2
456,	2
457,	0
458,	2
459,	4
460,	12
461,	8
462,	14
463,	11
464,	7
465,	5
466,	2
467,	6
468,	10
469,	2
470,	1
471,	2
472,	12
473,	1
474,	10
475,	7
476,	3
477,	10
478,	0
479,	9
480,	5
481,	1
482,	1
483,	0
484,	13
485,	2
486,	1
487,	2
488,	10
489,	5
490,	0
491,	5
492,	3
493,	6
494,	0
495,	11
496,	0
497,	9
498,	4
499,	0
500,	4
501,	7
502,	8
503,	9
504,	8
505,	9
506,	13
507,	10
508,	9
509,	1
510,	14
511,	6
512,	8
513,	10
514,	13
515,	2
516,	2
517,	10
518,	9
519,	5
520,	8
521,	8
522,	2
523,	2
524,	2
525,	3
526,	2
527,	6
528,	3
529,	1
530,	13
531,	13
532,	6
533,	8
534,	4
535,	7
536,	0
537,	2
538,	1
539,	0
540,	6
541,	0
542,	10
543,	14
544,	12
545,	9
546,	14
547,	4
548,	15
549,	5
550,	8
551,	4
552,	9
553,	1
554,	3
555,	14
556,	2
557,	8
558,	11
559,	16
560,	6
561,	8
562,	8
563,	2
564,	15
565,	5
566,	8
567,	8
568,	6
569,	3
570,	4
571,	14
572,	0
573,	9
574,	17
575,	10
576,	17
577,	3
578,	7
579,	1
580,	5
581,	4
582,	2
583,	10
584,	0
585,	0
586,	1
587,	5
588,	4
589,	11
590,	6
591,	6
592,	3
593,	3
594,	11
595,	2
596,	12
597,	7
598,	3
599,	6
600,	10
601,	6
602,	10
603,	13
604,	14
605,	4
606,	4
607,	10
608,	10
609,	5
610,	0
611,	8
612,	2
613,	3
614,	7
615,	0
616,	2
617,	5
618,	16
619,	9
620,	4
621,	13
622,	16
623,	12
624,	5
625,	17
626,	4
627,	9
628,	9
629,	15
630,	3
631,	4
632,	7
633,	1
634,	1
635,	6
636,	0
637,	2
638,	2
639,	7
640,	2
641,	9
642,	14
643,	8
644,	7
645,	9
646,	4
647,	1
648,	6
649,	5
650,	9
651,	0
652,	3
653,	3
654,	1
655,	8
656,	3
657,	16
658,	17
659,	1
660,	7
661,	1
662,	1
663,	7
664,	7
665,	1
666,	3
667,	9
668,	9
669,	10
670,	2
671,	6
672,	2
673,	1
674,	9
675,	6
676,	16
677,	1
678,	4
679,	14
680,	1
681,	12
682,	0
683,	11
684,	4
685,	2
686,	6
687,	5
688,	2
689,	10
690,	1
691,	0
692,	2
693,	5
694,	12
695,	4
696,	3
697,	11
698,	6
699,	1
700,	4
701,	8
702,	8
703,	10
704,	13
705,	2
706,	2
707,	0
708,	0
709,	7
710,	9
711,	4
712,	7
713,	5
714,	8
715,	1
716,	16
717,	0
718,	10
719,	7
720,	0
721,	0
722,	8
723,	10
724,	0
725,	1
726,	7
727,	10
728,	12
729,	4
730,	10
731,	12
732,	6
733,	15
734,	2
735,	4
736,	7
737,	4
738,	3
739,	13
740,	7
741,	2
742,	13
743,	7
744,	1
745,	2
746,	10
747,	10
748,	0
749,	12
750,	8
751,	3
752,	13
753,	5
754,	9
755,	6
756,	2
757,	2
758,	0
759,	9
760,	10
761,	0
762,	9
763,	6
764,	11
765,	2
766,	14
767,	0
768,	0
769,	1
770,	7
771,	6
772,	9
773,	3
774,	1
775,	5
776,	13
777,	0
778,	9
779,	14
780,	4
781,	6
782,	4
783,	3
784,	1
785,	6
786,	0
787,	4
788,	2
789,	15
790,	2
791,	5
792,	11
793,	0
794,	1
795,	2
796,	1
797,	10
798,	14
799,	0
800,	7
801,	7
802,	10
803,	15
804,	12
805,	4
806,	5
807,	6
808,	6
809,	9
810,	8
811,	1
812,	6
813,	2
814,	0
815,	1
816,	0
817,	4
818,	16
819,	2
820,	7
821,	2
822,	6
823,	1
824,	3
825,	5
826,	11
827,	0
828,	1
829,	3
830,	14
831,	0
832,	3
833,	12
834,	6
835,	13
836,	7
837,	11
838,	8
839,	0
840,	14
841,	1
842,	1
843,	10
844,	2
845,	3
846,	7
847,	4
848,	11
849,	7
850,	6
851,	6
852,	5
853,	5
854,	0
855,	5
856,	9
857,	8
858,	6
859,	5
860,	12
861,	6
862,	4
863,	8
864,	12
865,	4
866,	15
867,	4
868,	8
869,	11
870,	12
871,	16
872,	6
873,	14
874,	6
875,	2
876,	3
877,	6
878,	6
879,	1
880,	6
881,	15
882,	6
883,	15
884,	1
885,	7
886,	8
887,	8
888,	2
889,	15
890,	0
891,	12
892,	5
893,	4
894,	0
895,	7
896,	3
897,	7
898,	14
899,	5
900,	13
901,	6
902,	0
903,	13
904,	11
905,	0
906,	1
907,	10
908,	1
909,	4
910,	3
911,	3
912,	4
913,	5
914,	3
915,	3
916,	6
917,	11
918,	1
919,	0
920,	1
921,	3
922,	4
923,	8
924,	2
925,	0
926,	8
927,	2
928,	5
929,	2
930,	10
931,	2
932,	3
933,	2
934,	3
935,	4
936,	7
937,	0
938,	10
939,	3
940,	8
941,	7
942,	16
943,	3
944,	0
945,	4
946,	7
947,	13
948,	6
949,	2
950,	11
951,	7
952,	7
953,	10
954,	3
955,	3
956,	4
957,	4
958,	0
959,	4
960,	12
961,	12
962,	7
963,	1
964,	15
965,	4
966,	3
967,	11
968,	3
969,	4
970,	11
971,	17
972,	8
973,	5
974,	4
975,	4
976,	9
977,	1
978,	0
979,	11
980,	12
981,	0
982,	1
983,	5
984,	8
985,	13
986,	1
987,	3
988,	7
989,	11
990,	0
991,	12
992,	6
993,	6
994,	4
995,	16
996,	5
997,	2
998,	7
999,	5
