Instance: /home/gabriel/Documents/ufrgs/courses/oc/trab/instances/cmb03
Vertices: 1000
Colors: 18
NumIterations: 1
Alpha: 1.000000
Is Factible?: false
Conflicts: 15
Solution Value: 232703.609375
Vertex,	Color
0,	3
1,	5
2,	9
3,	1
4,	6
5,	12
6,	2
7,	7
8,	8
9,	7
10,	9
11,	2
12,	6
13,	7
14,	7
15,	1
16,	5
17,	3
18,	3
19,	11
20,	0
21,	6
22,	4
23,	9
24,	8
25,	6
26,	7
27,	12
28,	5
29,	1
30,	11
31,	6
32,	2
33,	5
34,	1
35,	12
36,	10
37,	10
38,	10
39,	5
40,	6
41,	3
42,	6
43,	6
44,	1
45,	2
46,	0
47,	9
48,	8
49,	0
50,	12
51,	10
52,	1
53,	11
54,	2
55,	2
56,	9
57,	4
58,	0
59,	13
60,	5
61,	4
62,	0
63,	16
64,	4
65,	0
66,	3
67,	6
68,	3
69,	4
70,	7
71,	11
72,	3
73,	7
74,	6
75,	8
76,	6
77,	1
78,	9
79,	0
80,	9
81,	4
82,	8
83,	6
84,	2
85,	15
86,	5
87,	5
88,	4
89,	10
90,	0
91,	17
92,	12
93,	5
94,	5
95,	2
96,	10
97,	12
98,	9
99,	2
100,	10
101,	6
102,	6
103,	2
104,	6
105,	0
106,	9
107,	6
108,	3
109,	9
110,	8
111,	10
112,	10
113,	2
114,	13
115,	1
116,	4
117,	0
118,	8
119,	8
120,	2
121,	6
122,	7
123,	9
124,	7
125,	3
126,	3
127,	7
128,	11
129,	1
130,	6
131,	8
132,	3
133,	8
134,	2
135,	5
136,	3
137,	8
138,	10
139,	6
140,	12
141,	3
142,	2
143,	13
144,	11
145,	2
146,	2
147,	9
148,	1
149,	2
150,	10
151,	14
152,	2
153,	3
154,	1
155,	5
156,	2
157,	6
158,	4
159,	6
160,	9
161,	6
162,	0
163,	5
164,	4
165,	8
166,	11
167,	10
168,	10
169,	2
170,	14
171,	2
172,	1
173,	10
174,	3
175,	4
176,	1
177,	8
178,	2
179,	6
180,	5
181,	0
182,	0
183,	4
184,	7
185,	1
186,	11
187,	10
188,	9
189,	2
190,	11
191,	8
192,	5
193,	4
194,	0
195,	0
196,	5
197,	3
198,	11
199,	13
200,	2
201,	3
202,	9
203,	10
204,	5
205,	8
206,	4
207,	4
208,	4
209,	0
210,	4
211,	4
212,	13
213,	3
214,	5
215,	10
216,	6
217,	1
218,	8
219,	2
220,	5
221,	4
222,	13
223,	3
224,	1
225,	7
226,	9
227,	6
228,	7
229,	12
230,	12
231,	10
232,	6
233,	2
234,	3
235,	4
236,	7
237,	2
238,	0
239,	14
240,	4
241,	0
242,	4
243,	0
244,	9
245,	6
246,	5
247,	13
248,	0
249,	12
250,	3
251,	8
252,	2
253,	15
254,	2
255,	6
256,	9
257,	4
258,	4
259,	12
260,	4
261,	0
262,	16
263,	4
264,	3
265,	0
266,	3
267,	2
268,	16
269,	0
270,	3
271,	6
272,	14
273,	0
274,	15
275,	5
276,	14
277,	13
278,	7
279,	6
280,	6
281,	1
282,	7
283,	6
284,	8
285,	9
286,	4
287,	1
288,	12
289,	1
290,	0
291,	6
292,	11
293,	4
294,	8
295,	8
296,	3
297,	11
298,	4
299,	9
300,	13
301,	5
302,	15
303,	6
304,	11
305,	0
306,	0
307,	0
308,	2
309,	0
310,	12
311,	8
312,	4
313,	11
314,	9
315,	4
316,	8
317,	6
318,	3
319,	7
320,	17
321,	13
322,	3
323,	8
324,	2
325,	9
326,	7
327,	8
328,	6
329,	9
330,	13
331,	6
332,	2
333,	8
334,	8
335,	9
336,	2
337,	7
338,	5
339,	7
340,	8
341,	11
342,	2
343,	1
344,	1
345,	8
346,	1
347,	1
348,	16
349,	0
350,	11
351,	12
352,	13
353,	6
354,	9
355,	0
356,	1
357,	11
358,	8
359,	7
360,	9
361,	7
362,	2
363,	7
364,	7
365,	0
366,	5
367,	7
368,	3
369,	9
370,	11
371,	12
372,	10
373,	10
374,	1
375,	0
376,	5
377,	16
378,	2
379,	5
380,	0
381,	2
382,	7
383,	5
384,	11
385,	7
386,	4
387,	9
388,	4
389,	9
390,	10
391,	9
392,	6
393,	9
394,	10
395,	10
396,	0
397,	1
398,	1
399,	9
400,	11
401,	4
402,	5
403,	8
404,	10
405,	2
406,	3
407,	15
408,	7
409,	5
410,	11
411,	11
412,	11
413,	14
414,	1
415,	3
416,	2
417,	0
418,	4
419,	14
420,	1
421,	10
422,	5
423,	5
424,	4
425,	10
426,	14
427,	4
428,	2
429,	8
430,	4
431,	13
432,	2
433,	7
434,	4
435,	2
436,	9
437,	14
438,	1
439,	12
440,	2
441,	5
442,	4
443,	4
444,	0
445,	4
446,	3
447,	0
448,	0
449,	7
450,	12
451,	2
452,	2
453,	7
454,	8
455,	1
456,	2
457,	1
458,	7
459,	2
460,	7
461,	11
462,	3
463,	2
464,	5
465,	3
466,	2
467,	6
468,	10
469,	0
470,	8
471,	1
472,	13
473,	0
474,	9
475,	16
476,	6
477,	8
478,	11
479,	3
480,	9
481,	4
482,	3
483,	5
484,	5
485,	5
486,	6
487,	0
488,	5
489,	7
490,	7
491,	16
492,	8
493,	2
494,	3
495,	5
496,	4
497,	8
498,	1
499,	5
500,	1
501,	0
502,	8
503,	6
504,	6
505,	3
506,	0
507,	14
508,	2
509,	8
510,	3
511,	14
512,	12
513,	4
514,	7
515,	10
516,	10
517,	0
518,	3
519,	3
520,	8
521,	2
522,	3
523,	14
524,	4
525,	1
526,	2
527,	10
528,	1
529,	11
530,	10
531,	5
532,	2
533,	1
534,	3
535,	5
536,	4
537,	1
538,	7
539,	2
540,	7
541,	2
542,	5
543,	7
544,	10
545,	9
546,	1
547,	3
548,	5
549,	1
550,	0
551,	11
552,	12
553,	7
554,	8
555,	8
556,	9
557,	13
558,	2
559,	3
560,	0
561,	0
562,	5
563,	3
564,	17
565,	4
566,	5
567,	10
568,	13
569,	6
570,	9
571,	0
572,	0
573,	11
574,	9
575,	2
576,	16
577,	6
578,	3
579,	2
580,	0
581,	0
582,	3
583,	10
584,	11
585,	1
586,	7
587,	3
588,	1
589,	2
590,	6
591,	0
592,	4
593,	3
594,	12
595,	3
596,	7
597,	10
598,	1
599,	13
600,	8
601,	15
602,	9
603,	6
604,	0
605,	0
606,	7
607,	13
608,	11
609,	3
610,	3
611,	1
612,	1
613,	2
614,	0
615,	6
616,	0
617,	4
618,	8
619,	7
620,	5
621,	4
622,	10
623,	13
624,	7
625,	4
626,	7
627,	11
628,	4
629,	12
630,	3
631,	5
632,	10
633,	7
634,	1
635,	2
636,	0
637,	5
638,	5
639,	4
640,	3
641,	0
642,	1
643,	5
644,	1
645,	5
646,	7
647,	13
648,	0
649,	4
650,	10
651,	7
652,	5
653,	8
654,	13
655,	8
656,	2
657,	2
658,	13
659,	15
660,	11
661,	11
662,	2
663,	6
664,	9
665,	5
666,	9
667,	1
668,	10
669,	1
670,	9
671,	0
672,	16
673,	4
674,	1
675,	3
676,	14
677,	13
678,	4
679,	14
680,	3
681,	11
682,	12
683,	1
684,	5
685,	8
686,	3
687,	6
688,	1
689,	2
690,	2
691,	3
692,	5
693,	13
694,	11
695,	3
696,	1
697,	9
698,	0
699,	4
700,	9
701,	9
702,	11
703,	15
704,	6
705,	8
706,	11
707,	6
708,	7
709,	9
710,	3
711,	11
712,	17
713,	6
714,	2
715,	10
716,	4
717,	3
718,	3
719,	2
720,	3
721,	1
722,	6
723,	2
724,	5
725,	15
726,	7
727,	4
728,	15
729,	0
730,	9
731,	11
732,	6
733,	5
734,	1
735,	15
736,	8
737,	8
738,	2
739,	3
740,	5
741,	11
742,	10
743,	5
744,	7
745,	4
746,	1
747,	2
748,	12
749,	4
750,	4
751,	7
752,	3
753,	3
754,	7
755,	7
756,	2
757,	4
758,	12
759,	14
760,	1
761,	0
762,	0
763,	10
764,	12
765,	16
766,	13
767,	1
768,	0
769,	6
770,	7
771,	12
772,	11
773,	3
774,	1
775,	1
776,	9
777,	8
778,	8
779,	1
780,	11
781,	3
782,	6
783,	12
784,	1
785,	12
786,	15
787,	10
788,	9
789,	14
790,	1
791,	14
792,	0
793,	4
794,	6
795,	6
796,	10
797,	7
798,	4
799,	11
800,	7
801,	7
802,	3
803,	15
804,	10
805,	6
806,	9
807,	3
808,	2
809,	13
810,	14
811,	3
812,	3
813,	4
814,	8
815,	2
816,	8
817,	1
818,	13
819,	9
820,	8
821,	6
822,	5
823,	2
824,	3
825,	6
826,	3
827,	6
828,	1
829,	11
830,	6
831,	0
832,	11
833,	12
834,	1
835,	0
836,	15
837,	15
838,	0
839,	0
840,	1
841,	1
842,	1
843,	5
844,	7
845,	8
846,	12
847,	1
848,	4
849,	5
850,	3
851,	12
852,	11
853,	6
854,	0
855,	2
856,	14
857,	7
858,	6
859,	7
860,	5
861,	8
862,	2
863,	17
864,	6
865,	1
866,	11
867,	7
868,	0
869,	12
870,	1
871,	14
872,	15
873,	9
874,	2
875,	5
876,	12
877,	3
878,	7
879,	0
880,	0
881,	9
882,	5
883,	13
884,	3
885,	11
886,	11
887,	0
888,	1
889,	15
890,	0
891,	12
892,	5
893,	10
894,	4
895,	9
896,	0
897,	13
898,	9
899,	7
900,	9
901,	12
902,	3
903,	2
904,	8
905,	12
906,	3
907,	7
908,	11
909,	5
910,	10
911,	8
912,	0
913,	3
914,	1
915,	4
916,	10
917,	10
918,	0
919,	2
920,	7
921,	13
922,	7
923,	4
924,	0
925,	4
926,	0
927,	1
928,	0
929,	1
930,	8
931,	2
932,	3
933,	3
934,	0
935,	8
936,	6
937,	9
938,	8
939,	1
940,	0
941,	8
942,	7
943,	12
944,	1
945,	11
946,	10
947,	4
948,	7
949,	9
950,	15
951,	1
952,	8
953,	1
954,	9
955,	1
956,	5
957,	0
958,	9
959,	4
960,	0
961,	10
962,	9
963,	7
964,	11
965,	1
966,	2
967,	1
968,	1
969,	3
970,	6
971,	13
972,	0
973,	3
974,	0
975,	10
976,	0
977,	8
978,	15
979,	12
980,	1
981,	2
982,	3
983,	4
984,	7
985,	4
986,	8
987,	6
988,	10
989,	3
990,	2
991,	5
992,	3
993,	8
994,	8
995,	14
996,	14
997,	5
998,	10
999,	4
