Instance: /home/gabriel/Documents/ufrgs/courses/oc/trab/instances/cmb03
Vertices: 1000
Colors: 18
NumIterations: 1
Alpha: 1.000000
Is Factible?: false
Conflicts: 16
Solution Value: 234613.078125
Vertex,	Color
0,	5
1,	2
2,	11
3,	8
4,	1
5,	17
6,	7
7,	13
8,	10
9,	8
10,	8
11,	2
12,	8
13,	10
14,	2
15,	7
16,	12
17,	13
18,	12
19,	7
20,	1
21,	2
22,	7
23,	8
24,	12
25,	5
26,	0
27,	16
28,	9
29,	2
30,	1
31,	8
32,	2
33,	8
34,	2
35,	5
36,	3
37,	1
38,	8
39,	14
40,	6
41,	7
42,	8
43,	11
44,	6
45,	5
46,	2
47,	4
48,	15
49,	0
50,	11
51,	8
52,	4
53,	9
54,	6
55,	2
56,	6
57,	1
58,	9
59,	8
60,	13
61,	3
62,	2
63,	9
64,	11
65,	5
66,	0
67,	6
68,	1
69,	7
70,	8
71,	3
72,	6
73,	10
74,	5
75,	1
76,	8
77,	14
78,	3
79,	2
80,	3
81,	3
82,	2
83,	4
84,	6
85,	1
86,	1
87,	3
88,	7
89,	14
90,	8
91,	6
92,	7
93,	2
94,	0
95,	2
96,	2
97,	9
98,	3
99,	2
100,	8
101,	6
102,	1
103,	13
104,	4
105,	0
106,	1
107,	11
108,	11
109,	16
110,	1
111,	2
112,	1
113,	9
114,	7
115,	0
116,	2
117,	11
118,	6
119,	7
120,	10
121,	10
122,	13
123,	14
124,	0
125,	10
126,	0
127,	10
128,	6
129,	4
130,	8
131,	0
132,	1
133,	10
134,	7
135,	8
136,	4
137,	9
138,	11
139,	4
140,	4
141,	10
142,	11
143,	6
144,	0
145,	6
146,	15
147,	10
148,	10
149,	3
150,	10
151,	4
152,	4
153,	10
154,	10
155,	8
156,	6
157,	2
158,	16
159,	0
160,	6
161,	8
162,	3
163,	7
164,	5
165,	12
166,	2
167,	8
168,	1
169,	2
170,	12
171,	0
172,	3
173,	6
174,	1
175,	5
176,	0
177,	15
178,	1
179,	14
180,	4
181,	3
182,	13
183,	4
184,	8
185,	0
186,	4
187,	12
188,	6
189,	5
190,	9
191,	5
192,	11
193,	0
194,	12
195,	7
196,	9
197,	0
198,	17
199,	1
200,	2
201,	0
202,	6
203,	13
204,	8
205,	2
206,	11
207,	5
208,	9
209,	1
210,	0
211,	0
212,	14
213,	8
214,	1
215,	3
216,	9
217,	0
218,	13
219,	6
220,	4
221,	7
222,	7
223,	14
224,	7
225,	0
226,	8
227,	10
228,	5
229,	5
230,	17
231,	11
232,	6
233,	8
234,	0
235,	1
236,	15
237,	9
238,	3
239,	9
240,	7
241,	2
242,	10
243,	10
244,	6
245,	1
246,	5
247,	12
248,	1
249,	12
250,	1
251,	13
252,	0
253,	3
254,	6
255,	4
256,	4
257,	1
258,	5
259,	2
260,	6
261,	6
262,	13
263,	3
264,	2
265,	11
266,	0
267,	11
268,	5
269,	6
270,	0
271,	6
272,	10
273,	7
274,	1
275,	4
276,	12
277,	2
278,	0
279,	10
280,	3
281,	8
282,	4
283,	5
284,	7
285,	17
286,	1
287,	9
288,	6
289,	2
290,	0
291,	0
292,	9
293,	7
294,	10
295,	1
296,	2
297,	6
298,	2
299,	5
300,	15
301,	3
302,	8
303,	8
304,	8
305,	3
306,	10
307,	4
308,	2
309,	0
310,	2
311,	5
312,	12
313,	13
314,	0
315,	2
316,	12
317,	6
318,	11
319,	1
320,	9
321,	9
322,	3
323,	12
324,	2
325,	6
326,	13
327,	4
328,	7
329,	10
330,	12
331,	3
332,	3
333,	2
334,	6
335,	5
336,	8
337,	13
338,	1
339,	8
340,	3
341,	6
342,	3
343,	5
344,	5
345,	13
346,	8
347,	3
348,	0
349,	8
350,	11
351,	2
352,	10
353,	6
354,	3
355,	2
356,	0
357,	1
358,	3
359,	5
360,	8
361,	5
362,	11
363,	9
364,	9
365,	0
366,	1
367,	2
368,	8
369,	3
370,	1
371,	4
372,	11
373,	14
374,	6
375,	7
376,	8
377,	10
378,	1
379,	9
380,	6
381,	2
382,	13
383,	13
384,	4
385,	7
386,	5
387,	9
388,	17
389,	11
390,	4
391,	1
392,	7
393,	1
394,	7
395,	11
396,	4
397,	7
398,	3
399,	5
400,	4
401,	3
402,	9
403,	12
404,	1
405,	5
406,	2
407,	2
408,	0
409,	14
410,	7
411,	12
412,	4
413,	8
414,	1
415,	13
416,	0
417,	3
418,	2
419,	8
420,	6
421,	9
422,	12
423,	4
424,	1
425,	3
426,	2
427,	8
428,	8
429,	10
430,	7
431,	5
432,	8
433,	8
434,	9
435,	0
436,	11
437,	5
438,	0
439,	3
440,	1
441,	5
442,	5
443,	7
444,	1
445,	1
446,	2
447,	0
448,	0
449,	3
450,	10
451,	9
452,	3
453,	3
454,	5
455,	2
456,	2
457,	3
458,	9
459,	0
460,	4
461,	7
462,	5
463,	0
464,	4
465,	3
466,	6
467,	3
468,	6
469,	4
470,	2
471,	5
472,	1
473,	6
474,	5
475,	5
476,	5
477,	0
478,	9
479,	1
480,	4
481,	1
482,	5
483,	7
484,	10
485,	13
486,	1
487,	5
488,	6
489,	7
490,	10
491,	4
492,	2
493,	0
494,	6
495,	9
496,	7
497,	2
498,	6
499,	9
500,	14
501,	8
502,	12
503,	9
504,	9
505,	1
506,	13
507,	2
508,	8
509,	0
510,	10
511,	8
512,	7
513,	1
514,	15
515,	4
516,	11
517,	8
518,	16
519,	11
520,	11
521,	8
522,	2
523,	5
524,	2
525,	10
526,	0
527,	5
528,	17
529,	9
530,	6
531,	2
532,	1
533,	4
534,	1
535,	9
536,	9
537,	4
538,	0
539,	8
540,	6
541,	0
542,	8
543,	2
544,	9
545,	0
546,	7
547,	7
548,	3
549,	6
550,	4
551,	1
552,	7
553,	0
554,	3
555,	5
556,	4
557,	10
558,	10
559,	1
560,	12
561,	2
562,	11
563,	10
564,	6
565,	4
566,	2
567,	15
568,	14
569,	8
570,	8
571,	0
572,	5
573,	3
574,	0
575,	1
576,	13
577,	2
578,	6
579,	1
580,	8
581,	4
582,	5
583,	1
584,	4
585,	1
586,	7
587,	5
588,	15
589,	4
590,	13
591,	6
592,	9
593,	0
594,	0
595,	5
596,	4
597,	13
598,	2
599,	10
600,	5
601,	9
602,	7
603,	7
604,	3
605,	4
606,	9
607,	3
608,	8
609,	5
610,	1
611,	14
612,	2
613,	12
614,	5
615,	3
616,	1
617,	12
618,	6
619,	5
620,	15
621,	15
622,	5
623,	8
624,	5
625,	1
626,	11
627,	4
628,	10
629,	12
630,	1
631,	2
632,	3
633,	1
634,	7
635,	5
636,	2
637,	4
638,	3
639,	11
640,	0
641,	0
642,	5
643,	11
644,	14
645,	12
646,	9
647,	11
648,	2
649,	15
650,	3
651,	5
652,	3
653,	7
654,	12
655,	15
656,	4
657,	8
658,	14
659,	2
660,	6
661,	0
662,	2
663,	12
664,	10
665,	0
666,	2
667,	7
668,	7
669,	5
670,	4
671,	5
672,	14
673,	0
674,	9
675,	9
676,	1
677,	1
678,	6
679,	11
680,	3
681,	12
682,	14
683,	2
684,	13
685,	1
686,	1
687,	1
688,	10
689,	7
690,	5
691,	3
692,	13
693,	7
694,	11
695,	11
696,	14
697,	1
698,	2
699,	1
700,	4
701,	5
702,	4
703,	0
704,	8
705,	6
706,	7
707,	3
708,	9
709,	3
710,	11
711,	8
712,	0
713,	12
714,	4
715,	14
716,	6
717,	6
718,	0
719,	0
720,	3
721,	8
722,	8
723,	1
724,	4
725,	11
726,	2
727,	0
728,	12
729,	7
730,	6
731,	3
732,	10
733,	16
734,	7
735,	12
736,	13
737,	8
738,	5
739,	9
740,	9
741,	9
742,	0
743,	13
744,	7
745,	7
746,	7
747,	0
748,	10
749,	11
750,	0
751,	7
752,	16
753,	7
754,	8
755,	7
756,	6
757,	4
758,	1
759,	5
760,	13
761,	12
762,	9
763,	9
764,	12
765,	0
766,	0
767,	10
768,	4
769,	8
770,	9
771,	5
772,	6
773,	7
774,	1
775,	2
776,	0
777,	2
778,	8
779,	0
780,	5
781,	7
782,	6
783,	2
784,	5
785,	10
786,	0
787,	15
788,	13
789,	5
790,	4
791,	3
792,	0
793,	4
794,	9
795,	6
796,	12
797,	13
798,	3
799,	8
800,	5
801,	2
802,	1
803,	10
804,	4
805,	8
806,	3
807,	3
808,	5
809,	2
810,	0
811,	0
812,	10
813,	4
814,	1
815,	0
816,	4
817,	6
818,	4
819,	7
820,	0
821,	11
822,	9
823,	1
824,	4
825,	12
826,	9
827,	6
828,	3
829,	4
830,	0
831,	14
832,	10
833,	9
834,	2
835,	4
836,	5
837,	13
838,	3
839,	0
840,	8
841,	0
842,	3
843,	0
844,	3
845,	3
846,	7
847,	0
848,	9
849,	3
850,	10
851,	6
852,	1
853,	1
854,	3
855,	1
856,	9
857,	0
858,	9
859,	11
860,	11
861,	11
862,	4
863,	9
864,	6
865,	8
866,	4
867,	2
868,	1
869,	12
870,	12
871,	13
872,	7
873,	11
874,	5
875,	2
876,	9
877,	9
878,	12
879,	0
880,	8
881,	7
882,	4
883,	11
884,	1
885,	9
886,	15
887,	3
888,	1
889,	8
890,	0
891,	14
892,	4
893,	5
894,	4
895,	10
896,	3
897,	4
898,	4
899,	2
900,	9
901,	3
902,	5
903,	4
904,	4
905,	5
906,	10
907,	12
908,	5
909,	0
910,	4
911,	7
912,	7
913,	10
914,	14
915,	3
916,	9
917,	1
918,	2
919,	5
920,	9
921,	10
922,	5
923,	0
924,	4
925,	3
926,	3
927,	2
928,	6
929,	5
930,	0
931,	0
932,	2
933,	6
934,	1
935,	2
936,	2
937,	7
938,	0
939,	6
940,	12
941,	7
942,	9
943,	13
944,	17
945,	12
946,	8
947,	10
948,	6
949,	8
950,	13
951,	3
952,	2
953,	8
954,	2
955,	7
956,	4
957,	11
958,	1
959,	6
960,	16
961,	11
962,	16
963,	2
964,	6
965,	7
966,	5
967,	2
968,	3
969,	7
970,	3
971,	10
972,	5
973,	6
974,	1
975,	6
976,	11
977,	9
978,	12
979,	7
980,	6
981,	4
982,	4
983,	1
984,	8
985,	10
986,	2
987,	9
988,	7
989,	12
990,	7
991,	15
992,	11
993,	9
994,	7
995,	0
996,	8
997,	2
998,	0
999,	10
