Instance: /home/gabriel/Documents/ufrgs/courses/oc/trab/instances/cmb03
Vertices: 1000
Colors: 18
NumIterations: 1
Alpha: 1.000000
Is Factible?: false
Conflicts: 14
Solution Value: 236579.109375
Vertex,	Color
0,	2
1,	6
2,	5
3,	3
4,	7
5,	11
6,	7
7,	7
8,	6
9,	7
10,	3
11,	11
12,	3
13,	0
14,	4
15,	2
16,	8
17,	6
18,	15
19,	7
20,	8
21,	14
22,	12
23,	7
24,	1
25,	11
26,	0
27,	2
28,	8
29,	11
30,	12
31,	6
32,	10
33,	6
34,	3
35,	0
36,	5
37,	3
38,	2
39,	11
40,	2
41,	4
42,	8
43,	6
44,	15
45,	9
46,	6
47,	7
48,	1
49,	2
50,	6
51,	4
52,	10
53,	4
54,	2
55,	5
56,	9
57,	1
58,	15
59,	9
60,	14
61,	8
62,	12
63,	11
64,	5
65,	10
66,	1
67,	4
68,	4
69,	2
70,	8
71,	2
72,	13
73,	3
74,	6
75,	9
76,	0
77,	0
78,	11
79,	9
80,	10
81,	1
82,	11
83,	6
84,	9
85,	8
86,	15
87,	0
88,	13
89,	14
90,	10
91,	9
92,	5
93,	9
94,	2
95,	2
96,	14
97,	9
98,	6
99,	2
100,	0
101,	5
102,	4
103,	8
104,	2
105,	9
106,	8
107,	2
108,	1
109,	12
110,	8
111,	6
112,	6
113,	4
114,	2
115,	6
116,	2
117,	5
118,	7
119,	8
120,	12
121,	3
122,	2
123,	11
124,	9
125,	1
126,	2
127,	3
128,	2
129,	5
130,	5
131,	4
132,	0
133,	8
134,	11
135,	7
136,	10
137,	8
138,	0
139,	10
140,	9
141,	13
142,	7
143,	3
144,	6
145,	1
146,	6
147,	10
148,	1
149,	15
150,	11
151,	16
152,	8
153,	10
154,	3
155,	7
156,	11
157,	2
158,	5
159,	0
160,	2
161,	3
162,	16
163,	9
164,	11
165,	6
166,	7
167,	11
168,	6
169,	5
170,	6
171,	1
172,	5
173,	7
174,	4
175,	6
176,	3
177,	5
178,	0
179,	7
180,	1
181,	13
182,	11
183,	2
184,	8
185,	7
186,	13
187,	17
188,	9
189,	3
190,	14
191,	7
192,	13
193,	3
194,	10
195,	3
196,	14
197,	3
198,	14
199,	4
200,	0
201,	1
202,	8
203,	12
204,	5
205,	8
206,	3
207,	1
208,	1
209,	2
210,	7
211,	4
212,	11
213,	7
214,	2
215,	10
216,	8
217,	0
218,	10
219,	5
220,	6
221,	0
222,	12
223,	13
224,	8
225,	7
226,	3
227,	6
228,	3
229,	8
230,	9
231,	4
232,	14
233,	4
234,	7
235,	4
236,	10
237,	3
238,	5
239,	15
240,	10
241,	10
242,	7
243,	1
244,	8
245,	2
246,	6
247,	0
248,	1
249,	1
250,	9
251,	13
252,	4
253,	16
254,	4
255,	0
256,	2
257,	0
258,	8
259,	9
260,	6
261,	0
262,	12
263,	1
264,	6
265,	1
266,	1
267,	7
268,	5
269,	11
270,	5
271,	0
272,	13
273,	5
274,	0
275,	12
276,	4
277,	8
278,	8
279,	8
280,	3
281,	7
282,	4
283,	17
284,	5
285,	2
286,	3
287,	2
288,	1
289,	1
290,	11
291,	3
292,	12
293,	0
294,	4
295,	11
296,	1
297,	2
298,	1
299,	1
300,	8
301,	0
302,	11
303,	8
304,	14
305,	6
306,	9
307,	10
308,	1
309,	0
310,	6
311,	0
312,	1
313,	15
314,	8
315,	0
316,	7
317,	14
318,	14
319,	5
320,	13
321,	13
322,	7
323,	2
324,	0
325,	6
326,	13
327,	12
328,	12
329,	5
330,	9
331,	0
332,	3
333,	6
334,	6
335,	0
336,	0
337,	8
338,	3
339,	9
340,	0
341,	12
342,	1
343,	9
344,	1
345,	16
346,	6
347,	0
348,	3
349,	6
350,	5
351,	8
352,	7
353,	3
354,	14
355,	8
356,	6
357,	8
358,	14
359,	4
360,	5
361,	12
362,	4
363,	0
364,	0
365,	3
366,	2
367,	8
368,	8
369,	2
370,	6
371,	5
372,	1
373,	9
374,	11
375,	10
376,	6
377,	3
378,	7
379,	1
380,	8
381,	6
382,	8
383,	10
384,	5
385,	8
386,	12
387,	3
388,	2
389,	0
390,	3
391,	2
392,	4
393,	0
394,	10
395,	3
396,	15
397,	2
398,	6
399,	3
400,	6
401,	10
402,	13
403,	2
404,	8
405,	2
406,	0
407,	0
408,	7
409,	3
410,	6
411,	11
412,	13
413,	5
414,	3
415,	14
416,	0
417,	0
418,	0
419,	10
420,	7
421,	4
422,	6
423,	2
424,	5
425,	5
426,	2
427,	11
428,	1
429,	10
430,	16
431,	11
432,	1
433,	0
434,	1
435,	7
436,	10
437,	0
438,	4
439,	2
440,	6
441,	6
442,	1
443,	0
444,	1
445,	5
446,	0
447,	2
448,	1
449,	5
450,	5
451,	5
452,	3
453,	13
454,	7
455,	6
456,	9
457,	4
458,	9
459,	2
460,	5
461,	4
462,	16
463,	5
464,	12
465,	1
466,	2
467,	3
468,	0
469,	4
470,	8
471,	7
472,	1
473,	5
474,	2
475,	6
476,	2
477,	2
478,	15
479,	2
480,	8
481,	3
482,	0
483,	7
484,	5
485,	6
486,	3
487,	2
488,	4
489,	11
490,	1
491,	7
492,	2
493,	4
494,	1
495,	7
496,	1
497,	0
498,	2
499,	1
500,	5
501,	8
502,	1
503,	2
504,	12
505,	2
506,	11
507,	6
508,	13
509,	4
510,	15
511,	1
512,	11
513,	7
514,	16
515,	2
516,	12
517,	0
518,	15
519,	1
520,	4
521,	7
522,	7
523,	14
524,	4
525,	2
526,	7
527,	4
528,	9
529,	12
530,	8
531,	6
532,	9
533,	8
534,	0
535,	5
536,	8
537,	5
538,	3
539,	2
540,	12
541,	10
542,	2
543,	0
544,	1
545,	5
546,	12
547,	5
548,	2
549,	10
550,	4
551,	8
552,	9
553,	10
554,	5
555,	0
556,	10
557,	16
558,	8
559,	5
560,	13
561,	13
562,	15
563,	0
564,	4
565,	2
566,	9
567,	4
568,	5
569,	0
570,	0
571,	6
572,	0
573,	9
574,	3
575,	4
576,	10
577,	7
578,	8
579,	1
580,	3
581,	7
582,	2
583,	8
584,	1
585,	0
586,	3
587,	2
588,	11
589,	0
590,	10
591,	4
592,	3
593,	4
594,	3
595,	2
596,	6
597,	8
598,	10
599,	9
600,	1
601,	1
602,	9
603,	3
604,	0
605,	11
606,	7
607,	0
608,	10
609,	1
610,	0
611,	3
612,	4
613,	9
614,	3
615,	4
616,	0
617,	0
618,	12
619,	1
620,	13
621,	12
622,	5
623,	2
624,	2
625,	3
626,	6
627,	15
628,	4
629,	8
630,	5
631,	9
632,	3
633,	1
634,	3
635,	11
636,	5
637,	3
638,	7
639,	13
640,	0
641,	12
642,	13
643,	1
644,	11
645,	13
646,	4
647,	4
648,	5
649,	10
650,	5
651,	1
652,	11
653,	4
654,	6
655,	6
656,	13
657,	15
658,	2
659,	14
660,	10
661,	5
662,	14
663,	11
664,	9
665,	3
666,	5
667,	13
668,	1
669,	1
670,	9
671,	0
672,	12
673,	9
674,	1
675,	10
676,	9
677,	14
678,	12
679,	3
680,	9
681,	5
682,	5
683,	14
684,	9
685,	15
686,	7
687,	11
688,	0
689,	3
690,	5
691,	2
692,	10
693,	12
694,	6
695,	15
696,	12
697,	4
698,	10
699,	8
700,	9
701,	10
702,	3
703,	7
704,	3
705,	2
706,	4
707,	4
708,	5
709,	9
710,	8
711,	0
712,	17
713,	0
714,	4
715,	13
716,	0
717,	2
718,	0
719,	7
720,	4
721,	2
722,	2
723,	3
724,	3
725,	6
726,	9
727,	0
728,	4
729,	1
730,	12
731,	4
732,	3
733,	13
734,	10
735,	12
736,	12
737,	4
738,	11
739,	6
740,	8
741,	8
742,	8
743,	2
744,	4
745,	2
746,	6
747,	12
748,	6
749,	5
750,	12
751,	0
752,	7
753,	4
754,	3
755,	9
756,	5
757,	5
758,	5
759,	11
760,	4
761,	4
762,	0
763,	10
764,	7
765,	12
766,	4
767,	10
768,	4
769,	2
770,	5
771,	8
772,	4
773,	10
774,	0
775,	8
776,	5
777,	3
778,	7
779,	2
780,	1
781,	12
782,	9
783,	1
784,	6
785,	0
786,	0
787,	11
788,	3
789,	9
790,	14
791,	11
792,	7
793,	16
794,	10
795,	11
796,	9
797,	8
798,	5
799,	1
800,	3
801,	7
802,	1
803,	7
804,	11
805,	5
806,	4
807,	10
808,	3
809,	5
810,	14
811,	10
812,	1
813,	7
814,	0
815,	13
816,	6
817,	6
818,	1
819,	10
820,	4
821,	0
822,	6
823,	6
824,	5
825,	7
826,	7
827,	10
828,	0
829,	5
830,	4
831,	17
832,	3
833,	7
834,	8
835,	13
836,	6
837,	9
838,	14
839,	1
840,	1
841,	4
842,	7
843,	3
844,	5
845,	1
846,	11
847,	3
848,	10
849,	8
850,	6
851,	14
852,	4
853,	3
854,	4
855,	8
856,	8
857,	14
858,	7
859,	1
860,	7
861,	6
862,	1
863,	4
864,	3
865,	6
866,	12
867,	3
868,	12
869,	2
870,	0
871,	9
872,	12
873,	1
874,	2
875,	0
876,	11
877,	3
878,	5
879,	0
880,	7
881,	8
882,	0
883,	9
884,	6
885,	4
886,	15
887,	1
888,	7
889,	0
890,	5
891,	10
892,	12
893,	3
894,	1
895,	5
896,	0
897,	12
898,	2
899,	9
900,	8
901,	10
902,	4
903,	3
904,	5
905,	11
906,	16
907,	8
908,	1
909,	7
910,	10
911,	1
912,	2
913,	6
914,	6
915,	4
916,	10
917,	10
918,	7
919,	5
920,	13
921,	9
922,	12
923,	4
924,	5
925,	10
926,	6
927,	3
928,	8
929,	3
930,	2
931,	3
932,	4
933,	6
934,	4
935,	4
936,	3
937,	1
938,	8
939,	1
940,	9
941,	11
942,	9
943,	4
944,	16
945,	9
946,	6
947,	11
948,	17
949,	2
950,	16
951,	3
952,	9
953,	6
954,	4
955,	2
956,	3
957,	0
958,	6
959,	2
960,	0
961,	0
962,	8
963,	7
964,	1
965,	4
966,	8
967,	4
968,	5
969,	2
970,	7
971,	0
972,	3
973,	2
974,	1
975,	0
976,	11
977,	12
978,	0
979,	10
980,	5
981,	14
982,	7
983,	11
984,	9
985,	2
986,	7
987,	13
988,	9
989,	1
990,	4
991,	13
992,	0
993,	7
994,	2
995,	16
996,	1
997,	7
998,	6
999,	2
