Instance: /home/gabriel/Documents/ufrgs/courses/oc/trab/instances/cmb01
Vertices: 500
Colors: 12
NumIterations: 100
Alpha: 0.050000
Is Factible?: false
Conflicts: 15
Solution Value: 160419.218750
Vertex,	Color
0,	0
1,	0
2,	0
3,	0
4,	1
5,	1
6,	0
7,	0
8,	1
9,	0
10,	1
11,	0
12,	0
13,	0
14,	1
15,	1
16,	0
17,	0
18,	0
19,	0
20,	0
21,	1
22,	3
23,	2
24,	1
25,	2
26,	0
27,	0
28,	2
29,	0
30,	0
31,	0
32,	2
33,	0
34,	2
35,	1
36,	1
37,	0
38,	2
39,	1
40,	0
41,	1
42,	1
43,	0
44,	0
45,	2
46,	1
47,	0
48,	0
49,	2
50,	0
51,	0
52,	0
53,	1
54,	1
55,	0
56,	1
57,	2
58,	1
59,	0
60,	0
61,	0
62,	0
63,	0
64,	1
65,	1
66,	0
67,	2
68,	4
69,	2
70,	2
71,	1
72,	1
73,	0
74,	1
75,	0
76,	2
77,	2
78,	1
79,	2
80,	2
81,	1
82,	0
83,	5
84,	2
85,	0
86,	3
87,	1
88,	4
89,	3
90,	2
91,	3
92,	0
93,	0
94,	5
95,	0
96,	3
97,	2
98,	2
99,	1
100,	4
101,	4
102,	1
103,	3
104,	1
105,	3
106,	3
107,	2
108,	1
109,	2
110,	1
111,	5
112,	0
113,	2
114,	1
115,	3
116,	1
117,	3
118,	2
119,	4
120,	3
121,	3
122,	1
123,	5
124,	2
125,	2
126,	3
127,	3
128,	0
129,	4
130,	1
131,	2
132,	6
133,	1
134,	4
135,	4
136,	2
137,	8
138,	7
139,	1
140,	1
141,	3
142,	4
143,	2
144,	4
145,	1
146,	4
147,	4
148,	2
149,	0
150,	4
151,	6
152,	1
153,	1
154,	2
155,	4
156,	2
157,	3
158,	3
159,	2
160,	4
161,	5
162,	6
163,	6
164,	5
165,	5
166,	2
167,	0
168,	3
169,	1
170,	5
171,	3
172,	2
173,	3
174,	3
175,	1
176,	2
177,	9
178,	5
179,	7
180,	7
181,	2
182,	6
183,	4
184,	2
185,	3
186,	2
187,	0
188,	3
189,	5
190,	4
191,	1
192,	3
193,	3
194,	4
195,	3
196,	2
197,	5
198,	4
199,	4
200,	0
201,	3
202,	6
203,	5
204,	5
205,	4
206,	2
207,	4
208,	1
209,	3
210,	4
211,	0
212,	10
213,	5
214,	3
215,	4
216,	4
217,	3
218,	6
219,	1
220,	4
221,	1
222,	3
223,	4
224,	3
225,	0
226,	6
227,	5
228,	2
229,	4
230,	2
231,	5
232,	4
233,	5
234,	3
235,	5
236,	6
237,	4
238,	3
239,	3
240,	1
241,	1
242,	6
243,	3
244,	3
245,	1
246,	2
247,	4
248,	6
249,	4
250,	1
251,	2
252,	4
253,	6
254,	6
255,	5
256,	5
257,	1
258,	5
259,	3
260,	5
261,	3
262,	7
263,	11
264,	5
265,	0
266,	6
267,	6
268,	6
269,	7
270,	8
271,	4
272,	7
273,	5
274,	5
275,	3
276,	8
277,	7
278,	7
279,	1
280,	1
281,	1
282,	6
283,	7
284,	7
285,	5
286,	0
287,	5
288,	4
289,	5
290,	3
291,	1
292,	5
293,	7
294,	9
295,	4
296,	6
297,	9
298,	3
299,	3
300,	5
301,	1
302,	6
303,	3
304,	1
305,	4
306,	3
307,	7
308,	1
309,	7
310,	7
311,	5
312,	2
313,	7
314,	6
315,	4
316,	8
317,	4
318,	4
319,	2
320,	5
321,	4
322,	8
323,	7
324,	6
325,	4
326,	2
327,	2
328,	7
329,	6
330,	0
331,	6
332,	5
333,	2
334,	8
335,	0
336,	7
337,	8
338,	8
339,	2
340,	5
341,	6
342,	6
343,	7
344,	2
345,	7
346,	8
347,	9
348,	7
349,	1
350,	2
351,	0
352,	9
353,	7
354,	2
355,	8
356,	6
357,	9
358,	6
359,	0
360,	8
361,	6
362,	5
363,	8
364,	5
365,	9
366,	6
367,	3
368,	7
369,	6
370,	7
371,	4
372,	5
373,	6
374,	4
375,	6
376,	8
377,	8
378,	7
379,	3
380,	1
381,	1
382,	2
383,	4
384,	5
385,	6
386,	10
387,	9
388,	2
389,	7
390,	7
391,	0
392,	5
393,	9
394,	8
395,	2
396,	10
397,	7
398,	4
399,	9
400,	6
401,	7
402,	1
403,	4
404,	5
405,	10
406,	2
407,	5
408,	0
409,	10
410,	8
411,	3
412,	7
413,	7
414,	7
415,	10
416,	10
417,	7
418,	9
419,	5
420,	9
421,	7
422,	6
423,	5
424,	8
425,	8
426,	10
427,	6
428,	0
429,	7
430,	9
431,	6
432,	11
433,	0
434,	5
435,	7
436,	5
437,	2
438,	7
439,	9
440,	0
441,	10
442,	0
443,	10
444,	3
445,	8
446,	11
447,	2
448,	6
449,	9
450,	11
451,	0
452,	6
453,	6
454,	3
455,	6
456,	8
457,	8
458,	7
459,	0
460,	9
461,	3
462,	9
463,	8
464,	4
465,	6
466,	9
467,	4
468,	6
469,	5
470,	3
471,	10
472,	7
473,	2
474,	8
475,	8
476,	9
477,	2
478,	8
479,	11
480,	9
481,	4
482,	7
483,	5
484,	8
485,	6
486,	7
487,	8
488,	3
489,	4
490,	5
491,	9
492,	11
493,	4
494,	11
495,	6
496,	10
497,	6
498,	6
499,	5
