Instance: /home/gabriel/Documents/ufrgs/courses/oc/trab/instances/cmb01
Vertices: 500
Colors: 12
NumIterations: 10
Alpha: 0.050000
Is Factible?: false
Conflicts: 12
Solution Value: 159714.593750
Vertex,	Color
0,	0
1,	1
2,	0
3,	0
4,	1
5,	2
6,	0
7,	0
8,	1
9,	0
10,	1
11,	0
12,	0
13,	0
14,	1
15,	0
16,	0
17,	0
18,	0
19,	0
20,	0
21,	0
22,	1
23,	2
24,	2
25,	1
26,	1
27,	0
28,	0
29,	1
30,	0
31,	0
32,	1
33,	0
34,	1
35,	2
36,	0
37,	0
38,	3
39,	1
40,	0
41,	3
42,	1
43,	0
44,	1
45,	0
46,	0
47,	1
48,	0
49,	0
50,	0
51,	5
52,	2
53,	0
54,	2
55,	1
56,	1
57,	0
58,	0
59,	0
60,	2
61,	1
62,	1
63,	1
64,	1
65,	1
66,	1
67,	2
68,	1
69,	2
70,	0
71,	2
72,	1
73,	1
74,	1
75,	0
76,	3
77,	2
78,	0
79,	2
80,	1
81,	1
82,	0
83,	4
84,	2
85,	0
86,	3
87,	1
88,	2
89,	3
90,	3
91,	1
92,	1
93,	1
94,	3
95,	2
96,	2
97,	3
98,	4
99,	6
100,	4
101,	3
102,	3
103,	2
104,	0
105,	4
106,	4
107,	2
108,	2
109,	2
110,	3
111,	6
112,	0
113,	0
114,	2
115,	4
116,	1
117,	5
118,	0
119,	3
120,	2
121,	4
122,	0
123,	2
124,	2
125,	2
126,	3
127,	2
128,	0
129,	4
130,	0
131,	2
132,	6
133,	5
134,	5
135,	4
136,	2
137,	4
138,	5
139,	2
140,	1
141,	3
142,	4
143,	3
144,	3
145,	1
146,	3
147,	4
148,	7
149,	0
150,	4
151,	6
152,	0
153,	2
154,	2
155,	5
156,	2
157,	3
158,	2
159,	3
160,	3
161,	4
162,	7
163,	6
164,	5
165,	4
166,	2
167,	0
168,	3
169,	1
170,	5
171,	5
172,	2
173,	1
174,	3
175,	0
176,	3
177,	8
178,	5
179,	8
180,	7
181,	2
182,	6
183,	4
184,	3
185,	4
186,	5
187,	0
188,	3
189,	5
190,	4
191,	2
192,	3
193,	0
194,	5
195,	3
196,	3
197,	4
198,	1
199,	4
200,	1
201,	4
202,	5
203,	5
204,	6
205,	1
206,	4
207,	3
208,	1
209,	3
210,	3
211,	2
212,	9
213,	2
214,	3
215,	4
216,	4
217,	3
218,	5
219,	9
220,	4
221,	1
222,	3
223,	2
224,	3
225,	0
226,	5
227,	6
228,	1
229,	6
230,	3
231,	5
232,	4
233,	6
234,	1
235,	3
236,	5
237,	4
238,	2
239,	3
240,	1
241,	1
242,	7
243,	4
244,	3
245,	1
246,	5
247,	6
248,	6
249,	4
250,	2
251,	3
252,	4
253,	7
254,	7
255,	1
256,	6
257,	1
258,	5
259,	4
260,	6
261,	4
262,	7
263,	10
264,	5
265,	1
266,	4
267,	6
268,	5
269,	5
270,	8
271,	4
272,	5
273,	5
274,	7
275,	1
276,	7
277,	3
278,	4
279,	1
280,	0
281,	2
282,	6
283,	7
284,	7
285,	5
286,	4
287,	5
288,	4
289,	2
290,	1
291,	3
292,	6
293,	7
294,	8
295,	5
296,	5
297,	9
298,	6
299,	2
300,	5
301,	1
302,	4
303,	3
304,	1
305,	5
306,	2
307,	6
308,	3
309,	7
310,	5
311,	4
312,	2
313,	7
314,	7
315,	6
316,	6
317,	3
318,	4
319,	2
320,	4
321,	4
322,	8
323,	7
324,	7
325,	5
326,	4
327,	5
328,	6
329,	6
330,	0
331,	7
332,	4
333,	7
334,	8
335,	0
336,	6
337,	8
338,	8
339,	7
340,	6
341,	10
342,	7
343,	8
344,	2
345,	6
346,	2
347,	9
348,	7
349,	2
350,	2
351,	4
352,	9
353,	7
354,	5
355,	4
356,	9
357,	9
358,	5
359,	11
360,	8
361,	3
362,	1
363,	0
364,	7
365,	9
366,	4
367,	4
368,	8
369,	6
370,	8
371,	6
372,	4
373,	7
374,	3
375,	6
376,	9
377,	9
378,	6
379,	5
380,	6
381,	3
382,	3
383,	2
384,	4
385,	5
386,	10
387,	8
388,	2
389,	7
390,	7
391,	0
392,	3
393,	9
394,	8
395,	2
396,	10
397,	6
398,	5
399,	9
400,	8
401,	6
402,	5
403,	7
404,	5
405,	9
406,	2
407,	5
408,	0
409,	10
410,	5
411,	3
412,	5
413,	6
414,	5
415,	11
416,	9
417,	7
418,	9
419,	6
420,	2
421,	6
422,	7
423,	11
424,	8
425,	8
426,	10
427,	7
428,	6
429,	8
430,	9
431,	2
432,	0
433,	0
434,	6
435,	6
436,	6
437,	5
438,	6
439,	9
440,	0
441,	10
442,	6
443,	5
444,	3
445,	8
446,	10
447,	2
448,	5
449,	9
450,	8
451,	10
452,	7
453,	8
454,	4
455,	6
456,	8
457,	11
458,	7
459,	0
460,	10
461,	3
462,	8
463,	8
464,	5
465,	7
466,	6
467,	2
468,	4
469,	4
470,	3
471,	9
472,	7
473,	5
474,	9
475,	0
476,	8
477,	2
478,	7
479,	11
480,	9
481,	4
482,	7
483,	6
484,	8
485,	7
486,	8
487,	9
488,	7
489,	3
490,	6
491,	10
492,	11
493,	11
494,	7
495,	7
496,	10
497,	6
498,	0
499,	9
