Instance: /home/gabriel/Documents/ufrgs/courses/oc/trab/instances/cmb03
Vertices: 1000
Colors: 18
NumIterations: 1
Alpha: 0.500000
Is Factible?: false
Conflicts: 5
Solution Value: 226040.531250
Vertex,	Color
0,	3
1,	5
2,	7
3,	2
4,	2
5,	1
6,	2
7,	0
8,	4
9,	2
10,	2
11,	1
12,	6
13,	1
14,	5
15,	4
16,	0
17,	10
18,	1
19,	13
20,	0
21,	8
22,	0
23,	2
24,	5
25,	9
26,	0
27,	9
28,	3
29,	12
30,	2
31,	1
32,	4
33,	5
34,	7
35,	0
36,	11
37,	6
38,	0
39,	2
40,	11
41,	6
42,	8
43,	10
44,	0
45,	9
46,	10
47,	8
48,	1
49,	0
50,	7
51,	0
52,	1
53,	8
54,	0
55,	5
56,	3
57,	7
58,	4
59,	7
60,	1
61,	1
62,	6
63,	11
64,	0
65,	3
66,	7
67,	1
68,	1
69,	0
70,	3
71,	4
72,	0
73,	4
74,	2
75,	3
76,	1
77,	8
78,	7
79,	1
80,	2
81,	3
82,	4
83,	1
84,	2
85,	5
86,	4
87,	3
88,	12
89,	4
90,	2
91,	11
92,	5
93,	4
94,	8
95,	1
96,	1
97,	8
98,	4
99,	3
100,	6
101,	0
102,	7
103,	9
104,	5
105,	0
106,	5
107,	0
108,	0
109,	5
110,	6
111,	4
112,	4
113,	7
114,	13
115,	0
116,	4
117,	0
118,	5
119,	1
120,	2
121,	3
122,	8
123,	11
124,	13
125,	5
126,	1
127,	11
128,	5
129,	7
130,	1
131,	0
132,	7
133,	6
134,	12
135,	1
136,	2
137,	1
138,	10
139,	1
140,	7
141,	14
142,	10
143,	2
144,	12
145,	8
146,	9
147,	11
148,	12
149,	4
150,	5
151,	9
152,	5
153,	3
154,	10
155,	0
156,	9
157,	5
158,	7
159,	4
160,	9
161,	1
162,	9
163,	1
164,	10
165,	3
166,	1
167,	4
168,	1
169,	3
170,	3
171,	2
172,	11
173,	3
174,	5
175,	1
176,	1
177,	0
178,	6
179,	8
180,	2
181,	7
182,	3
183,	5
184,	4
185,	0
186,	7
187,	1
188,	13
189,	3
190,	6
191,	8
192,	4
193,	3
194,	8
195,	2
196,	0
197,	1
198,	6
199,	8
200,	2
201,	0
202,	1
203,	6
204,	3
205,	2
206,	5
207,	4
208,	9
209,	8
210,	0
211,	3
212,	2
213,	0
214,	8
215,	0
216,	2
217,	1
218,	0
219,	12
220,	5
221,	4
222,	2
223,	7
224,	2
225,	6
226,	3
227,	0
228,	4
229,	4
230,	10
231,	6
232,	1
233,	0
234,	3
235,	6
236,	8
237,	3
238,	4
239,	0
240,	6
241,	7
242,	0
243,	10
244,	12
245,	1
246,	0
247,	11
248,	3
249,	10
250,	5
251,	3
252,	8
253,	6
254,	3
255,	1
256,	0
257,	0
258,	0
259,	0
260,	0
261,	2
262,	10
263,	1
264,	5
265,	7
266,	4
267,	16
268,	5
269,	8
270,	7
271,	3
272,	3
273,	5
274,	5
275,	2
276,	2
277,	13
278,	5
279,	8
280,	4
281,	2
282,	3
283,	0
284,	15
285,	6
286,	4
287,	5
288,	0
289,	3
290,	3
291,	2
292,	0
293,	2
294,	5
295,	6
296,	1
297,	3
298,	4
299,	3
300,	4
301,	1
302,	14
303,	9
304,	9
305,	5
306,	4
307,	0
308,	3
309,	0
310,	3
311,	3
312,	2
313,	0
314,	1
315,	4
316,	7
317,	2
318,	7
319,	3
320,	8
321,	1
322,	2
323,	5
324,	1
325,	2
326,	0
327,	3
328,	13
329,	5
330,	7
331,	0
332,	0
333,	7
334,	6
335,	2
336,	2
337,	3
338,	2
339,	2
340,	4
341,	7
342,	2
343,	6
344,	0
345,	1
346,	3
347,	3
348,	4
349,	4
350,	7
351,	5
352,	9
353,	0
354,	10
355,	1
356,	7
357,	6
358,	8
359,	0
360,	3
361,	1
362,	1
363,	1
364,	8
365,	1
366,	8
367,	0
368,	0
369,	10
370,	3
371,	2
372,	4
373,	10
374,	12
375,	6
376,	5
377,	3
378,	10
379,	9
380,	1
381,	8
382,	1
383,	3
384,	2
385,	2
386,	1
387,	1
388,	16
389,	2
390,	1
391,	2
392,	2
393,	1
394,	0
395,	4
396,	2
397,	3
398,	1
399,	1
400,	0
401,	1
402,	5
403,	2
404,	2
405,	4
406,	1
407,	1
408,	2
409,	7
410,	2
411,	13
412,	4
413,	5
414,	0
415,	4
416,	3
417,	11
418,	10
419,	0
420,	2
421,	1
422,	6
423,	0
424,	3
425,	6
426,	7
427,	4
428,	0
429,	9
430,	1
431,	2
432,	13
433,	8
434,	7
435,	3
436,	3
437,	1
438,	5
439,	0
440,	4
441,	1
442,	2
443,	2
444,	4
445,	5
446,	7
447,	8
448,	3
449,	8
450,	3
451,	1
452,	0
453,	0
454,	1
455,	5
456,	4
457,	7
458,	0
459,	1
460,	5
461,	2
462,	4
463,	3
464,	2
465,	0
466,	7
467,	1
468,	7
469,	0
470,	2
471,	3
472,	13
473,	10
474,	7
475,	1
476,	2
477,	10
478,	6
479,	7
480,	8
481,	7
482,	2
483,	13
484,	6
485,	12
486,	2
487,	0
488,	2
489,	1
490,	9
491,	5
492,	0
493,	0
494,	4
495,	2
496,	4
497,	5
498,	4
499,	5
500,	3
501,	9
502,	4
503,	1
504,	2
505,	4
506,	6
507,	2
508,	3
509,	6
510,	5
511,	7
512,	0
513,	2
514,	4
515,	8
516,	5
517,	0
518,	7
519,	3
520,	11
521,	3
522,	7
523,	10
524,	0
525,	9
526,	3
527,	8
528,	10
529,	17
530,	5
531,	1
532,	8
533,	1
534,	0
535,	5
536,	4
537,	1
538,	4
539,	7
540,	5
541,	0
542,	1
543,	8
544,	5
545,	3
546,	2
547,	1
548,	1
549,	10
550,	5
551,	6
552,	11
553,	11
554,	10
555,	6
556,	10
557,	1
558,	4
559,	11
560,	10
561,	9
562,	10
563,	10
564,	3
565,	1
566,	3
567,	4
568,	12
569,	4
570,	5
571,	5
572,	16
573,	0
574,	4
575,	7
576,	8
577,	6
578,	3
579,	3
580,	4
581,	5
582,	4
583,	2
584,	5
585,	0
586,	2
587,	2
588,	12
589,	4
590,	11
591,	3
592,	9
593,	6
594,	9
595,	3
596,	3
597,	5
598,	9
599,	6
600,	1
601,	6
602,	8
603,	6
604,	6
605,	6
606,	3
607,	3
608,	9
609,	2
610,	1
611,	6
612,	2
613,	9
614,	6
615,	11
616,	6
617,	4
618,	6
619,	6
620,	10
621,	4
622,	5
623,	5
624,	1
625,	6
626,	7
627,	11
628,	6
629,	7
630,	6
631,	5
632,	3
633,	6
634,	6
635,	8
636,	0
637,	2
638,	4
639,	7
640,	6
641,	1
642,	16
643,	9
644,	12
645,	3
646,	5
647,	10
648,	5
649,	11
650,	4
651,	6
652,	13
653,	5
654,	9
655,	7
656,	9
657,	8
658,	8
659,	14
660,	12
661,	5
662,	5
663,	6
664,	11
665,	5
666,	15
667,	9
668,	5
669,	4
670,	10
671,	4
672,	6
673,	7
674,	0
675,	0
676,	7
677,	7
678,	5
679,	8
680,	12
681,	6
682,	14
683,	8
684,	6
685,	0
686,	7
687,	7
688,	7
689,	9
690,	6
691,	6
692,	3
693,	6
694,	8
695,	12
696,	14
697,	8
698,	11
699,	4
700,	6
701,	11
702,	9
703,	8
704,	12
705,	8
706,	8
707,	8
708,	4
709,	4
710,	10
711,	6
712,	15
713,	4
714,	2
715,	1
716,	8
717,	8
718,	9
719,	3
720,	2
721,	3
722,	8
723,	9
724,	2
725,	7
726,	6
727,	3
728,	8
729,	2
730,	8
731,	12
732,	5
733,	13
734,	12
735,	8
736,	5
737,	12
738,	8
739,	4
740,	7
741,	7
742,	12
743,	4
744,	10
745,	9
746,	10
747,	9
748,	11
749,	5
750,	8
751,	3
752,	9
753,	7
754,	11
755,	5
756,	0
757,	5
758,	9
759,	8
760,	12
761,	8
762,	10
763,	11
764,	10
765,	9
766,	12
767,	8
768,	6
769,	12
770,	4
771,	6
772,	7
773,	14
774,	7
775,	1
776,	12
777,	5
778,	7
779,	7
780,	6
781,	9
782,	14
783,	6
784,	12
785,	13
786,	2
787,	12
788,	11
789,	13
790,	10
791,	9
792,	7
793,	10
794,	2
795,	9
796,	8
797,	12
798,	15
799,	14
800,	9
801,	12
802,	7
803,	14
804,	12
805,	6
806,	7
807,	7
808,	11
809,	10
810,	14
811,	10
812,	9
813,	7
814,	8
815,	14
816,	8
817,	4
818,	13
819,	9
820,	5
821,	10
822,	13
823,	2
824,	9
825,	13
826,	10
827,	11
828,	1
829,	11
830,	15
831,	16
832,	9
833,	13
834,	0
835,	12
836,	10
837,	14
838,	7
839,	9
840,	4
841,	3
842,	9
843,	8
844,	9
845,	3
846,	12
847,	5
848,	12
849,	1
850,	11
851,	13
852,	11
853,	10
854,	8
855,	6
856,	17
857,	11
858,	13
859,	9
860,	13
861,	8
862,	5
863,	15
864,	8
865,	11
866,	12
867,	12
868,	6
869,	7
870,	8
871,	9
872,	14
873,	10
874,	10
875,	6
876,	8
877,	2
878,	11
879,	9
880,	13
881,	14
882,	7
883,	14
884,	6
885,	6
886,	13
887,	6
888,	10
889,	6
890,	2
891,	11
892,	15
893,	5
894,	9
895,	9
896,	0
897,	14
898,	14
899,	12
900,	11
901,	14
902,	6
903,	11
904,	5
905,	14
906,	13
907,	15
908,	6
909,	6
910,	12
911,	8
912,	10
913,	13
914,	9
915,	13
916,	9
917,	9
918,	10
919,	8
920,	7
921,	9
922,	9
923,	13
924,	10
925,	12
926,	4
927,	11
928,	8
929,	5
930,	15
931,	7
932,	1
933,	9
934,	4
935,	10
936,	11
937,	12
938,	12
939,	13
940,	15
941,	12
942,	15
943,	13
944,	16
945,	13
946,	1
947,	6
948,	17
949,	11
950,	16
951,	11
952,	9
953,	10
954,	15
955,	13
956,	7
957,	6
958,	10
959,	13
960,	3
961,	10
962,	17
963,	10
964,	17
965,	5
966,	3
967,	16
968,	9
969,	7
970,	12
971,	0
972,	13
973,	10
974,	14
975,	3
976,	14
977,	10
978,	0
979,	14
980,	10
981,	12
982,	7
983,	16
984,	9
985,	14
986,	8
987,	11
988,	15
989,	16
990,	16
991,	17
992,	17
993,	5
994,	7
995,	16
996,	12
997,	9
998,	17
999,	6
