Instance: /home/gabriel/Documents/ufrgs/courses/oc/trab/instances/cmb01
Vertices: 500
Colors: 12
NumIterations: 100
Alpha: 0.950000
Is Factible?: false
Conflicts: 13
Solution Value: 157356.656250
Vertex,	Color
0,	2
1,	1
2,	0
3,	0
4,	0
5,	0
6,	2
7,	0
8,	0
9,	0
10,	1
11,	0
12,	1
13,	0
14,	1
15,	0
16,	0
17,	2
18,	0
19,	0
20,	0
21,	0
22,	1
23,	1
24,	2
25,	1
26,	0
27,	0
28,	0
29,	0
30,	0
31,	0
32,	0
33,	0
34,	1
35,	1
36,	0
37,	0
38,	1
39,	1
40,	0
41,	0
42,	1
43,	0
44,	1
45,	2
46,	1
47,	0
48,	0
49,	1
50,	0
51,	0
52,	2
53,	0
54,	3
55,	1
56,	1
57,	2
58,	1
59,	0
60,	1
61,	0
62,	0
63,	1
64,	1
65,	2
66,	0
67,	2
68,	3
69,	3
70,	0
71,	2
72,	1
73,	3
74,	1
75,	1
76,	1
77,	3
78,	0
79,	2
80,	2
81,	2
82,	0
83,	3
84,	1
85,	0
86,	2
87,	1
88,	2
89,	4
90,	3
91,	2
92,	1
93,	1
94,	1
95,	2
96,	4
97,	2
98,	4
99,	5
100,	5
101,	3
102,	2
103,	2
104,	0
105,	3
106,	4
107,	1
108,	1
109,	3
110,	3
111,	2
112,	0
113,	1
114,	2
115,	4
116,	1
117,	4
118,	0
119,	4
120,	3
121,	3
122,	0
123,	2
124,	2
125,	3
126,	2
127,	5
128,	0
129,	5
130,	1
131,	2
132,	7
133,	2
134,	2
135,	3
136,	2
137,	4
138,	6
139,	1
140,	1
141,	5
142,	4
143,	3
144,	4
145,	1
146,	2
147,	4
148,	5
149,	0
150,	4
151,	6
152,	1
153,	2
154,	2
155,	4
156,	2
157,	3
158,	3
159,	1
160,	2
161,	5
162,	7
163,	5
164,	4
165,	4
166,	2
167,	0
168,	3
169,	1
170,	6
171,	5
172,	1
173,	5
174,	3
175,	1
176,	2
177,	8
178,	5
179,	8
180,	6
181,	2
182,	5
183,	5
184,	3
185,	4
186,	4
187,	0
188,	2
189,	2
190,	4
191,	2
192,	4
193,	0
194,	4
195,	3
196,	3
197,	1
198,	3
199,	4
200,	1
201,	4
202,	3
203,	5
204,	6
205,	4
206,	2
207,	5
208,	1
209,	3
210,	4
211,	0
212,	9
213,	3
214,	3
215,	4
216,	0
217,	3
218,	5
219,	9
220,	4
221,	1
222,	5
223,	4
224,	3
225,	0
226,	7
227,	4
228,	1
229,	4
230,	1
231,	5
232,	3
233,	2
234,	3
235,	6
236,	6
237,	5
238,	3
239,	3
240,	1
241,	1
242,	7
243,	3
244,	5
245,	1
246,	5
247,	6
248,	6
249,	2
250,	2
251,	2
252,	6
253,	2
254,	8
255,	2
256,	7
257,	3
258,	4
259,	3
260,	6
261,	4
262,	7
263,	10
264,	6
265,	0
266,	5
267,	8
268,	5
269,	7
270,	8
271,	4
272,	6
273,	5
274,	7
275,	2
276,	9
277,	5
278,	6
279,	1
280,	0
281,	3
282,	6
283,	3
284,	7
285,	5
286,	0
287,	5
288,	4
289,	2
290,	6
291,	2
292,	6
293,	6
294,	11
295,	4
296,	5
297,	10
298,	3
299,	4
300,	4
301,	1
302,	4
303,	3
304,	1
305,	4
306,	2
307,	7
308,	3
309,	7
310,	5
311,	5
312,	2
313,	7
314,	7
315,	6
316,	6
317,	4
318,	4
319,	2
320,	4
321,	5
322,	8
323,	7
324,	7
325,	5
326,	2
327,	5
328,	6
329,	6
330,	0
331,	8
332,	5
333,	7
334,	8
335,	0
336,	7
337,	8
338,	8
339,	6
340,	7
341,	6
342,	7
343,	8
344,	1
345,	6
346,	2
347,	11
348,	7
349,	6
350,	1
351,	4
352,	9
353,	7
354,	5
355,	5
356,	9
357,	9
358,	7
359,	0
360,	8
361,	6
362,	5
363,	0
364,	7
365,	5
366,	7
367,	3
368,	7
369,	6
370,	6
371,	6
372,	4
373,	3
374,	3
375,	5
376,	8
377,	8
378,	7
379,	4
380,	1
381,	1
382,	2
383,	3
384,	5
385,	4
386,	10
387,	8
388,	3
389,	7
390,	8
391,	2
392,	3
393,	9
394,	8
395,	6
396,	6
397,	6
398,	3
399,	9
400,	8
401,	8
402,	1
403,	5
404,	5
405,	9
406,	2
407,	3
408,	0
409,	9
410,	10
411,	5
412,	5
413,	7
414,	5
415,	11
416,	9
417,	5
418,	9
419,	5
420,	9
421,	7
422,	6
423,	4
424,	8
425,	4
426,	10
427,	8
428,	6
429,	7
430,	9
431,	7
432,	0
433,	6
434,	6
435,	6
436,	6
437,	3
438,	7
439,	9
440,	0
441,	10
442,	0
443,	1
444,	3
445,	8
446,	10
447,	2
448,	5
449,	9
450,	8
451,	4
452,	7
453,	8
454,	4
455,	6
456,	8
457,	9
458,	0
459,	11
460,	10
461,	3
462,	6
463,	7
464,	8
465,	7
466,	6
467,	6
468,	7
469,	5
470,	8
471,	9
472,	7
473,	2
474,	9
475,	11
476,	10
477,	2
478,	8
479,	10
480,	9
481,	4
482,	9
483,	6
484,	9
485,	7
486,	8
487,	9
488,	5
489,	3
490,	6
491,	10
492,	11
493,	4
494,	7
495,	6
496,	10
497,	9
498,	0
499,	5
