Instance: /home/gabriel/Documents/ufrgs/courses/oc/trab/instances/cmb01
Vertices: 500
Colors: 12
NumIterations: 1
Alpha: 0.500000
Is Factible?: false
Conflicts: 17
Solution Value: 157012.468750
Vertex,	Color
0,	2
1,	4
2,	3
3,	1
4,	6
5,	4
6,	1
7,	7
8,	3
9,	3
10,	7
11,	1
12,	1
13,	2
14,	7
15,	1
16,	0
17,	3
18,	0
19,	4
20,	7
21,	1
22,	2
23,	4
24,	4
25,	0
26,	0
27,	3
28,	4
29,	0
30,	1
31,	6
32,	3
33,	1
34,	7
35,	5
36,	5
37,	1
38,	2
39,	3
40,	0
41,	2
42,	3
43,	7
44,	2
45,	3
46,	3
47,	0
48,	10
49,	1
50,	2
51,	8
52,	0
53,	5
54,	5
55,	1
56,	0
57,	2
58,	3
59,	0
60,	5
61,	2
62,	0
63,	3
64,	0
65,	4
66,	0
67,	1
68,	3
69,	1
70,	3
71,	0
72,	6
73,	2
74,	0
75,	10
76,	3
77,	8
78,	7
79,	5
80,	7
81,	6
82,	10
83,	2
84,	1
85,	2
86,	2
87,	6
88,	5
89,	6
90,	2
91,	1
92,	0
93,	3
94,	9
95,	1
96,	6
97,	3
98,	0
99,	4
100,	2
101,	0
102,	7
103,	5
104,	1
105,	1
106,	1
107,	2
108,	3
109,	0
110,	3
111,	1
112,	4
113,	5
114,	1
115,	0
116,	0
117,	6
118,	2
119,	1
120,	2
121,	2
122,	4
123,	1
124,	1
125,	3
126,	8
127,	4
128,	2
129,	1
130,	1
131,	0
132,	1
133,	4
134,	2
135,	5
136,	4
137,	7
138,	8
139,	4
140,	3
141,	5
142,	4
143,	3
144,	1
145,	2
146,	4
147,	6
148,	2
149,	0
150,	3
151,	11
152,	2
153,	0
154,	2
155,	0
156,	8
157,	3
158,	1
159,	2
160,	6
161,	1
162,	2
163,	0
164,	6
165,	0
166,	6
167,	0
168,	0
169,	0
170,	6
171,	5
172,	0
173,	4
174,	0
175,	7
176,	3
177,	1
178,	0
179,	7
180,	1
181,	3
182,	4
183,	0
184,	3
185,	0
186,	6
187,	1
188,	5
189,	9
190,	6
191,	2
192,	3
193,	6
194,	5
195,	3
196,	2
197,	0
198,	6
199,	6
200,	0
201,	1
202,	3
203,	4
204,	2
205,	1
206,	1
207,	3
208,	5
209,	0
210,	1
211,	1
212,	6
213,	0
214,	5
215,	0
216,	2
217,	0
218,	4
219,	4
220,	1
221,	1
222,	2
223,	2
224,	0
225,	3
226,	7
227,	3
228,	2
229,	2
230,	0
231,	6
232,	6
233,	2
234,	0
235,	8
236,	4
237,	3
238,	0
239,	1
240,	1
241,	2
242,	4
243,	3
244,	4
245,	2
246,	1
247,	0
248,	5
249,	6
250,	1
251,	2
252,	1
253,	5
254,	0
255,	1
256,	2
257,	1
258,	5
259,	0
260,	6
261,	3
262,	0
263,	11
264,	6
265,	2
266,	1
267,	4
268,	3
269,	2
270,	3
271,	2
272,	6
273,	5
274,	0
275,	1
276,	5
277,	3
278,	5
279,	0
280,	1
281,	5
282,	8
283,	6
284,	7
285,	6
286,	2
287,	2
288,	0
289,	4
290,	6
291,	1
292,	5
293,	5
294,	1
295,	4
296,	6
297,	9
298,	3
299,	2
300,	0
301,	0
302,	1
303,	2
304,	7
305,	6
306,	3
307,	8
308,	1
309,	3
310,	5
311,	2
312,	0
313,	4
314,	8
315,	5
316,	6
317,	5
318,	2
319,	2
320,	6
321,	2
322,	7
323,	9
324,	5
325,	2
326,	3
327,	1
328,	7
329,	4
330,	1
331,	7
332,	5
333,	7
334,	8
335,	7
336,	4
337,	6
338,	6
339,	3
340,	4
341,	4
342,	4
343,	7
344,	3
345,	7
346,	6
347,	4
348,	5
349,	4
350,	4
351,	2
352,	7
353,	7
354,	4
355,	4
356,	8
357,	7
358,	3
359,	0
360,	7
361,	7
362,	1
363,	6
364,	9
365,	8
366,	5
367,	0
368,	8
369,	5
370,	6
371,	4
372,	6
373,	3
374,	3
375,	4
376,	7
377,	8
378,	3
379,	6
380,	5
381,	1
382,	2
383,	4
384,	4
385,	4
386,	9
387,	8
388,	8
389,	9
390,	7
391,	4
392,	5
393,	10
394,	8
395,	3
396,	9
397,	7
398,	7
399,	9
400,	6
401,	5
402,	10
403,	4
404,	4
405,	10
406,	5
407,	3
408,	0
409,	7
410,	8
411,	2
412,	7
413,	4
414,	4
415,	11
416,	9
417,	1
418,	10
419,	5
420,	9
421,	7
422,	6
423,	8
424,	8
425,	5
426,	10
427,	7
428,	0
429,	6
430,	10
431,	4
432,	0
433,	8
434,	4
435,	9
436,	6
437,	5
438,	5
439,	5
440,	0
441,	10
442,	0
443,	3
444,	2
445,	7
446,	9
447,	1
448,	4
449,	8
450,	5
451,	10
452,	7
453,	8
454,	3
455,	5
456,	9
457,	11
458,	7
459,	0
460,	11
461,	2
462,	8
463,	8
464,	5
465,	6
466,	9
467,	7
468,	9
469,	5
470,	8
471,	9
472,	6
473,	4
474,	10
475,	11
476,	9
477,	0
478,	7
479,	11
480,	9
481,	4
482,	7
483,	5
484,	7
485,	8
486,	1
487,	8
488,	6
489,	7
490,	6
491,	9
492,	11
493,	0
494,	10
495,	7
496,	8
497,	9
498,	3
499,	9
