Instance: /home/gabriel/Documents/ufrgs/courses/oc/trab/instances/cmb03
Vertices: 1000
Colors: 18
NumIterations: 1
Alpha: 1.000000
Is Factible?: false
Conflicts: 28
Solution Value: 228365.671875
Vertex,	Color
0,	3
1,	3
2,	0
3,	6
4,	12
5,	0
6,	2
7,	3
8,	0
9,	4
10,	7
11,	6
12,	6
13,	1
14,	5
15,	14
16,	2
17,	0
18,	11
19,	0
20,	0
21,	8
22,	11
23,	6
24,	14
25,	11
26,	1
27,	7
28,	2
29,	1
30,	2
31,	8
32,	2
33,	1
34,	2
35,	3
36,	2
37,	6
38,	12
39,	1
40,	4
41,	6
42,	10
43,	12
44,	3
45,	11
46,	6
47,	4
48,	3
49,	0
50,	10
51,	6
52,	5
53,	15
54,	10
55,	2
56,	6
57,	4
58,	5
59,	1
60,	7
61,	6
62,	0
63,	12
64,	5
65,	11
66,	1
67,	1
68,	5
69,	4
70,	13
71,	7
72,	5
73,	9
74,	1
75,	11
76,	8
77,	0
78,	8
79,	0
80,	7
81,	12
82,	10
83,	3
84,	0
85,	6
86,	12
87,	11
88,	8
89,	10
90,	11
91,	12
92,	14
93,	5
94,	3
95,	0
96,	5
97,	5
98,	2
99,	0
100,	8
101,	5
102,	0
103,	13
104,	9
105,	3
106,	0
107,	15
108,	13
109,	0
110,	2
111,	7
112,	3
113,	5
114,	4
115,	6
116,	5
117,	0
118,	1
119,	4
120,	12
121,	3
122,	6
123,	5
124,	4
125,	6
126,	2
127,	0
128,	3
129,	10
130,	15
131,	9
132,	8
133,	10
134,	11
135,	4
136,	5
137,	10
138,	10
139,	9
140,	1
141,	6
142,	12
143,	8
144,	12
145,	0
146,	17
147,	10
148,	15
149,	3
150,	9
151,	2
152,	2
153,	12
154,	7
155,	2
156,	6
157,	2
158,	3
159,	5
160,	5
161,	2
162,	9
163,	15
164,	11
165,	9
166,	13
167,	10
168,	9
169,	6
170,	2
171,	6
172,	7
173,	8
174,	2
175,	1
176,	1
177,	1
178,	0
179,	6
180,	16
181,	1
182,	12
183,	1
184,	4
185,	7
186,	3
187,	13
188,	11
189,	13
190,	5
191,	9
192,	8
193,	3
194,	11
195,	7
196,	11
197,	2
198,	8
199,	0
200,	6
201,	8
202,	9
203,	12
204,	6
205,	10
206,	0
207,	1
208,	4
209,	7
210,	11
211,	9
212,	1
213,	12
214,	10
215,	2
216,	4
217,	6
218,	11
219,	8
220,	17
221,	6
222,	10
223,	8
224,	7
225,	6
226,	4
227,	4
228,	3
229,	3
230,	2
231,	3
232,	14
233,	1
234,	10
235,	0
236,	13
237,	8
238,	0
239,	1
240,	4
241,	0
242,	3
243,	4
244,	9
245,	4
246,	3
247,	9
248,	0
249,	3
250,	9
251,	13
252,	13
253,	12
254,	11
255,	8
256,	4
257,	7
258,	9
259,	7
260,	0
261,	1
262,	13
263,	1
264,	7
265,	8
266,	1
267,	4
268,	8
269,	6
270,	1
271,	0
272,	12
273,	6
274,	16
275,	11
276,	12
277,	6
278,	3
279,	11
280,	3
281,	4
282,	5
283,	8
284,	14
285,	10
286,	9
287,	5
288,	1
289,	3
290,	2
291,	4
292,	2
293,	3
294,	7
295,	3
296,	15
297,	6
298,	10
299,	8
300,	7
301,	9
302,	6
303,	9
304,	8
305,	5
306,	8
307,	2
308,	4
309,	1
310,	7
311,	9
312,	9
313,	13
314,	9
315,	1
316,	14
317,	4
318,	5
319,	8
320,	8
321,	7
322,	6
323,	9
324,	16
325,	2
326,	4
327,	13
328,	6
329,	3
330,	6
331,	0
332,	0
333,	3
334,	4
335,	1
336,	10
337,	13
338,	7
339,	15
340,	1
341,	4
342,	2
343,	4
344,	0
345,	17
346,	11
347,	1
348,	2
349,	16
350,	11
351,	8
352,	3
353,	3
354,	5
355,	0
356,	7
357,	10
358,	7
359,	5
360,	11
361,	13
362,	11
363,	12
364,	4
365,	3
366,	9
367,	8
368,	0
369,	10
370,	1
371,	10
372,	2
373,	9
374,	0
375,	5
376,	2
377,	9
378,	8
379,	1
380,	8
381,	5
382,	15
383,	5
384,	10
385,	4
386,	7
387,	13
388,	3
389,	5
390,	6
391,	0
392,	4
393,	6
394,	12
395,	10
396,	6
397,	0
398,	4
399,	2
400,	12
401,	4
402,	8
403,	9
404,	10
405,	1
406,	0
407,	9
408,	4
409,	10
410,	0
411,	15
412,	0
413,	2
414,	1
415,	5
416,	2
417,	9
418,	3
419,	0
420,	1
421,	4
422,	1
423,	4
424,	6
425,	13
426,	1
427,	0
428,	0
429,	0
430,	6
431,	11
432,	17
433,	6
434,	6
435,	2
436,	11
437,	11
438,	7
439,	5
440,	1
441,	7
442,	1
443,	3
444,	8
445,	0
446,	2
447,	6
448,	4
449,	9
450,	10
451,	9
452,	12
453,	1
454,	3
455,	11
456,	3
457,	11
458,	1
459,	3
460,	12
461,	7
462,	11
463,	0
464,	0
465,	1
466,	3
467,	0
468,	7
469,	5
470,	6
471,	2
472,	5
473,	8
474,	2
475,	5
476,	2
477,	5
478,	10
479,	0
480,	8
481,	1
482,	13
483,	0
484,	3
485,	9
486,	4
487,	7
488,	7
489,	3
490,	7
491,	3
492,	10
493,	11
494,	1
495,	10
496,	7
497,	10
498,	6
499,	9
500,	6
501,	0
502,	3
503,	1
504,	5
505,	9
506,	13
507,	14
508,	8
509,	0
510,	16
511,	1
512,	11
513,	11
514,	6
515,	10
516,	9
517,	2
518,	1
519,	0
520,	4
521,	8
522,	5
523,	13
524,	0
525,	8
526,	6
527,	9
528,	10
529,	1
530,	10
531,	0
532,	6
533,	8
534,	8
535,	9
536,	8
537,	0
538,	10
539,	2
540,	4
541,	10
542,	5
543,	1
544,	1
545,	6
546,	4
547,	0
548,	4
549,	10
550,	6
551,	5
552,	12
553,	12
554,	12
555,	9
556,	5
557,	4
558,	12
559,	2
560,	14
561,	0
562,	5
563,	5
564,	0
565,	2
566,	2
567,	13
568,	10
569,	3
570,	10
571,	7
572,	0
573,	6
574,	8
575,	5
576,	7
577,	8
578,	2
579,	4
580,	0
581,	0
582,	9
583,	0
584,	4
585,	1
586,	11
587,	6
588,	1
589,	8
590,	10
591,	8
592,	7
593,	4
594,	6
595,	1
596,	2
597,	12
598,	7
599,	0
600,	6
601,	4
602,	7
603,	14
604,	0
605,	8
606,	2
607,	7
608,	12
609,	1
610,	2
611,	4
612,	5
613,	8
614,	3
615,	16
616,	0
617,	12
618,	7
619,	4
620,	8
621,	3
622,	7
623,	8
624,	3
625,	17
626,	9
627,	5
628,	4
629,	3
630,	8
631,	1
632,	10
633,	6
634,	7
635,	1
636,	7
637,	4
638,	2
639,	1
640,	10
641,	7
642,	13
643,	13
644,	14
645,	9
646,	4
647,	5
648,	3
649,	15
650,	7
651,	7
652,	15
653,	11
654,	6
655,	10
656,	6
657,	17
658,	6
659,	4
660,	7
661,	11
662,	7
663,	4
664,	13
665,	2
666,	9
667,	4
668,	10
669,	2
670,	4
671,	5
672,	14
673,	12
674,	4
675,	16
676,	9
677,	12
678,	3
679,	5
680,	9
681,	7
682,	0
683,	7
684,	3
685,	9
686,	6
687,	9
688,	9
689,	10
690,	7
691,	7
692,	6
693,	0
694,	0
695,	5
696,	7
697,	4
698,	9
699,	4
700,	7
701,	9
702,	1
703,	4
704,	6
705,	3
706,	1
707,	2
708,	0
709,	7
710,	14
711,	7
712,	0
713,	11
714,	2
715,	11
716,	6
717,	6
718,	3
719,	8
720,	5
721,	1
722,	4
723,	1
724,	0
725,	5
726,	7
727,	1
728,	2
729,	12
730,	1
731,	2
732,	14
733,	1
734,	8
735,	1
736,	9
737,	10
738,	9
739,	1
740,	3
741,	1
742,	6
743,	2
744,	10
745,	15
746,	3
747,	3
748,	0
749,	14
750,	4
751,	5
752,	2
753,	4
754,	2
755,	0
756,	1
757,	10
758,	13
759,	14
760,	2
761,	4
762,	9
763,	3
764,	11
765,	2
766,	2
767,	1
768,	5
769,	8
770,	7
771,	5
772,	4
773,	10
774,	6
775,	6
776,	5
777,	3
778,	0
779,	2
780,	6
781,	1
782,	8
783,	8
784,	2
785,	7
786,	15
787,	7
788,	3
789,	2
790,	11
791,	12
792,	2
793,	3
794,	0
795,	9
796,	5
797,	2
798,	0
799,	5
800,	2
801,	1
802,	4
803,	6
804,	0
805,	2
806,	3
807,	2
808,	2
809,	6
810,	14
811,	2
812,	5
813,	4
814,	3
815,	0
816,	0
817,	1
818,	11
819,	12
820,	2
821,	2
822,	2
823,	6
824,	10
825,	2
826,	1
827,	9
828,	2
829,	11
830,	7
831,	10
832,	8
833,	6
834,	3
835,	1
836,	14
837,	2
838,	7
839,	5
840,	13
841,	4
842,	0
843,	8
844,	8
845,	10
846,	2
847,	1
848,	11
849,	7
850,	6
851,	3
852,	6
853,	6
854,	8
855,	4
856,	9
857,	7
858,	4
859,	6
860,	9
861,	10
862,	6
863,	5
864,	5
865,	4
866,	11
867,	12
868,	1
869,	4
870,	5
871,	0
872,	12
873,	12
874,	4
875,	3
876,	13
877,	3
878,	13
879,	8
880,	10
881,	6
882,	2
883,	5
884,	3
885,	4
886,	4
887,	0
888,	4
889,	4
890,	4
891,	1
892,	9
893,	1
894,	6
895,	2
896,	10
897,	13
898,	7
899,	9
900,	3
901,	7
902,	5
903,	2
904,	13
905,	10
906,	8
907,	16
908,	4
909,	4
910,	0
911,	4
912,	0
913,	5
914,	7
915,	12
916,	3
917,	13
918,	6
919,	7
920,	3
921,	5
922,	11
923,	5
924,	11
925,	7
926,	3
927,	5
928,	0
929,	6
930,	14
931,	2
932,	5
933,	4
934,	5
935,	7
936,	10
937,	11
938,	7
939,	0
940,	7
941,	1
942,	0
943,	16
944,	17
945,	1
946,	2
947,	3
948,	13
949,	2
950,	8
951,	2
952,	9
953,	1
954,	0
955,	2
956,	2
957,	11
958,	8
959,	3
960,	11
961,	10
962,	8
963,	10
964,	15
965,	5
966,	3
967,	1
968,	8
969,	3
970,	12
971,	0
972,	5
973,	7
974,	9
975,	5
976,	1
977,	7
978,	12
979,	8
980,	5
981,	6
982,	3
983,	0
984,	1
985,	7
986,	8
987,	14
988,	3
989,	11
990,	13
991,	15
992,	15
993,	9
994,	4
995,	3
996,	3
997,	2
998,	8
999,	5
