Instance: /home/gabriel/Documents/ufrgs/courses/oc/trab/instances/cmb01
Vertices: 500
Colors: 12
NumIterations: 100
Alpha: 0.350000
Is Factible?: false
Conflicts: 23
Solution Value: 156095.953125
Vertex,	Color
0,	4
1,	5
2,	3
3,	0
4,	5
5,	0
6,	2
7,	0
8,	0
9,	0
10,	5
11,	1
12,	2
13,	3
14,	0
15,	1
16,	1
17,	6
18,	1
19,	6
20,	0
21,	2
22,	5
23,	1
24,	1
25,	0
26,	0
27,	2
28,	2
29,	2
30,	1
31,	0
32,	0
33,	0
34,	1
35,	2
36,	0
37,	0
38,	2
39,	4
40,	0
41,	0
42,	0
43,	7
44,	1
45,	2
46,	1
47,	0
48,	8
49,	2
50,	0
51,	0
52,	6
53,	2
54,	2
55,	0
56,	1
57,	4
58,	7
59,	0
60,	6
61,	0
62,	4
63,	0
64,	4
65,	4
66,	2
67,	0
68,	4
69,	4
70,	0
71,	3
72,	0
73,	0
74,	2
75,	2
76,	3
77,	2
78,	1
79,	3
80,	4
81,	9
82,	10
83,	3
84,	6
85,	1
86,	3
87,	1
88,	2
89,	3
90,	3
91,	5
92,	4
93,	1
94,	3
95,	1
96,	7
97,	2
98,	6
99,	1
100,	0
101,	6
102,	8
103,	0
104,	0
105,	1
106,	3
107,	3
108,	1
109,	7
110,	4
111,	5
112,	2
113,	6
114,	4
115,	6
116,	1
117,	3
118,	0
119,	2
120,	3
121,	3
122,	1
123,	4
124,	0
125,	0
126,	3
127,	1
128,	0
129,	5
130,	1
131,	0
132,	5
133,	0
134,	0
135,	4
136,	6
137,	0
138,	0
139,	0
140,	0
141,	5
142,	1
143,	3
144,	5
145,	1
146,	2
147,	2
148,	1
149,	2
150,	6
151,	4
152,	9
153,	1
154,	3
155,	0
156,	2
157,	3
158,	2
159,	4
160,	1
161,	2
162,	8
163,	5
164,	7
165,	2
166,	0
167,	0
168,	1
169,	1
170,	5
171,	4
172,	2
173,	4
174,	1
175,	4
176,	3
177,	2
178,	1
179,	0
180,	2
181,	2
182,	1
183,	6
184,	0
185,	9
186,	0
187,	1
188,	1
189,	2
190,	5
191,	1
192,	1
193,	4
194,	3
195,	3
196,	3
197,	2
198,	0
199,	5
200,	4
201,	3
202,	6
203,	4
204,	1
205,	4
206,	3
207,	1
208,	4
209,	5
210,	1
211,	1
212,	5
213,	3
214,	3
215,	2
216,	3
217,	3
218,	1
219,	1
220,	4
221,	1
222,	3
223,	4
224,	3
225,	0
226,	5
227,	3
228,	2
229,	6
230,	3
231,	5
232,	0
233,	2
234,	4
235,	6
236,	4
237,	6
238,	3
239,	3
240,	0
241,	4
242,	6
243,	1
244,	6
245,	1
246,	0
247,	1
248,	1
249,	2
250,	1
251,	2
252,	2
253,	4
254,	2
255,	5
256,	5
257,	2
258,	4
259,	3
260,	4
261,	1
262,	7
263,	9
264,	5
265,	4
266,	2
267,	6
268,	6
269,	8
270,	5
271,	4
272,	5
273,	4
274,	7
275,	1
276,	7
277,	3
278,	3
279,	1
280,	0
281,	2
282,	4
283,	6
284,	4
285,	3
286,	3
287,	5
288,	5
289,	1
290,	4
291,	1
292,	6
293,	2
294,	7
295,	4
296,	4
297,	9
298,	5
299,	3
300,	3
301,	0
302,	6
303,	3
304,	8
305,	5
306,	3
307,	7
308,	1
309,	7
310,	9
311,	3
312,	3
313,	8
314,	2
315,	7
316,	0
317,	0
318,	4
319,	3
320,	4
321,	4
322,	2
323,	5
324,	7
325,	5
326,	7
327,	4
328,	6
329,	6
330,	1
331,	5
332,	4
333,	2
334,	6
335,	7
336,	7
337,	7
338,	5
339,	0
340,	8
341,	6
342,	2
343,	8
344,	3
345,	7
346,	8
347,	10
348,	7
349,	1
350,	2
351,	0
352,	8
353,	7
354,	2
355,	5
356,	8
357,	8
358,	5
359,	11
360,	2
361,	2
362,	5
363,	6
364,	7
365,	8
366,	7
367,	3
368,	8
369,	6
370,	2
371,	5
372,	5
373,	3
374,	3
375,	5
376,	7
377,	6
378,	6
379,	5
380,	4
381,	5
382,	3
383,	2
384,	6
385,	6
386,	10
387,	8
388,	7
389,	7
390,	7
391,	3
392,	5
393,	7
394,	9
395,	2
396,	8
397,	9
398,	4
399,	6
400,	6
401,	6
402,	10
403,	5
404,	6
405,	9
406,	1
407,	0
408,	0
409,	9
410,	7
411,	1
412,	3
413,	6
414,	11
415,	0
416,	10
417,	1
418,	9
419,	6
420,	3
421,	5
422,	6
423,	8
424,	8
425,	4
426,	10
427,	7
428,	1
429,	1
430,	9
431,	9
432,	11
433,	6
434,	5
435,	10
436,	6
437,	3
438,	7
439,	6
440,	0
441,	10
442,	0
443,	4
444,	4
445,	9
446,	10
447,	2
448,	5
449,	7
450,	2
451,	10
452,	8
453,	9
454,	4
455,	5
456,	4
457,	0
458,	10
459,	0
460,	10
461,	5
462,	9
463,	6
464,	4
465,	6
466,	9
467,	4
468,	9
469,	3
470,	3
471,	8
472,	7
473,	0
474,	6
475,	11
476,	8
477,	2
478,	7
479,	11
480,	9
481,	2
482,	11
483,	6
484,	8
485,	9
486,	6
487,	8
488,	7
489,	2
490,	5
491,	8
492,	11
493,	8
494,	7
495,	7
496,	6
497,	6
498,	5
499,	5
