Instance: /home/gabriel/Documents/ufrgs/courses/oc/trab/instances/cmb03
Vertices: 1000
Colors: 18
NumIterations: 1
Alpha: 1.000000
Is Factible?: false
Conflicts: 25
Solution Value: 230834.812500
Vertex,	Color
0,	4
1,	7
2,	2
3,	5
4,	3
5,	16
6,	2
7,	9
8,	5
9,	3
10,	7
11,	11
12,	8
13,	9
14,	3
15,	11
16,	14
17,	3
18,	11
19,	0
20,	2
21,	3
22,	9
23,	4
24,	13
25,	4
26,	2
27,	2
28,	8
29,	2
30,	12
31,	8
32,	1
33,	5
34,	7
35,	0
36,	10
37,	6
38,	0
39,	1
40,	2
41,	4
42,	9
43,	11
44,	7
45,	3
46,	12
47,	10
48,	0
49,	1
50,	0
51,	7
52,	6
53,	2
54,	14
55,	1
56,	6
57,	8
58,	3
59,	7
60,	7
61,	8
62,	4
63,	8
64,	4
65,	8
66,	4
67,	8
68,	8
69,	2
70,	3
71,	8
72,	10
73,	3
74,	6
75,	7
76,	1
77,	4
78,	9
79,	1
80,	5
81,	8
82,	5
83,	0
84,	13
85,	2
86,	6
87,	6
88,	11
89,	11
90,	1
91,	10
92,	6
93,	4
94,	1
95,	0
96,	0
97,	8
98,	4
99,	0
100,	11
101,	8
102,	9
103,	5
104,	6
105,	10
106,	6
107,	2
108,	11
109,	13
110,	0
111,	5
112,	16
113,	0
114,	4
115,	1
116,	10
117,	7
118,	2
119,	1
120,	8
121,	12
122,	4
123,	4
124,	4
125,	9
126,	3
127,	3
128,	8
129,	2
130,	1
131,	9
132,	4
133,	9
134,	10
135,	4
136,	12
137,	6
138,	5
139,	5
140,	0
141,	1
142,	2
143,	6
144,	16
145,	2
146,	15
147,	4
148,	3
149,	7
150,	14
151,	12
152,	6
153,	9
154,	9
155,	6
156,	4
157,	1
158,	14
159,	3
160,	2
161,	3
162,	7
163,	12
164,	4
165,	5
166,	4
167,	13
168,	1
169,	5
170,	9
171,	6
172,	5
173,	9
174,	4
175,	7
176,	9
177,	3
178,	2
179,	0
180,	5
181,	0
182,	9
183,	1
184,	1
185,	0
186,	4
187,	6
188,	12
189,	1
190,	10
191,	3
192,	10
193,	4
194,	12
195,	0
196,	1
197,	11
198,	16
199,	13
200,	1
201,	0
202,	2
203,	14
204,	9
205,	2
206,	9
207,	7
208,	13
209,	1
210,	3
211,	10
212,	2
213,	10
214,	0
215,	10
216,	3
217,	1
218,	0
219,	8
220,	9
221,	6
222,	5
223,	1
224,	0
225,	7
226,	10
227,	8
228,	1
229,	7
230,	13
231,	7
232,	15
233,	3
234,	0
235,	4
236,	0
237,	9
238,	10
239,	14
240,	6
241,	12
242,	13
243,	1
244,	6
245,	14
246,	0
247,	3
248,	0
249,	9
250,	0
251,	8
252,	11
253,	3
254,	9
255,	1
256,	8
257,	0
258,	7
259,	7
260,	8
261,	0
262,	2
263,	5
264,	2
265,	10
266,	1
267,	4
268,	2
269,	0
270,	2
271,	0
272,	8
273,	4
274,	2
275,	6
276,	3
277,	1
278,	7
279,	9
280,	5
281,	10
282,	3
283,	11
284,	11
285,	4
286,	7
287,	3
288,	1
289,	1
290,	5
291,	0
292,	0
293,	11
294,	13
295,	14
296,	1
297,	6
298,	1
299,	6
300,	13
301,	3
302,	13
303,	0
304,	10
305,	1
306,	11
307,	1
308,	8
309,	1
310,	12
311,	2
312,	13
313,	10
314,	4
315,	1
316,	7
317,	5
318,	10
319,	3
320,	3
321,	11
322,	1
323,	8
324,	1
325,	5
326,	14
327,	17
328,	0
329,	3
330,	3
331,	6
332,	2
333,	14
334,	4
335,	5
336,	5
337,	3
338,	2
339,	7
340,	4
341,	1
342,	1
343,	6
344,	7
345,	5
346,	4
347,	7
348,	12
349,	13
350,	13
351,	8
352,	15
353,	7
354,	7
355,	5
356,	12
357,	0
358,	9
359,	4
360,	7
361,	8
362,	7
363,	15
364,	8
365,	1
366,	5
367,	7
368,	1
369,	5
370,	4
371,	5
372,	13
373,	9
374,	9
375,	0
376,	4
377,	0
378,	4
379,	4
380,	10
381,	4
382,	0
383,	5
384,	0
385,	12
386,	13
387,	12
388,	0
389,	5
390,	3
391,	9
392,	12
393,	3
394,	5
395,	14
396,	11
397,	2
398,	0
399,	0
400,	8
401,	6
402,	9
403,	8
404,	5
405,	2
406,	4
407,	3
408,	0
409,	7
410,	14
411,	16
412,	5
413,	13
414,	2
415,	0
416,	7
417,	3
418,	5
419,	4
420,	5
421,	6
422,	2
423,	9
424,	0
425,	9
426,	4
427,	3
428,	7
429,	5
430,	11
431,	4
432,	16
433,	8
434,	1
435,	4
436,	3
437,	2
438,	0
439,	5
440,	1
441,	0
442,	3
443,	3
444,	5
445,	5
446,	1
447,	7
448,	2
449,	1
450,	1
451,	1
452,	7
453,	10
454,	4
455,	8
456,	9
457,	10
458,	9
459,	2
460,	6
461,	8
462,	6
463,	12
464,	6
465,	1
466,	5
467,	2
468,	5
469,	3
470,	1
471,	8
472,	0
473,	6
474,	1
475,	15
476,	8
477,	4
478,	6
479,	2
480,	9
481,	5
482,	10
483,	1
484,	6
485,	6
486,	0
487,	3
488,	7
489,	7
490,	2
491,	4
492,	10
493,	14
494,	0
495,	1
496,	3
497,	4
498,	7
499,	4
500,	16
501,	8
502,	5
503,	1
504,	8
505,	1
506,	0
507,	8
508,	11
509,	5
510,	5
511,	2
512,	1
513,	9
514,	10
515,	8
516,	7
517,	15
518,	14
519,	16
520,	3
521,	0
522,	9
523,	0
524,	3
525,	9
526,	7
527,	3
528,	10
529,	6
530,	9
531,	2
532,	1
533,	2
534,	0
535,	7
536,	2
537,	3
538,	8
539,	1
540,	2
541,	5
542,	7
543,	0
544,	5
545,	4
546,	12
547,	0
548,	2
549,	1
550,	7
551,	13
552,	8
553,	11
554,	4
555,	0
556,	11
557,	10
558,	10
559,	7
560,	15
561,	8
562,	5
563,	6
564,	2
565,	5
566,	1
567,	8
568,	7
569,	9
570,	13
571,	17
572,	12
573,	6
574,	8
575,	4
576,	3
577,	9
578,	7
579,	6
580,	10
581,	10
582,	0
583,	14
584,	1
585,	1
586,	11
587,	8
588,	2
589,	2
590,	7
591,	0
592,	3
593,	0
594,	14
595,	3
596,	0
597,	0
598,	8
599,	9
600,	3
601,	8
602,	2
603,	12
604,	7
605,	6
606,	3
607,	11
608,	13
609,	2
610,	4
611,	6
612,	7
613,	9
614,	1
615,	14
616,	3
617,	10
618,	15
619,	2
620,	15
621,	2
622,	1
623,	1
624,	1
625,	15
626,	2
627,	7
628,	5
629,	12
630,	6
631,	7
632,	5
633,	5
634,	3
635,	7
636,	1
637,	12
638,	6
639,	13
640,	0
641,	13
642,	5
643,	9
644,	6
645,	4
646,	5
647,	2
648,	4
649,	7
650,	9
651,	15
652,	8
653,	3
654,	1
655,	10
656,	13
657,	4
658,	8
659,	1
660,	12
661,	14
662,	13
663,	3
664,	7
665,	0
666,	16
667,	6
668,	16
669,	8
670,	7
671,	4
672,	13
673,	3
674,	6
675,	11
676,	0
677,	0
678,	6
679,	11
680,	12
681,	2
682,	3
683,	8
684,	1
685,	14
686,	11
687,	14
688,	4
689,	3
690,	1
691,	8
692,	11
693,	5
694,	12
695,	9
696,	10
697,	8
698,	11
699,	5
700,	3
701,	8
702,	7
703,	10
704,	12
705,	9
706,	0
707,	3
708,	6
709,	11
710,	7
711,	7
712,	0
713,	8
714,	6
715,	0
716,	0
717,	1
718,	3
719,	8
720,	0
721,	11
722,	2
723,	1
724,	4
725,	11
726,	2
727,	2
728,	3
729,	6
730,	14
731,	6
732,	7
733,	9
734,	11
735,	12
736,	14
737,	6
738,	10
739,	10
740,	9
741,	8
742,	1
743,	2
744,	12
745,	5
746,	6
747,	12
748,	9
749,	16
750,	14
751,	5
752,	1
753,	5
754,	11
755,	7
756,	2
757,	5
758,	4
759,	16
760,	15
761,	10
762,	1
763,	13
764,	10
765,	13
766,	12
767,	4
768,	2
769,	7
770,	10
771,	13
772,	9
773,	5
774,	2
775,	7
776,	7
777,	9
778,	12
779,	13
780,	8
781,	2
782,	0
783,	1
784,	2
785,	15
786,	7
787,	5
788,	0
789,	10
790,	6
791,	11
792,	3
793,	10
794,	2
795,	0
796,	2
797,	13
798,	8
799,	12
800,	0
801,	9
802,	2
803,	4
804,	5
805,	5
806,	5
807,	0
808,	7
809,	4
810,	8
811,	10
812,	0
813,	0
814,	4
815,	6
816,	5
817,	2
818,	6
819,	10
820,	1
821,	11
822,	11
823,	8
824,	4
825,	10
826,	5
827,	4
828,	2
829,	2
830,	14
831,	17
832,	6
833,	10
834,	6
835,	3
836,	11
837,	0
838,	1
839,	7
840,	10
841,	6
842,	4
843,	3
844,	6
845,	0
846,	11
847,	3
848,	13
849,	1
850,	15
851,	2
852,	3
853,	1
854,	3
855,	1
856,	6
857,	16
858,	11
859,	1
860,	1
861,	4
862,	5
863,	0
864,	3
865,	10
866,	13
867,	6
868,	4
869,	0
870,	9
871,	3
872,	12
873,	2
874,	9
875,	2
876,	3
877,	4
878,	2
879,	8
880,	8
881,	5
882,	0
883,	4
884,	0
885,	6
886,	11
887,	2
888,	2
889,	10
890,	12
891,	2
892,	9
893,	7
894,	3
895,	8
896,	5
897,	6
898,	13
899,	7
900,	5
901,	14
902,	9
903,	7
904,	10
905,	12
906,	5
907,	15
908,	7
909,	7
910,	11
911,	6
912,	3
913,	1
914,	6
915,	0
916,	1
917,	2
918,	8
919,	8
920,	6
921,	6
922,	8
923,	1
924,	3
925,	16
926,	2
927,	2
928,	7
929,	2
930,	7
931,	5
932,	2
933,	4
934,	9
935,	5
936,	12
937,	5
938,	0
939,	11
940,	11
941,	0
942,	10
943,	15
944,	0
945,	6
946,	10
947,	5
948,	17
949,	4
950,	3
951,	8
952,	3
953,	7
954,	6
955,	4
956,	0
957,	3
958,	5
959,	4
960,	2
961,	15
962,	8
963,	0
964,	1
965,	0
966,	6
967,	8
968,	10
969,	4
970,	8
971,	0
972,	3
973,	4
974,	10
975,	2
976,	7
977,	13
978,	4
979,	9
980,	11
981,	13
982,	10
983,	2
984,	10
985,	2
986,	3
987,	14
988,	7
989,	5
990,	13
991,	7
992,	12
993,	4
994,	6
995,	5
996,	10
997,	6
998,	12
999,	7
