Instance: /home/gabriel/Documents/ufrgs/courses/oc/trab/instances/cmb01
Vertices: 500
Colors: 12
NumIterations: 1000
Alpha: 0.010000
Is Factible?: false
Conflicts: 22
Solution Value: 162217.437500
Vertex,	Color
0,	1
1,	0
2,	0
3,	0
4,	0
5,	0
6,	0
7,	0
8,	2
9,	1
10,	0
11,	0
12,	0
13,	0
14,	1
15,	1
16,	0
17,	1
18,	0
19,	0
20,	0
21,	0
22,	1
23,	3
24,	1
25,	2
26,	0
27,	0
28,	0
29,	0
30,	0
31,	0
32,	2
33,	0
34,	2
35,	1
36,	2
37,	0
38,	1
39,	1
40,	0
41,	0
42,	1
43,	0
44,	1
45,	0
46,	1
47,	0
48,	0
49,	0
50,	0
51,	0
52,	2
53,	0
54,	2
55,	1
56,	2
57,	2
58,	1
59,	0
60,	1
61,	1
62,	1
63,	1
64,	1
65,	2
66,	0
67,	2
68,	1
69,	2
70,	0
71,	2
72,	1
73,	0
74,	1
75,	1
76,	2
77,	2
78,	0
79,	2
80,	2
81,	2
82,	0
83,	3
84,	1
85,	0
86,	3
87,	1
88,	3
89,	3
90,	3
91,	3
92,	1
93,	1
94,	2
95,	0
96,	2
97,	1
98,	4
99,	3
100,	4
101,	3
102,	1
103,	5
104,	0
105,	4
106,	4
107,	1
108,	1
109,	2
110,	3
111,	5
112,	0
113,	4
114,	2
115,	4
116,	1
117,	6
118,	0
119,	5
120,	3
121,	3
122,	4
123,	2
124,	2
125,	2
126,	3
127,	2
128,	1
129,	4
130,	0
131,	2
132,	3
133,	2
134,	2
135,	4
136,	2
137,	4
138,	6
139,	0
140,	1
141,	3
142,	4
143,	3
144,	4
145,	1
146,	3
147,	4
148,	7
149,	0
150,	4
151,	6
152,	1
153,	2
154,	2
155,	2
156,	2
157,	4
158,	3
159,	1
160,	4
161,	5
162,	7
163,	5
164,	6
165,	5
166,	2
167,	0
168,	3
169,	1
170,	5
171,	3
172,	1
173,	5
174,	3
175,	1
176,	2
177,	8
178,	5
179,	8
180,	7
181,	2
182,	6
183,	4
184,	2
185,	5
186,	4
187,	0
188,	3
189,	5
190,	4
191,	2
192,	3
193,	0
194,	3
195,	3
196,	3
197,	1
198,	6
199,	4
200,	1
201,	4
202,	5
203,	6
204,	5
205,	4
206,	4
207,	3
208,	1
209,	3
210,	4
211,	0
212,	9
213,	6
214,	3
215,	4
216,	4
217,	3
218,	5
219,	9
220,	4
221,	1
222,	3
223,	4
224,	3
225,	0
226,	5
227,	6
228,	1
229,	4
230,	1
231,	5
232,	4
233,	5
234,	1
235,	7
236,	6
237,	4
238,	3
239,	3
240,	1
241,	1
242,	6
243,	3
244,	3
245,	1
246,	5
247,	6
248,	6
249,	4
250,	2
251,	3
252,	4
253,	2
254,	8
255,	2
256,	5
257,	4
258,	5
259,	3
260,	6
261,	4
262,	7
263,	10
264,	5
265,	1
266,	6
267,	6
268,	6
269,	5
270,	8
271,	4
272,	4
273,	5
274,	7
275,	2
276,	7
277,	3
278,	4
279,	1
280,	0
281,	3
282,	6
283,	2
284,	7
285,	5
286,	5
287,	5
288,	4
289,	2
290,	4
291,	2
292,	6
293,	7
294,	11
295,	4
296,	7
297,	9
298,	3
299,	3
300,	5
301,	1
302,	6
303,	3
304,	2
305,	4
306,	2
307,	7
308,	3
309,	6
310,	7
311,	3
312,	3
313,	7
314,	6
315,	6
316,	6
317,	3
318,	4
319,	2
320,	4
321,	1
322,	8
323,	7
324,	6
325,	5
326,	4
327,	5
328,	7
329,	6
330,	0
331,	6
332,	5
333,	7
334,	8
335,	0
336,	3
337,	8
338,	4
339,	1
340,	5
341,	10
342,	7
343,	8
344,	1
345,	8
346,	7
347,	9
348,	7
349,	1
350,	4
351,	5
352,	1
353,	7
354,	5
355,	2
356,	9
357,	9
358,	5
359,	0
360,	7
361,	6
362,	5
363,	7
364,	7
365,	8
366,	6
367,	5
368,	7
369,	6
370,	5
371,	6
372,	4
373,	6
374,	3
375,	6
376,	8
377,	8
378,	7
379,	4
380,	9
381,	3
382,	2
383,	4
384,	5
385,	7
386,	9
387,	8
388,	11
389,	7
390,	7
391,	0
392,	3
393,	8
394,	9
395,	4
396,	7
397,	7
398,	6
399,	8
400,	8
401,	7
402,	1
403,	7
404,	4
405,	9
406,	2
407,	1
408,	0
409,	7
410,	5
411,	3
412,	5
413,	7
414,	10
415,	0
416,	9
417,	5
418,	10
419,	5
420,	9
421,	6
422,	7
423,	11
424,	8
425,	8
426,	10
427,	6
428,	6
429,	7
430,	9
431,	6
432,	0
433,	0
434,	6
435,	6
436,	6
437,	3
438,	2
439,	9
440,	0
441,	10
442,	5
443,	1
444,	4
445,	8
446,	10
447,	2
448,	3
449,	8
450,	0
451,	10
452,	6
453,	8
454,	3
455,	6
456,	8
457,	0
458,	10
459,	11
460,	10
461,	3
462,	4
463,	7
464,	4
465,	7
466,	5
467,	2
468,	7
469,	4
470,	3
471,	8
472,	8
473,	5
474,	8
475,	0
476,	9
477,	2
478,	7
479,	11
480,	9
481,	5
482,	9
483,	5
484,	7
485,	10
486,	8
487,	8
488,	5
489,	3
490,	4
491,	9
492,	11
493,	9
494,	7
495,	6
496,	10
497,	6
498,	0
499,	5
