Instance: /home/gabriel/Documents/ufrgs/courses/oc/trab/instances/cmb01
Vertices: 500
Colors: 12
NumIterations: 100
Alpha: 0.750000
Is Factible?: false
Conflicts: 6
Solution Value: 164734.265625
Vertex,	Color
0,	7
1,	3
2,	3
3,	4
4,	10
5,	7
6,	3
7,	3
8,	2
9,	3
10,	5
11,	2
12,	0
13,	7
14,	1
15,	7
16,	4
17,	4
18,	2
19,	2
20,	4
21,	4
22,	10
23,	6
24,	3
25,	0
26,	6
27,	5
28,	6
29,	1
30,	0
31,	1
32,	7
33,	4
34,	2
35,	6
36,	4
37,	0
38,	0
39,	6
40,	5
41,	1
42,	8
43,	2
44,	0
45,	3
46,	4
47,	3
48,	5
49,	1
50,	5
51,	10
52,	5
53,	7
54,	8
55,	1
56,	0
57,	2
58,	10
59,	1
60,	9
61,	2
62,	0
63,	7
64,	3
65,	7
66,	1
67,	2
68,	7
69,	4
70,	1
71,	2
72,	5
73,	4
74,	2
75,	2
76,	8
77,	3
78,	3
79,	9
80,	3
81,	5
82,	10
83,	6
84,	7
85,	5
86,	7
87,	5
88,	7
89,	5
90,	6
91,	2
92,	6
93,	8
94,	11
95,	6
96,	2
97,	7
98,	6
99,	5
100,	8
101,	3
102,	6
103,	9
104,	2
105,	3
106,	0
107,	3
108,	2
109,	0
110,	4
111,	10
112,	1
113,	1
114,	7
115,	1
116,	7
117,	9
118,	0
119,	7
120,	5
121,	11
122,	0
123,	6
124,	1
125,	0
126,	4
127,	0
128,	3
129,	1
130,	1
131,	1
132,	8
133,	4
134,	4
135,	1
136,	2
137,	2
138,	3
139,	1
140,	3
141,	4
142,	3
143,	5
144,	5
145,	1
146,	4
147,	2
148,	2
149,	8
150,	6
151,	3
152,	4
153,	3
154,	7
155,	3
156,	4
157,	2
158,	2
159,	1
160,	2
161,	0
162,	4
163,	6
164,	0
165,	5
166,	4
167,	4
168,	1
169,	0
170,	1
171,	2
172,	5
173,	3
174,	4
175,	1
176,	1
177,	4
178,	1
179,	4
180,	3
181,	3
182,	2
183,	4
184,	8
185,	6
186,	5
187,	2
188,	4
189,	4
190,	1
191,	4
192,	7
193,	4
194,	0
195,	5
196,	6
197,	5
198,	8
199,	0
200,	1
201,	7
202,	9
203,	1
204,	7
205,	0
206,	0
207,	5
208,	3
209,	1
210,	3
211,	0
212,	8
213,	5
214,	3
215,	0
216,	1
217,	3
218,	7
219,	2
220,	3
221,	0
222,	6
223,	5
224,	1
225,	1
226,	5
227,	8
228,	2
229,	1
230,	5
231,	9
232,	6
233,	1
234,	5
235,	6
236,	6
237,	1
238,	5
239,	1
240,	1
241,	6
242,	8
243,	0
244,	7
245,	1
246,	3
247,	1
248,	3
249,	2
250,	1
251,	0
252,	3
253,	3
254,	4
255,	1
256,	8
257,	0
258,	7
259,	6
260,	6
261,	3
262,	9
263,	3
264,	6
265,	2
266,	0
267,	7
268,	6
269,	7
270,	8
271,	5
272,	8
273,	3
274,	6
275,	0
276,	7
277,	1
278,	0
279,	2
280,	6
281,	2
282,	3
283,	2
284,	2
285,	0
286,	6
287,	5
288,	0
289,	1
290,	4
291,	0
292,	2
293,	2
294,	11
295,	7
296,	1
297,	3
298,	2
299,	3
300,	9
301,	5
302,	4
303,	0
304,	4
305,	7
306,	1
307,	1
308,	0
309,	3
310,	4
311,	2
312,	2
313,	0
314,	5
315,	2
316,	11
317,	4
318,	6
319,	0
320,	2
321,	6
322,	0
323,	9
324,	8
325,	4
326,	3
327,	6
328,	1
329,	8
330,	0
331,	7
332,	7
333,	2
334,	5
335,	6
336,	1
337,	2
338,	0
339,	3
340,	8
341,	1
342,	8
343,	4
344,	1
345,	2
346,	7
347,	1
348,	0
349,	5
350,	3
351,	1
352,	4
353,	0
354,	2
355,	2
356,	5
357,	5
358,	4
359,	1
360,	2
361,	2
362,	6
363,	2
364,	4
365,	9
366,	4
367,	0
368,	6
369,	1
370,	4
371,	1
372,	0
373,	8
374,	0
375,	6
376,	7
377,	5
378,	3
379,	4
380,	1
381,	1
382,	0
383,	1
384,	3
385,	3
386,	1
387,	8
388,	7
389,	6
390,	2
391,	6
392,	4
393,	10
394,	2
395,	8
396,	3
397,	1
398,	5
399,	8
400,	4
401,	3
402,	6
403,	2
404,	3
405,	5
406,	0
407,	3
408,	0
409,	6
410,	8
411,	4
412,	9
413,	3
414,	7
415,	0
416,	1
417,	0
418,	7
419,	7
420,	8
421,	5
422,	3
423,	10
424,	4
425,	6
426,	9
427,	3
428,	1
429,	2
430,	7
431,	5
432,	9
433,	7
434,	1
435,	10
436,	4
437,	5
438,	6
439,	9
440,	11
441,	6
442,	10
443,	7
444,	4
445,	8
446,	10
447,	1
448,	2
449,	0
450,	9
451,	5
452,	6
453,	2
454,	3
455,	5
456,	5
457,	0
458,	5
459,	0
460,	0
461,	5
462,	4
463,	8
464,	6
465,	8
466,	4
467,	7
468,	5
469,	0
470,	6
471,	9
472,	6
473,	2
474,	9
475,	11
476,	10
477,	1
478,	6
479,	11
480,	10
481,	1
482,	10
483,	5
484,	7
485,	8
486,	9
487,	8
488,	7
489,	2
490,	5
491,	10
492,	11
493,	7
494,	6
495,	8
496,	10
497,	9
498,	7
499,	9
