Instance: /home/gabriel/Documents/ufrgs/courses/oc/trab/instances/cmb01
Vertices: 500
Colors: 12
NumIterations: 100
Alpha: 0.750000
Is Factible?: false
Conflicts: 28
Solution Value: 169073.281250
Vertex,	Color
0,	9
1,	6
2,	5
3,	5
4,	5
5,	6
6,	4
7,	2
8,	3
9,	7
10,	0
11,	0
12,	0
13,	9
14,	4
15,	4
16,	1
17,	8
18,	5
19,	10
20,	3
21,	4
22,	6
23,	6
24,	5
25,	3
26,	7
27,	2
28,	7
29,	2
30,	3
31,	5
32,	6
33,	1
34,	0
35,	5
36,	4
37,	2
38,	3
39,	9
40,	3
41,	5
42,	5
43,	6
44,	0
45,	1
46,	1
47,	3
48,	1
49,	8
50,	2
51,	1
52,	0
53,	4
54,	0
55,	3
56,	6
57,	0
58,	5
59,	1
60,	11
61,	3
62,	2
63,	4
64,	1
65,	3
66,	2
67,	0
68,	0
69,	8
70,	1
71,	1
72,	0
73,	8
74,	0
75,	1
76,	2
77,	10
78,	8
79,	0
80,	8
81,	5
82,	2
83,	5
84,	3
85,	6
86,	5
87,	0
88,	3
89,	6
90,	8
91,	6
92,	5
93,	8
94,	7
95,	6
96,	2
97,	3
98,	2
99,	0
100,	11
101,	2
102,	0
103,	10
104,	1
105,	1
106,	4
107,	8
108,	0
109,	7
110,	4
111,	1
112,	1
113,	9
114,	2
115,	5
116,	3
117,	4
118,	3
119,	7
120,	4
121,	3
122,	5
123,	2
124,	2
125,	6
126,	5
127,	0
128,	2
129,	1
130,	0
131,	2
132,	5
133,	7
134,	4
135,	1
136,	1
137,	5
138,	4
139,	5
140,	2
141,	10
142,	3
143,	4
144,	3
145,	2
146,	1
147,	2
148,	3
149,	1
150,	5
151,	6
152,	5
153,	3
154,	2
155,	0
156,	5
157,	10
158,	7
159,	5
160,	3
161,	8
162,	9
163,	7
164,	2
165,	1
166,	1
167,	5
168,	4
169,	6
170,	7
171,	8
172,	2
173,	2
174,	5
175,	4
176,	1
177,	1
178,	3
179,	6
180,	3
181,	2
182,	10
183,	2
184,	4
185,	1
186,	1
187,	0
188,	0
189,	0
190,	4
191,	9
192,	1
193,	1
194,	3
195,	5
196,	2
197,	8
198,	0
199,	6
200,	0
201,	3
202,	1
203,	0
204,	1
205,	0
206,	1
207,	2
208,	7
209,	7
210,	0
211,	0
212,	3
213,	1
214,	6
215,	0
216,	2
217,	4
218,	4
219,	8
220,	1
221,	2
222,	4
223,	6
224,	1
225,	0
226,	0
227,	10
228,	8
229,	3
230,	3
231,	0
232,	5
233,	2
234,	6
235,	11
236,	4
237,	3
238,	1
239,	0
240,	0
241,	4
242,	2
243,	0
244,	11
245,	3
246,	7
247,	3
248,	3
249,	5
250,	3
251,	2
252,	4
253,	0
254,	0
255,	0
256,	1
257,	1
258,	10
259,	9
260,	6
261,	3
262,	2
263,	0
264,	0
265,	4
266,	2
267,	1
268,	5
269,	9
270,	4
271,	6
272,	0
273,	3
274,	2
275,	4
276,	3
277,	2
278,	4
279,	0
280,	3
281,	2
282,	0
283,	1
284,	2
285,	0
286,	6
287,	4
288,	2
289,	3
290,	1
291,	0
292,	1
293,	4
294,	7
295,	7
296,	0
297,	0
298,	0
299,	0
300,	10
301,	2
302,	0
303,	3
304,	6
305,	5
306,	0
307,	0
308,	2
309,	2
310,	6
311,	3
312,	3
313,	4
314,	9
315,	1
316,	6
317,	3
318,	5
319,	2
320,	4
321,	2
322,	8
323,	4
324,	0
325,	7
326,	3
327,	0
328,	7
329,	1
330,	0
331,	7
332,	4
333,	0
334,	6
335,	6
336,	5
337,	7
338,	5
339,	2
340,	6
341,	7
342,	2
343,	2
344,	2
345,	3
346,	1
347,	8
348,	4
349,	5
350,	2
351,	0
352,	8
353,	5
354,	1
355,	1
356,	4
357,	6
358,	4
359,	6
360,	8
361,	0
362,	4
363,	0
364,	6
365,	2
366,	3
367,	1
368,	2
369,	0
370,	6
371,	0
372,	0
373,	1
374,	2
375,	1
376,	5
377,	2
378,	6
379,	1
380,	2
381,	2
382,	1
383,	3
384,	0
385,	5
386,	11
387,	4
388,	10
389,	5
390,	7
391,	3
392,	6
393,	6
394,	1
395,	3
396,	4
397,	4
398,	4
399,	4
400,	5
401,	2
402,	3
403,	1
404,	4
405,	8
406,	3
407,	7
408,	8
409,	6
410,	6
411,	1
412,	9
413,	4
414,	7
415,	0
416,	7
417,	0
418,	10
419,	1
420,	9
421,	7
422,	4
423,	7
424,	6
425,	6
426,	7
427,	5
428,	4
429,	6
430,	7
431,	7
432,	0
433,	1
434,	1
435,	7
436,	7
437,	5
438,	5
439,	1
440,	8
441,	7
442,	9
443,	1
444,	4
445,	6
446,	7
447,	3
448,	2
449,	10
450,	0
451,	7
452,	8
453,	1
454,	4
455,	8
456,	8
457,	0
458,	7
459,	11
460,	0
461,	3
462,	1
463,	4
464,	7
465,	8
466,	7
467,	4
468,	5
469,	6
470,	6
471,	5
472,	7
473,	0
474,	8
475,	9
476,	9
477,	2
478,	8
479,	11
480,	10
481,	1
482,	9
483,	5
484,	8
485,	4
486,	7
487,	9
488,	7
489,	6
490,	5
491,	4
492,	11
493,	7
494,	10
495,	8
496,	5
497,	7
498,	6
499,	9
