Instance: /home/gabriel/Documents/ufrgs/courses/oc/trab/instances/cmb03
Vertices: 1000
Colors: 18
NumIterations: 1
Alpha: 1.000000
Is Factible?: false
Conflicts: 12
Solution Value: 237614.046875
Vertex,	Color
0,	1
1,	2
2,	3
3,	9
4,	15
5,	10
6,	11
7,	1
8,	2
9,	4
10,	11
11,	9
12,	9
13,	8
14,	1
15,	7
16,	13
17,	13
18,	4
19,	5
20,	8
21,	0
22,	2
23,	5
24,	12
25,	8
26,	3
27,	3
28,	1
29,	10
30,	5
31,	3
32,	10
33,	3
34,	4
35,	6
36,	0
37,	11
38,	4
39,	14
40,	6
41,	0
42,	8
43,	11
44,	7
45,	8
46,	9
47,	12
48,	12
49,	0
50,	12
51,	0
52,	5
53,	4
54,	2
55,	2
56,	9
57,	4
58,	10
59,	2
60,	2
61,	0
62,	10
63,	8
64,	2
65,	0
66,	4
67,	8
68,	9
69,	0
70,	9
71,	0
72,	6
73,	12
74,	8
75,	2
76,	3
77,	12
78,	4
79,	5
80,	16
81,	9
82,	5
83,	3
84,	6
85,	1
86,	5
87,	8
88,	2
89,	0
90,	0
91,	1
92,	14
93,	4
94,	7
95,	0
96,	16
97,	9
98,	0
99,	2
100,	11
101,	8
102,	13
103,	8
104,	0
105,	8
106,	10
107,	0
108,	16
109,	9
110,	1
111,	4
112,	5
113,	8
114,	14
115,	5
116,	4
117,	3
118,	6
119,	11
120,	12
121,	11
122,	14
123,	3
124,	17
125,	8
126,	2
127,	8
128,	9
129,	7
130,	7
131,	0
132,	2
133,	5
134,	1
135,	9
136,	3
137,	6
138,	2
139,	2
140,	10
141,	0
142,	2
143,	2
144,	13
145,	0
146,	2
147,	8
148,	10
149,	0
150,	3
151,	1
152,	0
153,	10
154,	5
155,	9
156,	15
157,	10
158,	9
159,	0
160,	3
161,	7
162,	12
163,	3
164,	3
165,	1
166,	2
167,	8
168,	6
169,	4
170,	8
171,	1
172,	10
173,	7
174,	1
175,	5
176,	1
177,	9
178,	2
179,	10
180,	0
181,	6
182,	2
183,	4
184,	0
185,	3
186,	5
187,	13
188,	11
189,	0
190,	6
191,	17
192,	7
193,	0
194,	12
195,	1
196,	5
197,	11
198,	4
199,	5
200,	3
201,	0
202,	3
203,	13
204,	2
205,	8
206,	8
207,	3
208,	6
209,	10
210,	3
211,	6
212,	6
213,	9
214,	7
215,	14
216,	13
217,	1
218,	0
219,	15
220,	13
221,	6
222,	12
223,	4
224,	10
225,	2
226,	12
227,	11
228,	7
229,	4
230,	13
231,	8
232,	10
233,	0
234,	1
235,	5
236,	12
237,	6
238,	8
239,	10
240,	8
241,	15
242,	1
243,	4
244,	14
245,	10
246,	5
247,	16
248,	0
249,	11
250,	0
251,	4
252,	11
253,	15
254,	5
255,	3
256,	9
257,	0
258,	5
259,	5
260,	4
261,	7
262,	11
263,	5
264,	2
265,	7
266,	1
267,	9
268,	7
269,	6
270,	8
271,	2
272,	3
273,	1
274,	14
275,	9
276,	2
277,	15
278,	4
279,	14
280,	5
281,	3
282,	3
283,	11
284,	15
285,	1
286,	3
287,	9
288,	10
289,	2
290,	12
291,	0
292,	12
293,	6
294,	2
295,	8
296,	8
297,	3
298,	2
299,	6
300,	16
301,	1
302,	15
303,	3
304,	1
305,	4
306,	2
307,	3
308,	5
309,	2
310,	9
311,	12
312,	6
313,	13
314,	3
315,	4
316,	11
317,	11
318,	14
319,	12
320,	7
321,	10
322,	6
323,	1
324,	11
325,	0
326,	2
327,	1
328,	7
329,	3
330,	10
331,	9
332,	8
333,	5
334,	3
335,	5
336,	0
337,	7
338,	2
339,	3
340,	1
341,	7
342,	4
343,	0
344,	5
345,	4
346,	2
347,	5
348,	6
349,	5
350,	13
351,	8
352,	16
353,	9
354,	10
355,	5
356,	7
357,	2
358,	12
359,	1
360,	7
361,	10
362,	4
363,	12
364,	2
365,	6
366,	5
367,	4
368,	5
369,	0
370,	4
371,	7
372,	7
373,	8
374,	0
375,	11
376,	3
377,	6
378,	1
379,	4
380,	0
381,	3
382,	0
383,	10
384,	2
385,	1
386,	11
387,	11
388,	1
389,	8
390,	6
391,	4
392,	2
393,	6
394,	1
395,	0
396,	8
397,	7
398,	8
399,	5
400,	6
401,	6
402,	1
403,	9
404,	2
405,	0
406,	4
407,	3
408,	0
409,	10
410,	9
411,	5
412,	7
413,	0
414,	5
415,	7
416,	8
417,	8
418,	9
419,	7
420,	9
421,	9
422,	9
423,	10
424,	2
425,	9
426,	9
427,	3
428,	0
429,	5
430,	3
431,	4
432,	0
433,	6
434,	3
435,	3
436,	6
437,	8
438,	0
439,	13
440,	7
441,	2
442,	0
443,	1
444,	10
445,	0
446,	7
447,	6
448,	1
449,	5
450,	8
451,	5
452,	6
453,	8
454,	14
455,	4
456,	10
457,	5
458,	10
459,	2
460,	13
461,	0
462,	3
463,	1
464,	1
465,	4
466,	7
467,	8
468,	6
469,	6
470,	8
471,	0
472,	13
473,	3
474,	8
475,	12
476,	9
477,	9
478,	14
479,	3
480,	1
481,	5
482,	13
483,	7
484,	15
485,	11
486,	0
487,	9
488,	7
489,	1
490,	1
491,	2
492,	8
493,	4
494,	1
495,	11
496,	5
497,	7
498,	6
499,	2
500,	4
501,	8
502,	4
503,	15
504,	7
505,	4
506,	4
507,	15
508,	0
509,	1
510,	7
511,	7
512,	2
513,	17
514,	0
515,	8
516,	8
517,	4
518,	16
519,	13
520,	6
521,	6
522,	8
523,	9
524,	8
525,	7
526,	3
527,	7
528,	12
529,	11
530,	13
531,	0
532,	6
533,	1
534,	5
535,	1
536,	1
537,	7
538,	5
539,	7
540,	0
541,	0
542,	1
543,	4
544,	10
545,	13
546,	17
547,	1
548,	4
549,	1
550,	0
551,	9
552,	4
553,	5
554,	10
555,	10
556,	12
557,	9
558,	12
559,	0
560,	2
561,	8
562,	12
563,	3
564,	3
565,	3
566,	10
567,	10
568,	8
569,	5
570,	3
571,	17
572,	9
573,	7
574,	7
575,	3
576,	4
577,	6
578,	6
579,	3
580,	2
581,	3
582,	4
583,	5
584,	10
585,	5
586,	1
587,	6
588,	0
589,	12
590,	10
591,	3
592,	14
593,	0
594,	0
595,	6
596,	6
597,	12
598,	5
599,	15
600,	7
601,	7
602,	10
603,	6
604,	3
605,	10
606,	2
607,	9
608,	4
609,	8
610,	1
611,	8
612,	0
613,	7
614,	2
615,	0
616,	0
617,	2
618,	10
619,	3
620,	17
621,	11
622,	8
623,	7
624,	6
625,	9
626,	1
627,	11
628,	2
629,	1
630,	10
631,	8
632,	5
633,	2
634,	5
635,	6
636,	2
637,	4
638,	7
639,	1
640,	5
641,	13
642,	5
643,	6
644,	1
645,	1
646,	7
647,	7
648,	3
649,	5
650,	8
651,	4
652,	11
653,	6
654,	7
655,	1
656,	8
657,	6
658,	15
659,	17
660,	12
661,	11
662,	12
663,	0
664,	10
665,	3
666,	3
667,	4
668,	8
669,	1
670,	7
671,	7
672,	11
673,	11
674,	0
675,	4
676,	9
677,	15
678,	11
679,	11
680,	3
681,	13
682,	5
683,	9
684,	4
685,	9
686,	2
687,	1
688,	4
689,	8
690,	2
691,	2
692,	17
693,	9
694,	2
695,	0
696,	6
697,	4
698,	0
699,	9
700,	10
701,	4
702,	1
703,	8
704,	2
705,	5
706,	8
707,	6
708,	6
709,	8
710,	2
711,	4
712,	15
713,	6
714,	1
715,	9
716,	7
717,	2
718,	1
719,	1
720,	1
721,	4
722,	15
723,	2
724,	1
725,	7
726,	1
727,	0
728,	16
729,	1
730,	6
731,	4
732,	7
733,	9
734,	5
735,	4
736,	1
737,	2
738,	10
739,	9
740,	9
741,	4
742,	16
743,	3
744,	2
745,	6
746,	2
747,	1
748,	13
749,	14
750,	6
751,	4
752,	3
753,	13
754,	11
755,	9
756,	11
757,	4
758,	14
759,	7
760,	3
761,	10
762,	13
763,	3
764,	11
765,	6
766,	16
767,	7
768,	7
769,	6
770,	10
771,	2
772,	7
773,	3
774,	4
775,	4
776,	7
777,	11
778,	5
779,	1
780,	4
781,	12
782,	12
783,	2
784,	7
785,	4
786,	0
787,	1
788,	14
789,	1
790,	2
791,	12
792,	3
793,	12
794,	1
795,	4
796,	9
797,	12
798,	6
799,	0
800,	5
801,	16
802,	11
803,	2
804,	10
805,	2
806,	6
807,	12
808,	14
809,	7
810,	2
811,	3
812,	8
813,	3
814,	0
815,	12
816,	5
817,	3
818,	5
819,	10
820,	2
821,	11
822,	3
823,	6
824,	2
825,	11
826,	5
827,	0
828,	0
829,	13
830,	4
831,	6
832,	8
833,	2
834,	4
835,	14
836,	15
837,	2
838,	11
839,	7
840,	6
841,	8
842,	3
843,	5
844,	1
845,	1
846,	6
847,	8
848,	5
849,	7
850,	12
851,	11
852,	2
853,	2
854,	5
855,	4
856,	14
857,	4
858,	5
859,	12
860,	4
861,	3
862,	9
863,	3
864,	2
865,	0
866,	0
867,	0
868,	0
869,	2
870,	7
871,	10
872,	9
873,	5
874,	4
875,	4
876,	2
877,	1
878,	0
879,	1
880,	14
881,	8
882,	4
883,	15
884,	1
885,	9
886,	9
887,	2
888,	2
889,	0
890,	1
891,	14
892,	17
893,	9
894,	6
895,	2
896,	6
897,	15
898,	2
899,	16
900,	1
901,	13
902,	7
903,	5
904,	0
905,	12
906,	0
907,	16
908,	4
909,	7
910,	12
911,	5
912,	12
913,	8
914,	1
915,	13
916,	5
917,	5
918,	4
919,	4
920,	3
921,	3
922,	11
923,	13
924,	14
925,	6
926,	5
927,	1
928,	9
929,	7
930,	4
931,	5
932,	3
933,	2
934,	2
935,	0
936,	7
937,	5
938,	8
939,	6
940,	2
941,	3
942,	15
943,	6
944,	10
945,	4
946,	1
947,	4
948,	14
949,	11
950,	1
951,	5
952,	5
953,	6
954,	5
955,	3
956,	11
957,	7
958,	10
959,	13
960,	10
961,	3
962,	1
963,	10
964,	14
965,	0
966,	1
967,	11
968,	0
969,	6
970,	8
971,	3
972,	9
973,	6
974,	10
975,	2
976,	12
977,	10
978,	13
979,	13
980,	1
981,	9
982,	13
983,	1
984,	6
985,	4
986,	7
987,	2
988,	8
989,	1
990,	5
991,	5
992,	14
993,	0
994,	3
995,	0
996,	1
997,	4
998,	0
999,	0
