Instance: /home/gabriel/Documents/ufrgs/courses/oc/trab/instances/cmb03
Vertices: 1000
Colors: 18
NumIterations: 1
Alpha: 1.000000
Is Factible?: false
Conflicts: 24
Solution Value: 234261.437500
Vertex,	Color
0,	1
1,	5
2,	12
3,	7
4,	6
5,	0
6,	4
7,	4
8,	3
9,	5
10,	4
11,	10
12,	0
13,	1
14,	6
15,	11
16,	16
17,	1
18,	10
19,	8
20,	5
21,	8
22,	10
23,	14
24,	13
25,	7
26,	5
27,	7
28,	6
29,	1
30,	10
31,	14
32,	10
33,	4
34,	1
35,	9
36,	5
37,	8
38,	7
39,	9
40,	1
41,	8
42,	5
43,	12
44,	2
45,	0
46,	12
47,	4
48,	9
49,	2
50,	3
51,	2
52,	2
53,	13
54,	5
55,	10
56,	11
57,	2
58,	16
59,	6
60,	1
61,	2
62,	6
63,	5
64,	8
65,	15
66,	2
67,	10
68,	3
69,	11
70,	4
71,	0
72,	5
73,	10
74,	9
75,	2
76,	1
77,	13
78,	1
79,	1
80,	14
81,	5
82,	1
83,	3
84,	6
85,	4
86,	4
87,	8
88,	10
89,	7
90,	2
91,	14
92,	7
93,	6
94,	8
95,	1
96,	0
97,	0
98,	7
99,	0
100,	6
101,	2
102,	9
103,	13
104,	3
105,	1
106,	3
107,	8
108,	12
109,	8
110,	7
111,	0
112,	4
113,	1
114,	0
115,	2
116,	5
117,	5
118,	10
119,	4
120,	5
121,	4
122,	14
123,	15
124,	15
125,	10
126,	0
127,	9
128,	9
129,	11
130,	4
131,	9
132,	5
133,	3
134,	0
135,	2
136,	0
137,	12
138,	1
139,	9
140,	0
141,	6
142,	4
143,	7
144,	8
145,	0
146,	7
147,	0
148,	10
149,	6
150,	12
151,	9
152,	0
153,	9
154,	2
155,	1
156,	9
157,	1
158,	3
159,	4
160,	14
161,	2
162,	14
163,	4
164,	9
165,	8
166,	3
167,	7
168,	1
169,	0
170,	12
171,	8
172,	2
173,	9
174,	0
175,	5
176,	4
177,	11
178,	6
179,	3
180,	3
181,	4
182,	6
183,	0
184,	6
185,	3
186,	7
187,	14
188,	11
189,	2
190,	9
191,	10
192,	3
193,	2
194,	2
195,	4
196,	13
197,	1
198,	8
199,	9
200,	0
201,	7
202,	5
203,	4
204,	7
205,	0
206,	1
207,	7
208,	1
209,	0
210,	12
211,	5
212,	1
213,	5
214,	12
215,	6
216,	11
217,	2
218,	13
219,	5
220,	8
221,	0
222,	2
223,	4
224,	5
225,	14
226,	3
227,	8
228,	1
229,	7
230,	13
231,	8
232,	7
233,	0
234,	3
235,	4
236,	15
237,	2
238,	10
239,	2
240,	12
241,	7
242,	10
243,	10
244,	2
245,	12
246,	8
247,	6
248,	0
249,	15
250,	3
251,	8
252,	4
253,	8
254,	6
255,	1
256,	5
257,	0
258,	7
259,	3
260,	1
261,	6
262,	13
263,	9
264,	4
265,	1
266,	0
267,	15
268,	11
269,	3
270,	11
271,	4
272,	4
273,	2
274,	11
275,	7
276,	9
277,	6
278,	1
279,	12
280,	7
281,	5
282,	3
283,	13
284,	1
285,	1
286,	0
287,	11
288,	16
289,	3
290,	5
291,	4
292,	13
293,	3
294,	0
295,	6
296,	4
297,	5
298,	10
299,	10
300,	9
301,	3
302,	12
303,	0
304,	12
305,	11
306,	1
307,	4
308,	2
309,	2
310,	14
311,	4
312,	8
313,	2
314,	7
315,	5
316,	2
317,	5
318,	0
319,	0
320,	2
321,	11
322,	4
323,	3
324,	1
325,	8
326,	1
327,	5
328,	3
329,	7
330,	9
331,	4
332,	1
333,	8
334,	4
335,	2
336,	4
337,	5
338,	11
339,	5
340,	10
341,	11
342,	6
343,	5
344,	4
345,	13
346,	6
347,	9
348,	17
349,	12
350,	2
351,	0
352,	9
353,	1
354,	8
355,	3
356,	12
357,	8
358,	3
359,	3
360,	4
361,	13
362,	8
363,	7
364,	1
365,	2
366,	7
367,	2
368,	8
369,	7
370,	6
371,	6
372,	9
373,	10
374,	5
375,	2
376,	2
377,	3
378,	1
379,	4
380,	2
381,	12
382,	12
383,	9
384,	9
385,	10
386,	1
387,	6
388,	12
389,	6
390,	4
391,	13
392,	0
393,	1
394,	5
395,	3
396,	2
397,	4
398,	8
399,	3
400,	13
401,	8
402,	16
403,	12
404,	4
405,	4
406,	1
407,	5
408,	7
409,	7
410,	4
411,	7
412,	9
413,	11
414,	4
415,	4
416,	6
417,	4
418,	0
419,	2
420,	14
421,	3
422,	12
423,	9
424,	2
425,	13
426,	7
427,	10
428,	9
429,	12
430,	5
431,	2
432,	0
433,	4
434,	10
435,	4
436,	12
437,	2
438,	1
439,	1
440,	7
441,	7
442,	4
443,	8
444,	2
445,	9
446,	2
447,	5
448,	5
449,	2
450,	0
451,	5
452,	12
453,	14
454,	3
455,	7
456,	1
457,	7
458,	7
459,	0
460,	5
461,	9
462,	0
463,	5
464,	4
465,	2
466,	2
467,	6
468,	12
469,	7
470,	3
471,	11
472,	5
473,	7
474,	14
475,	8
476,	4
477,	8
478,	10
479,	2
480,	0
481,	2
482,	11
483,	6
484,	11
485,	8
486,	1
487,	11
488,	6
489,	5
490,	11
491,	5
492,	5
493,	0
494,	3
495,	6
496,	0
497,	8
498,	4
499,	7
500,	5
501,	7
502,	3
503,	9
504,	2
505,	9
506,	1
507,	7
508,	1
509,	7
510,	0
511,	13
512,	0
513,	8
514,	12
515,	5
516,	9
517,	6
518,	4
519,	6
520,	1
521,	12
522,	6
523,	13
524,	0
525,	13
526,	10
527,	0
528,	10
529,	9
530,	5
531,	3
532,	8
533,	9
534,	4
535,	0
536,	0
537,	5
538,	7
539,	1
540,	7
541,	6
542,	4
543,	14
544,	7
545,	0
546,	0
547,	12
548,	3
549,	2
550,	8
551,	2
552,	11
553,	1
554,	11
555,	5
556,	1
557,	0
558,	4
559,	4
560,	9
561,	8
562,	4
563,	10
564,	3
565,	11
566,	8
567,	9
568,	6
569,	6
570,	2
571,	16
572,	7
573,	2
574,	2
575,	4
576,	6
577,	9
578,	8
579,	9
580,	7
581,	3
582,	7
583,	12
584,	3
585,	0
586,	6
587,	8
588,	7
589,	3
590,	12
591,	3
592,	7
593,	1
594,	3
595,	2
596,	1
597,	10
598,	16
599,	12
600,	3
601,	8
602,	11
603,	16
604,	15
605,	6
606,	0
607,	6
608,	12
609,	9
610,	0
611,	1
612,	4
613,	1
614,	14
615,	0
616,	0
617,	11
618,	13
619,	7
620,	2
621,	10
622,	12
623,	7
624,	3
625,	16
626,	1
627,	3
628,	1
629,	11
630,	9
631,	5
632,	8
633,	0
634,	5
635,	7
636,	0
637,	8
638,	7
639,	10
640,	1
641,	7
642,	4
643,	4
644,	14
645,	3
646,	5
647,	2
648,	0
649,	16
650,	0
651,	10
652,	10
653,	12
654,	9
655,	15
656,	4
657,	15
658,	5
659,	16
660,	11
661,	7
662,	11
663,	10
664,	3
665,	1
666,	9
667,	1
668,	10
669,	0
670,	0
671,	7
672,	8
673,	10
674,	7
675,	15
676,	0
677,	11
678,	6
679,	8
680,	0
681,	2
682,	8
683,	9
684,	8
685,	4
686,	4
687,	3
688,	7
689,	1
690,	4
691,	4
692,	13
693,	0
694,	13
695,	8
696,	13
697,	10
698,	11
699,	0
700,	3
701,	9
702,	11
703,	1
704,	1
705,	2
706,	5
707,	1
708,	4
709,	10
710,	7
711,	2
712,	14
713,	11
714,	0
715,	3
716,	11
717,	1
718,	11
719,	6
720,	0
721,	17
722,	10
723,	11
724,	1
725,	8
726,	0
727,	6
728,	4
729,	9
730,	13
731,	0
732,	6
733,	13
734,	6
735,	4
736,	2
737,	3
738,	6
739,	6
740,	3
741,	3
742,	15
743,	6
744,	11
745,	4
746,	3
747,	4
748,	12
749,	15
750,	13
751,	2
752,	5
753,	10
754,	7
755,	10
756,	8
757,	6
758,	9
759,	1
760,	5
761,	13
762,	12
763,	5
764,	1
765,	17
766,	9
767,	2
768,	2
769,	7
770,	4
771,	6
772,	6
773,	0
774,	6
775,	5
776,	12
777,	0
778,	3
779,	1
780,	0
781,	2
782,	14
783,	3
784,	5
785,	5
786,	11
787,	6
788,	3
789,	0
790,	8
791,	13
792,	3
793,	9
794,	6
795,	9
796,	7
797,	1
798,	15
799,	11
800,	10
801,	2
802,	11
803,	3
804,	10
805,	2
806,	6
807,	8
808,	1
809,	6
810,	16
811,	2
812,	3
813,	5
814,	6
815,	0
816,	10
817,	6
818,	11
819,	8
820,	4
821,	8
822,	0
823,	3
824,	5
825,	5
826,	1
827,	0
828,	1
829,	2
830,	1
831,	17
832,	9
833,	11
834,	3
835,	10
836,	1
837,	6
838,	6
839,	1
840,	7
841,	1
842,	0
843,	0
844,	11
845,	6
846,	6
847,	0
848,	7
849,	13
850,	9
851,	6
852,	10
853,	1
854,	5
855,	5
856,	0
857,	8
858,	2
859,	7
860,	3
861,	3
862,	6
863,	10
864,	7
865,	8
866,	2
867,	8
868,	0
869,	11
870,	4
871,	13
872,	0
873,	6
874,	9
875,	1
876,	2
877,	4
878,	10
879,	1
880,	3
881,	9
882,	4
883,	14
884,	12
885,	1
886,	3
887,	1
888,	0
889,	0
890,	5
891,	8
892,	4
893,	2
894,	1
895,	3
896,	0
897,	5
898,	10
899,	10
900,	10
901,	15
902,	8
903,	2
904,	6
905,	6
906,	10
907,	0
908,	5
909,	5
910,	5
911,	1
912,	9
913,	8
914,	11
915,	0
916,	12
917,	0
918,	3
919,	11
920,	2
921,	9
922,	2
923,	12
924,	7
925,	11
926,	3
927,	8
928,	5
929,	3
930,	8
931,	11
932,	7
933,	3
934,	0
935,	1
936,	5
937,	5
938,	14
939,	15
940,	1
941,	2
942,	7
943,	6
944,	10
945,	8
946,	8
947,	7
948,	12
949,	3
950,	16
951,	1
952,	8
953,	5
954,	6
955,	2
956,	5
957,	9
958,	11
959,	8
960,	0
961,	5
962,	5
963,	1
964,	11
965,	6
966,	5
967,	2
968,	6
969,	0
970,	12
971,	3
972,	5
973,	3
974,	3
975,	11
976,	1
977,	9
978,	11
979,	0
980,	6
981,	0
982,	2
983,	10
984,	6
985,	1
986,	3
987,	4
988,	12
989,	0
990,	9
991,	14
992,	17
993,	12
994,	3
995,	10
996,	7
997,	2
998,	8
999,	5
