Instance: /home/gabriel/Documents/ufrgs/courses/oc/trab/instances/cmb01
Vertices: 500
Colors: 12
NumIterations: 1
Alpha: 0.500000
Is Factible?: false
Conflicts: 6
Solution Value: 151787.546875
Vertex,	Color
0,	4
1,	1
2,	2
3,	2
4,	6
5,	6
6,	0
7,	6
8,	3
9,	2
10,	0
11,	2
12,	1
13,	6
14,	5
15,	7
16,	2
17,	2
18,	6
19,	5
20,	5
21,	3
22,	7
23,	2
24,	3
25,	4
26,	3
27,	3
28,	3
29,	1
30,	0
31,	1
32,	4
33,	2
34,	3
35,	1
36,	6
37,	3
38,	2
39,	9
40,	0
41,	9
42,	0
43,	4
44,	2
45,	1
46,	2
47,	2
48,	8
49,	4
50,	2
51,	0
52,	5
53,	0
54,	2
55,	6
56,	0
57,	0
58,	2
59,	3
60,	4
61,	3
62,	5
63,	2
64,	1
65,	5
66,	5
67,	0
68,	6
69,	7
70,	6
71,	1
72,	7
73,	1
74,	2
75,	1
76,	9
77,	3
78,	4
79,	11
80,	6
81,	1
82,	3
83,	1
84,	5
85,	1
86,	1
87,	4
88,	5
89,	8
90,	6
91,	1
92,	0
93,	2
94,	9
95,	0
96,	2
97,	4
98,	8
99,	5
100,	6
101,	6
102,	1
103,	11
104,	1
105,	4
106,	5
107,	6
108,	2
109,	4
110,	2
111,	2
112,	2
113,	8
114,	5
115,	6
116,	2
117,	4
118,	0
119,	3
120,	1
121,	5
122,	0
123,	3
124,	3
125,	7
126,	8
127,	6
128,	1
129,	1
130,	1
131,	0
132,	1
133,	5
134,	4
135,	1
136,	5
137,	8
138,	4
139,	1
140,	0
141,	1
142,	0
143,	5
144,	4
145,	7
146,	3
147,	4
148,	3
149,	0
150,	4
151,	7
152,	6
153,	0
154,	2
155,	0
156,	3
157,	9
158,	0
159,	2
160,	5
161,	3
162,	10
163,	7
164,	5
165,	1
166,	3
167,	3
168,	0
169,	1
170,	7
171,	0
172,	3
173,	1
174,	2
175,	8
176,	4
177,	1
178,	3
179,	2
180,	4
181,	2
182,	7
183,	0
184,	7
185,	4
186,	0
187,	0
188,	2
189,	8
190,	5
191,	2
192,	1
193,	2
194,	6
195,	2
196,	2
197,	2
198,	6
199,	2
200,	0
201,	2
202,	5
203,	0
204,	3
205,	1
206,	0
207,	3
208,	1
209,	1
210,	0
211,	1
212,	7
213,	0
214,	9
215,	0
216,	0
217,	6
218,	3
219,	3
220,	0
221,	1
222,	0
223,	1
224,	0
225,	1
226,	7
227,	10
228,	0
229,	4
230,	4
231,	1
232,	3
233,	3
234,	0
235,	10
236,	1
237,	11
238,	1
239,	6
240,	1
241,	9
242,	6
243,	0
244,	0
245,	1
246,	1
247,	1
248,	4
249,	2
250,	1
251,	5
252,	0
253,	2
254,	4
255,	7
256,	2
257,	5
258,	7
259,	2
260,	4
261,	1
262,	2
263,	2
264,	7
265,	0
266,	0
267,	4
268,	3
269,	2
270,	4
271,	3
272,	0
273,	11
274,	2
275,	3
276,	5
277,	3
278,	5
279,	0
280,	1
281,	0
282,	2
283,	3
284,	3
285,	1
286,	3
287,	8
288,	1
289,	0
290,	1
291,	2
292,	4
293,	6
294,	9
295,	0
296,	3
297,	7
298,	1
299,	1
300,	1
301,	4
302,	3
303,	1
304,	0
305,	3
306,	2
307,	5
308,	1
309,	4
310,	7
311,	5
312,	4
313,	3
314,	6
315,	7
316,	4
317,	3
318,	2
319,	2
320,	2
321,	6
322,	3
323,	8
324,	8
325,	5
326,	2
327,	3
328,	7
329,	6
330,	1
331,	4
332,	3
333,	7
334,	5
335,	5
336,	6
337,	6
338,	5
339,	4
340,	7
341,	11
342,	3
343,	4
344,	2
345,	2
346,	6
347,	7
348,	5
349,	3
350,	4
351,	5
352,	9
353,	7
354,	6
355,	3
356,	9
357,	7
358,	8
359,	5
360,	0
361,	3
362,	2
363,	5
364,	8
365,	10
366,	3
367,	6
368,	4
369,	5
370,	8
371,	3
372,	4
373,	4
374,	4
375,	4
376,	6
377,	3
378,	4
379,	3
380,	5
381,	0
382,	1
383,	2
384,	2
385,	4
386,	5
387,	8
388,	9
389,	7
390,	5
391,	0
392,	3
393,	8
394,	6
395,	0
396,	9
397,	7
398,	4
399,	9
400,	7
401,	7
402,	1
403,	6
404,	6
405,	11
406,	5
407,	3
408,	0
409,	7
410,	8
411,	3
412,	1
413,	5
414,	10
415,	10
416,	2
417,	5
418,	11
419,	4
420,	8
421,	7
422,	4
423,	9
424,	8
425,	5
426,	10
427,	8
428,	6
429,	7
430,	7
431,	7
432,	4
433,	6
434,	5
435,	7
436,	5
437,	5
438,	6
439,	6
440,	5
441,	9
442,	0
443,	0
444,	3
445,	2
446,	9
447,	2
448,	6
449,	9
450,	10
451,	8
452,	6
453,	4
454,	3
455,	7
456,	8
457,	0
458,	7
459,	0
460,	10
461,	3
462,	8
463,	6
464,	7
465,	6
466,	5
467,	5
468,	10
469,	6
470,	8
471,	9
472,	8
473,	0
474,	8
475,	10
476,	6
477,	0
478,	9
479,	11
480,	5
481,	2
482,	11
483,	4
484,	9
485,	9
486,	8
487,	10
488,	6
489,	5
490,	4
491,	9
492,	11
493,	4
494,	11
495,	6
496,	10
497,	4
498,	7
499,	10
