Instance: /home/gabriel/Documents/ufrgs/courses/oc/trab/instances/cmb03
Vertices: 1000
Colors: 18
NumIterations: 1
Alpha: 1.000000
Is Factible?: false
Conflicts: 15
Solution Value: 216460.593750
Vertex,	Color
0,	6
1,	4
2,	10
3,	4
4,	7
5,	0
6,	6
7,	6
8,	5
9,	14
10,	7
11,	3
12,	9
13,	10
14,	5
15,	1
16,	11
17,	4
18,	11
19,	14
20,	3
21,	4
22,	1
23,	8
24,	13
25,	11
26,	0
27,	7
28,	1
29,	9
30,	1
31,	3
32,	4
33,	8
34,	7
35,	3
36,	11
37,	0
38,	6
39,	0
40,	2
41,	10
42,	2
43,	10
44,	8
45,	6
46,	8
47,	6
48,	0
49,	1
50,	9
51,	3
52,	0
53,	5
54,	14
55,	1
56,	5
57,	11
58,	0
59,	10
60,	1
61,	1
62,	5
63,	1
64,	2
65,	3
66,	6
67,	0
68,	4
69,	7
70,	6
71,	9
72,	12
73,	11
74,	4
75,	12
76,	4
77,	13
78,	2
79,	1
80,	9
81,	2
82,	5
83,	0
84,	4
85,	4
86,	14
87,	8
88,	5
89,	15
90,	5
91,	15
92,	10
93,	7
94,	0
95,	4
96,	0
97,	7
98,	8
99,	0
100,	12
101,	5
102,	7
103,	11
104,	6
105,	0
106,	8
107,	0
108,	16
109,	5
110,	12
111,	4
112,	2
113,	6
114,	5
115,	7
116,	5
117,	5
118,	3
119,	7
120,	8
121,	6
122,	3
123,	4
124,	7
125,	0
126,	2
127,	2
128,	0
129,	9
130,	8
131,	7
132,	10
133,	1
134,	12
135,	12
136,	2
137,	8
138,	14
139,	6
140,	9
141,	3
142,	1
143,	4
144,	3
145,	8
146,	1
147,	11
148,	6
149,	13
150,	13
151,	0
152,	7
153,	2
154,	8
155,	5
156,	14
157,	10
158,	1
159,	1
160,	10
161,	6
162,	10
163,	0
164,	14
165,	6
166,	1
167,	11
168,	5
169,	12
170,	16
171,	0
172,	8
173,	3
174,	4
175,	7
176,	8
177,	16
178,	1
179,	6
180,	14
181,	7
182,	10
183,	6
184,	3
185,	4
186,	0
187,	1
188,	11
189,	0
190,	10
191,	12
192,	9
193,	2
194,	14
195,	4
196,	16
197,	12
198,	10
199,	6
200,	0
201,	10
202,	8
203,	13
204,	5
205,	2
206,	3
207,	6
208,	2
209,	10
210,	3
211,	7
212,	12
213,	1
214,	12
215,	4
216,	1
217,	3
218,	11
219,	0
220,	3
221,	1
222,	14
223,	8
224,	2
225,	9
226,	2
227,	1
228,	5
229,	7
230,	4
231,	3
232,	9
233,	4
234,	0
235,	4
236,	5
237,	0
238,	5
239,	6
240,	10
241,	3
242,	6
243,	6
244,	10
245,	2
246,	9
247,	8
248,	2
249,	13
250,	10
251,	12
252,	8
253,	12
254,	8
255,	10
256,	5
257,	0
258,	10
259,	5
260,	1
261,	9
262,	10
263,	2
264,	2
265,	10
266,	2
267,	11
268,	13
269,	9
270,	1
271,	8
272,	3
273,	6
274,	12
275,	9
276,	3
277,	5
278,	5
279,	0
280,	7
281,	3
282,	9
283,	15
284,	0
285,	8
286,	7
287,	8
288,	9
289,	5
290,	4
291,	0
292,	13
293,	6
294,	5
295,	4
296,	6
297,	5
298,	7
299,	0
300,	10
301,	2
302,	2
303,	7
304,	5
305,	5
306,	15
307,	10
308,	7
309,	3
310,	0
311,	2
312,	1
313,	13
314,	7
315,	3
316,	13
317,	16
318,	16
319,	5
320,	4
321,	8
322,	12
323,	2
324,	0
325,	5
326,	11
327,	9
328,	0
329,	5
330,	12
331,	3
332,	0
333,	4
334,	6
335,	9
336,	3
337,	1
338,	1
339,	1
340,	10
341,	6
342,	5
343,	7
344,	1
345,	11
346,	4
347,	5
348,	2
349,	3
350,	3
351,	14
352,	9
353,	0
354,	9
355,	0
356,	4
357,	13
358,	4
359,	3
360,	12
361,	9
362,	9
363,	11
364,	6
365,	10
366,	12
367,	8
368,	7
369,	13
370,	1
371,	3
372,	0
373,	13
374,	16
375,	6
376,	8
377,	7
378,	10
379,	1
380,	3
381,	1
382,	15
383,	10
384,	6
385,	10
386,	9
387,	11
388,	8
389,	13
390,	8
391,	11
392,	2
393,	5
394,	0
395,	5
396,	1
397,	2
398,	2
399,	0
400,	2
401,	3
402,	10
403,	1
404,	5
405,	11
406,	1
407,	9
408,	4
409,	7
410,	16
411,	14
412,	10
413,	4
414,	11
415,	14
416,	9
417,	13
418,	7
419,	9
420,	10
421,	4
422,	2
423,	7
424,	5
425,	4
426,	12
427,	6
428,	6
429,	0
430,	1
431,	3
432,	6
433,	8
434,	7
435,	9
436,	13
437,	5
438,	4
439,	2
440,	7
441,	4
442,	0
443,	1
444,	11
445,	13
446,	10
447,	6
448,	5
449,	5
450,	8
451,	0
452,	8
453,	6
454,	4
455,	3
456,	2
457,	7
458,	11
459,	0
460,	2
461,	10
462,	15
463,	5
464,	9
465,	4
466,	0
467,	7
468,	11
469,	1
470,	10
471,	8
472,	14
473,	6
474,	8
475,	1
476,	1
477,	1
478,	4
479,	7
480,	9
481,	0
482,	13
483,	7
484,	11
485,	11
486,	5
487,	12
488,	3
489,	0
490,	6
491,	3
492,	6
493,	14
494,	0
495,	4
496,	5
497,	5
498,	2
499,	15
500,	15
501,	7
502,	6
503,	8
504,	16
505,	0
506,	0
507,	17
508,	10
509,	5
510,	13
511,	15
512,	12
513,	6
514,	8
515,	9
516,	11
517,	11
518,	16
519,	7
520,	2
521,	8
522,	9
523,	12
524,	6
525,	1
526,	5
527,	5
528,	11
529,	3
530,	3
531,	10
532,	10
533,	8
534,	2
535,	1
536,	2
537,	3
538,	7
539,	0
540,	0
541,	8
542,	4
543,	6
544,	0
545,	5
546,	3
547,	9
548,	4
549,	3
550,	8
551,	1
552,	4
553,	0
554,	8
555,	6
556,	11
557,	8
558,	5
559,	0
560,	15
561,	3
562,	14
563,	0
564,	5
565,	12
566,	1
567,	13
568,	10
569,	11
570,	6
571,	0
572,	13
573,	6
574,	0
575,	0
576,	0
577,	12
578,	6
579,	3
580,	6
581,	4
582,	5
583,	6
584,	8
585,	0
586,	7
587,	0
588,	13
589,	2
590,	0
591,	9
592,	8
593,	0
594,	4
595,	1
596,	7
597,	10
598,	11
599,	6
600,	1
601,	6
602,	4
603,	5
604,	14
605,	6
606,	4
607,	8
608,	3
609,	2
610,	4
611,	14
612,	4
613,	2
614,	6
615,	9
616,	6
617,	10
618,	12
619,	6
620,	15
621,	5
622,	7
623,	8
624,	0
625,	17
626,	2
627,	0
628,	6
629,	9
630,	8
631,	1
632,	3
633,	4
634,	9
635,	6
636,	3
637,	3
638,	4
639,	1
640,	2
641,	14
642,	8
643,	9
644,	6
645,	5
646,	4
647,	9
648,	9
649,	8
650,	1
651,	14
652,	16
653,	11
654,	3
655,	17
656,	15
657,	9
658,	9
659,	12
660,	3
661,	2
662,	2
663,	2
664,	4
665,	0
666,	2
667,	2
668,	6
669,	2
670,	2
671,	3
672,	3
673,	6
674,	0
675,	13
676,	13
677,	16
678,	0
679,	1
680,	8
681,	1
682,	14
683,	5
684,	10
685,	2
686,	5
687,	7
688,	7
689,	12
690,	2
691,	8
692,	4
693,	1
694,	4
695,	14
696,	7
697,	4
698,	1
699,	8
700,	6
701,	9
702,	1
703,	9
704,	17
705,	14
706,	1
707,	0
708,	8
709,	6
710,	10
711,	8
712,	0
713,	4
714,	2
715,	1
716,	3
717,	2
718,	5
719,	6
720,	4
721,	0
722,	8
723,	4
724,	2
725,	3
726,	4
727,	3
728,	3
729,	1
730,	7
731,	2
732,	3
733,	4
734,	4
735,	1
736,	12
737,	0
738,	9
739,	1
740,	3
741,	3
742,	0
743,	3
744,	13
745,	3
746,	3
747,	0
748,	15
749,	3
750,	13
751,	3
752,	2
753,	15
754,	10
755,	4
756,	11
757,	2
758,	2
759,	4
760,	4
761,	8
762,	15
763,	12
764,	6
765,	3
766,	7
767,	4
768,	9
769,	9
770,	3
771,	2
772,	9
773,	2
774,	2
775,	3
776,	1
777,	1
778,	7
779,	12
780,	13
781,	5
782,	2
783,	1
784,	1
785,	5
786,	10
787,	3
788,	5
789,	2
790,	14
791,	3
792,	3
793,	13
794,	1
795,	5
796,	1
797,	6
798,	9
799,	4
800,	0
801,	6
802,	2
803,	3
804,	7
805,	5
806,	11
807,	9
808,	14
809,	3
810,	5
811,	0
812,	3
813,	2
814,	0
815,	4
816,	9
817,	3
818,	2
819,	12
820,	4
821,	2
822,	8
823,	5
824,	0
825,	10
826,	0
827,	12
828,	0
829,	11
830,	7
831,	15
832,	3
833,	6
834,	8
835,	10
836,	6
837,	15
838,	3
839,	7
840,	9
841,	9
842,	1
843,	4
844,	3
845,	8
846,	1
847,	10
848,	8
849,	4
850,	7
851,	7
852,	1
853,	10
854,	8
855,	2
856,	0
857,	3
858,	1
859,	2
860,	9
861,	9
862,	7
863,	13
864,	11
865,	4
866,	5
867,	0
868,	1
869,	10
870,	7
871,	5
872,	13
873,	11
874,	2
875,	5
876,	3
877,	8
878,	5
879,	3
880,	5
881,	10
882,	3
883,	9
884,	1
885,	0
886,	8
887,	1
888,	3
889,	0
890,	7
891,	5
892,	13
893,	8
894,	8
895,	7
896,	2
897,	6
898,	16
899,	7
900,	12
901,	5
902,	6
903,	6
904,	0
905,	7
906,	7
907,	17
908,	0
909,	4
910,	9
911,	4
912,	3
913,	8
914,	8
915,	7
916,	1
917,	12
918,	1
919,	0
920,	3
921,	10
922,	5
923,	1
924,	2
925,	1
926,	7
927,	11
928,	1
929,	2
930,	7
931,	7
932,	8
933,	9
934,	1
935,	9
936,	7
937,	0
938,	13
939,	5
940,	1
941,	13
942,	2
943,	1
944,	11
945,	5
946,	9
947,	11
948,	4
949,	1
950,	7
951,	9
952,	9
953,	10
954,	11
955,	2
956,	2
957,	2
958,	13
959,	10
960,	12
961,	1
962,	11
963,	7
964,	4
965,	4
966,	5
967,	6
968,	4
969,	6
970,	4
971,	17
972,	11
973,	0
974,	11
975,	8
976,	9
977,	6
978,	1
979,	4
980,	7
981,	12
982,	14
983,	10
984,	2
985,	2
986,	4
987,	4
988,	11
989,	7
990,	4
991,	10
992,	14
993,	5
994,	2
995,	2
996,	8
997,	2
998,	7
999,	6
