Instance: /home/gabriel/Documents/ufrgs/courses/oc/trab/instances/cmb03
Vertices: 1000
Colors: 18
NumIterations: 1
Alpha: 0.500000
Is Factible?: false
Conflicts: 21
Solution Value: 228492.875000
Vertex,	Color
0,	4
1,	4
2,	9
3,	3
4,	0
5,	1
6,	0
7,	3
8,	4
9,	8
10,	5
11,	0
12,	4
13,	2
14,	4
15,	4
16,	4
17,	11
18,	0
19,	0
20,	4
21,	7
22,	3
23,	6
24,	8
25,	3
26,	0
27,	1
28,	6
29,	2
30,	4
31,	2
32,	1
33,	10
34,	8
35,	7
36,	11
37,	0
38,	11
39,	0
40,	5
41,	10
42,	4
43,	0
44,	3
45,	5
46,	8
47,	7
48,	11
49,	0
50,	0
51,	0
52,	6
53,	6
54,	1
55,	5
56,	1
57,	5
58,	10
59,	0
60,	1
61,	0
62,	8
63,	0
64,	4
65,	9
66,	4
67,	1
68,	0
69,	8
70,	0
71,	0
72,	5
73,	0
74,	3
75,	9
76,	1
77,	2
78,	2
79,	2
80,	5
81,	12
82,	1
83,	2
84,	0
85,	3
86,	5
87,	0
88,	8
89,	4
90,	2
91,	3
92,	0
93,	2
94,	6
95,	2
96,	11
97,	2
98,	11
99,	1
100,	9
101,	5
102,	2
103,	6
104,	9
105,	7
106,	2
107,	1
108,	11
109,	8
110,	13
111,	4
112,	7
113,	7
114,	0
115,	2
116,	1
117,	5
118,	5
119,	2
120,	2
121,	1
122,	5
123,	0
124,	0
125,	0
126,	4
127,	3
128,	2
129,	1
130,	6
131,	4
132,	7
133,	8
134,	5
135,	2
136,	2
137,	9
138,	11
139,	3
140,	2
141,	3
142,	6
143,	0
144,	1
145,	0
146,	0
147,	3
148,	2
149,	2
150,	8
151,	5
152,	4
153,	3
154,	6
155,	7
156,	0
157,	5
158,	1
159,	0
160,	0
161,	1
162,	4
163,	4
164,	12
165,	4
166,	3
167,	2
168,	3
169,	5
170,	11
171,	0
172,	1
173,	7
174,	0
175,	2
176,	3
177,	12
178,	0
179,	10
180,	14
181,	3
182,	10
183,	0
184,	5
185,	2
186,	4
187,	4
188,	1
189,	9
190,	0
191,	4
192,	9
193,	2
194,	2
195,	3
196,	0
197,	11
198,	14
199,	1
200,	4
201,	0
202,	1
203,	3
204,	2
205,	5
206,	13
207,	0
208,	7
209,	6
210,	3
211,	7
212,	8
213,	5
214,	14
215,	7
216,	5
217,	3
218,	3
219,	5
220,	6
221,	3
222,	9
223,	1
224,	5
225,	0
226,	2
227,	12
228,	1
229,	8
230,	9
231,	1
232,	1
233,	2
234,	5
235,	2
236,	5
237,	9
238,	1
239,	1
240,	3
241,	9
242,	4
243,	10
244,	10
245,	2
246,	1
247,	10
248,	0
249,	3
250,	0
251,	5
252,	4
253,	3
254,	8
255,	2
256,	7
257,	2
258,	4
259,	4
260,	3
261,	3
262,	15
263,	6
264,	10
265,	9
266,	1
267,	13
268,	2
269,	5
270,	1
271,	1
272,	2
273,	5
274,	7
275,	4
276,	2
277,	3
278,	3
279,	4
280,	4
281,	9
282,	7
283,	7
284,	5
285,	6
286,	1
287,	8
288,	3
289,	1
290,	1
291,	3
292,	1
293,	4
294,	12
295,	3
296,	7
297,	2
298,	0
299,	2
300,	9
301,	0
302,	9
303,	1
304,	7
305,	14
306,	8
307,	4
308,	2
309,	1
310,	4
311,	1
312,	4
313,	5
314,	0
315,	1
316,	8
317,	3
318,	12
319,	1
320,	2
321,	5
322,	0
323,	4
324,	10
325,	0
326,	1
327,	5
328,	4
329,	1
330,	3
331,	1
332,	0
333,	5
334,	3
335,	7
336,	3
337,	2
338,	1
339,	1
340,	1
341,	11
342,	0
343,	8
344,	3
345,	10
346,	1
347,	2
348,	0
349,	0
350,	2
351,	2
352,	5
353,	2
354,	6
355,	1
356,	6
357,	1
358,	11
359,	3
360,	3
361,	6
362,	1
363,	2
364,	6
365,	2
366,	5
367,	0
368,	10
369,	10
370,	5
371,	2
372,	6
373,	6
374,	12
375,	3
376,	8
377,	1
378,	7
379,	6
380,	7
381,	10
382,	14
383,	6
384,	1
385,	3
386,	12
387,	7
388,	1
389,	2
390,	2
391,	3
392,	0
393,	1
394,	5
395,	0
396,	7
397,	5
398,	3
399,	7
400,	4
401,	6
402,	10
403,	6
404,	0
405,	1
406,	2
407,	6
408,	6
409,	5
410,	0
411,	0
412,	6
413,	7
414,	1
415,	13
416,	0
417,	0
418,	4
419,	3
420,	2
421,	3
422,	1
423,	4
424,	0
425,	5
426,	6
427,	4
428,	0
429,	2
430,	2
431,	1
432,	1
433,	3
434,	3
435,	3
436,	4
437,	1
438,	7
439,	2
440,	0
441,	7
442,	4
443,	3
444,	3
445,	3
446,	4
447,	4
448,	4
449,	0
450,	8
451,	0
452,	2
453,	6
454,	7
455,	8
456,	0
457,	1
458,	7
459,	0
460,	9
461,	6
462,	4
463,	0
464,	3
465,	4
466,	2
467,	0
468,	5
469,	0
470,	3
471,	8
472,	1
473,	0
474,	1
475,	7
476,	4
477,	1
478,	0
479,	5
480,	6
481,	2
482,	5
483,	4
484,	5
485,	5
486,	2
487,	8
488,	3
489,	0
490,	2
491,	2
492,	1
493,	7
494,	4
495,	2
496,	0
497,	4
498,	0
499,	13
500,	6
501,	3
502,	5
503,	13
504,	12
505,	2
506,	5
507,	5
508,	4
509,	5
510,	2
511,	9
512,	8
513,	4
514,	2
515,	2
516,	6
517,	3
518,	3
519,	4
520,	1
521,	7
522,	0
523,	3
524,	4
525,	3
526,	8
527,	6
528,	5
529,	0
530,	8
531,	1
532,	13
533,	3
534,	1
535,	6
536,	7
537,	4
538,	2
539,	1
540,	8
541,	2
542,	4
543,	6
544,	6
545,	8
546,	5
547,	4
548,	10
549,	1
550,	6
551,	10
552,	3
553,	5
554,	8
555,	6
556,	7
557,	12
558,	1
559,	3
560,	8
561,	5
562,	4
563,	8
564,	8
565,	5
566,	8
567,	1
568,	6
569,	3
570,	2
571,	15
572,	3
573,	1
574,	12
575,	0
576,	3
577,	7
578,	9
579,	4
580,	11
581,	5
582,	10
583,	5
584,	14
585,	0
586,	6
587,	5
588,	10
589,	0
590,	4
591,	9
592,	9
593,	1
594,	3
595,	1
596,	4
597,	9
598,	9
599,	8
600,	3
601,	6
602,	6
603,	11
604,	10
605,	0
606,	4
607,	7
608,	11
609,	4
610,	0
611,	3
612,	4
613,	4
614,	7
615,	2
616,	1
617,	7
618,	3
619,	4
620,	5
621,	8
622,	10
623,	2
624,	2
625,	7
626,	5
627,	7
628,	2
629,	6
630,	9
631,	8
632,	8
633,	7
634,	3
635,	5
636,	1
637,	6
638,	4
639,	13
640,	9
641,	13
642,	2
643,	12
644,	8
645,	4
646,	7
647,	6
648,	6
649,	13
650,	6
651,	11
652,	7
653,	6
654,	8
655,	9
656,	7
657,	8
658,	13
659,	6
660,	2
661,	5
662,	10
663,	6
664,	13
665,	7
666,	10
667,	10
668,	7
669,	5
670,	10
671,	6
672,	11
673,	9
674,	5
675,	9
676,	3
677,	6
678,	3
679,	12
680,	10
681,	10
682,	16
683,	10
684,	5
685,	9
686,	5
687,	5
688,	9
689,	11
690,	6
691,	7
692,	8
693,	6
694,	10
695,	7
696,	9
697,	9
698,	10
699,	5
700,	8
701,	8
702,	7
703,	12
704,	7
705,	9
706,	11
707,	4
708,	5
709,	0
710,	13
711,	7
712,	0
713,	8
714,	4
715,	10
716,	8
717,	3
718,	6
719,	4
720,	3
721,	6
722,	12
723,	7
724,	3
725,	12
726,	10
727,	2
728,	12
729,	7
730,	6
731,	4
732,	7
733,	9
734,	3
735,	7
736,	10
737,	9
738,	8
739,	9
740,	6
741,	14
742,	10
743,	11
744,	11
745,	13
746,	10
747,	11
748,	13
749,	10
750,	5
751,	1
752,	11
753,	6
754,	13
755,	10
756,	8
757,	7
758,	10
759,	8
760,	6
761,	8
762,	9
763,	7
764,	9
765,	14
766,	14
767,	3
768,	6
769,	12
770,	2
771,	8
772,	7
773,	12
774,	5
775,	7
776,	11
777,	7
778,	3
779,	7
780,	5
781,	3
782,	11
783,	8
784,	8
785,	14
786,	13
787,	8
788,	13
789,	9
790,	9
791,	11
792,	8
793,	10
794,	2
795,	9
796,	9
797,	4
798,	9
799,	11
800,	9
801,	10
802,	11
803,	13
804,	12
805,	8
806,	6
807,	8
808,	7
809,	3
810,	13
811,	10
812,	7
813,	5
814,	12
815,	16
816,	9
817,	6
818,	14
819,	8
820,	8
821,	13
822,	9
823,	0
824,	11
825,	13
826,	9
827,	10
828,	2
829,	12
830,	11
831,	14
832,	10
833,	7
834,	9
835,	15
836,	12
837,	12
838,	8
839,	8
840,	5
841,	1
842,	10
843,	7
844,	5
845,	5
846,	14
847,	7
848,	11
849,	0
850,	13
851,	13
852,	10
853,	9
854,	11
855,	9
856,	0
857,	11
858,	12
859,	11
860,	10
861,	9
862,	0
863,	12
864,	10
865,	12
866,	12
867,	11
868,	11
869,	10
870,	6
871,	11
872,	12
873,	11
874,	9
875,	1
876,	11
877,	9
878,	8
879,	2
880,	11
881,	16
882,	2
883,	15
884,	6
885,	6
886,	12
887,	7
888,	7
889,	17
890,	3
891,	14
892,	15
893,	7
894,	3
895,	8
896,	3
897,	14
898,	15
899,	9
900,	11
901,	15
902,	9
903,	6
904,	8
905,	16
906,	16
907,	14
908,	7
909,	13
910,	12
911,	6
912,	13
913,	8
914,	13
915,	12
916,	14
917,	13
918,	6
919,	8
920,	12
921,	12
922,	6
923,	13
924,	10
925,	15
926,	5
927,	10
928,	6
929,	5
930,	12
931,	4
932,	13
933,	3
934,	8
935,	0
936,	12
937,	10
938,	11
939,	11
940,	1
941,	15
942,	14
943,	15
944,	16
945,	9
946,	11
947,	12
948,	14
949,	14
950,	15
951,	12
952,	12
953,	10
954,	16
955,	14
956,	8
957,	17
958,	12
959,	5
960,	0
961,	15
962,	17
963,	10
964,	0
965,	7
966,	9
967,	10
968,	12
969,	9
970,	13
971,	0
972,	12
973,	9
974,	14
975,	11
976,	13
977,	9
978,	17
979,	14
980,	6
981,	12
982,	14
983,	15
984,	10
985,	13
986,	15
987,	13
988,	16
989,	16
990,	15
991,	10
992,	15
993,	5
994,	5
995,	17
996,	8
997,	10
998,	16
999,	10
