Instance: /home/gabriel/Documents/ufrgs/courses/oc/trab/instances/cmb03
Vertices: 1000
Colors: 18
NumIterations: 1
Alpha: 1.000000
Is Factible?: false
Conflicts: 9745
Solution Value: 231696.109375
Vertex,	Color
0,	1
1,	4
2,	0
3,	0
4,	0
5,	0
6,	4
7,	6
8,	6
9,	0
10,	1
11,	0
12,	0
13,	1
14,	6
15,	0
16,	0
17,	1
18,	6
19,	0
20,	0
21,	6
22,	1
23,	0
24,	0
25,	0
26,	0
27,	0
28,	0
29,	0
30,	1
31,	0
32,	0
33,	0
34,	0
35,	0
36,	6
37,	0
38,	0
39,	0
40,	0
41,	1
42,	0
43,	1
44,	0
45,	6
46,	0
47,	0
48,	0
49,	1
50,	5
51,	5
52,	1
53,	0
54,	2
55,	1
56,	6
57,	0
58,	0
59,	0
60,	0
61,	1
62,	0
63,	0
64,	0
65,	0
66,	0
67,	1
68,	0
69,	0
70,	0
71,	6
72,	5
73,	0
74,	5
75,	0
76,	0
77,	1
78,	1
79,	5
80,	0
81,	1
82,	0
83,	0
84,	1
85,	0
86,	0
87,	0
88,	0
89,	0
90,	0
91,	0
92,	1
93,	1
94,	1
95,	1
96,	0
97,	0
98,	0
99,	2
100,	0
101,	4
102,	2
103,	0
104,	0
105,	6
106,	0
107,	1
108,	0
109,	0
110,	0
111,	0
112,	0
113,	0
114,	0
115,	0
116,	1
117,	0
118,	0
119,	5
120,	6
121,	1
122,	0
123,	0
124,	0
125,	0
126,	0
127,	0
128,	0
129,	0
130,	0
131,	0
132,	0
133,	6
134,	1
135,	6
136,	1
137,	1
138,	0
139,	0
140,	0
141,	2
142,	0
143,	0
144,	0
145,	1
146,	0
147,	0
148,	0
149,	0
150,	0
151,	0
152,	0
153,	0
154,	0
155,	0
156,	0
157,	1
158,	0
159,	0
160,	0
161,	1
162,	0
163,	0
164,	0
165,	0
166,	0
167,	0
168,	1
169,	0
170,	0
171,	5
172,	1
173,	0
174,	0
175,	0
176,	0
177,	0
178,	0
179,	1
180,	0
181,	0
182,	0
183,	0
184,	0
185,	0
186,	0
187,	1
188,	6
189,	1
190,	0
191,	0
192,	1
193,	1
194,	0
195,	1
196,	0
197,	0
198,	0
199,	5
200,	0
201,	0
202,	1
203,	0
204,	0
205,	1
206,	6
207,	1
208,	1
209,	4
210,	0
211,	0
212,	2
213,	0
214,	6
215,	6
216,	0
217,	2
218,	0
219,	0
220,	0
221,	1
222,	0
223,	6
224,	1
225,	0
226,	1
227,	0
228,	0
229,	6
230,	0
231,	1
232,	0
233,	6
234,	0
235,	2
236,	0
237,	0
238,	0
239,	0
240,	0
241,	0
242,	0
243,	0
244,	0
245,	0
246,	1
247,	0
248,	1
249,	6
250,	0
251,	0
252,	0
253,	0
254,	0
255,	0
256,	1
257,	0
258,	1
259,	0
260,	1
261,	6
262,	0
263,	0
264,	0
265,	0
266,	0
267,	0
268,	0
269,	0
270,	0
271,	6
272,	1
273,	0
274,	0
275,	1
276,	1
277,	0
278,	0
279,	0
280,	0
281,	1
282,	0
283,	0
284,	0
285,	0
286,	0
287,	0
288,	0
289,	0
290,	1
291,	0
292,	0
293,	0
294,	0
295,	0
296,	0
297,	0
298,	0
299,	1
300,	0
301,	0
302,	0
303,	2
304,	2
305,	0
306,	0
307,	1
308,	0
309,	0
310,	2
311,	0
312,	0
313,	1
314,	6
315,	0
316,	0
317,	0
318,	0
319,	5
320,	0
321,	0
322,	0
323,	0
324,	0
325,	2
326,	0
327,	0
328,	0
329,	5
330,	1
331,	1
332,	0
333,	1
334,	1
335,	1
336,	0
337,	0
338,	0
339,	0
340,	1
341,	0
342,	0
343,	0
344,	0
345,	0
346,	4
347,	0
348,	0
349,	1
350,	0
351,	1
352,	0
353,	0
354,	0
355,	0
356,	1
357,	0
358,	0
359,	2
360,	0
361,	2
362,	1
363,	0
364,	1
365,	2
366,	0
367,	0
368,	1
369,	0
370,	1
371,	0
372,	0
373,	1
374,	0
375,	1
376,	0
377,	0
378,	0
379,	0
380,	0
381,	0
382,	0
383,	6
384,	0
385,	5
386,	0
387,	1
388,	0
389,	1
390,	1
391,	0
392,	0
393,	1
394,	0
395,	0
396,	0
397,	1
398,	0
399,	0
400,	6
401,	0
402,	1
403,	0
404,	0
405,	0
406,	1
407,	0
408,	0
409,	6
410,	0
411,	0
412,	6
413,	0
414,	0
415,	1
416,	0
417,	2
418,	0
419,	0
420,	0
421,	0
422,	1
423,	1
424,	1
425,	6
426,	0
427,	0
428,	1
429,	0
430,	0
431,	0
432,	0
433,	1
434,	6
435,	0
436,	0
437,	0
438,	0
439,	0
440,	1
441,	0
442,	0
443,	0
444,	0
445,	0
446,	1
447,	0
448,	1
449,	0
450,	0
451,	6
452,	0
453,	1
454,	0
455,	0
456,	0
457,	0
458,	0
459,	0
460,	6
461,	6
462,	0
463,	0
464,	0
465,	0
466,	1
467,	0
468,	0
469,	0
470,	1
471,	1
472,	1
473,	0
474,	0
475,	0
476,	0
477,	0
478,	0
479,	6
480,	0
481,	0
482,	0
483,	0
484,	1
485,	0
486,	0
487,	1
488,	0
489,	0
490,	6
491,	0
492,	0
493,	1
494,	1
495,	0
496,	0
497,	0
498,	0
499,	1
500,	0
501,	0
502,	2
503,	0
504,	0
505,	4
506,	0
507,	0
508,	0
509,	4
510,	0
511,	0
512,	1
513,	0
514,	0
515,	0
516,	1
517,	0
518,	0
519,	0
520,	0
521,	0
522,	1
523,	0
524,	0
525,	1
526,	0
527,	0
528,	1
529,	0
530,	0
531,	0
532,	1
533,	1
534,	0
535,	0
536,	1
537,	0
538,	0
539,	0
540,	1
541,	0
542,	1
543,	0
544,	5
545,	5
546,	0
547,	0
548,	0
549,	0
550,	1
551,	0
552,	0
553,	0
554,	1
555,	0
556,	0
557,	6
558,	0
559,	0
560,	0
561,	0
562,	0
563,	4
564,	0
565,	0
566,	1
567,	0
568,	0
569,	0
570,	1
571,	0
572,	0
573,	0
574,	0
575,	1
576,	0
577,	0
578,	0
579,	1
580,	1
581,	0
582,	1
583,	0
584,	0
585,	1
586,	0
587,	1
588,	0
589,	0
590,	1
591,	0
592,	0
593,	4
594,	0
595,	0
596,	0
597,	2
598,	0
599,	0
600,	4
601,	0
602,	0
603,	0
604,	0
605,	0
606,	1
607,	0
608,	0
609,	1
610,	0
611,	0
612,	0
613,	5
614,	0
615,	0
616,	0
617,	0
618,	1
619,	1
620,	0
621,	1
622,	0
623,	0
624,	1
625,	0
626,	0
627,	0
628,	1
629,	0
630,	0
631,	2
632,	4
633,	0
634,	0
635,	6
636,	0
637,	6
638,	0
639,	0
640,	1
641,	0
642,	0
643,	0
644,	0
645,	0
646,	1
647,	0
648,	0
649,	0
650,	0
651,	6
652,	0
653,	0
654,	0
655,	0
656,	0
657,	0
658,	0
659,	0
660,	1
661,	1
662,	0
663,	0
664,	0
665,	0
666,	0
667,	0
668,	0
669,	0
670,	2
671,	6
672,	0
673,	0
674,	0
675,	0
676,	0
677,	1
678,	6
679,	2
680,	0
681,	0
682,	0
683,	0
684,	1
685,	0
686,	6
687,	0
688,	4
689,	0
690,	0
691,	0
692,	0
693,	0
694,	0
695,	0
696,	0
697,	0
698,	5
699,	5
700,	0
701,	0
702,	0
703,	0
704,	0
705,	0
706,	0
707,	6
708,	1
709,	0
710,	0
711,	5
712,	0
713,	0
714,	1
715,	1
716,	6
717,	0
718,	1
719,	5
720,	1
721,	0
722,	0
723,	0
724,	0
725,	0
726,	6
727,	0
728,	0
729,	1
730,	0
731,	0
732,	0
733,	0
734,	0
735,	1
736,	0
737,	6
738,	0
739,	0
740,	1
741,	0
742,	0
743,	5
744,	0
745,	0
746,	0
747,	0
748,	0
749,	6
750,	0
751,	0
752,	1
753,	0
754,	1
755,	1
756,	2
757,	6
758,	0
759,	1
760,	0
761,	0
762,	6
763,	0
764,	0
765,	0
766,	0
767,	0
768,	0
769,	0
770,	0
771,	6
772,	1
773,	0
774,	2
775,	0
776,	0
777,	1
778,	1
779,	6
780,	0
781,	6
782,	0
783,	6
784,	0
785,	0
786,	0
787,	1
788,	0
789,	0
790,	5
791,	1
792,	1
793,	0
794,	0
795,	1
796,	0
797,	0
798,	1
799,	0
800,	0
801,	1
802,	0
803,	0
804,	0
805,	1
806,	1
807,	0
808,	1
809,	0
810,	0
811,	0
812,	0
813,	0
814,	0
815,	0
816,	1
817,	1
818,	0
819,	0
820,	0
821,	0
822,	0
823,	0
824,	1
825,	0
826,	1
827,	1
828,	0
829,	0
830,	0
831,	0
832,	0
833,	0
834,	0
835,	0
836,	0
837,	0
838,	0
839,	0
840,	1
841,	6
842,	1
843,	1
844,	1
845,	0
846,	1
847,	0
848,	2
849,	0
850,	0
851,	0
852,	1
853,	0
854,	0
855,	1
856,	0
857,	0
858,	6
859,	0
860,	0
861,	1
862,	1
863,	0
864,	1
865,	6
866,	1
867,	0
868,	0
869,	0
870,	5
871,	0
872,	0
873,	0
874,	0
875,	0
876,	1
877,	0
878,	1
879,	1
880,	1
881,	1
882,	0
883,	0
884,	0
885,	0
886,	1
887,	5
888,	1
889,	0
890,	0
891,	1
892,	0
893,	5
894,	4
895,	1
896,	6
897,	0
898,	0
899,	1
900,	0
901,	0
902,	0
903,	0
904,	0
905,	0
906,	0
907,	0
908,	1
909,	2
910,	1
911,	2
912,	1
913,	0
914,	1
915,	0
916,	0
917,	6
918,	1
919,	0
920,	0
921,	0
922,	0
923,	0
924,	2
925,	0
926,	0
927,	6
928,	0
929,	1
930,	1
931,	1
932,	1
933,	5
934,	0
935,	1
936,	0
937,	0
938,	6
939,	0
940,	0
941,	6
942,	0
943,	0
944,	0
945,	0
946,	0
947,	5
948,	0
949,	6
950,	1
951,	0
952,	0
953,	0
954,	0
955,	2
956,	5
957,	0
958,	6
959,	0
960,	0
961,	0
962,	0
963,	1
964,	0
965,	1
966,	0
967,	0
968,	1
969,	0
970,	5
971,	0
972,	1
973,	5
974,	0
975,	0
976,	6
977,	5
978,	0
979,	1
980,	0
981,	1
982,	0
983,	0
984,	4
985,	1
986,	1
987,	0
988,	0
989,	0
990,	0
991,	0
992,	0
993,	1
994,	0
995,	0
996,	0
997,	0
998,	0
999,	1
