Instance: /home/gabriel/Documents/ufrgs/courses/oc/trab/instances/cmb01
Vertices: 500
Colors: 12
NumIterations: 10
Alpha: 0.050000
Is Factible?: false
Conflicts: 7
Solution Value: 154302.171875
Vertex,	Color
0,	3
1,	1
2,	1
3,	0
4,	0
5,	1
6,	0
7,	0
8,	2
9,	1
10,	0
11,	0
12,	1
13,	0
14,	0
15,	0
16,	3
17,	0
18,	6
19,	1
20,	8
21,	0
22,	0
23,	1
24,	2
25,	0
26,	11
27,	0
28,	0
29,	0
30,	0
31,	0
32,	0
33,	0
34,	2
35,	1
36,	0
37,	0
38,	1
39,	1
40,	0
41,	1
42,	2
43,	0
44,	1
45,	1
46,	1
47,	0
48,	11
49,	0
50,	0
51,	0
52,	1
53,	0
54,	1
55,	1
56,	2
57,	2
58,	1
59,	0
60,	2
61,	0
62,	1
63,	1
64,	1
65,	1
66,	0
67,	2
68,	1
69,	2
70,	0
71,	2
72,	0
73,	1
74,	1
75,	0
76,	2
77,	2
78,	0
79,	2
80,	3
81,	1
82,	3
83,	1
84,	2
85,	0
86,	3
87,	2
88,	3
89,	4
90,	4
91,	2
92,	1
93,	2
94,	2
95,	2
96,	3
97,	1
98,	5
99,	3
100,	5
101,	3
102,	3
103,	4
104,	0
105,	4
106,	4
107,	2
108,	1
109,	2
110,	3
111,	3
112,	0
113,	3
114,	1
115,	4
116,	1
117,	4
118,	0
119,	4
120,	3
121,	5
122,	0
123,	2
124,	2
125,	2
126,	3
127,	2
128,	1
129,	5
130,	1
131,	2
132,	3
133,	1
134,	3
135,	4
136,	2
137,	5
138,	8
139,	2
140,	1
141,	3
142,	4
143,	11
144,	5
145,	1
146,	4
147,	4
148,	5
149,	0
150,	3
151,	6
152,	1
153,	2
154,	1
155,	2
156,	2
157,	5
158,	2
159,	1
160,	4
161,	4
162,	6
163,	5
164,	6
165,	4
166,	2
167,	0
168,	3
169,	1
170,	7
171,	4
172,	2
173,	4
174,	3
175,	1
176,	2
177,	7
178,	5
179,	6
180,	7
181,	2
182,	6
183,	5
184,	5
185,	4
186,	5
187,	0
188,	3
189,	6
190,	5
191,	2
192,	3
193,	0
194,	3
195,	3
196,	3
197,	1
198,	6
199,	4
200,	1
201,	3
202,	5
203,	5
204,	6
205,	4
206,	2
207,	3
208,	1
209,	3
210,	3
211,	0
212,	9
213,	5
214,	4
215,	4
216,	4
217,	4
218,	4
219,	9
220,	4
221,	1
222,	5
223,	4
224,	3
225,	0
226,	3
227,	5
228,	1
229,	3
230,	3
231,	5
232,	4
233,	4
234,	3
235,	7
236,	6
237,	5
238,	4
239,	3
240,	0
241,	1
242,	7
243,	4
244,	6
245,	1
246,	6
247,	6
248,	7
249,	4
250,	2
251,	2
252,	4
253,	3
254,	8
255,	2
256,	3
257,	4
258,	5
259,	4
260,	6
261,	4
262,	7
263,	10
264,	6
265,	0
266,	5
267,	5
268,	5
269,	10
270,	9
271,	4
272,	7
273,	8
274,	8
275,	1
276,	7
277,	6
278,	4
279,	1
280,	0
281,	2
282,	5
283,	6
284,	6
285,	5
286,	3
287,	5
288,	5
289,	2
290,	6
291,	1
292,	5
293,	6
294,	11
295,	3
296,	6
297,	8
298,	3
299,	3
300,	5
301,	1
302,	6
303,	3
304,	2
305,	3
306,	3
307,	7
308,	2
309,	7
310,	8
311,	4
312,	3
313,	8
314,	7
315,	3
316,	7
317,	4
318,	4
319,	2
320,	4
321,	1
322,	9
323,	6
324,	6
325,	5
326,	0
327,	5
328,	7
329,	6
330,	0
331,	8
332,	5
333,	6
334,	9
335,	0
336,	7
337,	7
338,	8
339,	1
340,	7
341,	10
342,	6
343,	9
344,	1
345,	7
346,	6
347,	9
348,	7
349,	2
350,	2
351,	4
352,	10
353,	8
354,	5
355,	2
356,	10
357,	8
358,	6
359,	0
360,	8
361,	7
362,	5
363,	0
364,	8
365,	9
366,	6
367,	5
368,	7
369,	6
370,	8
371,	9
372,	4
373,	5
374,	3
375,	6
376,	8
377,	9
378,	6
379,	5
380,	4
381,	3
382,	2
383,	4
384,	4
385,	4
386,	8
387,	9
388,	11
389,	7
390,	7
391,	1
392,	2
393,	9
394,	8
395,	2
396,	7
397,	7
398,	4
399,	9
400,	8
401,	6
402,	1
403,	5
404,	5
405,	10
406,	2
407,	1
408,	0
409,	8
410,	7
411,	3
412,	5
413,	7
414,	7
415,	2
416,	10
417,	5
418,	10
419,	6
420,	9
421,	6
422,	7
423,	5
424,	7
425,	8
426,	10
427,	7
428,	6
429,	4
430,	10
431,	10
432,	1
433,	6
434,	6
435,	7
436,	5
437,	3
438,	2
439,	10
440,	5
441,	10
442,	0
443,	1
444,	4
445,	8
446,	11
447,	2
448,	6
449,	8
450,	9
451,	10
452,	7
453,	7
454,	3
455,	6
456,	9
457,	0
458,	10
459,	11
460,	11
461,	3
462,	6
463,	7
464,	4
465,	7
466,	4
467,	5
468,	6
469,	6
470,	3
471,	9
472,	7
473,	2
474,	8
475,	9
476,	9
477,	2
478,	5
479,	11
480,	8
481,	5
482,	8
483,	6
484,	8
485,	10
486,	5
487,	8
488,	4
489,	3
490,	3
491,	9
492,	11
493,	10
494,	11
495,	7
496,	9
497,	8
498,	0
499,	5
