Instance: /home/gabriel/Documents/ufrgs/courses/oc/trab/instances/cmb01
Vertices: 500
Colors: 12
NumIterations: 1
Alpha: 0.500000
Is Factible?: false
Conflicts: 12
Solution Value: 163408.609375
Vertex,	Color
0,	5
1,	8
2,	6
3,	2
4,	7
5,	8
6,	5
7,	8
8,	0
9,	2
10,	1
11,	3
12,	2
13,	10
14,	0
15,	3
16,	6
17,	7
18,	0
19,	5
20,	1
21,	2
22,	3
23,	8
24,	0
25,	2
26,	6
27,	3
28,	1
29,	1
30,	0
31,	1
32,	4
33,	0
34,	5
35,	5
36,	1
37,	2
38,	3
39,	1
40,	0
41,	1
42,	5
43,	2
44,	0
45,	1
46,	2
47,	6
48,	0
49,	3
50,	2
51,	2
52,	3
53,	1
54,	2
55,	6
56,	4
57,	0
58,	1
59,	1
60,	7
61,	0
62,	5
63,	5
64,	4
65,	8
66,	1
67,	0
68,	1
69,	8
70,	1
71,	3
72,	5
73,	2
74,	0
75,	0
76,	5
77,	3
78,	5
79,	3
80,	3
81,	3
82,	0
83,	6
84,	5
85,	4
86,	3
87,	6
88,	0
89,	5
90,	2
91,	5
92,	3
93,	6
94,	6
95,	0
96,	1
97,	0
98,	0
99,	8
100,	2
101,	3
102,	7
103,	4
104,	1
105,	2
106,	7
107,	7
108,	0
109,	3
110,	2
111,	7
112,	0
113,	1
114,	4
115,	1
116,	0
117,	4
118,	0
119,	5
120,	1
121,	6
122,	3
123,	1
124,	1
125,	1
126,	1
127,	3
128,	3
129,	7
130,	1
131,	1
132,	7
133,	2
134,	6
135,	3
136,	0
137,	10
138,	0
139,	1
140,	3
141,	4
142,	6
143,	0
144,	7
145,	3
146,	0
147,	6
148,	8
149,	0
150,	4
151,	8
152,	2
153,	0
154,	0
155,	6
156,	1
157,	1
158,	3
159,	2
160,	2
161,	4
162,	11
163,	2
164,	4
165,	2
166,	1
167,	1
168,	1
169,	0
170,	4
171,	2
172,	2
173,	6
174,	5
175,	8
176,	1
177,	5
178,	0
179,	2
180,	0
181,	2
182,	0
183,	9
184,	1
185,	1
186,	6
187,	1
188,	8
189,	0
190,	0
191,	1
192,	0
193,	1
194,	5
195,	4
196,	1
197,	3
198,	1
199,	0
200,	1
201,	2
202,	3
203,	3
204,	1
205,	0
206,	0
207,	1
208,	3
209,	3
210,	0
211,	2
212,	7
213,	7
214,	3
215,	6
216,	1
217,	5
218,	0
219,	3
220,	2
221,	1
222,	6
223,	3
224,	1
225,	2
226,	2
227,	4
228,	4
229,	0
230,	1
231,	2
232,	6
233,	0
234,	0
235,	6
236,	6
237,	4
238,	1
239,	4
240,	0
241,	1
242,	4
243,	2
244,	8
245,	1
246,	2
247,	1
248,	8
249,	2
250,	0
251,	0
252,	4
253,	0
254,	5
255,	4
256,	2
257,	0
258,	3
259,	4
260,	2
261,	0
262,	9
263,	2
264,	8
265,	0
266,	2
267,	3
268,	7
269,	4
270,	11
271,	2
272,	8
273,	7
274,	4
275,	0
276,	8
277,	4
278,	5
279,	0
280,	0
281,	3
282,	7
283,	0
284,	1
285,	3
286,	4
287,	4
288,	2
289,	7
290,	2
291,	4
292,	4
293,	4
294,	11
295,	2
296,	2
297,	0
298,	3
299,	5
300,	1
301,	0
302,	5
303,	4
304,	7
305,	2
306,	7
307,	9
308,	2
309,	4
310,	5
311,	6
312,	1
313,	4
314,	4
315,	3
316,	5
317,	3
318,	4
319,	3
320,	6
321,	4
322,	5
323,	8
324,	3
325,	3
326,	4
327,	5
328,	2
329,	5
330,	0
331,	8
332,	3
333,	4
334,	6
335,	0
336,	6
337,	6
338,	6
339,	3
340,	5
341,	9
342,	4
343,	1
344,	1
345,	5
346,	5
347,	10
348,	4
349,	0
350,	2
351,	4
352,	7
353,	7
354,	3
355,	3
356,	3
357,	4
358,	3
359,	9
360,	5
361,	3
362,	4
363,	7
364,	2
365,	4
366,	3
367,	5
368,	8
369,	6
370,	1
371,	3
372,	6
373,	7
374,	5
375,	5
376,	7
377,	5
378,	5
379,	2
380,	7
381,	2
382,	3
383,	2
384,	3
385,	5
386,	4
387,	9
388,	3
389,	6
390,	7
391,	2
392,	2
393,	9
394,	10
395,	1
396,	7
397,	11
398,	6
399,	7
400,	5
401,	5
402,	8
403,	4
404,	2
405,	8
406,	6
407,	4
408,	0
409,	8
410,	7
411,	1
412,	7
413,	6
414,	6
415,	11
416,	8
417,	2
418,	10
419,	6
420,	9
421,	6
422,	5
423,	7
424,	8
425,	8
426,	10
427,	5
428,	1
429,	0
430,	9
431,	2
432,	10
433,	4
434,	7
435,	9
436,	6
437,	4
438,	6
439,	7
440,	0
441,	7
442,	7
443,	7
444,	2
445,	5
446,	11
447,	1
448,	3
449,	11
450,	10
451,	2
452,	7
453,	9
454,	4
455,	9
456,	8
457,	11
458,	2
459,	10
460,	9
461,	7
462,	2
463,	8
464,	8
465,	6
466,	1
467,	4
468,	9
469,	3
470,	7
471,	10
472,	6
473,	0
474,	6
475,	8
476,	8
477,	2
478,	5
479,	11
480,	9
481,	4
482,	10
483,	5
484,	7
485,	9
486,	8
487,	8
488,	6
489,	4
490,	4
491,	8
492,	0
493,	10
494,	9
495,	7
496,	9
497,	6
498,	5
499,	4
