Instance: /home/gabriel/Documents/ufrgs/courses/oc/trab/instances/cmb02
Vertices: 1000
Colors: 10
NumIterations: 1
Alpha: 0.050000
Is Factible?: false
Conflicts: 1
Solution Value: 535933.812500
Vertex,	Color
0,	5
1,	1
2,	3
3,	8
4,	3
5,	5
6,	3
7,	2
8,	3
9,	1
10,	2
11,	3
12,	0
13,	1
14,	2
15,	1
16,	0
17,	1
18,	2
19,	1
20,	5
21,	2
22,	3
23,	0
24,	0
25,	2
26,	0
27,	2
28,	0
29,	0
30,	1
31,	5
32,	4
33,	3
34,	2
35,	0
36,	1
37,	2
38,	2
39,	0
40,	3
41,	1
42,	0
43,	1
44,	3
45,	0
46,	1
47,	1
48,	3
49,	3
50,	0
51,	0
52,	0
53,	0
54,	2
55,	2
56,	1
57,	0
58,	2
59,	3
60,	3
61,	4
62,	4
63,	2
64,	5
65,	1
66,	0
67,	1
68,	4
69,	5
70,	3
71,	1
72,	7
73,	1
74,	3
75,	5
76,	1
77,	4
78,	1
79,	4
80,	6
81,	3
82,	0
83,	1
84,	6
85,	2
86,	1
87,	2
88,	5
89,	0
90,	2
91,	0
92,	4
93,	1
94,	3
95,	3
96,	5
97,	0
98,	4
99,	6
100,	2
101,	3
102,	1
103,	0
104,	0
105,	3
106,	1
107,	0
108,	0
109,	5
110,	7
111,	0
112,	0
113,	0
114,	4
115,	1
116,	2
117,	4
118,	1
119,	0
120,	2
121,	1
122,	4
123,	1
124,	1
125,	2
126,	1
127,	1
128,	1
129,	1
130,	2
131,	1
132,	1
133,	7
134,	3
135,	0
136,	0
137,	2
138,	1
139,	3
140,	0
141,	1
142,	1
143,	8
144,	8
145,	2
146,	7
147,	5
148,	6
149,	5
150,	4
151,	3
152,	1
153,	0
154,	5
155,	2
156,	1
157,	2
158,	6
159,	1
160,	4
161,	1
162,	6
163,	5
164,	3
165,	5
166,	2
167,	2
168,	2
169,	4
170,	0
171,	2
172,	2
173,	0
174,	0
175,	4
176,	5
177,	1
178,	1
179,	3
180,	2
181,	1
182,	1
183,	0
184,	0
185,	3
186,	1
187,	1
188,	5
189,	2
190,	0
191,	3
192,	4
193,	1
194,	1
195,	1
196,	2
197,	3
198,	2
199,	1
200,	4
201,	0
202,	2
203,	5
204,	0
205,	3
206,	3
207,	1
208,	5
209,	0
210,	3
211,	2
212,	2
213,	0
214,	1
215,	2
216,	0
217,	1
218,	4
219,	2
220,	1
221,	2
222,	0
223,	3
224,	5
225,	1
226,	5
227,	2
228,	2
229,	0
230,	0
231,	0
232,	2
233,	5
234,	1
235,	6
236,	5
237,	3
238,	0
239,	1
240,	1
241,	1
242,	1
243,	0
244,	3
245,	2
246,	0
247,	1
248,	6
249,	2
250,	2
251,	4
252,	1
253,	3
254,	7
255,	3
256,	4
257,	8
258,	0
259,	1
260,	0
261,	1
262,	3
263,	2
264,	0
265,	1
266,	3
267,	2
268,	5
269,	1
270,	1
271,	3
272,	1
273,	3
274,	1
275,	1
276,	6
277,	2
278,	0
279,	4
280,	0
281,	0
282,	3
283,	2
284,	0
285,	3
286,	1
287,	5
288,	5
289,	7
290,	4
291,	0
292,	2
293,	1
294,	1
295,	2
296,	1
297,	0
298,	3
299,	2
300,	4
301,	3
302,	0
303,	3
304,	2
305,	2
306,	4
307,	2
308,	0
309,	0
310,	0
311,	6
312,	3
313,	4
314,	1
315,	0
316,	4
317,	2
318,	0
319,	3
320,	4
321,	4
322,	1
323,	5
324,	2
325,	3
326,	0
327,	0
328,	2
329,	4
330,	2
331,	5
332,	2
333,	0
334,	4
335,	2
336,	1
337,	5
338,	3
339,	0
340,	0
341,	7
342,	1
343,	5
344,	2
345,	0
346,	0
347,	0
348,	8
349,	2
350,	1
351,	1
352,	2
353,	3
354,	4
355,	1
356,	1
357,	0
358,	1
359,	1
360,	0
361,	2
362,	4
363,	0
364,	1
365,	2
366,	1
367,	1
368,	2
369,	0
370,	1
371,	5
372,	4
373,	0
374,	4
375,	0
376,	1
377,	2
378,	3
379,	1
380,	2
381,	0
382,	1
383,	4
384,	2
385,	1
386,	7
387,	4
388,	0
389,	0
390,	3
391,	2
392,	1
393,	4
394,	4
395,	3
396,	1
397,	1
398,	2
399,	3
400,	0
401,	0
402,	3
403,	5
404,	1
405,	6
406,	2
407,	0
408,	2
409,	0
410,	5
411,	3
412,	0
413,	2
414,	2
415,	0
416,	0
417,	2
418,	3
419,	6
420,	3
421,	0
422,	2
423,	1
424,	1
425,	0
426,	5
427,	1
428,	4
429,	2
430,	1
431,	2
432,	1
433,	1
434,	1
435,	1
436,	0
437,	1
438,	1
439,	2
440,	1
441,	0
442,	5
443,	2
444,	0
445,	0
446,	1
447,	2
448,	3
449,	0
450,	0
451,	1
452,	3
453,	3
454,	1
455,	6
456,	1
457,	5
458,	0
459,	4
460,	6
461,	0
462,	2
463,	0
464,	7
465,	2
466,	0
467,	0
468,	1
469,	4
470,	4
471,	1
472,	1
473,	3
474,	4
475,	0
476,	2
477,	1
478,	3
479,	0
480,	5
481,	0
482,	2
483,	2
484,	1
485,	3
486,	2
487,	0
488,	3
489,	1
490,	0
491,	5
492,	1
493,	7
494,	0
495,	3
496,	3
497,	5
498,	7
499,	6
500,	3
501,	3
502,	5
503,	0
504,	8
505,	2
506,	1
507,	1
508,	2
509,	1
510,	2
511,	3
512,	1
513,	9
514,	0
515,	0
516,	5
517,	4
518,	7
519,	3
520,	1
521,	1
522,	1
523,	4
524,	4
525,	4
526,	3
527,	3
528,	2
529,	0
530,	0
531,	1
532,	4
533,	6
534,	2
535,	1
536,	2
537,	0
538,	1
539,	3
540,	3
541,	1
542,	1
543,	3
544,	5
545,	7
546,	0
547,	0
548,	3
549,	5
550,	0
551,	1
552,	2
553,	3
554,	4
555,	4
556,	1
557,	1
558,	4
559,	2
560,	1
561,	0
562,	2
563,	4
564,	4
565,	4
566,	6
567,	3
568,	0
569,	4
570,	2
571,	0
572,	2
573,	0
574,	6
575,	0
576,	1
577,	5
578,	3
579,	0
580,	2
581,	3
582,	1
583,	0
584,	1
585,	4
586,	1
587,	3
588,	0
589,	4
590,	1
591,	1
592,	2
593,	0
594,	2
595,	3
596,	0
597,	2
598,	3
599,	0
600,	4
601,	4
602,	0
603,	2
604,	2
605,	4
606,	5
607,	4
608,	4
609,	3
610,	2
611,	3
612,	3
613,	1
614,	1
615,	3
616,	0
617,	2
618,	4
619,	3
620,	0
621,	1
622,	1
623,	0
624,	1
625,	3
626,	0
627,	2
628,	4
629,	1
630,	2
631,	3
632,	2
633,	1
634,	0
635,	1
636,	1
637,	1
638,	8
639,	0
640,	4
641,	3
642,	5
643,	2
644,	0
645,	4
646,	4
647,	2
648,	2
649,	0
650,	4
651,	0
652,	0
653,	1
654,	0
655,	3
656,	0
657,	3
658,	4
659,	4
660,	4
661,	3
662,	1
663,	3
664,	1
665,	3
666,	0
667,	6
668,	0
669,	2
670,	2
671,	1
672,	0
673,	0
674,	2
675,	3
676,	1
677,	0
678,	3
679,	6
680,	4
681,	0
682,	0
683,	1
684,	2
685,	3
686,	2
687,	4
688,	1
689,	3
690,	3
691,	0
692,	2
693,	0
694,	3
695,	1
696,	1
697,	3
698,	0
699,	7
700,	3
701,	1
702,	0
703,	0
704,	2
705,	4
706,	0
707,	3
708,	2
709,	5
710,	1
711,	6
712,	2
713,	3
714,	1
715,	1
716,	3
717,	0
718,	5
719,	4
720,	1
721,	3
722,	0
723,	4
724,	7
725,	0
726,	3
727,	1
728,	3
729,	2
730,	6
731,	1
732,	0
733,	1
734,	4
735,	2
736,	1
737,	0
738,	0
739,	5
740,	0
741,	1
742,	2
743,	2
744,	4
745,	3
746,	3
747,	1
748,	0
749,	4
750,	2
751,	0
752,	5
753,	6
754,	3
755,	1
756,	3
757,	0
758,	1
759,	2
760,	1
761,	4
762,	2
763,	3
764,	1
765,	3
766,	3
767,	0
768,	0
769,	3
770,	2
771,	0
772,	0
773,	2
774,	4
775,	2
776,	0
777,	4
778,	4
779,	1
780,	1
781,	2
782,	6
783,	5
784,	0
785,	1
786,	1
787,	6
788,	2
789,	3
790,	2
791,	0
792,	0
793,	2
794,	1
795,	4
796,	0
797,	6
798,	1
799,	0
800,	1
801,	3
802,	1
803,	0
804,	5
805,	4
806,	1
807,	3
808,	0
809,	5
810,	0
811,	3
812,	0
813,	4
814,	1
815,	0
816,	3
817,	1
818,	2
819,	3
820,	2
821,	4
822,	0
823,	1
824,	2
825,	6
826,	0
827,	3
828,	0
829,	5
830,	1
831,	0
832,	2
833,	1
834,	1
835,	1
836,	5
837,	0
838,	2
839,	2
840,	4
841,	0
842,	1
843,	3
844,	2
845,	1
846,	0
847,	3
848,	3
849,	2
850,	1
851,	0
852,	2
853,	0
854,	4
855,	4
856,	0
857,	0
858,	5
859,	0
860,	0
861,	2
862,	3
863,	0
864,	0
865,	2
866,	0
867,	1
868,	6
869,	5
870,	0
871,	3
872,	0
873,	0
874,	2
875,	2
876,	0
877,	3
878,	0
879,	5
880,	4
881,	2
882,	2
883,	1
884,	1
885,	4
886,	1
887,	1
888,	2
889,	1
890,	2
891,	3
892,	0
893,	3
894,	0
895,	0
896,	6
897,	2
898,	0
899,	0
900,	2
901,	4
902,	0
903,	0
904,	4
905,	3
906,	1
907,	0
908,	3
909,	2
910,	0
911,	0
912,	1
913,	0
914,	2
915,	2
916,	3
917,	1
918,	2
919,	5
920,	6
921,	2
922,	0
923,	0
924,	1
925,	3
926,	2
927,	2
928,	6
929,	3
930,	5
931,	0
932,	1
933,	2
934,	0
935,	6
936,	2
937,	1
938,	4
939,	1
940,	2
941,	5
942,	2
943,	5
944,	0
945,	0
946,	1
947,	2
948,	1
949,	6
950,	3
951,	1
952,	2
953,	4
954,	0
955,	5
956,	3
957,	2
958,	6
959,	2
960,	3
961,	1
962,	3
963,	5
964,	4
965,	1
966,	2
967,	4
968,	7
969,	2
970,	4
971,	5
972,	3
973,	2
974,	3
975,	5
976,	4
977,	3
978,	1
979,	3
980,	9
981,	3
982,	4
983,	2
984,	5
985,	2
986,	6
987,	3
988,	4
989,	4
990,	1
991,	3
992,	2
993,	4
994,	7
995,	5
996,	9
997,	1
998,	4
999,	4
