Instance: /home/gabriel/Documents/ufrgs/courses/oc/trab/instances/cmb01
Vertices: 500
Colors: 12
NumIterations: 1
Alpha: 0.500000
Is Factible?: false
Conflicts: 3081
Solution Value: 183249.687500
Vertex,	Color
0,	0
1,	7
2,	0
3,	0
4,	0
5,	3
6,	0
7,	7
8,	0
9,	1
10,	1
11,	7
12,	0
13,	10
14,	0
15,	7
16,	0
17,	3
18,	0
19,	1
20,	4
21,	0
22,	1
23,	0
24,	0
25,	0
26,	7
27,	0
28,	1
29,	1
30,	1
31,	0
32,	0
33,	0
34,	3
35,	0
36,	7
37,	3
38,	7
39,	0
40,	5
41,	0
42,	0
43,	0
44,	0
45,	0
46,	1
47,	0
48,	0
49,	0
50,	0
51,	0
52,	0
53,	3
54,	7
55,	3
56,	1
57,	0
58,	0
59,	1
60,	0
61,	0
62,	0
63,	1
64,	7
65,	0
66,	1
67,	1
68,	0
69,	1
70,	0
71,	0
72,	0
73,	7
74,	10
75,	0
76,	7
77,	0
78,	2
79,	0
80,	0
81,	0
82,	0
83,	0
84,	0
85,	1
86,	1
87,	4
88,	7
89,	0
90,	0
91,	7
92,	2
93,	1
94,	0
95,	7
96,	0
97,	0
98,	0
99,	0
100,	0
101,	0
102,	0
103,	0
104,	2
105,	7
106,	0
107,	0
108,	1
109,	0
110,	1
111,	0
112,	1
113,	0
114,	1
115,	1
116,	3
117,	0
118,	1
119,	0
120,	2
121,	0
122,	7
123,	10
124,	10
125,	2
126,	3
127,	0
128,	1
129,	0
130,	0
131,	0
132,	0
133,	0
134,	0
135,	3
136,	3
137,	0
138,	0
139,	0
140,	2
141,	10
142,	10
143,	0
144,	0
145,	0
146,	2
147,	1
148,	0
149,	2
150,	7
151,	0
152,	0
153,	1
154,	4
155,	0
156,	0
157,	0
158,	0
159,	0
160,	2
161,	1
162,	0
163,	3
164,	3
165,	0
166,	0
167,	5
168,	0
169,	0
170,	0
171,	0
172,	0
173,	7
174,	3
175,	0
176,	3
177,	0
178,	1
179,	0
180,	3
181,	0
182,	0
183,	0
184,	7
185,	7
186,	1
187,	2
188,	0
189,	0
190,	0
191,	0
192,	0
193,	0
194,	7
195,	0
196,	0
197,	7
198,	0
199,	0
200,	0
201,	2
202,	10
203,	7
204,	0
205,	0
206,	1
207,	0
208,	2
209,	4
210,	0
211,	0
212,	0
213,	7
214,	0
215,	0
216,	0
217,	1
218,	7
219,	0
220,	4
221,	5
222,	3
223,	3
224,	0
225,	7
226,	0
227,	0
228,	5
229,	1
230,	7
231,	1
232,	0
233,	7
234,	0
235,	0
236,	0
237,	0
238,	0
239,	0
240,	0
241,	0
242,	0
243,	0
244,	0
245,	0
246,	0
247,	1
248,	0
249,	1
250,	5
251,	7
252,	0
253,	1
254,	0
255,	0
256,	0
257,	0
258,	0
259,	0
260,	10
261,	0
262,	0
263,	0
264,	3
265,	0
266,	3
267,	0
268,	4
269,	0
270,	0
271,	3
272,	0
273,	0
274,	0
275,	7
276,	0
277,	7
278,	0
279,	10
280,	0
281,	7
282,	7
283,	0
284,	0
285,	3
286,	0
287,	2
288,	0
289,	0
290,	7
291,	0
292,	0
293,	4
294,	0
295,	0
296,	7
297,	0
298,	0
299,	0
300,	0
301,	10
302,	2
303,	1
304,	1
305,	7
306,	5
307,	7
308,	5
309,	3
310,	0
311,	0
312,	1
313,	0
314,	0
315,	1
316,	10
317,	0
318,	7
319,	0
320,	0
321,	0
322,	0
323,	7
324,	0
325,	0
326,	0
327,	1
328,	0
329,	1
330,	2
331,	7
332,	1
333,	0
334,	0
335,	0
336,	2
337,	7
338,	0
339,	2
340,	4
341,	0
342,	1
343,	0
344,	0
345,	7
346,	0
347,	0
348,	1
349,	0
350,	0
351,	7
352,	0
353,	10
354,	5
355,	0
356,	0
357,	7
358,	0
359,	0
360,	3
361,	0
362,	0
363,	7
364,	0
365,	0
366,	0
367,	0
368,	1
369,	2
370,	0
371,	0
372,	1
373,	7
374,	5
375,	0
376,	1
377,	0
378,	0
379,	0
380,	0
381,	0
382,	2
383,	2
384,	5
385,	1
386,	0
387,	10
388,	0
389,	0
390,	0
391,	0
392,	5
393,	0
394,	0
395,	0
396,	0
397,	0
398,	0
399,	3
400,	0
401,	0
402,	0
403,	0
404,	5
405,	10
406,	0
407,	1
408,	0
409,	0
410,	0
411,	0
412,	1
413,	3
414,	0
415,	0
416,	10
417,	1
418,	0
419,	0
420,	1
421,	5
422,	5
423,	0
424,	1
425,	5
426,	1
427,	0
428,	5
429,	0
430,	0
431,	0
432,	0
433,	0
434,	1
435,	0
436,	7
437,	0
438,	2
439,	0
440,	0
441,	1
442,	0
443,	0
444,	2
445,	0
446,	10
447,	10
448,	7
449,	0
450,	0
451,	0
452,	0
453,	7
454,	2
455,	1
456,	0
457,	0
458,	0
459,	0
460,	0
461,	1
462,	7
463,	1
464,	2
465,	0
466,	7
467,	1
468,	1
469,	1
470,	1
471,	7
472,	1
473,	1
474,	0
475,	0
476,	0
477,	2
478,	0
479,	0
480,	1
481,	2
482,	1
483,	0
484,	2
485,	0
486,	0
487,	0
488,	0
489,	0
490,	0
491,	0
492,	1
493,	0
494,	0
495,	0
496,	7
497,	1
498,	7
499,	2
