Instance: /home/gabriel/Documents/ufrgs/courses/oc/trab/instances/cmb03
Vertices: 1000
Colors: 18
NumIterations: 1
Alpha: 1.000000
Is Factible?: false
Conflicts: 9
Solution Value: 0.000000
Vertex,	Color
0,	3420974
1,	892875313
2,	909259264
3,	876162617
4,	960049664
5,	3616306
6,	926037810
7,	3616814
8,	842544691
9,	3551534
10,	876163122
11,	3551278
12,	842346802
13,	3486254
14,	926234419
15,	3223854
16,	875902258
17,	3683118
18,	926365235
19,	855652654
20,	775502132
21,	855650871
22,	775370041
23,	855652146
24,	775108406
25,	855652400
26,	775172151
27,	822098232
28,	775107128
29,	855651632
30,	775303217
31,	838874676
32,	775041584
33,	838874163
34,	775174195
35,	825425977
36,	892220983
37,	892534838
38,	892219446
39,	926023734
40,	925775156
41,	858980407
42,	908997945
43,	842072120
44,	875444024
45,	825294901
46,	808335411
47,	926023730
48,	925774386
49,	875757625
50,	959329337
51,	875626552
52,	942552627
53,	942866488
54,	908997424
55,	959643701
56,	858665272
57,	959643699
58,	841889072
59,	858914867
60,	892220214
61,	909312049
62,	942551608
63,	942735410
64,	808335670
65,	892534838
66,	858665522
67,	892547328
68,	842214963
69,	925971200
70,	825634356
71,	842346752
72,	959643705
73,	825110584
74,	808648756
75,	942551607
76,	959578164
77,	808334391
78,	959512632
79,	825111088
80,	842203191
81,	959328818
82,	942866489
83,	808335667
84,	825425973
85,	841889331
86,	825360440
87,	875442739
88,	959643702
89,	825112630
90,	926023733
91,	908997177
92,	808517689
93,	808333872
94,	942735415
95,	825112114
96,	808517682
97,	925773874
98,	909586944
99,	875638321
100,	876098048
101,	892481072
102,	842019328
103,	959852087
104,	808661504
105,	875638328
106,	808464896
107,	943271472
108,	909259008
109,	959458866
110,	808858368
111,	859123253
112,	842609408
113,	909192755
114,	859255552
115,	959655473
116,	909521152
117,	858926642
118,	842019584
119,	892481079
120,	892875520
121,	959589940
122,	959853056
123,	859057718
124,	875901184
125,	858992180
126,	825504512
127,	3288632
128,	808925489
129,	3682350
130,	959853105
131,	855651886
132,	775368752
133,	855650611
134,	775369785
135,	838874677
136,	775435313
137,	822097976
138,	775369782
139,	822097971
140,	775239224
141,	855651891
142,	775239477
143,	822096432
144,	775435826
145,	838873908
146,	774975797
147,	822098225
148,	775106868
149,	822097969
150,	775369529
151,	822096183
152,	774912057
153,	822098229
154,	775237689
155,	838874675
156,	774910257
157,	855650871
158,	775041336
159,	855651122
160,	775107888
161,	822097201
162,	775041840
163,	838875187
164,	775172660
165,	808583221
166,	925773878
167,	808583225
168,	925776176
169,	909180978
170,	858665014
171,	809054976
172,	842477112
173,	892809472
174,	859319858
175,	925970688
176,	825830963
177,	858796288
178,	909454902
179,	825438720
180,	959852086
181,	959722240
182,	3747381
183,	859387187
184,	3421998
185,	858993203
186,	3223854
187,	859191603
188,	3749422
189,	942813747
190,	3355694
191,	909719858
192,	3225390
193,	892678450
194,	3617070
195,	926431282
196,	3749166
197,	875903027
198,	3225902
199,	858861875
200,	3618094
201,	858928947
202,	3618350
203,	892940850
204,	838874158
205,	775238705
206,	838874929
207,	775500597
208,	855652664
209,	774977846
210,	855652151
211,	775174200
212,	822096690
213,	775502136
214,	855652407
215,	774911288
216,	855651896
217,	775107640
218,	855652147
219,	775174201
220,	822096441
221,	775107635
222,	838875187
223,	775500601
224,	822097464
225,	774910768
226,	838874161
227,	775303992
228,	838873401
229,	775304752
230,	855650614
231,	775436081
232,	855651124
233,	774977842
234,	855651381
235,	775305268
236,	855651890
237,	775238708
238,	838874419
239,	774977072
240,	838875192
241,	775502129
242,	838873909
243,	775435832
244,	855651641
245,	774977593
246,	822097202
247,	775107127
248,	838873652
249,	775041844
250,	822096438
251,	775106867
252,	855652665
253,	775172145
254,	822097714
255,	775041587
256,	822097456
257,	775369266
258,	855651382
259,	775173429
260,	855650615
261,	775369264
262,	855651892
263,	775371063
264,	909180982
265,	808335410
266,	825360436
267,	892219441
268,	825307648
269,	959852088
270,	942878976
271,	859319856
272,	842543872
273,	942681654
274,	859189504
275,	909127223
276,	926363904
277,	942878262
278,	959787264
279,	892677684
280,	892547328
281,	859123257
282,	892481792
283,	892743222
284,	808464640
285,	909323824
286,	809054720
287,	875638322
288,	926495232
289,	959983157
290,	892875264
291,	959983156
292,	858993408
293,	825830967
294,	909718272
295,	3223088
296,	926233137
297,	3618094
298,	960050738
299,	3617582
300,	875769907
301,	3552302
302,	959919921
303,	3487534
304,	876032819
305,	3553070
306,	959527219
307,	3420718
308,	942813745
309,	3551534
310,	892745011
311,	3420718
312,	943141938
313,	3421742
314,	876163635
315,	3224110
316,	859060274
317,	3224878
318,	825242162
319,	3618862
320,	825833009
321,	3488046
322,	825767219
323,	3486766
324,	943206707
325,	822098222
326,	775305264
327,	822096953
328,	775501110
329,	855652144
330,	774977074
331,	822097463
332,	775108147
333,	822097974
334,	774911284
335,	838873650
336,	774910768
337,	822096184
338,	775370294
339,	855652662
340,	775434801
341,	822096689
342,	775436599
343,	825360436
344,	925774133
345,	842203189
346,	841888310
347,	825294902
348,	858666807
349,	942866484
350,	841889336
351,	859255296
352,	3354167
353,	943076403
354,	3420206
355,	875966769
356,	3420206
357,	959657267
358,	3421998
359,	909654067
360,	3551534
361,	959655986
362,	3290414
363,	859387442
364,	3618862
365,	825505843
366,	3684654
367,	926430002
368,	3684142
369,	892679218
370,	3355182
371,	926496819
372,	3223598
373,	926233395
374,	3487534
375,	825702195
376,	3551790
377,	842020145
378,	3617582
379,	960049457
380,	3553070
381,	875771953
382,	3750190
383,	842477874
384,	3487534
385,	942814258
386,	3355694
387,	825308209
388,	3422254
389,	909260594
390,	838875182
391,	775043377
392,	838874168
393,	775502129
394,	808517681
395,	959328305
396,	942800945
397,	925775154
398,	808648757
399,	908998966
400,	960049408
401,	943074868
402,	876032512
403,	942681651
404,	909718016
405,	925969968
406,	892613376
407,	858926643
408,	909587200
409,	859254321
410,	876163840
411,	892481076
412,	892678912
413,	842411573
414,	808858368
415,	892677683
416,	825438976
417,	892546614
418,	842084608
419,	959458865
420,	875770624
421,	876031539
422,	959853312
423,	3288626
424,	858861618
425,	3683886
426,	925970995
427,	3553582
428,	876099378
429,	3225902
430,	959590707
431,	3552046
432,	859256370
433,	3421742
434,	842479923
435,	3225134
436,	859322673
437,	3356206
438,	808727345
439,	3618606
440,	842019890
441,	3356206
442,	926234417
443,	3552046
444,	926299699
445,	3616814
446,	875772211
447,	3684398
448,	892811313
449,	3487534
450,	875772209
451,	3487022
452,	842085682
453,	3420974
454,	842086705
455,	3355438
456,	842609971
457,	3485742
458,	960049202
459,	3225902
460,	892875058
461,	3617582
462,	943077169
463,	3289134
464,	959853362
465,	855651886
466,	775107633
467,	822096182
468,	775304752
469,	822096946
470,	775174451
471,	855651120
472,	775500337
473,	838873398
474,	775501874
475,	838874679
476,	775304756
477,	838875184
478,	775172146
479,	822097456
480,	775501618
481,	855651126
482,	775042098
483,	855651125
484,	775173937
485,	838873651
486,	3617586
487,	875902002
488,	855650862
489,	775436338
490,	822096694
491,	775107382
492,	855651383
493,	775107890
494,	855652144
495,	774975793
496,	855651385
497,	774910263
498,	838873912
499,	774977332
500,	822097718
501,	775304249
502,	855652664
503,	775435577
504,	942800948
505,	908997426
506,	842203186
507,	841889590
508,	959578165
509,	959330097
510,	825360441
511,	925774645
512,	825360435
513,	825111609
514,	858980403
515,	841888565
516,	959643705
517,	925773880
518,	842072121
519,	825111857
520,	825360434
521,	892219705
522,	959643702
523,	908997942
524,	808583223
525,	858666039
526,	875692083
527,	925775666
528,	825294900
529,	908997940
530,	808517682
531,	858665780
532,	842137655
533,	892221236
534,	959512630
535,	959330102
536,	942800950
537,	925775157
538,	825360436
539,	908998451
540,	842072114
541,	825110832
542,	909180984
543,	875442741
544,	842072118
545,	808334640
546,	892403762
547,	875443508
548,	909390592
549,	825503281
550,	842085120
551,	892743219
552,	842609408
553,	825634353
554,	808989184
555,	3747385
556,	876163379
557,	3488046
558,	875900977
559,	3487534
560,	825635633
561,	3486510
562,	859190577
563,	3750190
564,	926430514
565,	3355182
566,	892809521
567,	3617582
568,	825637169
569,	3421998
570,	825571378
571,	3485998
572,	892547635
573,	3552046
574,	926234931
575,	3618094
576,	892875570
577,	3552046
578,	909654067
579,	3355182
580,	842413874
581,	3682350
582,	808465971
583,	3748910
584,	926495539
585,	3420206
586,	943141938
587,	3224622
588,	892940337
589,	3354926
590,	875967794
591,	3421486
592,	825505330
593,	3290158
594,	909193777
595,	3289902
596,	825374515
597,	3421486
598,	842545202
599,	838873646
600,	775106868
601,	822097205
602,	775434295
603,	909180984
604,	808333619
605,	875692081
606,	825111608
607,	925958201
608,	942552626
609,	942866482
610,	875442229
611,	926023734
612,	942552371
613,	842203193
614,	908997176
615,	825294903
616,	959330352
617,	892534839
618,	908996914
619,	959578161
620,	908997177
621,	892469297
622,	942551606
623,	808648758
624,	841889078
625,	892547584
626,	942878264
627,	825635328
628,	825830964
629,	943010048
630,	926166583
631,	842019328
632,	842280499
633,	825635072
634,	875769394
635,	926298368
636,	858861105
637,	942944768
638,	942747192
639,	875835904
640,	959983160
641,	825307648
642,	892481073
643,	959852800
644,	959852080
645,	959525120
646,	942943794
647,	842281216
648,	909323833
649,	942878976
650,	876031541
651,	942682880
652,	842411572
653,	808661504
654,	825699895
655,	926298368
656,	825372208
657,	926101760
658,	943074873
659,	808923392
660,	876031541
661,	876097792
662,	825241145
663,	842019072
664,	825830961
665,	925971200
666,	876031541
667,	842543872
668,	3681842
669,	859125555
670,	3354926
671,	842150195
672,	3420206
673,	892810035
674,	3290414
675,	926036786
676,	3420462
677,	859387698
678,	3354926
679,	943273778
680,	822096942
681,	775369526
682,	855651638
683,	775436082
684,	838873392
685,	775173169
686,	838874162
687,	775042614
688,	822096944
689,	774911540
690,	838875188
691,	774910009
692,	855651640
693,	774911025
694,	838875184
695,	775239993
696,	855650864
697,	775370040
698,	822097968
699,	775304755
700,	855651638
701,	775043385
702,	838874416
703,	775368758
704,	838875192
705,	775106610
706,	838873656
707,	775436338
708,	855651889
709,	774911288
710,	822096696
711,	775173175
712,	822097720
713,	775305015
714,	838873904
715,	774977592
716,	855650867
717,	775174450
718,	822097458
719,	775501109
720,	822096696
721,	775239474
722,	822098233
723,	775108660
724,	855652151
725,	775434294
726,	855652664
727,	775435318
728,	855651896
729,	775500344
730,	855652153
731,	775239224
732,	855651638
733,	775239476
734,	838874672
735,	775237939
736,	838875442
737,	775106864
738,	855652404
739,	775239481
740,	855650870
741,	775368761
742,	822097465
743,	775304241
744,	822096180
745,	775237685
746,	838874160
747,	775303986
748,	855650865
749,	775500089
750,	838873908
751,	775041333
752,	822097716
753,	775174450
754,	942800949
755,	808333360
756,	909246517
757,	841888824
758,	909180984
759,	892220466
760,	825425977
761,	925773881
762,	875626547
763,	908998964
764,	909246518
765,	808335152
766,	825425969
767,	858665270
768,	942735410
769,	942552117
770,	942866486
771,	908998454
772,	875626552
773,	959328821
774,	842203193
775,	925773879
776,	925958198
777,	875442743
778,	876163584
779,	842214961
780,	842084608
781,	3681842
782,	876034099
783,	855651630
784,	775041077
785,	855651888
786,	775108913
787,	858849335
788,	841887797
789,	926089265
790,	892219441
791,	909521408
792,	842608176
793,	842150144
794,	959983156
795,	942944512
796,	3681848
797,	892940339
798,	3422510
799,	808596017
800,	3617326
801,	825831729
802,	3487022
803,	825439283
804,	3551790
805,	808727345
806,	3619118
807,	959723570
808,	3617070
809,	959655986
810,	3289646
811,	909391154
812,	3289390
813,	959459889
814,	3552558
815,	892875058
816,	3356206
817,	959526961
818,	3748142
819,	808794419
820,	3224622
821,	875573298
822,	3354926
823,	943272497
824,	3553326
825,	825505330
826,	3225390
827,	926168115
828,	3748398
829,	959919153
830,	3749166
831,	875575345
832,	3420718
833,	876097585
834,	3553582
835,	942814258
836,	3224366
837,	808925491
838,	3551790
839,	842084659
840,	3682606
841,	909521970
842,	3684654
843,	892678449
844,	3225902
845,	959656499
846,	3682862
847,	859124017
848,	855650606
849,	775238195
850,	942800948
851,	959329337
852,	875692087
853,	959329593
854,	808583221
855,	825111603
856,	808517681
857,	858665524
858,	942866485
859,	908997432
860,	842137655
861,	858666032
862,	858980405
863,	925776178
864,	875757625
865,	875444274
866,	875692088
867,	908997680
868,	808517685
869,	825111349
870,	858849330
871,	942553141
872,	959643698
873,	892219440
874,	909246520
875,	825110841
876,	875757619
877,	942551856
878,	808648755
879,	959328822
880,	926089266
881,	908998453
882,	858849333
883,	858665780
884,	909180981
885,	959330096
886,	959512628
887,	892221748
888,	909312051
889,	959328565
890,	942800949
891,	858665526
892,	892534841
893,	892221497
894,	942735417
895,	858667319
896,	858849337
897,	908996913
898,	892469298
899,	808333876
900,	892469299
901,	825112889
902,	892469303
903,	822098224
904,	774977331
905,	838875446
906,	775304501
907,	838874933
908,	775305520
909,	838875446
910,	775173938
911,	838875191
912,	775436344
913,	855652400
914,	775173427
915,	822098227
916,	775237681
917,	855650864
918,	775173426
919,	925958195
920,	925776185
921,	825425974
922,	825112882
923,	842137653
924,	959329328
925,	858980402
926,	875443769
927,	808583225
928,	908997942
929,	875757618
930,	808335152
931,	825294900
932,	841888562
933,	909180984
934,	908997937
935,	842150144
936,	909258291
937,	959918336
938,	925904433
939,	842150656
940,	959983155
941,	909324544
942,	842411569
943,	842478080
944,	842411574
945,	909324544
946,	825568822
947,	842084864
948,	876162613
949,	909652480
950,	959524400
951,	875574016
952,	859123248
953,	876032512
954,	875834936
955,	842543616
956,	892415544
957,	909259264
958,	3747384
959,	808661809
960,	3487790
961,	859387443
962,	3616814
963,	809056050
964,	3618094
965,	959526450
966,	3749934
967,	909258803
968,	3618094
969,	0
970,	0
971,	0
972,	0
973,	0
974,	0
975,	0
976,	0
977,	0
978,	0
979,	0
980,	0
981,	0
982,	0
983,	0
984,	0
985,	0
986,	0
987,	0
988,	0
989,	0
990,	0
991,	0
992,	0
993,	0
994,	0
995,	0
996,	0
997,	0
998,	0
999,	0
