Instance: /home/gabriel/Documents/ufrgs/courses/oc/trab/instances/cmb01
Vertices: 500
Colors: 12
NumIterations: 1000
Alpha: 0.050000
Is Factible?: false
Conflicts: 13
Solution Value: 156829.187500
Vertex,	Color
0,	1
1,	0
2,	1
3,	0
4,	2
5,	0
6,	1
7,	0
8,	2
9,	1
10,	0
11,	0
12,	2
13,	0
14,	0
15,	1
16,	0
17,	1
18,	0
19,	1
20,	0
21,	0
22,	0
23,	0
24,	1
25,	0
26,	3
27,	0
28,	2
29,	1
30,	0
31,	0
32,	0
33,	0
34,	2
35,	1
36,	2
37,	0
38,	1
39,	1
40,	0
41,	1
42,	1
43,	0
44,	1
45,	1
46,	0
47,	0
48,	2
49,	1
50,	0
51,	0
52,	2
53,	0
54,	1
55,	1
56,	2
57,	2
58,	0
59,	0
60,	0
61,	0
62,	0
63,	1
64,	1
65,	1
66,	1
67,	2
68,	0
69,	2
70,	2
71,	0
72,	1
73,	2
74,	1
75,	0
76,	0
77,	3
78,	1
79,	1
80,	2
81,	1
82,	2
83,	1
84,	0
85,	0
86,	3
87,	1
88,	1
89,	2
90,	3
91,	2
92,	0
93,	0
94,	1
95,	0
96,	2
97,	1
98,	2
99,	4
100,	4
101,	0
102,	3
103,	3
104,	2
105,	2
106,	3
107,	2
108,	2
109,	2
110,	3
111,	5
112,	0
113,	2
114,	4
115,	3
116,	2
117,	6
118,	1
119,	3
120,	3
121,	4
122,	3
123,	2
124,	2
125,	2
126,	1
127,	4
128,	1
129,	4
130,	1
131,	2
132,	4
133,	1
134,	1
135,	4
136,	2
137,	5
138,	6
139,	2
140,	1
141,	3
142,	4
143,	3
144,	3
145,	1
146,	3
147,	4
148,	7
149,	0
150,	3
151,	5
152,	1
153,	0
154,	2
155,	4
156,	2
157,	3
158,	2
159,	3
160,	4
161,	5
162,	7
163,	3
164,	6
165,	4
166,	2
167,	0
168,	3
169,	1
170,	4
171,	4
172,	2
173,	4
174,	3
175,	0
176,	1
177,	8
178,	5
179,	5
180,	5
181,	2
182,	5
183,	0
184,	3
185,	4
186,	4
187,	0
188,	3
189,	5
190,	5
191,	2
192,	3
193,	0
194,	2
195,	3
196,	3
197,	1
198,	6
199,	4
200,	1
201,	4
202,	5
203,	5
204,	6
205,	4
206,	2
207,	5
208,	1
209,	3
210,	3
211,	2
212,	9
213,	5
214,	3
215,	4
216,	4
217,	3
218,	4
219,	5
220,	4
221,	1
222,	3
223,	4
224,	3
225,	0
226,	6
227,	7
228,	2
229,	6
230,	3
231,	5
232,	4
233,	5
234,	3
235,	7
236,	6
237,	4
238,	4
239,	3
240,	0
241,	1
242,	7
243,	3
244,	3
245,	1
246,	2
247,	6
248,	6
249,	4
250,	1
251,	3
252,	4
253,	7
254,	8
255,	5
256,	7
257,	2
258,	5
259,	3
260,	6
261,	4
262,	6
263,	10
264,	5
265,	0
266,	6
267,	6
268,	5
269,	10
270,	7
271,	4
272,	6
273,	6
274,	8
275,	2
276,	7
277,	5
278,	4
279,	1
280,	0
281,	1
282,	6
283,	5
284,	7
285,	5
286,	5
287,	5
288,	4
289,	5
290,	5
291,	1
292,	5
293,	6
294,	11
295,	4
296,	6
297,	8
298,	2
299,	3
300,	5
301,	1
302,	6
303,	3
304,	2
305,	6
306,	3
307,	7
308,	1
309,	6
310,	8
311,	4
312,	3
313,	7
314,	7
315,	6
316,	6
317,	4
318,	4
319,	2
320,	4
321,	0
322,	7
323,	7
324,	8
325,	5
326,	1
327,	5
328,	6
329,	6
330,	0
331,	6
332,	5
333,	7
334,	8
335,	2
336,	3
337,	8
338,	7
339,	1
340,	7
341,	9
342,	2
343,	10
344,	1
345,	7
346,	7
347,	8
348,	7
349,	6
350,	2
351,	4
352,	9
353,	7
354,	5
355,	4
356,	9
357,	9
358,	6
359,	0
360,	7
361,	6
362,	5
363,	7
364,	8
365,	5
366,	8
367,	3
368,	8
369,	6
370,	6
371,	5
372,	4
373,	5
374,	3
375,	6
376,	9
377,	7
378,	7
379,	4
380,	9
381,	2
382,	2
383,	4
384,	5
385,	4
386,	8
387,	8
388,	3
389,	6
390,	8
391,	1
392,	2
393,	8
394,	9
395,	2
396,	10
397,	6
398,	3
399,	8
400,	7
401,	8
402,	1
403,	7
404,	5
405,	9
406,	2
407,	1
408,	0
409,	7
410,	8
411,	3
412,	5
413,	7
414,	6
415,	11
416,	9
417,	5
418,	9
419,	5
420,	2
421,	4
422,	6
423,	10
424,	7
425,	7
426,	10
427,	6
428,	1
429,	7
430,	9
431,	6
432,	0
433,	6
434,	6
435,	5
436,	5
437,	2
438,	2
439,	9
440,	0
441,	8
442,	0
443,	1
444,	4
445,	7
446,	10
447,	2
448,	6
449,	8
450,	10
451,	4
452,	7
453,	6
454,	3
455,	6
456,	9
457,	11
458,	6
459,	11
460,	10
461,	3
462,	8
463,	7
464,	5
465,	7
466,	10
467,	5
468,	9
469,	6
470,	3
471,	9
472,	7
473,	2
474,	9
475,	11
476,	10
477,	0
478,	7
479,	11
480,	9
481,	5
482,	10
483,	5
484,	7
485,	9
486,	8
487,	8
488,	3
489,	3
490,	5
491,	10
492,	11
493,	4
494,	11
495,	9
496,	10
497,	6
498,	0
499,	9
