Instance: /home/gabriel/Documents/ufrgs/courses/oc/trab/instances/cmb01
Vertices: 500
Colors: 12
NumIterations: 1
Alpha: 0.500000
Is Factible?: false
Conflicts: 2998
Solution Value: 160806.109375
Vertex,	Color
0,	3
1,	8
2,	0
3,	0
4,	3
5,	2
6,	3
7,	3
8,	3
9,	0
10,	0
11,	0
12,	4
13,	0
14,	2
15,	8
16,	0
17,	2
18,	0
19,	0
20,	5
21,	0
22,	0
23,	3
24,	0
25,	0
26,	0
27,	1
28,	3
29,	2
30,	3
31,	2
32,	4
33,	1
34,	2
35,	0
36,	2
37,	2
38,	3
39,	0
40,	3
41,	2
42,	0
43,	0
44,	0
45,	2
46,	2
47,	0
48,	0
49,	2
50,	0
51,	2
52,	0
53,	2
54,	3
55,	2
56,	0
57,	0
58,	0
59,	2
60,	2
61,	2
62,	2
63,	3
64,	2
65,	2
66,	2
67,	2
68,	0
69,	0
70,	2
71,	2
72,	0
73,	8
74,	0
75,	2
76,	8
77,	0
78,	0
79,	0
80,	2
81,	2
82,	0
83,	2
84,	3
85,	3
86,	0
87,	5
88,	8
89,	0
90,	0
91,	3
92,	0
93,	3
94,	0
95,	2
96,	0
97,	0
98,	0
99,	0
100,	0
101,	0
102,	0
103,	0
104,	0
105,	0
106,	0
107,	1
108,	2
109,	0
110,	0
111,	0
112,	0
113,	2
114,	3
115,	3
116,	2
117,	0
118,	3
119,	2
120,	0
121,	2
122,	8
123,	0
124,	0
125,	0
126,	2
127,	2
128,	0
129,	0
130,	2
131,	0
132,	0
133,	1
134,	3
135,	2
136,	2
137,	0
138,	0
139,	2
140,	0
141,	0
142,	0
143,	0
144,	2
145,	0
146,	0
147,	0
148,	0
149,	0
150,	3
151,	2
152,	0
153,	3
154,	5
155,	3
156,	0
157,	3
158,	0
159,	3
160,	0
161,	0
162,	0
163,	2
164,	2
165,	3
166,	0
167,	3
168,	1
169,	0
170,	0
171,	0
172,	2
173,	2
174,	2
175,	0
176,	2
177,	0
178,	0
179,	0
180,	2
181,	2
182,	2
183,	0
184,	2
185,	8
186,	0
187,	0
188,	2
189,	0
190,	0
191,	2
192,	0
193,	0
194,	2
195,	0
196,	0
197,	2
198,	0
199,	1
200,	0
201,	0
202,	0
203,	8
204,	0
205,	1
206,	0
207,	0
208,	0
209,	5
210,	2
211,	0
212,	0
213,	3
214,	0
215,	0
216,	0
217,	3
218,	3
219,	0
220,	5
221,	3
222,	2
223,	2
224,	4
225,	3
226,	2
227,	2
228,	3
229,	3
230,	3
231,	3
232,	2
233,	0
234,	2
235,	0
236,	0
237,	0
238,	3
239,	0
240,	0
241,	1
242,	0
243,	2
244,	2
245,	0
246,	1
247,	0
248,	0
249,	0
250,	3
251,	8
252,	0
253,	0
254,	0
255,	0
256,	0
257,	3
258,	0
259,	2
260,	0
261,	0
262,	2
263,	0
264,	2
265,	2
266,	2
267,	0
268,	5
269,	0
270,	2
271,	2
272,	2
273,	0
274,	2
275,	3
276,	0
277,	8
278,	0
279,	0
280,	0
281,	3
282,	8
283,	2
284,	0
285,	2
286,	2
287,	0
288,	1
289,	1
290,	3
291,	2
292,	1
293,	0
294,	0
295,	2
296,	3
297,	0
298,	0
299,	0
300,	2
301,	0
302,	0
303,	2
304,	0
305,	2
306,	3
307,	2
308,	3
309,	2
310,	0
311,	2
312,	0
313,	0
314,	0
315,	3
316,	0
317,	2
318,	3
319,	0
320,	4
321,	2
322,	2
323,	8
324,	3
325,	4
326,	4
327,	0
328,	3
329,	0
330,	0
331,	2
332,	2
333,	0
334,	0
335,	0
336,	0
337,	8
338,	3
339,	0
340,	5
341,	0
342,	3
343,	0
344,	3
345,	8
346,	0
347,	0
348,	0
349,	4
350,	2
351,	3
352,	2
353,	0
354,	3
355,	0
356,	2
357,	8
358,	2
359,	0
360,	2
361,	1
362,	2
363,	2
364,	2
365,	3
366,	3
367,	2
368,	0
369,	0
370,	2
371,	0
372,	3
373,	2
374,	3
375,	0
376,	0
377,	2
378,	2
379,	0
380,	0
381,	2
382,	0
383,	0
384,	3
385,	2
386,	2
387,	0
388,	0
389,	1
390,	0
391,	0
392,	3
393,	2
394,	2
395,	0
396,	2
397,	3
398,	2
399,	2
400,	2
401,	4
402,	0
403,	0
404,	3
405,	0
406,	2
407,	0
408,	0
409,	3
410,	0
411,	0
412,	3
413,	2
414,	2
415,	0
416,	0
417,	0
418,	2
419,	1
420,	0
421,	3
422,	3
423,	2
424,	3
425,	3
426,	0
427,	1
428,	3
429,	1
430,	0
431,	2
432,	0
433,	0
434,	0
435,	2
436,	3
437,	1
438,	0
439,	2
440,	0
441,	3
442,	0
443,	0
444,	0
445,	2
446,	0
447,	0
448,	3
449,	0
450,	0
451,	0
452,	4
453,	3
454,	0
455,	0
456,	0
457,	0
458,	2
459,	0
460,	2
461,	2
462,	2
463,	0
464,	0
465,	0
466,	3
467,	2
468,	3
469,	2
470,	0
471,	2
472,	2
473,	2
474,	0
475,	2
476,	0
477,	0
478,	2
479,	3
480,	3
481,	0
482,	3
483,	0
484,	0
485,	0
486,	0
487,	1
488,	1
489,	0
490,	2
491,	0
492,	0
493,	2
494,	2
495,	2
496,	8
497,	0
498,	3
499,	0
