Instance: /home/gabriel/Documents/ufrgs/courses/oc/trab/instances/cmb01
Vertices: 500
Colors: 12
NumIterations: 100
Alpha: 0.050000
Is Factible?: false
Conflicts: 6
Solution Value: 152188.250000
Vertex,	Color
0,	1
1,	0
2,	10
3,	0
4,	0
5,	0
6,	1
7,	0
8,	0
9,	1
10,	0
11,	0
12,	2
13,	0
14,	1
15,	1
16,	1
17,	1
18,	1
19,	1
20,	0
21,	0
22,	0
23,	2
24,	0
25,	1
26,	11
27,	0
28,	1
29,	1
30,	0
31,	0
32,	1
33,	0
34,	2
35,	0
36,	2
37,	0
38,	1
39,	0
40,	0
41,	0
42,	1
43,	10
44,	1
45,	0
46,	0
47,	1
48,	1
49,	1
50,	0
51,	0
52,	2
53,	0
54,	1
55,	1
56,	2
57,	2
58,	1
59,	0
60,	2
61,	1
62,	0
63,	0
64,	1
65,	1
66,	1
67,	2
68,	5
69,	2
70,	0
71,	2
72,	10
73,	0
74,	1
75,	1
76,	2
77,	3
78,	0
79,	2
80,	3
81,	4
82,	4
83,	2
84,	1
85,	0
86,	3
87,	1
88,	3
89,	2
90,	3
91,	2
92,	1
93,	0
94,	3
95,	0
96,	5
97,	3
98,	2
99,	1
100,	4
101,	3
102,	3
103,	5
104,	0
105,	4
106,	4
107,	2
108,	2
109,	2
110,	3
111,	5
112,	0
113,	3
114,	2
115,	4
116,	1
117,	2
118,	1
119,	1
120,	1
121,	5
122,	4
123,	4
124,	2
125,	3
126,	4
127,	4
128,	1
129,	4
130,	0
131,	2
132,	4
133,	1
134,	3
135,	3
136,	2
137,	6
138,	7
139,	2
140,	1
141,	5
142,	3
143,	2
144,	5
145,	1
146,	2
147,	4
148,	6
149,	0
150,	3
151,	6
152,	0
153,	3
154,	2
155,	5
156,	1
157,	4
158,	2
159,	2
160,	2
161,	6
162,	8
163,	5
164,	6
165,	5
166,	2
167,	0
168,	3
169,	2
170,	5
171,	6
172,	2
173,	4
174,	3
175,	1
176,	2
177,	9
178,	5
179,	7
180,	7
181,	2
182,	6
183,	8
184,	3
185,	6
186,	4
187,	0
188,	3
189,	2
190,	4
191,	2
192,	3
193,	0
194,	2
195,	3
196,	3
197,	1
198,	10
199,	4
200,	1
201,	4
202,	6
203,	5
204,	7
205,	4
206,	2
207,	3
208,	1
209,	3
210,	3
211,	2
212,	10
213,	5
214,	2
215,	4
216,	4
217,	3
218,	4
219,	6
220,	4
221,	1
222,	4
223,	6
224,	3
225,	0
226,	5
227,	6
228,	1
229,	4
230,	3
231,	5
232,	4
233,	5
234,	1
235,	3
236,	6
237,	3
238,	4
239,	3
240,	1
241,	1
242,	8
243,	5
244,	8
245,	1
246,	5
247,	5
248,	6
249,	4
250,	2
251,	3
252,	6
253,	2
254,	7
255,	5
256,	4
257,	3
258,	4
259,	4
260,	4
261,	4
262,	7
263,	11
264,	5
265,	1
266,	4
267,	6
268,	5
269,	5
270,	8
271,	4
272,	8
273,	5
274,	7
275,	1
276,	9
277,	8
278,	5
279,	1
280,	0
281,	2
282,	7
283,	7
284,	7
285,	5
286,	3
287,	5
288,	4
289,	2
290,	5
291,	3
292,	6
293,	6
294,	8
295,	3
296,	4
297,	10
298,	3
299,	1
300,	5
301,	1
302,	4
303,	3
304,	2
305,	7
306,	2
307,	6
308,	3
309,	7
310,	5
311,	4
312,	3
313,	7
314,	8
315,	6
316,	8
317,	3
318,	4
319,	2
320,	4
321,	2
322,	9
323,	8
324,	6
325,	5
326,	1
327,	5
328,	9
329,	6
330,	0
331,	7
332,	4
333,	2
334,	8
335,	0
336,	6
337,	9
338,	7
339,	3
340,	7
341,	6
342,	7
343,	7
344,	1
345,	8
346,	9
347,	10
348,	7
349,	0
350,	2
351,	4
352,	9
353,	7
354,	5
355,	4
356,	10
357,	10
358,	5
359,	9
360,	8
361,	6
362,	6
363,	8
364,	7
365,	8
366,	6
367,	5
368,	7
369,	6
370,	4
371,	4
372,	4
373,	9
374,	3
375,	5
376,	8
377,	9
378,	5
379,	4
380,	9
381,	2
382,	3
383,	2
384,	5
385,	6
386,	10
387,	9
388,	8
389,	7
390,	7
391,	0
392,	3
393,	10
394,	9
395,	6
396,	11
397,	7
398,	5
399,	9
400,	8
401,	6
402,	3
403,	5
404,	5
405,	10
406,	2
407,	1
408,	0
409,	2
410,	7
411,	3
412,	5
413,	7
414,	11
415,	11
416,	10
417,	5
418,	9
419,	2
420,	9
421,	4
422,	6
423,	11
424,	8
425,	7
426,	10
427,	5
428,	6
429,	7
430,	9
431,	6
432,	5
433,	6
434,	6
435,	8
436,	5
437,	3
438,	6
439,	6
440,	4
441,	9
442,	0
443,	2
444,	2
445,	9
446,	11
447,	2
448,	6
449,	10
450,	9
451,	4
452,	7
453,	6
454,	4
455,	6
456,	9
457,	11
458,	0
459,	0
460,	11
461,	3
462,	9
463,	7
464,	5
465,	7
466,	6
467,	4
468,	7
469,	5
470,	3
471,	10
472,	7
473,	2
474,	8
475,	0
476,	9
477,	2
478,	7
479,	3
480,	10
481,	4
482,	10
483,	6
484,	7
485,	7
486,	6
487,	8
488,	7
489,	3
490,	4
491,	9
492,	11
493,	10
494,	7
495,	7
496,	7
497,	6
498,	0
499,	10
