Instance: /home/gabriel/Documents/ufrgs/courses/oc/trab/instances/cmb03
Vertices: 1000
Colors: 18
NumIterations: 1
Alpha: 1.000000
Is Factible?: false
Conflicts: 9797
Solution Value: 234916.828125
Vertex,	Color
0,	2
1,	0
2,	0
3,	2
4,	0
5,	0
6,	0
7,	3
8,	3
9,	0
10,	2
11,	0
12,	0
13,	0
14,	0
15,	0
16,	5
17,	1
18,	3
19,	0
20,	5
21,	3
22,	2
23,	0
24,	7
25,	7
26,	0
27,	3
28,	2
29,	0
30,	5
31,	3
32,	3
33,	0
34,	7
35,	0
36,	3
37,	7
38,	0
39,	0
40,	0
41,	2
42,	0
43,	5
44,	3
45,	3
46,	0
47,	0
48,	0
49,	5
50,	0
51,	0
52,	2
53,	3
54,	1
55,	5
56,	3
57,	1
58,	3
59,	0
60,	0
61,	0
62,	3
63,	3
64,	3
65,	0
66,	3
67,	0
68,	0
69,	3
70,	0
71,	0
72,	0
73,	0
74,	0
75,	3
76,	3
77,	5
78,	0
79,	0
80,	0
81,	1
82,	0
83,	2
84,	0
85,	0
86,	7
87,	1
88,	5
89,	0
90,	0
91,	3
92,	0
93,	1
94,	0
95,	0
96,	0
97,	0
98,	0
99,	1
100,	7
101,	0
102,	1
103,	0
104,	5
105,	0
106,	3
107,	0
108,	3
109,	0
110,	0
111,	5
112,	0
113,	0
114,	0
115,	3
116,	0
117,	0
118,	2
119,	0
120,	3
121,	0
122,	5
123,	0
124,	0
125,	3
126,	7
127,	3
128,	7
129,	0
130,	3
131,	1
132,	2
133,	0
134,	1
135,	3
136,	0
137,	1
138,	0
139,	3
140,	0
141,	1
142,	7
143,	5
144,	0
145,	2
146,	3
147,	0
148,	0
149,	3
150,	0
151,	0
152,	0
153,	0
154,	5
155,	0
156,	3
157,	5
158,	0
159,	3
160,	0
161,	0
162,	0
163,	5
164,	3
165,	0
166,	1
167,	3
168,	0
169,	0
170,	0
171,	0
172,	2
173,	0
174,	3
175,	0
176,	5
177,	0
178,	0
179,	1
180,	0
181,	3
182,	0
183,	0
184,	7
185,	0
186,	3
187,	0
188,	3
189,	5
190,	0
191,	0
192,	0
193,	5
194,	0
195,	0
196,	0
197,	0
198,	3
199,	0
200,	0
201,	0
202,	5
203,	0
204,	0
205,	2
206,	3
207,	0
208,	5
209,	0
210,	3
211,	7
212,	1
213,	0
214,	3
215,	3
216,	3
217,	1
218,	0
219,	0
220,	0
221,	0
222,	0
223,	3
224,	0
225,	5
226,	0
227,	0
228,	0
229,	3
230,	0
231,	1
232,	0
233,	3
234,	0
235,	1
236,	0
237,	0
238,	3
239,	0
240,	0
241,	0
242,	3
243,	3
244,	3
245,	0
246,	0
247,	0
248,	0
249,	3
250,	5
251,	0
252,	0
253,	0
254,	0
255,	2
256,	0
257,	0
258,	0
259,	5
260,	0
261,	3
262,	0
263,	0
264,	0
265,	0
266,	0
267,	0
268,	0
269,	3
270,	0
271,	0
272,	0
273,	0
274,	3
275,	5
276,	0
277,	0
278,	0
279,	0
280,	0
281,	0
282,	0
283,	0
284,	5
285,	0
286,	0
287,	0
288,	0
289,	0
290,	0
291,	0
292,	0
293,	0
294,	0
295,	0
296,	0
297,	0
298,	0
299,	2
300,	0
301,	0
302,	0
303,	1
304,	1
305,	0
306,	0
307,	1
308,	0
309,	2
310,	1
311,	0
312,	7
313,	0
314,	3
315,	0
316,	3
317,	5
318,	0
319,	0
320,	5
321,	0
322,	0
323,	0
324,	0
325,	1
326,	3
327,	0
328,	0
329,	0
330,	5
331,	0
332,	7
333,	0
334,	0
335,	1
336,	3
337,	0
338,	0
339,	0
340,	0
341,	7
342,	0
343,	3
344,	0
345,	0
346,	0
347,	5
348,	0
349,	0
350,	0
351,	2
352,	0
353,	7
354,	0
355,	3
356,	0
357,	0
358,	7
359,	1
360,	5
361,	1
362,	0
363,	0
364,	2
365,	1
366,	0
367,	0
368,	0
369,	0
370,	0
371,	1
372,	0
373,	0
374,	0
375,	0
376,	0
377,	3
378,	3
379,	0
380,	0
381,	5
382,	7
383,	3
384,	0
385,	0
386,	0
387,	0
388,	0
389,	0
390,	0
391,	0
392,	3
393,	5
394,	0
395,	3
396,	0
397,	0
398,	5
399,	1
400,	3
401,	0
402,	0
403,	5
404,	3
405,	2
406,	1
407,	0
408,	0
409,	3
410,	0
411,	0
412,	3
413,	0
414,	0
415,	5
416,	0
417,	1
418,	0
419,	5
420,	0
421,	0
422,	2
423,	0
424,	1
425,	0
426,	5
427,	0
428,	0
429,	0
430,	0
431,	7
432,	0
433,	0
434,	0
435,	0
436,	3
437,	0
438,	0
439,	7
440,	2
441,	0
442,	3
443,	0
444,	0
445,	0
446,	0
447,	0
448,	1
449,	2
450,	5
451,	3
452,	0
453,	5
454,	0
455,	7
456,	0
457,	5
458,	0
459,	0
460,	3
461,	3
462,	0
463,	7
464,	0
465,	1
466,	0
467,	0
468,	0
469,	5
470,	0
471,	0
472,	0
473,	5
474,	7
475,	0
476,	0
477,	0
478,	0
479,	3
480,	0
481,	0
482,	3
483,	0
484,	5
485,	0
486,	0
487,	0
488,	3
489,	3
490,	3
491,	0
492,	0
493,	0
494,	0
495,	5
496,	2
497,	0
498,	1
499,	0
500,	3
501,	2
502,	1
503,	3
504,	0
505,	0
506,	0
507,	0
508,	0
509,	0
510,	3
511,	5
512,	1
513,	3
514,	0
515,	3
516,	1
517,	5
518,	0
519,	0
520,	5
521,	3
522,	0
523,	3
524,	2
525,	1
526,	0
527,	3
528,	0
529,	0
530,	0
531,	3
532,	2
533,	0
534,	7
535,	3
536,	0
537,	0
538,	3
539,	5
540,	1
541,	0
542,	2
543,	0
544,	0
545,	0
546,	3
547,	7
548,	0
549,	0
550,	0
551,	5
552,	0
553,	3
554,	2
555,	3
556,	3
557,	3
558,	1
559,	0
560,	0
561,	0
562,	0
563,	0
564,	0
565,	3
566,	0
567,	5
568,	0
569,	7
570,	0
571,	0
572,	0
573,	2
574,	0
575,	1
576,	0
577,	3
578,	0
579,	0
580,	0
581,	0
582,	2
583,	3
584,	3
585,	0
586,	0
587,	0
588,	0
589,	3
590,	0
591,	0
592,	0
593,	0
594,	0
595,	0
596,	3
597,	1
598,	0
599,	0
600,	0
601,	0
602,	1
603,	3
604,	5
605,	5
606,	2
607,	3
608,	5
609,	0
610,	3
611,	0
612,	2
613,	0
614,	0
615,	0
616,	1
617,	5
618,	0
619,	0
620,	0
621,	0
622,	0
623,	3
624,	0
625,	0
626,	0
627,	0
628,	0
629,	0
630,	0
631,	1
632,	0
633,	5
634,	0
635,	0
636,	3
637,	0
638,	0
639,	0
640,	0
641,	3
642,	0
643,	3
644,	0
645,	0
646,	2
647,	7
648,	0
649,	0
650,	0
651,	3
652,	3
653,	5
654,	0
655,	3
656,	0
657,	0
658,	3
659,	0
660,	1
661,	0
662,	5
663,	0
664,	7
665,	1
666,	3
667,	0
668,	0
669,	0
670,	1
671,	3
672,	0
673,	0
674,	0
675,	0
676,	0
677,	0
678,	3
679,	1
680,	0
681,	0
682,	0
683,	7
684,	1
685,	0
686,	3
687,	0
688,	0
689,	0
690,	0
691,	0
692,	3
693,	3
694,	0
695,	5
696,	5
697,	0
698,	0
699,	0
700,	0
701,	5
702,	0
703,	0
704,	0
705,	0
706,	0
707,	3
708,	0
709,	0
710,	0
711,	0
712,	0
713,	0
714,	0
715,	0
716,	3
717,	1
718,	0
719,	0
720,	5
721,	3
722,	0
723,	3
724,	0
725,	0
726,	3
727,	5
728,	3
729,	0
730,	0
731,	0
732,	0
733,	3
734,	0
735,	0
736,	3
737,	3
738,	3
739,	3
740,	0
741,	3
742,	0
743,	0
744,	0
745,	0
746,	0
747,	5
748,	0
749,	3
750,	5
751,	0
752,	0
753,	0
754,	1
755,	0
756,	1
757,	3
758,	3
759,	0
760,	3
761,	0
762,	3
763,	0
764,	3
765,	0
766,	0
767,	0
768,	7
769,	0
770,	3
771,	3
772,	2
773,	7
774,	1
775,	0
776,	3
777,	2
778,	5
779,	3
780,	5
781,	3
782,	0
783,	3
784,	0
785,	0
786,	0
787,	5
788,	5
789,	0
790,	0
791,	0
792,	2
793,	0
794,	1
795,	2
796,	3
797,	3
798,	0
799,	3
800,	1
801,	0
802,	0
803,	0
804,	5
805,	0
806,	0
807,	5
808,	0
809,	0
810,	0
811,	0
812,	5
813,	3
814,	0
815,	0
816,	0
817,	5
818,	5
819,	0
820,	0
821,	0
822,	7
823,	3
824,	0
825,	5
826,	0
827,	0
828,	3
829,	0
830,	0
831,	0
832,	0
833,	7
834,	3
835,	7
836,	5
837,	0
838,	3
839,	2
840,	0
841,	3
842,	0
843,	0
844,	0
845,	3
846,	0
847,	3
848,	1
849,	0
850,	3
851,	0
852,	5
853,	5
854,	0
855,	0
856,	0
857,	3
858,	3
859,	0
860,	0
861,	0
862,	0
863,	0
864,	0
865,	3
866,	0
867,	3
868,	0
869,	0
870,	0
871,	0
872,	3
873,	3
874,	2
875,	3
876,	0
877,	5
878,	1
879,	2
880,	5
881,	0
882,	0
883,	3
884,	2
885,	3
886,	0
887,	0
888,	0
889,	0
890,	7
891,	0
892,	0
893,	0
894,	0
895,	0
896,	3
897,	0
898,	0
899,	0
900,	5
901,	3
902,	3
903,	0
904,	0
905,	0
906,	3
907,	0
908,	5
909,	1
910,	2
911,	1
912,	0
913,	1
914,	0
915,	0
916,	3
917,	3
918,	0
919,	5
920,	0
921,	0
922,	0
923,	0
924,	1
925,	0
926,	0
927,	3
928,	3
929,	0
930,	5
931,	0
932,	5
933,	0
934,	0
935,	0
936,	0
937,	2
938,	3
939,	0
940,	0
941,	3
942,	0
943,	0
944,	0
945,	3
946,	3
947,	0
948,	0
949,	3
950,	0
951,	3
952,	0
953,	1
954,	3
955,	1
956,	0
957,	0
958,	0
959,	3
960,	0
961,	0
962,	0
963,	0
964,	0
965,	0
966,	1
967,	0
968,	0
969,	0
970,	0
971,	0
972,	0
973,	0
974,	0
975,	0
976,	3
977,	0
978,	0
979,	5
980,	0
981,	0
982,	0
983,	5
984,	0
985,	0
986,	0
987,	3
988,	3
989,	0
990,	0
991,	0
992,	0
993,	0
994,	3
995,	3
996,	0
997,	3
998,	0
999,	0
