Instance: /home/gabriel/Documents/ufrgs/courses/oc/trab/instances/cmb01
Vertices: 500
Colors: 12
NumIterations: 1
Alpha: 1.000000
Is Factible?: false
Conflicts: 8
Solution Value: 169105.937500
Vertex,	Color
0,	3
1,	4
2,	6
3,	0
4,	4
5,	3
6,	2
7,	4
8,	0
9,	8
10,	3
11,	3
12,	3
13,	3
14,	4
15,	6
16,	9
17,	6
18,	1
19,	2
20,	1
21,	1
22,	4
23,	5
24,	2
25,	4
26,	1
27,	1
28,	3
29,	3
30,	2
31,	6
32,	5
33,	4
34,	5
35,	3
36,	0
37,	1
38,	6
39,	3
40,	3
41,	2
42,	2
43,	7
44,	0
45,	3
46,	5
47,	2
48,	7
49,	11
50,	4
51,	11
52,	5
53,	1
54,	3
55,	3
56,	5
57,	6
58,	3
59,	2
60,	1
61,	5
62,	8
63,	8
64,	2
65,	7
66,	0
67,	2
68,	9
69,	2
70,	2
71,	1
72,	0
73,	8
74,	2
75,	7
76,	2
77,	4
78,	0
79,	4
80,	9
81,	5
82,	5
83,	1
84,	5
85,	0
86,	1
87,	6
88,	9
89,	7
90,	0
91,	2
92,	3
93,	2
94,	6
95,	5
96,	1
97,	3
98,	4
99,	10
100,	4
101,	8
102,	0
103,	3
104,	2
105,	6
106,	5
107,	2
108,	3
109,	1
110,	3
111,	2
112,	2
113,	2
114,	4
115,	11
116,	5
117,	11
118,	6
119,	4
120,	10
121,	8
122,	0
123,	4
124,	9
125,	2
126,	4
127,	9
128,	4
129,	4
130,	1
131,	3
132,	8
133,	8
134,	3
135,	8
136,	0
137,	3
138,	0
139,	0
140,	3
141,	7
142,	10
143,	5
144,	0
145,	5
146,	5
147,	4
148,	1
149,	1
150,	1
151,	3
152,	3
153,	9
154,	4
155,	6
156,	2
157,	2
158,	1
159,	1
160,	5
161,	7
162,	11
163,	0
164,	2
165,	8
166,	2
167,	4
168,	6
169,	7
170,	0
171,	9
172,	8
173,	2
174,	4
175,	3
176,	3
177,	2
178,	7
179,	6
180,	1
181,	3
182,	7
183,	1
184,	6
185,	1
186,	5
187,	4
188,	5
189,	7
190,	10
191,	0
192,	7
193,	3
194,	0
195,	6
196,	3
197,	7
198,	1
199,	4
200,	5
201,	6
202,	1
203,	7
204,	2
205,	0
206,	0
207,	1
208,	0
209,	2
210,	0
211,	6
212,	7
213,	5
214,	7
215,	1
216,	1
217,	8
218,	0
219,	10
220,	0
221,	2
222,	4
223,	8
224,	0
225,	7
226,	10
227,	6
228,	7
229,	6
230,	5
231,	0
232,	3
233,	5
234,	0
235,	0
236,	3
237,	8
238,	6
239,	9
240,	3
241,	0
242,	8
243,	4
244,	5
245,	5
246,	2
247,	8
248,	9
249,	1
250,	1
251,	2
252,	0
253,	3
254,	11
255,	2
256,	4
257,	2
258,	1
259,	8
260,	0
261,	0
262,	8
263,	5
264,	2
265,	5
266,	1
267,	4
268,	7
269,	2
270,	6
271,	8
272,	3
273,	0
274,	9
275,	0
276,	5
277,	2
278,	5
279,	1
280,	0
281,	3
282,	6
283,	2
284,	11
285,	2
286,	2
287,	4
288,	1
289,	5
290,	2
291,	4
292,	5
293,	3
294,	6
295,	1
296,	7
297,	10
298,	0
299,	2
300,	6
301,	0
302,	9
303,	1
304,	3
305,	1
306,	6
307,	3
308,	1
309,	5
310,	7
311,	1
312,	4
313,	8
314,	5
315,	7
316,	0
317,	4
318,	6
319,	3
320,	1
321,	3
322,	4
323,	4
324,	7
325,	6
326,	1
327,	0
328,	8
329,	5
330,	2
331,	4
332,	4
333,	6
334,	6
335,	7
336,	3
337,	3
338,	1
339,	0
340,	9
341,	0
342,	5
343,	9
344,	1
345,	3
346,	2
347,	2
348,	6
349,	2
350,	3
351,	1
352,	10
353,	6
354,	5
355,	5
356,	6
357,	5
358,	2
359,	7
360,	6
361,	7
362,	0
363,	9
364,	0
365,	9
366,	7
367,	0
368,	1
369,	1
370,	2
371,	9
372,	6
373,	4
374,	6
375,	3
376,	6
377,	5
378,	6
379,	2
380,	4
381,	2
382,	2
383,	1
384,	5
385,	1
386,	2
387,	5
388,	11
389,	3
390,	6
391,	4
392,	1
393,	7
394,	2
395,	0
396,	9
397,	1
398,	4
399,	7
400,	6
401,	7
402,	0
403,	2
404,	0
405,	8
406,	4
407,	7
408,	8
409,	1
410,	0
411,	0
412,	2
413,	0
414,	7
415,	6
416,	2
417,	0
418,	7
419,	3
420,	9
421,	3
422,	0
423,	0
424,	10
425,	2
426,	0
427,	2
428,	1
429,	5
430,	5
431,	4
432,	1
433,	5
434,	6
435,	3
436,	1
437,	2
438,	6
439,	10
440,	8
441,	3
442,	7
443,	4
444,	0
445,	4
446,	4
447,	2
448,	4
449,	6
450,	1
451,	0
452,	4
453,	10
454,	3
455,	6
456,	3
457,	5
458,	4
459,	1
460,	10
461,	4
462,	8
463,	5
464,	8
465,	1
466,	0
467,	2
468,	5
469,	7
470,	0
471,	1
472,	6
473,	0
474,	8
475,	5
476,	5
477,	1
478,	5
479,	10
480,	4
481,	1
482,	1
483,	4
484,	7
485,	3
486,	4
487,	7
488,	3
489,	6
490,	2
491,	10
492,	10
493,	6
494,	8
495,	3
496,	0
497,	8
498,	4
499,	4
