Instance: /home/gabriel/Documents/ufrgs/courses/oc/trab/instances/cmb01
Vertices: 500
Colors: 12
NumIterations: 1
Alpha: 0.500000
Is Factible?: false
Conflicts: 7
Solution Value: 161466.125000
Vertex,	Color
0,	0
1,	0
2,	4
3,	2
4,	2
5,	4
6,	5
7,	2
8,	6
9,	1
10,	2
11,	2
12,	4
13,	4
14,	3
15,	1
16,	6
17,	6
18,	5
19,	5
20,	3
21,	1
22,	2
23,	1
24,	1
25,	2
26,	2
27,	4
28,	3
29,	2
30,	1
31,	0
32,	0
33,	0
34,	3
35,	1
36,	1
37,	1
38,	0
39,	2
40,	0
41,	9
42,	7
43,	1
44,	0
45,	0
46,	0
47,	0
48,	10
49,	0
50,	0
51,	6
52,	5
53,	6
54,	5
55,	5
56,	5
57,	3
58,	3
59,	1
60,	8
61,	3
62,	8
63,	2
64,	8
65,	1
66,	2
67,	1
68,	3
69,	0
70,	0
71,	1
72,	3
73,	5
74,	3
75,	2
76,	3
77,	9
78,	7
79,	5
80,	1
81,	4
82,	4
83,	4
84,	3
85,	7
86,	4
87,	1
88,	1
89,	10
90,	0
91,	1
92,	3
93,	2
94,	1
95,	5
96,	2
97,	0
98,	10
99,	1
100,	5
101,	0
102,	3
103,	5
104,	1
105,	4
106,	4
107,	0
108,	0
109,	9
110,	6
111,	6
112,	2
113,	0
114,	1
115,	4
116,	8
117,	8
118,	0
119,	3
120,	3
121,	7
122,	9
123,	9
124,	2
125,	0
126,	5
127,	2
128,	3
129,	1
130,	4
131,	3
132,	11
133,	5
134,	5
135,	0
136,	0
137,	6
138,	2
139,	0
140,	0
141,	0
142,	6
143,	3
144,	5
145,	2
146,	1
147,	3
148,	7
149,	2
150,	4
151,	5
152,	1
153,	0
154,	7
155,	3
156,	5
157,	6
158,	0
159,	1
160,	1
161,	7
162,	7
163,	2
164,	7
165,	4
166,	0
167,	0
168,	2
169,	6
170,	2
171,	8
172,	4
173,	6
174,	3
175,	3
176,	5
177,	9
178,	5
179,	6
180,	1
181,	0
182,	2
183,	5
184,	0
185,	4
186,	3
187,	0
188,	1
189,	5
190,	5
191,	4
192,	3
193,	1
194,	3
195,	5
196,	0
197,	2
198,	2
199,	7
200,	0
201,	5
202,	7
203,	0
204,	1
205,	1
206,	3
207,	6
208,	6
209,	0
210,	2
211,	1
212,	6
213,	5
214,	4
215,	4
216,	0
217,	4
218,	3
219,	4
220,	2
221,	6
222,	2
223,	0
224,	3
225,	1
226,	5
227,	2
228,	4
229,	5
230,	4
231,	6
232,	10
233,	1
234,	1
235,	0
236,	7
237,	2
238,	0
239,	2
240,	0
241,	1
242,	2
243,	0
244,	3
245,	1
246,	0
247,	0
248,	3
249,	1
250,	2
251,	6
252,	2
253,	1
254,	7
255,	2
256,	0
257,	2
258,	1
259,	7
260,	1
261,	2
262,	1
263,	8
264,	7
265,	1
266,	2
267,	5
268,	5
269,	8
270,	8
271,	2
272,	4
273,	8
274,	1
275,	0
276,	3
277,	2
278,	2
279,	3
280,	1
281,	2
282,	0
283,	3
284,	8
285,	1
286,	4
287,	4
288,	6
289,	3
290,	1
291,	2
292,	3
293,	4
294,	10
295,	1
296,	3
297,	4
298,	3
299,	1
300,	2
301,	1
302,	5
303,	3
304,	0
305,	4
306,	2
307,	7
308,	1
309,	4
310,	7
311,	3
312,	1
313,	4
314,	6
315,	5
316,	11
317,	2
318,	3
319,	3
320,	5
321,	8
322,	3
323,	8
324,	3
325,	6
326,	1
327,	6
328,	10
329,	7
330,	2
331,	4
332,	5
333,	4
334,	6
335,	0
336,	3
337,	7
338,	4
339,	0
340,	6
341,	7
342,	3
343,	6
344,	0
345,	2
346,	3
347,	4
348,	6
349,	2
350,	4
351,	3
352,	9
353,	5
354,	4
355,	4
356,	5
357,	6
358,	5
359,	9
360,	3
361,	2
362,	3
363,	7
364,	6
365,	7
366,	5
367,	10
368,	8
369,	2
370,	7
371,	6
372,	8
373,	0
374,	3
375,	3
376,	4
377,	5
378,	5
379,	2
380,	3
381,	1
382,	2
383,	4
384,	5
385,	4
386,	7
387,	8
388,	8
389,	6
390,	8
391,	2
392,	1
393,	9
394,	6
395,	4
396,	7
397,	8
398,	5
399,	6
400,	7
401,	1
402,	1
403,	4
404,	5
405,	10
406,	0
407,	5
408,	11
409,	8
410,	7
411,	3
412,	6
413,	4
414,	6
415,	11
416,	10
417,	6
418,	9
419,	3
420,	9
421,	7
422,	5
423,	6
424,	7
425,	6
426,	10
427,	0
428,	0
429,	7
430,	8
431,	10
432,	1
433,	4
434,	7
435,	6
436,	6
437,	4
438,	6
439,	8
440,	0
441,	9
442,	0
443,	3
444,	3
445,	7
446,	9
447,	2
448,	2
449,	4
450,	9
451,	8
452,	7
453,	7
454,	3
455,	7
456,	9
457,	11
458,	8
459,	0
460,	10
461,	6
462,	8
463,	8
464,	6
465,	8
466,	6
467,	5
468,	8
469,	3
470,	4
471,	9
472,	8
473,	1
474,	9
475,	10
476,	7
477,	2
478,	7
479,	11
480,	10
481,	4
482,	10
483,	5
484,	7
485,	7
486,	9
487,	8
488,	7
489,	4
490,	3
491,	10
492,	11
493,	8
494,	11
495,	4
496,	9
497,	8
498,	6
499,	4
