Instance: /home/gabriel/Documents/ufrgs/courses/oc/trab/instances/cmb03
Vertices: 1000
Colors: 18
NumIterations: 1
Alpha: 1.000000
Is Factible?: false
Conflicts: 19
Solution Value: 224859.203125
Vertex,	Color
0,	2
1,	11
2,	2
3,	2
4,	8
5,	7
6,	6
7,	7
8,	11
9,	0
10,	7
11,	5
12,	0
13,	3
14,	3
15,	6
16,	11
17,	5
18,	1
19,	6
20,	3
21,	6
22,	0
23,	16
24,	11
25,	9
26,	1
27,	13
28,	0
29,	3
30,	11
31,	9
32,	1
33,	3
34,	2
35,	1
36,	15
37,	12
38,	0
39,	4
40,	0
41,	4
42,	7
43,	5
44,	12
45,	2
46,	12
47,	3
48,	10
49,	1
50,	8
51,	6
52,	11
53,	2
54,	9
55,	11
56,	0
57,	8
58,	7
59,	3
60,	4
61,	0
62,	11
63,	3
64,	6
65,	17
66,	2
67,	11
68,	5
69,	4
70,	5
71,	1
72,	0
73,	13
74,	1
75,	3
76,	9
77,	8
78,	6
79,	0
80,	2
81,	12
82,	10
83,	4
84,	4
85,	11
86,	13
87,	1
88,	3
89,	3
90,	7
91,	1
92,	13
93,	11
94,	11
95,	0
96,	0
97,	3
98,	8
99,	1
100,	6
101,	5
102,	4
103,	14
104,	9
105,	8
106,	7
107,	2
108,	10
109,	15
110,	11
111,	5
112,	1
113,	2
114,	2
115,	4
116,	0
117,	7
118,	1
119,	9
120,	8
121,	6
122,	1
123,	3
124,	16
125,	8
126,	6
127,	3
128,	11
129,	12
130,	6
131,	3
132,	10
133,	13
134,	2
135,	6
136,	8
137,	8
138,	5
139,	2
140,	4
141,	8
142,	4
143,	9
144,	10
145,	4
146,	8
147,	0
148,	10
149,	1
150,	12
151,	7
152,	4
153,	5
154,	12
155,	4
156,	13
157,	5
158,	10
159,	0
160,	3
161,	7
162,	9
163,	15
164,	4
165,	3
166,	2
167,	4
168,	2
169,	1
170,	13
171,	2
172,	11
173,	2
174,	1
175,	3
176,	7
177,	10
178,	0
179,	13
180,	4
181,	6
182,	5
183,	6
184,	0
185,	1
186,	8
187,	16
188,	7
189,	4
190,	13
191,	13
192,	5
193,	4
194,	11
195,	10
196,	1
197,	11
198,	0
199,	5
200,	10
201,	8
202,	2
203,	7
204,	9
205,	1
206,	4
207,	1
208,	9
209,	9
210,	10
211,	8
212,	3
213,	1
214,	8
215,	8
216,	15
217,	2
218,	11
219,	0
220,	7
221,	6
222,	8
223,	12
224,	6
225,	2
226,	8
227,	15
228,	8
229,	11
230,	11
231,	4
232,	12
233,	1
234,	2
235,	0
236,	0
237,	0
238,	6
239,	1
240,	0
241,	4
242,	5
243,	3
244,	5
245,	14
246,	12
247,	6
248,	7
249,	10
250,	9
251,	11
252,	10
253,	14
254,	11
255,	3
256,	10
257,	0
258,	9
259,	10
260,	1
261,	7
262,	0
263,	5
264,	2
265,	9
266,	0
267,	14
268,	7
269,	6
270,	2
271,	5
272,	7
273,	3
274,	15
275,	12
276,	3
277,	8
278,	5
279,	2
280,	9
281,	7
282,	1
283,	13
284,	1
285,	14
286,	3
287,	8
288,	12
289,	1
290,	0
291,	2
292,	1
293,	1
294,	8
295,	3
296,	12
297,	14
298,	5
299,	8
300,	4
301,	8
302,	10
303,	1
304,	11
305,	4
306,	5
307,	6
308,	2
309,	1
310,	5
311,	5
312,	15
313,	1
314,	1
315,	5
316,	16
317,	5
318,	12
319,	5
320,	7
321,	4
322,	6
323,	11
324,	8
325,	5
326,	10
327,	2
328,	5
329,	4
330,	7
331,	0
332,	2
333,	4
334,	14
335,	3
336,	1
337,	0
338,	0
339,	0
340,	0
341,	0
342,	0
343,	4
344,	4
345,	1
346,	4
347,	3
348,	11
349,	4
350,	10
351,	10
352,	2
353,	8
354,	8
355,	3
356,	3
357,	8
358,	4
359,	8
360,	1
361,	2
362,	8
363,	7
364,	3
365,	6
366,	13
367,	1
368,	12
369,	4
370,	2
371,	0
372,	9
373,	11
374,	15
375,	1
376,	6
377,	3
378,	2
379,	2
380,	2
381,	0
382,	7
383,	3
384,	8
385,	9
386,	8
387,	7
388,	13
389,	13
390,	3
391,	4
392,	9
393,	0
394,	10
395,	2
396,	10
397,	7
398,	3
399,	2
400,	14
401,	5
402,	8
403,	11
404,	7
405,	1
406,	0
407,	6
408,	14
409,	4
410,	9
411,	15
412,	3
413,	1
414,	10
415,	10
416,	2
417,	0
418,	5
419,	7
420,	2
421,	2
422,	8
423,	13
424,	3
425,	6
426,	0
427,	1
428,	4
429,	4
430,	0
431,	9
432,	10
433,	1
434,	12
435,	5
436,	1
437,	3
438,	8
439,	7
440,	7
441,	0
442,	0
443,	0
444,	5
445,	7
446,	6
447,	1
448,	4
449,	3
450,	3
451,	9
452,	15
453,	14
454,	9
455,	9
456,	5
457,	8
458,	9
459,	0
460,	7
461,	3
462,	11
463,	12
464,	1
465,	1
466,	7
467,	5
468,	2
469,	0
470,	4
471,	8
472,	2
473,	9
474,	2
475,	10
476,	10
477,	6
478,	10
479,	9
480,	4
481,	4
482,	8
483,	0
484,	1
485,	0
486,	2
487,	12
488,	0
489,	2
490,	2
491,	7
492,	9
493,	12
494,	2
495,	2
496,	6
497,	12
498,	6
499,	0
500,	12
501,	11
502,	10
503,	7
504,	4
505,	2
506,	3
507,	4
508,	5
509,	0
510,	3
511,	8
512,	6
513,	15
514,	14
515,	2
516,	9
517,	5
518,	6
519,	7
520,	6
521,	7
522,	7
523,	6
524,	5
525,	10
526,	3
527,	0
528,	17
529,	17
530,	10
531,	2
532,	4
533,	0
534,	3
535,	0
536,	6
537,	1
538,	7
539,	1
540,	1
541,	2
542,	2
543,	8
544,	10
545,	2
546,	11
547,	5
548,	0
549,	9
550,	3
551,	0
552,	6
553,	14
554,	12
555,	13
556,	9
557,	2
558,	6
559,	7
560,	2
561,	10
562,	3
563,	1
564,	0
565,	14
566,	5
567,	6
568,	9
569,	6
570,	9
571,	4
572,	13
573,	8
574,	0
575,	11
576,	8
577,	15
578,	10
579,	9
580,	1
581,	8
582,	9
583,	8
584,	10
585,	1
586,	12
587,	3
588,	1
589,	2
590,	9
591,	12
592,	12
593,	2
594,	10
595,	8
596,	9
597,	13
598,	9
599,	17
600,	3
601,	7
602,	4
603,	0
604,	2
605,	6
606,	1
607,	5
608,	13
609,	3
610,	3
611,	0
612,	2
613,	13
614,	5
615,	0
616,	3
617,	4
618,	1
619,	4
620,	2
621,	2
622,	3
623,	4
624,	2
625,	5
626,	6
627,	11
628,	3
629,	8
630,	7
631,	2
632,	10
633,	8
634,	4
635,	0
636,	5
637,	6
638,	6
639,	2
640,	3
641,	11
642,	15
643,	7
644,	9
645,	10
646,	10
647,	14
648,	10
649,	15
650,	11
651,	0
652,	1
653,	6
654,	4
655,	16
656,	2
657,	16
658,	2
659,	0
660,	2
661,	1
662,	0
663,	1
664,	3
665,	5
666,	7
667,	1
668,	6
669,	10
670,	12
671,	3
672,	5
673,	17
674,	3
675,	11
676,	0
677,	3
678,	4
679,	7
680,	6
681,	11
682,	6
683,	1
684,	0
685,	1
686,	8
687,	13
688,	0
689,	14
690,	7
691,	4
692,	5
693,	5
694,	7
695,	10
696,	8
697,	7
698,	6
699,	5
700,	0
701,	12
702,	7
703,	0
704,	5
705,	4
706,	8
707,	6
708,	3
709,	1
710,	9
711,	1
712,	8
713,	3
714,	1
715,	12
716,	5
717,	5
718,	0
719,	3
720,	5
721,	13
722,	12
723,	5
724,	4
725,	6
726,	5
727,	2
728,	9
729,	10
730,	16
731,	2
732,	0
733,	5
734,	6
735,	7
736,	0
737,	13
738,	10
739,	11
740,	5
741,	3
742,	6
743,	4
744,	8
745,	6
746,	4
747,	7
748,	17
749,	11
750,	1
751,	1
752,	9
753,	6
754,	0
755,	4
756,	3
757,	4
758,	0
759,	15
760,	1
761,	1
762,	9
763,	9
764,	10
765,	11
766,	3
767,	2
768,	5
769,	5
770,	0
771,	10
772,	6
773,	5
774,	0
775,	5
776,	11
777,	0
778,	1
779,	6
780,	8
781,	12
782,	12
783,	5
784,	6
785,	7
786,	9
787,	13
788,	14
789,	2
790,	3
791,	10
792,	6
793,	7
794,	4
795,	5
796,	11
797,	9
798,	11
799,	0
800,	13
801,	6
802,	8
803,	13
804,	11
805,	8
806,	2
807,	5
808,	5
809,	12
810,	0
811,	9
812,	9
813,	2
814,	3
815,	11
816,	10
817,	3
818,	12
819,	7
820,	3
821,	7
822,	2
823,	6
824,	5
825,	5
826,	5
827,	11
828,	1
829,	1
830,	12
831,	9
832,	13
833,	1
834,	4
835,	10
836,	4
837,	3
838,	10
839,	7
840,	11
841,	0
842,	10
843,	5
844,	0
845,	3
846,	6
847,	5
848,	6
849,	2
850,	6
851,	5
852,	11
853,	4
854,	4
855,	8
856,	5
857,	7
858,	0
859,	6
860,	9
861,	7
862,	4
863,	17
864,	1
865,	12
866,	14
867,	5
868,	3
869,	0
870,	11
871,	13
872,	11
873,	1
874,	9
875,	5
876,	7
877,	4
878,	7
879,	3
880,	0
881,	5
882,	6
883,	4
884,	5
885,	12
886,	10
887,	0
888,	8
889,	7
890,	3
891,	7
892,	4
893,	7
894,	7
895,	8
896,	1
897,	14
898,	3
899,	2
900,	12
901,	17
902,	2
903,	2
904,	7
905,	11
906,	12
907,	3
908,	2
909,	9
910,	9
911,	3
912,	4
913,	1
914,	10
915,	5
916,	8
917,	2
918,	3
919,	9
920,	0
921,	2
922,	6
923,	11
924,	6
925,	2
926,	1
927,	4
928,	10
929,	4
930,	3
931,	7
932,	2
933,	1
934,	13
935,	10
936,	10
937,	0
938,	10
939,	3
940,	1
941,	5
942,	1
943,	8
944,	15
945,	3
946,	6
947,	10
948,	2
949,	12
950,	14
951,	8
952,	4
953,	7
954,	12
955,	12
956,	7
957,	14
958,	10
959,	8
960,	12
961,	16
962,	0
963,	1
964,	17
965,	6
966,	7
967,	6
968,	8
969,	7
970,	14
971,	16
972,	12
973,	2
974,	9
975,	6
976,	9
977,	3
978,	7
979,	6
980,	5
981,	4
982,	4
983,	9
984,	1
985,	6
986,	4
987,	15
988,	4
989,	10
990,	13
991,	4
992,	12
993,	5
994,	3
995,	14
996,	9
997,	1
998,	14
999,	2
