Instance: /home/gabriel/Documents/ufrgs/courses/oc/trab/instances/cmb03
Vertices: 1000
Colors: 18
NumIterations: 1
Alpha: 1.000000
Is Factible?: false
Conflicts: 20
Solution Value: 239355.250000
Vertex,	Color
0,	5
1,	8
2,	11
3,	6
4,	0
5,	8
6,	7
7,	13
8,	5
9,	0
10,	3
11,	8
12,	6
13,	8
14,	1
15,	15
16,	4
17,	7
18,	6
19,	2
20,	4
21,	10
22,	7
23,	1
24,	12
25,	10
26,	7
27,	6
28,	0
29,	2
30,	5
31,	12
32,	3
33,	8
34,	5
35,	7
36,	2
37,	6
38,	1
39,	1
40,	9
41,	5
42,	10
43,	7
44,	10
45,	9
46,	8
47,	15
48,	14
49,	2
50,	11
51,	11
52,	8
53,	5
54,	10
55,	11
56,	10
57,	8
58,	3
59,	2
60,	13
61,	0
62,	8
63,	13
64,	5
65,	3
66,	0
67,	5
68,	3
69,	9
70,	12
71,	9
72,	2
73,	5
74,	3
75,	13
76,	3
77,	12
78,	10
79,	10
80,	9
81,	6
82,	8
83,	7
84,	11
85,	2
86,	9
87,	5
88,	0
89,	10
90,	5
91,	9
92,	10
93,	3
94,	7
95,	0
96,	14
97,	5
98,	8
99,	0
100,	11
101,	6
102,	13
103,	4
104,	3
105,	8
106,	8
107,	1
108,	14
109,	6
110,	14
111,	9
112,	9
113,	7
114,	4
115,	6
116,	3
117,	1
118,	1
119,	4
120,	8
121,	3
122,	1
123,	12
124,	0
125,	2
126,	0
127,	2
128,	4
129,	7
130,	6
131,	9
132,	5
133,	11
134,	0
135,	12
136,	13
137,	11
138,	10
139,	10
140,	6
141,	0
142,	9
143,	0
144,	8
145,	0
146,	15
147,	4
148,	6
149,	4
150,	7
151,	6
152,	7
153,	8
154,	6
155,	10
156,	1
157,	2
158,	8
159,	2
160,	4
161,	3
162,	13
163,	4
164,	1
165,	5
166,	13
167,	3
168,	6
169,	1
170,	17
171,	1
172,	11
173,	13
174,	3
175,	2
176,	1
177,	0
178,	3
179,	1
180,	13
181,	2
182,	7
183,	6
184,	1
185,	2
186,	13
187,	0
188,	3
189,	14
190,	12
191,	12
192,	3
193,	6
194,	4
195,	0
196,	9
197,	6
198,	5
199,	8
200,	0
201,	1
202,	1
203,	5
204,	1
205,	9
206,	7
207,	0
208,	6
209,	9
210,	4
211,	5
212,	3
213,	11
214,	8
215,	6
216,	6
217,	0
218,	14
219,	10
220,	6
221,	8
222,	6
223,	3
224,	5
225,	11
226,	0
227,	12
228,	0
229,	8
230,	17
231,	4
232,	12
233,	0
234,	0
235,	5
236,	0
237,	1
238,	5
239,	4
240,	6
241,	0
242,	7
243,	4
244,	9
245,	1
246,	7
247,	3
248,	2
249,	11
250,	13
251,	5
252,	12
253,	6
254,	9
255,	2
256,	6
257,	4
258,	2
259,	9
260,	6
261,	0
262,	14
263,	2
264,	10
265,	0
266,	4
267,	15
268,	2
269,	5
270,	4
271,	0
272,	7
273,	2
274,	11
275,	5
276,	2
277,	14
278,	2
279,	4
280,	4
281,	8
282,	1
283,	11
284,	5
285,	5
286,	7
287,	1
288,	14
289,	6
290,	7
291,	4
292,	6
293,	7
294,	1
295,	9
296,	1
297,	7
298,	10
299,	6
300,	9
301,	1
302,	3
303,	7
304,	14
305,	2
306,	7
307,	8
308,	5
309,	2
310,	1
311,	6
312,	12
313,	0
314,	1
315,	5
316,	13
317,	8
318,	8
319,	4
320,	2
321,	15
322,	4
323,	13
324,	0
325,	2
326,	13
327,	0
328,	5
329,	8
330,	3
331,	7
332,	4
333,	11
334,	6
335,	9
336,	0
337,	5
338,	2
339,	10
340,	8
341,	14
342,	0
343,	6
344,	3
345,	0
346,	0
347,	3
348,	17
349,	4
350,	0
351,	10
352,	11
353,	8
354,	1
355,	8
356,	1
357,	15
358,	15
359,	5
360,	9
361,	12
362,	8
363,	5
364,	0
365,	1
366,	11
367,	6
368,	4
369,	7
370,	4
371,	12
372,	7
373,	0
374,	10
375,	3
376,	1
377,	2
378,	12
379,	5
380,	4
381,	2
382,	3
383,	6
384,	9
385,	4
386,	2
387,	13
388,	8
389,	11
390,	1
391,	1
392,	9
393,	12
394,	8
395,	11
396,	13
397,	2
398,	3
399,	1
400,	13
401,	3
402,	8
403,	6
404,	8
405,	1
406,	3
407,	13
408,	2
409,	11
410,	11
411,	3
412,	14
413,	13
414,	2
415,	9
416,	9
417,	6
418,	10
419,	10
420,	2
421,	4
422,	0
423,	10
424,	1
425,	6
426,	6
427,	0
428,	9
429,	3
430,	3
431,	7
432,	15
433,	9
434,	7
435,	11
436,	13
437,	4
438,	2
439,	4
440,	8
441,	1
442,	4
443,	0
444,	8
445,	7
446,	3
447,	4
448,	6
449,	2
450,	5
451,	3
452,	0
453,	10
454,	4
455,	5
456,	1
457,	12
458,	11
459,	0
460,	10
461,	4
462,	8
463,	14
464,	6
465,	4
466,	2
467,	10
468,	4
469,	9
470,	0
471,	9
472,	7
473,	11
474,	0
475,	12
476,	10
477,	1
478,	13
479,	9
480,	5
481,	3
482,	9
483,	9
484,	11
485,	9
486,	4
487,	5
488,	3
489,	1
490,	4
491,	13
492,	0
493,	13
494,	3
495,	7
496,	3
497,	10
498,	0
499,	8
500,	1
501,	0
502,	8
503,	3
504,	2
505,	4
506,	10
507,	11
508,	3
509,	11
510,	16
511,	15
512,	10
513,	0
514,	2
515,	10
516,	8
517,	3
518,	3
519,	9
520,	10
521,	1
522,	2
523,	10
524,	4
525,	13
526,	1
527,	11
528,	14
529,	3
530,	8
531,	0
532,	12
533,	1
534,	2
535,	4
536,	5
537,	6
538,	9
539,	2
540,	2
541,	5
542,	3
543,	10
544,	10
545,	6
546,	4
547,	3
548,	2
549,	9
550,	1
551,	8
552,	7
553,	13
554,	4
555,	4
556,	8
557,	2
558,	10
559,	3
560,	11
561,	0
562,	4
563,	5
564,	12
565,	7
566,	12
567,	16
568,	16
569,	1
570,	11
571,	16
572,	4
573,	4
574,	5
575,	0
576,	9
577,	2
578,	0
579,	11
580,	2
581,	8
582,	2
583,	0
584,	8
585,	4
586,	2
587,	0
588,	3
589,	6
590,	14
591,	2
592,	6
593,	4
594,	7
595,	7
596,	15
597,	9
598,	15
599,	14
600,	2
601,	3
602,	7
603,	2
604,	3
605,	0
606,	5
607,	7
608,	1
609,	10
610,	2
611,	8
612,	6
613,	1
614,	1
615,	0
616,	1
617,	0
618,	9
619,	0
620,	7
621,	4
622,	0
623,	14
624,	0
625,	1
626,	9
627,	10
628,	8
629,	16
630,	13
631,	9
632,	10
633,	8
634,	5
635,	3
636,	3
637,	4
638,	5
639,	14
640,	1
641,	15
642,	7
643,	11
644,	11
645,	8
646,	6
647,	7
648,	0
649,	3
650,	8
651,	8
652,	14
653,	4
654,	0
655,	11
656,	11
657,	11
658,	10
659,	1
660,	4
661,	10
662,	1
663,	7
664,	8
665,	2
666,	1
667,	2
668,	6
669,	13
670,	4
671,	7
672,	16
673,	12
674,	5
675,	5
676,	12
677,	12
678,	7
679,	2
680,	3
681,	5
682,	2
683,	2
684,	7
685,	5
686,	11
687,	15
688,	0
689,	16
690,	2
691,	4
692,	7
693,	12
694,	12
695,	9
696,	10
697,	0
698,	7
699,	2
700,	1
701,	5
702,	6
703,	2
704,	1
705,	14
706,	4
707,	3
708,	11
709,	1
710,	4
711,	12
712,	0
713,	8
714,	2
715,	0
716,	5
717,	4
718,	1
719,	1
720,	1
721,	8
722,	11
723,	6
724,	1
725,	5
726,	9
727,	10
728,	12
729,	7
730,	0
731,	12
732,	2
733,	12
734,	0
735,	2
736,	10
737,	10
738,	10
739,	3
740,	5
741,	8
742,	2
743,	13
744,	10
745,	0
746,	3
747,	2
748,	9
749,	12
750,	2
751,	6
752,	10
753,	6
754,	5
755,	9
756,	4
757,	4
758,	3
759,	2
760,	4
761,	11
762,	0
763,	3
764,	1
765,	17
766,	10
767,	2
768,	0
769,	0
770,	4
771,	2
772,	1
773,	1
774,	6
775,	2
776,	4
777,	7
778,	3
779,	14
780,	8
781,	9
782,	3
783,	2
784,	0
785,	2
786,	0
787,	0
788,	0
789,	12
790,	9
791,	6
792,	4
793,	3
794,	2
795,	2
796,	0
797,	8
798,	5
799,	5
800,	11
801,	10
802,	6
803,	12
804,	12
805,	3
806,	11
807,	5
808,	3
809,	4
810,	15
811,	12
812,	11
813,	4
814,	2
815,	2
816,	9
817,	0
818,	7
819,	0
820,	6
821,	10
822,	0
823,	0
824,	5
825,	6
826,	9
827,	6
828,	1
829,	9
830,	1
831,	16
832,	6
833,	6
834,	6
835,	13
836,	14
837,	5
838,	11
839,	3
840,	7
841,	7
842,	4
843,	4
844,	5
845,	2
846,	3
847,	6
848,	7
849,	1
850,	14
851,	11
852,	4
853,	8
854,	8
855,	7
856,	3
857,	5
858,	12
859,	3
860,	1
861,	7
862,	4
863,	9
864,	7
865,	5
866,	12
867,	2
868,	3
869,	0
870,	6
871,	0
872,	12
873,	0
874,	8
875,	0
876,	2
877,	1
878,	12
879,	10
880,	2
881,	11
882,	6
883,	3
884,	7
885,	6
886,	6
887,	5
888,	6
889,	7
890,	4
891,	15
892,	13
893,	3
894,	1
895,	9
896,	0
897,	4
898,	8
899,	1
900,	7
901,	16
902,	1
903,	4
904,	3
905,	16
906,	7
907,	4
908,	4
909,	11
910,	1
911,	3
912,	4
913,	6
914,	5
915,	1
916,	4
917,	1
918,	3
919,	7
920,	8
921,	5
922,	5
923,	9
924,	6
925,	10
926,	0
927,	2
928,	5
929,	1
930,	13
931,	2
932,	1
933,	2
934,	4
935,	10
936,	6
937,	3
938,	6
939,	2
940,	8
941,	9
942,	13
943,	6
944,	17
945,	5
946,	0
947,	5
948,	4
949,	5
950,	7
951,	10
952,	9
953,	3
954,	0
955,	5
956,	7
957,	6
958,	5
959,	0
960,	1
961,	14
962,	7
963,	1
964,	8
965,	1
966,	3
967,	10
968,	2
969,	0
970,	0
971,	6
972,	2
973,	0
974,	3
975,	7
976,	0
977,	9
978,	0
979,	8
980,	5
981,	5
982,	1
983,	13
984,	3
985,	1
986,	11
987,	1
988,	7
989,	4
990,	2
991,	9
992,	10
993,	4
994,	2
995,	7
996,	3
997,	7
998,	10
999,	8
