Instance: /home/gabriel/Documents/ufrgs/courses/oc/trab/instances/cmb01
Vertices: 500
Colors: 12
NumIterations: 100
Alpha: 0.850000
Is Factible?: false
Conflicts: 17
Solution Value: 162194.968750
Vertex,	Color
0,	2
1,	0
2,	2
3,	0
4,	5
5,	0
6,	2
7,	1
8,	0
9,	2
10,	0
11,	1
12,	0
13,	0
14,	5
15,	2
16,	0
17,	3
18,	0
19,	0
20,	2
21,	2
22,	1
23,	1
24,	1
25,	0
26,	1
27,	0
28,	2
29,	1
30,	0
31,	0
32,	2
33,	0
34,	1
35,	6
36,	2
37,	0
38,	0
39,	1
40,	0
41,	0
42,	0
43,	0
44,	0
45,	1
46,	0
47,	1
48,	0
49,	6
50,	0
51,	0
52,	1
53,	1
54,	0
55,	0
56,	1
57,	0
58,	0
59,	0
60,	3
61,	0
62,	0
63,	0
64,	0
65,	1
66,	3
67,	2
68,	1
69,	5
70,	0
71,	1
72,	1
73,	1
74,	1
75,	1
76,	0
77,	5
78,	0
79,	2
80,	2
81,	1
82,	5
83,	1
84,	0
85,	0
86,	4
87,	0
88,	2
89,	2
90,	2
91,	2
92,	3
93,	0
94,	2
95,	1
96,	1
97,	2
98,	5
99,	0
100,	4
101,	4
102,	1
103,	3
104,	1
105,	3
106,	2
107,	3
108,	1
109,	8
110,	5
111,	3
112,	0
113,	2
114,	4
115,	3
116,	1
117,	2
118,	1
119,	5
120,	3
121,	4
122,	3
123,	5
124,	2
125,	1
126,	3
127,	3
128,	2
129,	4
130,	1
131,	1
132,	6
133,	1
134,	2
135,	2
136,	2
137,	6
138,	4
139,	1
140,	1
141,	3
142,	4
143,	2
144,	4
145,	1
146,	2
147,	3
148,	5
149,	0
150,	3
151,	6
152,	0
153,	3
154,	1
155,	6
156,	2
157,	3
158,	3
159,	1
160,	2
161,	4
162,	9
163,	4
164,	5
165,	4
166,	3
167,	0
168,	2
169,	1
170,	3
171,	0
172,	2
173,	4
174,	4
175,	4
176,	2
177,	7
178,	1
179,	7
180,	6
181,	2
182,	6
183,	7
184,	2
185,	4
186,	3
187,	0
188,	2
189,	5
190,	4
191,	1
192,	2
193,	3
194,	3
195,	2
196,	3
197,	0
198,	1
199,	4
200,	0
201,	4
202,	6
203,	5
204,	6
205,	4
206,	2
207,	4
208,	3
209,	3
210,	5
211,	0
212,	0
213,	5
214,	4
215,	4
216,	3
217,	5
218,	4
219,	8
220,	4
221,	1
222,	4
223,	5
224,	3
225,	0
226,	7
227,	3
228,	1
229,	7
230,	3
231,	6
232,	4
233,	5
234,	3
235,	7
236,	6
237,	5
238,	3
239,	4
240,	1
241,	1
242,	7
243,	3
244,	5
245,	1
246,	5
247,	6
248,	6
249,	3
250,	2
251,	1
252,	4
253,	2
254,	8
255,	1
256,	3
257,	3
258,	3
259,	4
260,	5
261,	4
262,	7
263,	10
264,	6
265,	0
266,	3
267,	5
268,	5
269,	9
270,	9
271,	3
272,	7
273,	6
274,	8
275,	1
276,	8
277,	5
278,	3
279,	1
280,	2
281,	2
282,	6
283,	4
284,	7
285,	5
286,	2
287,	5
288,	5
289,	2
290,	5
291,	1
292,	6
293,	6
294,	11
295,	6
296,	6
297,	9
298,	4
299,	3
300,	3
301,	1
302,	4
303,	4
304,	5
305,	3
306,	2
307,	6
308,	3
309,	7
310,	5
311,	6
312,	2
313,	7
314,	3
315,	7
316,	8
317,	4
318,	4
319,	1
320,	4
321,	1
322,	2
323,	7
324,	6
325,	5
326,	2
327,	6
328,	4
329,	6
330,	0
331,	7
332,	5
333,	7
334,	8
335,	0
336,	7
337,	9
338,	5
339,	6
340,	7
341,	10
342,	4
343,	7
344,	1
345,	7
346,	3
347,	9
348,	7
349,	1
350,	2
351,	0
352,	10
353,	7
354,	5
355,	5
356,	9
357,	8
358,	4
359,	0
360,	8
361,	3
362,	2
363,	6
364,	8
365,	8
366,	9
367,	3
368,	7
369,	6
370,	8
371,	3
372,	5
373,	5
374,	4
375,	5
376,	8
377,	5
378,	5
379,	5
380,	4
381,	2
382,	2
383,	3
384,	3
385,	4
386,	8
387,	9
388,	8
389,	7
390,	7
391,	0
392,	3
393,	8
394,	9
395,	2
396,	10
397,	7
398,	4
399,	9
400,	9
401,	6
402,	3
403,	7
404,	5
405,	10
406,	9
407,	7
408,	0
409,	7
410,	6
411,	5
412,	6
413,	7
414,	5
415,	11
416,	10
417,	1
418,	10
419,	7
420,	10
421,	7
422,	6
423,	5
424,	8
425,	8
426,	9
427,	3
428,	0
429,	6
430,	9
431,	7
432,	0
433,	2
434,	5
435,	11
436,	5
437,	4
438,	7
439,	7
440,	0
441,	2
442,	0
443,	2
444,	3
445,	8
446,	11
447,	2
448,	6
449,	9
450,	5
451,	2
452,	7
453,	9
454,	4
455,	8
456,	8
457,	11
458,	0
459,	11
460,	10
461,	6
462,	8
463,	9
464,	8
465,	7
466,	4
467,	3
468,	9
469,	5
470,	4
471,	9
472,	7
473,	2
474,	8
475,	11
476,	6
477,	2
478,	5
479,	7
480,	9
481,	4
482,	10
483,	6
484,	9
485,	9
486,	7
487,	8
488,	6
489,	7
490,	6
491,	9
492,	11
493,	11
494,	7
495,	4
496,	10
497,	8
498,	6
499,	5
