Instance: /home/gabriel/Documents/ufrgs/courses/oc/trab/instances/cmb03
Vertices: 1000
Colors: 18
NumIterations: 1
Alpha: 1.000000
Is Factible?: false
Conflicts: 23
Solution Value: 233683.906250
Vertex,	Color
0,	12
1,	8
2,	0
3,	9
4,	16
5,	7
6,	5
7,	10
8,	2
9,	5
10,	8
11,	6
12,	11
13,	5
14,	10
15,	3
16,	4
17,	13
18,	12
19,	12
20,	5
21,	11
22,	10
23,	1
24,	8
25,	4
26,	1
27,	9
28,	7
29,	0
30,	9
31,	13
32,	3
33,	5
34,	14
35,	0
36,	10
37,	3
38,	8
39,	1
40,	13
41,	6
42,	10
43,	2
44,	0
45,	12
46,	0
47,	4
48,	8
49,	0
50,	13
51,	2
52,	7
53,	2
54,	6
55,	0
56,	3
57,	6
58,	17
59,	9
60,	6
61,	3
62,	11
63,	15
64,	4
65,	13
66,	1
67,	6
68,	1
69,	8
70,	13
71,	9
72,	8
73,	5
74,	5
75,	11
76,	2
77,	11
78,	8
79,	0
80,	0
81,	4
82,	5
83,	5
84,	1
85,	6
86,	1
87,	7
88,	7
89,	2
90,	8
91,	1
92,	8
93,	5
94,	11
95,	2
96,	0
97,	9
98,	11
99,	0
100,	3
101,	7
102,	11
103,	14
104,	13
105,	11
106,	0
107,	6
108,	0
109,	3
110,	6
111,	6
112,	9
113,	7
114,	16
115,	2
116,	2
117,	8
118,	8
119,	10
120,	7
121,	12
122,	6
123,	1
124,	1
125,	13
126,	1
127,	7
128,	8
129,	12
130,	15
131,	13
132,	4
133,	4
134,	9
135,	3
136,	12
137,	11
138,	9
139,	5
140,	4
141,	2
142,	7
143,	2
144,	11
145,	3
146,	4
147,	4
148,	9
149,	3
150,	14
151,	2
152,	3
153,	6
154,	8
155,	2
156,	4
157,	9
158,	10
159,	5
160,	4
161,	6
162,	2
163,	5
164,	13
165,	5
166,	1
167,	7
168,	9
169,	0
170,	0
171,	2
172,	1
173,	11
174,	3
175,	0
176,	0
177,	3
178,	9
179,	6
180,	17
181,	10
182,	0
183,	3
184,	2
185,	3
186,	5
187,	3
188,	10
189,	5
190,	4
191,	4
192,	2
193,	4
194,	7
195,	3
196,	9
197,	10
198,	5
199,	7
200,	0
201,	2
202,	0
203,	9
204,	11
205,	4
206,	6
207,	5
208,	4
209,	2
210,	0
211,	11
212,	10
213,	1
214,	9
215,	10
216,	9
217,	4
218,	8
219,	0
220,	11
221,	8
222,	1
223,	6
224,	6
225,	3
226,	7
227,	1
228,	1
229,	12
230,	6
231,	2
232,	4
233,	0
234,	6
235,	8
236,	5
237,	10
238,	7
239,	9
240,	1
241,	2
242,	5
243,	8
244,	8
245,	3
246,	3
247,	1
248,	1
249,	14
250,	3
251,	10
252,	3
253,	11
254,	1
255,	4
256,	0
257,	7
258,	7
259,	4
260,	2
261,	0
262,	15
263,	0
264,	2
265,	9
266,	2
267,	11
268,	8
269,	0
270,	14
271,	2
272,	12
273,	5
274,	11
275,	14
276,	3
277,	7
278,	8
279,	3
280,	5
281,	0
282,	3
283,	5
284,	5
285,	1
286,	1
287,	12
288,	12
289,	2
290,	7
291,	7
292,	8
293,	6
294,	8
295,	1
296,	13
297,	7
298,	4
299,	2
300,	2
301,	1
302,	10
303,	0
304,	9
305,	0
306,	8
307,	3
308,	7
309,	0
310,	3
311,	3
312,	12
313,	0
314,	11
315,	7
316,	7
317,	1
318,	4
319,	3
320,	11
321,	13
322,	4
323,	6
324,	1
325,	2
326,	0
327,	6
328,	16
329,	4
330,	3
331,	7
332,	6
333,	0
334,	4
335,	1
336,	5
337,	12
338,	7
339,	5
340,	7
341,	0
342,	0
343,	12
344,	0
345,	0
346,	9
347,	11
348,	15
349,	0
350,	9
351,	4
352,	8
353,	14
354,	5
355,	8
356,	8
357,	9
358,	10
359,	7
360,	4
361,	0
362,	11
363,	12
364,	7
365,	1
366,	1
367,	6
368,	1
369,	7
370,	1
371,	9
372,	10
373,	11
374,	9
375,	4
376,	0
377,	14
378,	3
379,	10
380,	2
381,	11
382,	13
383,	3
384,	2
385,	10
386,	6
387,	5
388,	11
389,	11
390,	3
391,	9
392,	12
393,	3
394,	2
395,	8
396,	10
397,	6
398,	7
399,	0
400,	2
401,	0
402,	7
403,	9
404,	9
405,	0
406,	0
407,	5
408,	8
409,	0
410,	7
411,	10
412,	1
413,	1
414,	2
415,	12
416,	3
417,	8
418,	0
419,	7
420,	12
421,	1
422,	6
423,	0
424,	1
425,	4
426,	6
427,	11
428,	10
429,	6
430,	5
431,	4
432,	11
433,	6
434,	7
435,	4
436,	6
437,	0
438,	2
439,	6
440,	3
441,	6
442,	1
443,	3
444,	5
445,	2
446,	2
447,	2
448,	9
449,	1
450,	13
451,	10
452,	11
453,	6
454,	4
455,	8
456,	12
457,	2
458,	3
459,	4
460,	0
461,	5
462,	4
463,	11
464,	4
465,	0
466,	8
467,	1
468,	6
469,	0
470,	4
471,	9
472,	7
473,	12
474,	4
475,	13
476,	3
477,	1
478,	3
479,	9
480,	3
481,	5
482,	6
483,	0
484,	7
485,	3
486,	2
487,	3
488,	4
489,	7
490,	7
491,	12
492,	2
493,	5
494,	2
495,	2
496,	1
497,	11
498,	2
499,	7
500,	7
501,	0
502,	7
503,	9
504,	3
505,	7
506,	0
507,	13
508,	13
509,	0
510,	14
511,	11
512,	8
513,	10
514,	2
515,	3
516,	3
517,	1
518,	16
519,	15
520,	10
521,	0
522,	5
523,	4
524,	3
525,	0
526,	2
527,	6
528,	4
529,	4
530,	10
531,	3
532,	2
533,	5
534,	0
535,	4
536,	10
537,	4
538,	14
539,	2
540,	7
541,	5
542,	8
543,	12
544,	5
545,	3
546,	6
547,	1
548,	9
549,	1
550,	1
551,	5
552,	3
553,	2
554,	12
555,	5
556,	1
557,	7
558,	2
559,	10
560,	13
561,	2
562,	0
563,	6
564,	7
565,	10
566,	2
567,	10
568,	2
569,	9
570,	5
571,	16
572,	0
573,	3
574,	3
575,	2
576,	5
577,	1
578,	8
579,	8
580,	13
581,	8
582,	1
583,	6
584,	0
585,	0
586,	7
587,	4
588,	6
589,	6
590,	10
591,	7
592,	4
593,	0
594,	14
595,	4
596,	3
597,	12
598,	3
599,	14
600,	6
601,	12
602,	4
603,	2
604,	9
605,	10
606,	5
607,	14
608,	14
609,	4
610,	5
611,	10
612,	6
613,	2
614,	4
615,	7
616,	6
617,	9
618,	14
619,	0
620,	0
621,	10
622,	0
623,	0
624,	3
625,	5
626,	2
627,	14
628,	4
629,	1
630,	6
631,	3
632,	1
633,	1
634,	4
635,	1
636,	4
637,	0
638,	6
639,	14
640,	2
641,	1
642,	9
643,	6
644,	6
645,	6
646,	9
647,	7
648,	4
649,	5
650,	8
651,	12
652,	15
653,	10
654,	2
655,	5
656,	14
657,	17
658,	9
659,	15
660,	10
661,	8
662,	6
663,	3
664,	10
665,	8
666,	11
667,	9
668,	5
669,	10
670,	1
671,	1
672,	11
673,	6
674,	6
675,	9
676,	6
677,	15
678,	3
679,	5
680,	9
681,	8
682,	12
683,	2
684,	7
685,	6
686,	8
687,	1
688,	9
689,	15
690,	7
691,	6
692,	14
693,	9
694,	11
695,	15
696,	12
697,	10
698,	0
699,	8
700,	9
701,	3
702,	10
703,	2
704,	14
705,	11
706,	0
707,	8
708,	1
709,	4
710,	2
711,	9
712,	0
713,	3
714,	5
715,	5
716,	9
717,	3
718,	5
719,	9
720,	1
721,	16
722,	13
723,	4
724,	2
725,	5
726,	5
727,	6
728,	12
729,	3
730,	10
731,	2
732,	5
733,	10
734,	0
735,	6
736,	10
737,	4
738,	7
739,	10
740,	3
741,	4
742,	10
743,	12
744,	7
745,	7
746,	7
747,	14
748,	12
749,	5
750,	4
751,	1
752,	8
753,	6
754,	7
755,	2
756,	5
757,	5
758,	4
759,	2
760,	12
761,	4
762,	9
763,	10
764,	11
765,	14
766,	8
767,	2
768,	1
769,	5
770,	9
771,	2
772,	3
773,	9
774,	5
775,	1
776,	1
777,	4
778,	7
779,	1
780,	3
781,	8
782,	6
783,	2
784,	5
785,	11
786,	2
787,	1
788,	7
789,	1
790,	1
791,	12
792,	0
793,	14
794,	8
795,	11
796,	8
797,	12
798,	9
799,	1
800,	0
801,	8
802,	6
803,	7
804,	1
805,	0
806,	6
807,	7
808,	5
809,	8
810,	8
811,	2
812,	8
813,	3
814,	1
815,	10
816,	0
817,	2
818,	2
819,	9
820,	0
821,	0
822,	12
823,	4
824,	1
825,	8
826,	7
827,	8
828,	2
829,	12
830,	0
831,	2
832,	10
833,	6
834,	12
835,	5
836,	0
837,	8
838,	11
839,	6
840,	9
841,	3
842,	1
843,	4
844,	2
845,	0
846,	3
847,	1
848,	4
849,	1
850,	9
851,	5
852,	3
853,	3
854,	1
855,	7
856,	11
857,	2
858,	7
859,	7
860,	4
861,	0
862,	10
863,	0
864,	6
865,	4
866,	9
867,	1
868,	5
869,	7
870,	7
871,	8
872,	6
873,	9
874,	2
875,	4
876,	12
877,	11
878,	12
879,	4
880,	10
881,	1
882,	3
883,	13
884,	9
885,	7
886,	13
887,	0
888,	9
889,	0
890,	2
891,	6
892,	15
893,	6
894,	4
895,	2
896,	0
897,	3
898,	13
899,	10
900,	12
901,	16
902,	6
903,	6
904,	7
905,	14
906,	7
907,	4
908,	5
909,	13
910,	5
911,	4
912,	0
913,	3
914,	9
915,	7
916,	3
917,	6
918,	2
919,	5
920,	2
921,	3
922,	9
923,	13
924,	1
925,	7
926,	5
927,	8
928,	7
929,	7
930,	13
931,	8
932,	0
933,	1
934,	3
935,	6
936,	1
937,	1
938,	11
939,	7
940,	6
941,	13
942,	3
943,	13
944,	12
945,	8
946,	7
947,	4
948,	10
949,	4
950,	10
951,	3
952,	4
953,	5
954,	2
955,	1
956,	6
957,	7
958,	6
959,	0
960,	17
961,	5
962,	13
963,	1
964,	4
965,	3
966,	5
967,	3
968,	5
969,	4
970,	11
971,	8
972,	6
973,	1
974,	5
975,	9
976,	1
977,	5
978,	1
979,	8
980,	5
981,	0
982,	2
983,	8
984,	4
985,	13
986,	6
987,	2
988,	3
989,	10
990,	14
991,	17
992,	0
993,	0
994,	6
995,	8
996,	12
997,	3
998,	11
999,	4
