Instance: /home/gabriel/Documents/ufrgs/courses/oc/trab/instances/cmb01
Vertices: 500
Colors: 12
NumIterations: 10
Alpha: 0.050000
Is Factible?: false
Conflicts: 18
Solution Value: 154174.656250
Vertex,	Color
0,	0
1,	0
2,	1
3,	0
4,	1
5,	0
6,	0
7,	1
8,	1
9,	1
10,	0
11,	0
12,	0
13,	1
14,	0
15,	1
16,	0
17,	1
18,	0
19,	0
20,	0
21,	0
22,	1
23,	2
24,	2
25,	0
26,	0
27,	0
28,	0
29,	1
30,	0
31,	0
32,	1
33,	0
34,	2
35,	1
36,	1
37,	0
38,	0
39,	2
40,	0
41,	0
42,	1
43,	0
44,	1
45,	1
46,	0
47,	0
48,	1
49,	0
50,	0
51,	0
52,	2
53,	0
54,	0
55,	1
56,	2
57,	3
58,	1
59,	0
60,	1
61,	0
62,	1
63,	2
64,	1
65,	2
66,	1
67,	2
68,	0
69,	2
70,	0
71,	1
72,	1
73,	2
74,	0
75,	1
76,	3
77,	4
78,	5
79,	2
80,	2
81,	2
82,	1
83,	1
84,	0
85,	0
86,	3
87,	1
88,	5
89,	1
90,	3
91,	2
92,	0
93,	1
94,	2
95,	2
96,	2
97,	1
98,	4
99,	3
100,	6
101,	0
102,	2
103,	7
104,	2
105,	4
106,	2
107,	1
108,	2
109,	3
110,	3
111,	3
112,	0
113,	3
114,	2
115,	4
116,	1
117,	5
118,	0
119,	5
120,	3
121,	4
122,	1
123,	2
124,	2
125,	1
126,	3
127,	2
128,	1
129,	4
130,	1
131,	2
132,	3
133,	2
134,	3
135,	4
136,	2
137,	4
138,	5
139,	0
140,	1
141,	3
142,	4
143,	3
144,	3
145,	1
146,	3
147,	5
148,	4
149,	0
150,	3
151,	6
152,	1
153,	1
154,	2
155,	6
156,	2
157,	5
158,	3
159,	2
160,	2
161,	4
162,	6
163,	5
164,	6
165,	4
166,	2
167,	0
168,	3
169,	1
170,	5
171,	4
172,	1
173,	4
174,	3
175,	1
176,	2
177,	8
178,	4
179,	6
180,	7
181,	2
182,	6
183,	0
184,	3
185,	4
186,	5
187,	0
188,	2
189,	6
190,	5
191,	2
192,	3
193,	0
194,	5
195,	3
196,	3
197,	0
198,	5
199,	4
200,	1
201,	2
202,	5
203,	6
204,	6
205,	4
206,	2
207,	4
208,	4
209,	3
210,	3
211,	0
212,	9
213,	5
214,	6
215,	4
216,	1
217,	3
218,	4
219,	9
220,	4
221,	1
222,	3
223,	4
224,	3
225,	0
226,	5
227,	3
228,	2
229,	4
230,	3
231,	5
232,	4
233,	6
234,	3
235,	6
236,	5
237,	4
238,	4
239,	3
240,	0
241,	1
242,	7
243,	3
244,	6
245,	1
246,	5
247,	6
248,	5
249,	5
250,	1
251,	2
252,	4
253,	2
254,	8
255,	2
256,	3
257,	1
258,	5
259,	3
260,	6
261,	4
262,	4
263,	10
264,	5
265,	0
266,	6
267,	6
268,	5
269,	7
270,	7
271,	6
272,	7
273,	5
274,	8
275,	1
276,	7
277,	6
278,	5
279,	0
280,	0
281,	2
282,	7
283,	4
284,	7
285,	4
286,	5
287,	6
288,	4
289,	2
290,	6
291,	2
292,	6
293,	6
294,	11
295,	4
296,	6
297,	8
298,	3
299,	3
300,	3
301,	2
302,	5
303,	3
304,	2
305,	3
306,	3
307,	7
308,	1
309,	7
310,	4
311,	4
312,	3
313,	7
314,	7
315,	6
316,	6
317,	4
318,	4
319,	2
320,	5
321,	5
322,	9
323,	8
324,	7
325,	4
326,	2
327,	4
328,	6
329,	7
330,	0
331,	8
332,	4
333,	7
334,	8
335,	6
336,	3
337,	9
338,	8
339,	1
340,	7
341,	9
342,	7
343,	2
344,	2
345,	7
346,	7
347,	8
348,	6
349,	6
350,	1
351,	4
352,	9
353,	7
354,	2
355,	2
356,	10
357,	10
358,	5
359,	0
360,	8
361,	6
362,	5
363,	7
364,	8
365,	9
366,	4
367,	5
368,	7
369,	4
370,	5
371,	7
372,	4
373,	5
374,	3
375,	6
376,	8
377,	9
378,	7
379,	4
380,	9
381,	3
382,	3
383,	1
384,	5
385,	5
386,	8
387,	8
388,	10
389,	7
390,	7
391,	2
392,	5
393,	7
394,	8
395,	4
396,	9
397,	3
398,	6
399,	9
400,	7
401,	8
402,	5
403,	7
404,	5
405,	9
406,	2
407,	1
408,	0
409,	8
410,	8
411,	4
412,	5
413,	7
414,	10
415,	11
416,	0
417,	4
418,	9
419,	5
420,	9
421,	7
422,	6
423,	10
424,	8
425,	4
426,	10
427,	6
428,	1
429,	7
430,	9
431,	6
432,	0
433,	6
434,	6
435,	6
436,	5
437,	3
438,	4
439,	7
440,	0
441,	9
442,	0
443,	2
444,	2
445,	8
446,	10
447,	4
448,	6
449,	8
450,	11
451,	9
452,	7
453,	11
454,	5
455,	6
456,	8
457,	0
458,	5
459,	11
460,	11
461,	3
462,	1
463,	7
464,	4
465,	5
466,	4
467,	4
468,	10
469,	6
470,	3
471,	9
472,	7
473,	2
474,	8
475,	11
476,	9
477,	0
478,	8
479,	10
480,	3
481,	5
482,	11
483,	5
484,	7
485,	10
486,	8
487,	8
488,	5
489,	3
490,	3
491,	9
492,	11
493,	4
494,	11
495,	6
496,	11
497,	9
498,	0
499,	6
