Instance: /home/gabriel/Documents/ufrgs/courses/oc/trab/instances/cmb01
Vertices: 500
Colors: 12
NumIterations: 10
Alpha: 0.050000
Is Factible?: false
Conflicts: 18
Solution Value: 158754.296875
Vertex,	Color
0,	0
1,	1
2,	1
3,	0
4,	1
5,	0
6,	0
7,	0
8,	1
9,	3
10,	0
11,	1
12,	0
13,	0
14,	0
15,	0
16,	0
17,	2
18,	0
19,	0
20,	0
21,	0
22,	1
23,	2
24,	1
25,	0
26,	0
27,	0
28,	0
29,	0
30,	0
31,	0
32,	2
33,	0
34,	1
35,	1
36,	0
37,	0
38,	1
39,	3
40,	0
41,	0
42,	0
43,	0
44,	1
45,	1
46,	1
47,	2
48,	0
49,	0
50,	0
51,	0
52,	1
53,	1
54,	2
55,	0
56,	1
57,	0
58,	1
59,	0
60,	1
61,	0
62,	1
63,	1
64,	0
65,	2
66,	0
67,	2
68,	1
69,	1
70,	0
71,	2
72,	1
73,	1
74,	1
75,	1
76,	2
77,	2
78,	0
79,	2
80,	2
81,	2
82,	4
83,	3
84,	2
85,	0
86,	2
87,	1
88,	4
89,	1
90,	2
91,	3
92,	2
93,	2
94,	2
95,	2
96,	1
97,	2
98,	5
99,	0
100,	4
101,	2
102,	2
103,	3
104,	0
105,	3
106,	3
107,	1
108,	1
109,	3
110,	3
111,	5
112,	0
113,	1
114,	1
115,	3
116,	1
117,	6
118,	0
119,	4
120,	3
121,	3
122,	0
123,	3
124,	3
125,	1
126,	2
127,	2
128,	2
129,	3
130,	1
131,	2
132,	4
133,	2
134,	5
135,	4
136,	2
137,	5
138,	6
139,	0
140,	1
141,	2
142,	4
143,	5
144,	4
145,	1
146,	3
147,	4
148,	5
149,	0
150,	4
151,	5
152,	0
153,	2
154,	2
155,	5
156,	2
157,	3
158,	3
159,	3
160,	2
161,	4
162,	7
163,	5
164,	3
165,	4
166,	2
167,	0
168,	3
169,	1
170,	4
171,	5
172,	1
173,	3
174,	3
175,	1
176,	2
177,	8
178,	5
179,	7
180,	6
181,	2
182,	5
183,	1
184,	4
185,	3
186,	5
187,	0
188,	2
189,	4
190,	4
191,	2
192,	4
193,	3
194,	5
195,	4
196,	2
197,	1
198,	6
199,	4
200,	1
201,	5
202,	5
203,	5
204,	6
205,	4
206,	4
207,	5
208,	4
209,	3
210,	4
211,	0
212,	9
213,	2
214,	3
215,	3
216,	3
217,	3
218,	5
219,	9
220,	4
221,	1
222,	5
223,	4
224,	3
225,	0
226,	7
227,	3
228,	1
229,	5
230,	1
231,	4
232,	4
233,	3
234,	3
235,	7
236,	6
237,	4
238,	2
239,	3
240,	0
241,	1
242,	7
243,	3
244,	5
245,	2
246,	5
247,	6
248,	5
249,	3
250,	2
251,	4
252,	5
253,	7
254,	8
255,	2
256,	7
257,	1
258,	4
259,	3
260,	6
261,	3
262,	6
263,	10
264,	5
265,	0
266,	6
267,	6
268,	6
269,	10
270,	7
271,	4
272,	7
273,	6
274,	6
275,	2
276,	8
277,	8
278,	7
279,	1
280,	0
281,	3
282,	6
283,	4
284,	7
285,	5
286,	7
287,	6
288,	4
289,	2
290,	6
291,	2
292,	6
293,	5
294,	11
295,	4
296,	5
297,	9
298,	2
299,	3
300,	3
301,	1
302,	5
303,	3
304,	1
305,	5
306,	3
307,	7
308,	2
309,	6
310,	5
311,	5
312,	2
313,	7
314,	7
315,	5
316,	6
317,	4
318,	4
319,	2
320,	4
321,	5
322,	8
323,	7
324,	6
325,	5
326,	2
327,	5
328,	7
329,	6
330,	0
331,	8
332,	4
333,	1
334,	6
335,	0
336,	3
337,	9
338,	4
339,	4
340,	7
341,	10
342,	6
343,	11
344,	2
345,	6
346,	7
347,	9
348,	7
349,	1
350,	1
351,	0
352,	8
353,	7
354,	5
355,	4
356,	9
357,	8
358,	7
359,	0
360,	7
361,	6
362,	6
363,	6
364,	6
365,	8
366,	6
367,	3
368,	8
369,	4
370,	6
371,	9
372,	4
373,	8
374,	4
375,	6
376,	9
377,	8
378,	5
379,	6
380,	1
381,	4
382,	3
383,	2
384,	3
385,	5
386,	9
387,	8
388,	3
389,	7
390,	8
391,	1
392,	2
393,	6
394,	8
395,	5
396,	9
397,	9
398,	3
399,	8
400,	8
401,	6
402,	6
403,	6
404,	5
405,	9
406,	2
407,	3
408,	0
409,	7
410,	8
411,	5
412,	7
413,	7
414,	10
415,	0
416,	9
417,	5
418,	10
419,	6
420,	2
421,	6
422,	7
423,	11
424,	8
425,	8
426,	10
427,	8
428,	5
429,	7
430,	8
431,	7
432,	0
433,	6
434,	6
435,	10
436,	6
437,	3
438,	7
439,	9
440,	0
441,	10
442,	0
443,	1
444,	3
445,	8
446,	10
447,	3
448,	3
449,	8
450,	11
451,	4
452,	7
453,	6
454,	4
455,	6
456,	8
457,	8
458,	7
459,	11
460,	10
461,	3
462,	0
463,	7
464,	7
465,	8
466,	6
467,	2
468,	6
469,	4
470,	8
471,	9
472,	7
473,	5
474,	9
475,	0
476,	10
477,	2
478,	6
479,	10
480,	9
481,	4
482,	7
483,	4
484,	8
485,	10
486,	5
487,	9
488,	7
489,	7
490,	5
491,	10
492,	11
493,	4
494,	6
495,	7
496,	10
497,	6
498,	7
499,	9
