Instance: /home/gabriel/Documents/ufrgs/courses/oc/trab/instances/cmb02
Vertices: 1000
Colors: 10
NumIterations: 1
Alpha: 0.050000
Is Factible?: false
Conflicts: 5
Solution Value: 562634.875000
Vertex,	Color
0,	6
1,	2
2,	1
3,	0
4,	7
5,	4
6,	4
7,	8
8,	2
9,	3
10,	0
11,	2
12,	3
13,	2
14,	1
15,	1
16,	2
17,	0
18,	5
19,	0
20,	5
21,	2
22,	1
23,	1
24,	1
25,	0
26,	4
27,	1
28,	0
29,	1
30,	2
31,	3
32,	1
33,	3
34,	7
35,	0
36,	0
37,	3
38,	2
39,	0
40,	2
41,	2
42,	0
43,	3
44,	0
45,	1
46,	0
47,	0
48,	1
49,	4
50,	1
51,	1
52,	4
53,	1
54,	0
55,	5
56,	2
57,	2
58,	3
59,	0
60,	4
61,	1
62,	0
63,	1
64,	4
65,	1
66,	2
67,	1
68,	1
69,	3
70,	1
71,	0
72,	3
73,	2
74,	3
75,	5
76,	0
77,	3
78,	1
79,	3
80,	2
81,	3
82,	0
83,	0
84,	3
85,	2
86,	2
87,	6
88,	2
89,	0
90,	1
91,	3
92,	4
93,	1
94,	2
95,	4
96,	6
97,	2
98,	3
99,	6
100,	4
101,	1
102,	1
103,	1
104,	3
105,	0
106,	1
107,	1
108,	0
109,	4
110,	5
111,	1
112,	1
113,	0
114,	0
115,	2
116,	0
117,	2
118,	5
119,	1
120,	0
121,	0
122,	4
123,	3
124,	4
125,	0
126,	0
127,	4
128,	3
129,	1
130,	0
131,	1
132,	0
133,	8
134,	7
135,	1
136,	2
137,	4
138,	5
139,	0
140,	1
141,	1
142,	2
143,	5
144,	9
145,	3
146,	7
147,	2
148,	7
149,	0
150,	1
151,	3
152,	0
153,	1
154,	2
155,	5
156,	2
157,	1
158,	5
159,	3
160,	2
161,	4
162,	4
163,	2
164,	2
165,	5
166,	4
167,	0
168,	2
169,	3
170,	0
171,	2
172,	6
173,	5
174,	0
175,	2
176,	2
177,	3
178,	4
179,	5
180,	2
181,	2
182,	2
183,	0
184,	0
185,	4
186,	3
187,	3
188,	6
189,	3
190,	2
191,	0
192,	0
193,	1
194,	2
195,	0
196,	4
197,	0
198,	0
199,	1
200,	0
201,	0
202,	0
203,	0
204,	2
205,	4
206,	3
207,	1
208,	5
209,	3
210,	6
211,	1
212,	2
213,	8
214,	4
215,	4
216,	3
217,	2
218,	1
219,	4
220,	2
221,	0
222,	1
223,	2
224,	2
225,	2
226,	1
227,	0
228,	3
229,	4
230,	2
231,	2
232,	2
233,	2
234,	1
235,	4
236,	4
237,	1
238,	3
239,	0
240,	0
241,	0
242,	1
243,	0
244,	1
245,	2
246,	1
247,	5
248,	2
249,	1
250,	2
251,	2
252,	3
253,	0
254,	2
255,	3
256,	4
257,	6
258,	4
259,	1
260,	1
261,	0
262,	5
263,	3
264,	0
265,	1
266,	1
267,	3
268,	4
269,	4
270,	2
271,	0
272,	4
273,	2
274,	1
275,	3
276,	7
277,	1
278,	0
279,	3
280,	2
281,	3
282,	0
283,	0
284,	3
285,	2
286,	3
287,	1
288,	0
289,	0
290,	0
291,	2
292,	2
293,	1
294,	2
295,	5
296,	2
297,	1
298,	0
299,	3
300,	7
301,	2
302,	0
303,	4
304,	0
305,	1
306,	3
307,	5
308,	0
309,	3
310,	0
311,	3
312,	3
313,	6
314,	1
315,	5
316,	2
317,	2
318,	2
319,	0
320,	8
321,	2
322,	0
323,	3
324,	0
325,	3
326,	0
327,	1
328,	2
329,	4
330,	3
331,	4
332,	0
333,	1
334,	0
335,	3
336,	1
337,	1
338,	3
339,	0
340,	3
341,	6
342,	1
343,	0
344,	3
345,	0
346,	0
347,	1
348,	2
349,	1
350,	1
351,	0
352,	0
353,	1
354,	1
355,	3
356,	0
357,	0
358,	0
359,	1
360,	4
361,	2
362,	5
363,	1
364,	1
365,	0
366,	0
367,	1
368,	4
369,	0
370,	4
371,	1
372,	3
373,	0
374,	1
375,	1
376,	1
377,	0
378,	4
379,	1
380,	0
381,	0
382,	2
383,	0
384,	4
385,	3
386,	5
387,	3
388,	0
389,	1
390,	2
391,	2
392,	0
393,	2
394,	1
395,	5
396,	2
397,	1
398,	1
399,	2
400,	0
401,	3
402,	3
403,	0
404,	0
405,	5
406,	0
407,	1
408,	1
409,	1
410,	0
411,	4
412,	4
413,	2
414,	1
415,	0
416,	2
417,	4
418,	2
419,	4
420,	1
421,	4
422,	4
423,	1
424,	1
425,	1
426,	4
427,	0
428,	1
429,	1
430,	0
431,	0
432,	1
433,	0
434,	3
435,	1
436,	4
437,	4
438,	0
439,	3
440,	1
441,	1
442,	0
443,	1
444,	1
445,	0
446,	0
447,	0
448,	0
449,	3
450,	6
451,	0
452,	2
453,	4
454,	3
455,	6
456,	0
457,	3
458,	0
459,	4
460,	7
461,	0
462,	0
463,	1
464,	1
465,	2
466,	1
467,	0
468,	5
469,	3
470,	5
471,	0
472,	1
473,	3
474,	4
475,	2
476,	0
477,	2
478,	1
479,	3
480,	6
481,	5
482,	0
483,	2
484,	0
485,	5
486,	5
487,	1
488,	2
489,	0
490,	5
491,	0
492,	2
493,	4
494,	0
495,	1
496,	6
497,	5
498,	4
499,	3
500,	2
501,	3
502,	5
503,	2
504,	2
505,	3
506,	8
507,	0
508,	4
509,	0
510,	1
511,	6
512,	0
513,	9
514,	4
515,	1
516,	0
517,	3
518,	5
519,	2
520,	1
521,	0
522,	5
523,	2
524,	7
525,	3
526,	2
527,	5
528,	3
529,	2
530,	2
531,	3
532,	0
533,	3
534,	0
535,	1
536,	1
537,	1
538,	1
539,	3
540,	4
541,	3
542,	2
543,	2
544,	2
545,	7
546,	1
547,	4
548,	3
549,	3
550,	1
551,	1
552,	3
553,	2
554,	1
555,	3
556,	1
557,	1
558,	0
559,	3
560,	2
561,	1
562,	1
563,	2
564,	0
565,	1
566,	7
567,	2
568,	6
569,	1
570,	1
571,	2
572,	1
573,	1
574,	1
575,	4
576,	1
577,	0
578,	3
579,	0
580,	0
581,	3
582,	5
583,	1
584,	2
585,	2
586,	0
587,	3
588,	2
589,	1
590,	4
591,	3
592,	0
593,	1
594,	2
595,	0
596,	1
597,	0
598,	2
599,	0
600,	6
601,	1
602,	0
603,	0
604,	0
605,	1
606,	2
607,	4
608,	5
609,	5
610,	4
611,	2
612,	2
613,	1
614,	2
615,	3
616,	3
617,	1
618,	1
619,	3
620,	1
621,	1
622,	3
623,	0
624,	0
625,	0
626,	2
627,	3
628,	2
629,	5
630,	0
631,	2
632,	0
633,	1
634,	0
635,	1
636,	0
637,	5
638,	1
639,	3
640,	3
641,	4
642,	2
643,	0
644,	2
645,	4
646,	3
647,	3
648,	0
649,	1
650,	0
651,	3
652,	0
653,	0
654,	4
655,	4
656,	0
657,	2
658,	4
659,	0
660,	4
661,	2
662,	1
663,	1
664,	0
665,	4
666,	2
667,	2
668,	2
669,	0
670,	7
671,	0
672,	1
673,	4
674,	0
675,	2
676,	2
677,	4
678,	4
679,	6
680,	5
681,	2
682,	1
683,	1
684,	2
685,	3
686,	2
687,	0
688,	1
689,	4
690,	1
691,	1
692,	0
693,	0
694,	4
695,	0
696,	0
697,	3
698,	1
699,	2
700,	1
701,	1
702,	3
703,	5
704,	5
705,	2
706,	1
707,	1
708,	4
709,	2
710,	0
711,	6
712,	4
713,	3
714,	2
715,	2
716,	2
717,	2
718,	1
719,	1
720,	3
721,	0
722,	1
723,	0
724,	4
725,	2
726,	2
727,	0
728,	6
729,	2
730,	3
731,	3
732,	0
733,	1
734,	0
735,	0
736,	1
737,	0
738,	0
739,	5
740,	4
741,	0
742,	0
743,	0
744,	7
745,	5
746,	1
747,	0
748,	1
749,	2
750,	6
751,	0
752,	4
753,	3
754,	3
755,	3
756,	0
757,	0
758,	0
759,	2
760,	3
761,	6
762,	3
763,	0
764,	1
765,	4
766,	2
767,	1
768,	4
769,	2
770,	1
771,	1
772,	6
773,	3
774,	6
775,	4
776,	3
777,	1
778,	0
779,	5
780,	2
781,	1
782,	7
783,	8
784,	1
785,	0
786,	1
787,	0
788,	0
789,	1
790,	3
791,	0
792,	2
793,	1
794,	5
795,	1
796,	2
797,	2
798,	2
799,	5
800,	1
801,	0
802,	1
803,	2
804,	3
805,	1
806,	2
807,	0
808,	3
809,	3
810,	1
811,	3
812,	3
813,	5
814,	0
815,	4
816,	0
817,	6
818,	2
819,	2
820,	0
821,	5
822,	3
823,	0
824,	8
825,	3
826,	0
827,	4
828,	6
829,	0
830,	0
831,	0
832,	3
833,	5
834,	0
835,	0
836,	4
837,	0
838,	3
839,	0
840,	0
841,	0
842,	2
843,	3
844,	3
845,	4
846,	4
847,	2
848,	0
849,	0
850,	0
851,	7
852,	0
853,	1
854,	4
855,	2
856,	2
857,	4
858,	5
859,	1
860,	1
861,	4
862,	1
863,	0
864,	2
865,	5
866,	0
867,	2
868,	5
869,	3
870,	1
871,	0
872,	4
873,	2
874,	3
875,	3
876,	2
877,	2
878,	3
879,	3
880,	4
881,	2
882,	0
883,	1
884,	0
885,	3
886,	4
887,	0
888,	1
889,	0
890,	2
891,	2
892,	2
893,	1
894,	1
895,	3
896,	3
897,	4
898,	2
899,	0
900,	0
901,	2
902,	1
903,	0
904,	2
905,	2
906,	1
907,	0
908,	0
909,	3
910,	3
911,	5
912,	1
913,	0
914,	3
915,	6
916,	3
917,	3
918,	2
919,	5
920,	6
921,	0
922,	2
923,	5
924,	3
925,	2
926,	4
927,	2
928,	1
929,	1
930,	2
931,	0
932,	0
933,	2
934,	0
935,	1
936,	0
937,	4
938,	4
939,	2
940,	0
941,	4
942,	3
943,	6
944,	4
945,	1
946,	1
947,	2
948,	3
949,	5
950,	2
951,	2
952,	2
953,	5
954,	2
955,	1
956,	1
957,	1
958,	5
959,	3
960,	4
961,	2
962,	1
963,	3
964,	1
965,	3
966,	3
967,	3
968,	0
969,	4
970,	6
971,	3
972,	3
973,	1
974,	3
975,	1
976,	2
977,	1
978,	3
979,	4
980,	8
981,	7
982,	4
983,	2
984,	5
985,	3
986,	8
987,	2
988,	3
989,	5
990,	1
991,	5
992,	0
993,	4
994,	7
995,	7
996,	0
997,	3
998,	5
999,	2
