Instance: /home/gabriel/Documents/ufrgs/courses/oc/trab/instances/cmb03
Vertices: 1000
Colors: 18
NumIterations: 1
Alpha: 1.000000
Is Factible?: false
Conflicts: 9268
Solution Value: 223493.312500
Vertex,	Color
0,	0
1,	5
2,	1
3,	0
4,	0
5,	8
6,	5
7,	1
8,	1
9,	1
10,	0
11,	1
12,	0
13,	5
14,	1
15,	0
16,	0
17,	1
18,	1
19,	1
20,	0
21,	1
22,	0
23,	0
24,	2
25,	2
26,	0
27,	6
28,	0
29,	1
30,	1
31,	2
32,	2
33,	1
34,	2
35,	0
36,	1
37,	2
38,	1
39,	0
40,	0
41,	0
42,	0
43,	1
44,	12
45,	1
46,	0
47,	1
48,	0
49,	1
50,	2
51,	2
52,	0
53,	12
54,	1
55,	1
56,	1
57,	1
58,	12
59,	0
60,	0
61,	0
62,	6
63,	6
64,	6
65,	1
66,	2
67,	5
68,	0
69,	2
70,	0
71,	1
72,	2
73,	0
74,	2
75,	12
76,	2
77,	1
78,	5
79,	2
80,	0
81,	1
82,	0
83,	0
84,	5
85,	8
86,	2
87,	1
88,	0
89,	8
90,	0
91,	12
92,	5
93,	1
94,	3
95,	5
96,	1
97,	1
98,	0
99,	1
100,	2
101,	5
102,	1
103,	1
104,	0
105,	1
106,	6
107,	0
108,	12
109,	1
110,	0
111,	1
112,	1
113,	0
114,	8
115,	12
116,	5
117,	1
118,	0
119,	2
120,	1
121,	0
122,	0
123,	0
124,	0
125,	12
126,	2
127,	2
128,	2
129,	1
130,	12
131,	1
132,	0
133,	1
134,	1
135,	1
136,	0
137,	1
138,	0
139,	12
140,	0
141,	1
142,	2
143,	0
144,	0
145,	0
146,	12
147,	1
148,	1
149,	6
150,	0
151,	0
152,	1
153,	1
154,	0
155,	1
156,	12
157,	1
158,	0
159,	12
160,	0
161,	1
162,	0
163,	0
164,	12
165,	8
166,	1
167,	12
168,	3
169,	0
170,	8
171,	2
172,	0
173,	0
174,	12
175,	1
176,	0
177,	0
178,	1
179,	1
180,	8
181,	12
182,	1
183,	0
184,	2
185,	1
186,	2
187,	0
188,	1
189,	1
190,	1
191,	1
192,	5
193,	1
194,	0
195,	5
196,	1
197,	1
198,	12
199,	2
200,	0
201,	0
202,	1
203,	0
204,	0
205,	0
206,	1
207,	0
208,	1
209,	5
210,	0
211,	2
212,	1
213,	8
214,	1
215,	1
216,	12
217,	1
218,	0
219,	1
220,	0
221,	1
222,	1
223,	1
224,	3
225,	0
226,	5
227,	0
228,	1
229,	1
230,	0
231,	1
232,	8
233,	1
234,	0
235,	1
236,	1
237,	1
238,	12
239,	0
240,	1
241,	1
242,	12
243,	6
244,	6
245,	1
246,	5
247,	1
248,	1
249,	1
250,	0
251,	1
252,	0
253,	8
254,	1
255,	0
256,	1
257,	1
258,	5
259,	0
260,	3
261,	1
262,	8
263,	1
264,	1
265,	0
266,	0
267,	1
268,	1
269,	2
270,	0
271,	1
272,	1
273,	0
274,	12
275,	1
276,	5
277,	0
278,	1
279,	1
280,	1
281,	5
282,	1
283,	0
284,	0
285,	1
286,	0
287,	0
288,	1
289,	1
290,	5
291,	1
292,	0
293,	0
294,	1
295,	0
296,	0
297,	0
298,	0
299,	0
300,	0
301,	1
302,	0
303,	1
304,	1
305,	0
306,	8
307,	1
308,	1
309,	0
310,	1
311,	1
312,	2
313,	1
314,	1
315,	0
316,	12
317,	0
318,	0
319,	2
320,	0
321,	0
322,	1
323,	0
324,	0
325,	1
326,	6
327,	0
328,	1
329,	2
330,	1
331,	3
332,	2
333,	5
334,	5
335,	1
336,	6
337,	0
338,	0
339,	1
340,	3
341,	2
342,	1
343,	2
344,	0
345,	1
346,	1
347,	0
348,	1
349,	0
350,	8
351,	0
352,	0
353,	2
354,	0
355,	12
356,	1
357,	0
358,	2
359,	1
360,	0
361,	1
362,	1
363,	0
364,	0
365,	1
366,	0
367,	0
368,	5
369,	1
370,	3
371,	1
372,	0
373,	5
374,	1
375,	5
376,	0
377,	12
378,	12
379,	1
380,	0
381,	0
382,	2
383,	1
384,	0
385,	2
386,	1
387,	5
388,	1
389,	0
390,	3
391,	8
392,	12
393,	1
394,	1
395,	12
396,	1
397,	0
398,	0
399,	1
400,	1
401,	0
402,	0
403,	0
404,	2
405,	0
406,	1
407,	1
408,	0
409,	1
410,	8
411,	0
412,	1
413,	8
414,	1
415,	1
416,	0
417,	1
418,	0
419,	0
420,	1
421,	0
422,	0
423,	1
424,	1
425,	1
426,	0
427,	1
428,	5
429,	0
430,	1
431,	2
432,	1
433,	5
434,	1
435,	0
436,	12
437,	0
438,	1
439,	2
440,	0
441,	1
442,	12
443,	0
444,	1
445,	1
446,	5
447,	0
448,	1
449,	0
450,	0
451,	1
452,	8
453,	1
454,	0
455,	2
456,	1
457,	0
458,	0
459,	0
460,	1
461,	1
462,	0
463,	2
464,	0
465,	1
466,	3
467,	0
468,	0
469,	0
470,	1
471,	5
472,	5
473,	0
474,	2
475,	0
476,	0
477,	1
478,	1
479,	1
480,	1
481,	1
482,	12
483,	1
484,	1
485,	0
486,	0
487,	5
488,	12
489,	6
490,	1
491,	0
492,	1
493,	0
494,	5
495,	0
496,	0
497,	1
498,	1
499,	0
500,	6
501,	0
502,	1
503,	6
504,	0
505,	1
506,	1
507,	1
508,	0
509,	5
510,	6
511,	0
512,	1
513,	6
514,	1
515,	12
516,	1
517,	0
518,	0
519,	1
520,	0
521,	12
522,	3
523,	6
524,	0
525,	1
526,	0
527,	6
528,	0
529,	1
530,	0
531,	12
532,	0
533,	5
534,	2
535,	2
536,	5
537,	1
538,	12
539,	0
540,	1
541,	0
542,	0
543,	8
544,	2
545,	2
546,	12
547,	2
548,	0
549,	1
550,	3
551,	0
552,	0
553,	6
554,	0
555,	12
556,	12
557,	1
558,	1
559,	0
560,	1
561,	1
562,	0
563,	5
564,	0
565,	12
566,	5
567,	0
568,	0
569,	2
570,	1
571,	1
572,	1
573,	0
574,	0
575,	1
576,	0
577,	6
578,	1
579,	3
580,	1
581,	0
582,	0
583,	6
584,	6
585,	5
586,	0
587,	1
588,	0
589,	6
590,	5
591,	1
592,	0
593,	5
594,	1
595,	1
596,	12
597,	1
598,	8
599,	0
600,	5
601,	8
602,	1
603,	6
604,	0
605,	0
606,	0
607,	2
608,	0
609,	1
610,	12
611,	1
612,	0
613,	2
614,	8
615,	1
616,	1
617,	0
618,	0
619,	3
620,	1
621,	1
622,	0
623,	12
624,	3
625,	0
626,	1
627,	1
628,	5
629,	1
630,	1
631,	1
632,	5
633,	0
634,	0
635,	1
636,	12
637,	1
638,	1
639,	0
640,	1
641,	6
642,	0
643,	12
644,	1
645,	8
646,	0
647,	2
648,	1
649,	8
650,	0
651,	1
652,	6
653,	0
654,	0
655,	6
656,	1
657,	0
658,	12
659,	0
660,	1
661,	5
662,	0
663,	1
664,	2
665,	1
666,	6
667,	0
668,	0
669,	0
670,	1
671,	1
672,	0
673,	1
674,	0
675,	1
676,	1
677,	0
678,	1
679,	1
680,	0
681,	0
682,	1
683,	2
684,	1
685,	8
686,	1
687,	0
688,	5
689,	0
690,	0
691,	1
692,	6
693,	12
694,	1
695,	0
696,	0
697,	0
698,	2
699,	2
700,	1
701,	0
702,	1
703,	0
704,	0
705,	0
706,	8
707,	1
708,	5
709,	1
710,	1
711,	2
712,	1
713,	1
714,	0
715,	0
716,	1
717,	1
718,	5
719,	2
720,	1
721,	6
722,	0
723,	12
724,	1
725,	0
726,	1
727,	0
728,	6
729,	5
730,	8
731,	0
732,	0
733,	12
734,	0
735,	5
736,	2
737,	1
738,	12
739,	6
740,	1
741,	12
742,	8
743,	2
744,	0
745,	1
746,	1
747,	0
748,	0
749,	1
750,	0
751,	1
752,	0
753,	0
754,	1
755,	5
756,	1
757,	1
758,	12
759,	0
760,	12
761,	0
762,	1
763,	1
764,	2
765,	1
766,	1
767,	1
768,	2
769,	1
770,	2
771,	1
772,	0
773,	2
774,	1
775,	1
776,	2
777,	0
778,	1
779,	1
780,	0
781,	1
782,	1
783,	1
784,	0
785,	0
786,	1
787,	1
788,	0
789,	0
790,	2
791,	5
792,	0
793,	0
794,	1
795,	0
796,	12
797,	12
798,	0
799,	6
800,	1
801,	0
802,	1
803,	0
804,	0
805,	3
806,	5
807,	0
808,	0
809,	1
810,	0
811,	0
812,	0
813,	12
814,	0
815,	8
816,	1
817,	1
818,	0
819,	0
820,	1
821,	1
822,	2
823,	2
824,	0
825,	0
826,	1
827,	1
828,	2
829,	1
830,	1
831,	0
832,	1
833,	2
834,	12
835,	2
836,	0
837,	1
838,	12
839,	0
840,	0
841,	1
842,	5
843,	3
844,	1
845,	2
846,	1
847,	2
848,	1
849,	1
850,	12
851,	0
852,	1
853,	0
854,	1
855,	5
856,	1
857,	12
858,	1
859,	0
860,	0
861,	5
862,	5
863,	8
864,	1
865,	1
866,	5
867,	12
868,	1
869,	1
870,	2
871,	0
872,	12
873,	0
874,	0
875,	12
876,	5
877,	0
878,	1
879,	0
880,	1
881,	0
882,	0
883,	6
884,	0
885,	0
886,	0
887,	2
888,	5
889,	1
890,	2
891,	0
892,	0
893,	2
894,	5
895,	3
896,	1
897,	0
898,	1
899,	0
900,	0
901,	12
902,	2
903,	1
904,	1
905,	8
906,	6
907,	0
908,	1
909,	1
910,	0
911,	1
912,	0
913,	1
914,	1
915,	1
916,	6
917,	1
918,	0
919,	0
920,	8
921,	1
922,	1
923,	1
924,	1
925,	0
926,	1
927,	1
928,	2
929,	5
930,	1
931,	0
932,	1
933,	2
934,	8
935,	5
936,	0
937,	0
938,	1
939,	0
940,	0
941,	1
942,	0
943,	0
944,	0
945,	12
946,	12
947,	2
948,	1
949,	1
950,	0
951,	6
952,	0
953,	1
954,	12
955,	1
956,	2
957,	8
958,	1
959,	12
960,	1
961,	1
962,	8
963,	1
964,	0
965,	0
966,	1
967,	0
968,	1
969,	1
970,	2
971,	1
972,	1
973,	2
974,	1
975,	1
976,	1
977,	2
978,	1
979,	1
980,	0
981,	5
982,	8
983,	0
984,	1
985,	5
986,	1
987,	12
988,	6
989,	0
990,	0
991,	0
992,	0
993,	5
994,	12
995,	12
996,	1
997,	2
998,	0
999,	5
