Instance: /home/gabriel/Documents/ufrgs/courses/oc/trab/instances/cmb02
Vertices: 1000
Colors: 10
NumIterations: 1
Alpha: 0.050000
Is Factible?: false
Conflicts: 1
Solution Value: 532134.250000
Vertex,	Color
0,	2
1,	3
2,	5
3,	7
4,	5
5,	7
6,	1
7,	0
8,	2
9,	2
10,	0
11,	5
12,	3
13,	1
14,	4
15,	2
16,	0
17,	1
18,	2
19,	1
20,	6
21,	1
22,	2
23,	1
24,	4
25,	3
26,	3
27,	2
28,	0
29,	1
30,	0
31,	4
32,	1
33,	1
34,	1
35,	3
36,	2
37,	0
38,	2
39,	1
40,	2
41,	0
42,	1
43,	1
44,	6
45,	1
46,	3
47,	0
48,	1
49,	1
50,	1
51,	1
52,	1
53,	0
54,	5
55,	6
56,	2
57,	0
58,	0
59,	3
60,	2
61,	6
62,	0
63,	0
64,	4
65,	0
66,	0
67,	0
68,	1
69,	3
70,	0
71,	4
72,	4
73,	1
74,	0
75,	2
76,	3
77,	2
78,	2
79,	3
80,	5
81,	1
82,	2
83,	2
84,	1
85,	4
86,	2
87,	0
88,	6
89,	1
90,	2
91,	1
92,	2
93,	4
94,	1
95,	6
96,	2
97,	2
98,	4
99,	6
100,	3
101,	0
102,	1
103,	1
104,	6
105,	1
106,	3
107,	0
108,	1
109,	0
110,	0
111,	0
112,	3
113,	0
114,	1
115,	1
116,	0
117,	2
118,	3
119,	3
120,	0
121,	0
122,	3
123,	0
124,	4
125,	0
126,	1
127,	0
128,	3
129,	4
130,	1
131,	2
132,	0
133,	3
134,	2
135,	0
136,	4
137,	1
138,	1
139,	0
140,	0
141,	4
142,	1
143,	1
144,	8
145,	0
146,	4
147,	5
148,	9
149,	0
150,	3
151,	1
152,	3
153,	1
154,	1
155,	4
156,	5
157,	0
158,	0
159,	3
160,	3
161,	0
162,	1
163,	0
164,	3
165,	0
166,	5
167,	3
168,	2
169,	0
170,	0
171,	2
172,	1
173,	6
174,	6
175,	1
176,	6
177,	4
178,	6
179,	1
180,	6
181,	3
182,	2
183,	0
184,	0
185,	1
186,	0
187,	3
188,	3
189,	5
190,	1
191,	0
192,	4
193,	1
194,	0
195,	2
196,	5
197,	3
198,	0
199,	2
200,	0
201,	0
202,	1
203,	1
204,	5
205,	5
206,	3
207,	2
208,	2
209,	3
210,	3
211,	0
212,	5
213,	0
214,	0
215,	3
216,	4
217,	5
218,	2
219,	4
220,	1
221,	1
222,	0
223,	0
224,	0
225,	2
226,	0
227,	0
228,	4
229,	0
230,	0
231,	1
232,	1
233,	4
234,	1
235,	3
236,	0
237,	0
238,	8
239,	0
240,	0
241,	3
242,	3
243,	5
244,	1
245,	0
246,	0
247,	6
248,	6
249,	0
250,	4
251,	4
252,	1
253,	0
254,	0
255,	1
256,	3
257,	5
258,	3
259,	2
260,	7
261,	7
262,	6
263,	6
264,	0
265,	2
266,	3
267,	3
268,	1
269,	4
270,	1
271,	1
272,	5
273,	2
274,	3
275,	8
276,	6
277,	3
278,	1
279,	5
280,	2
281,	2
282,	6
283,	0
284,	4
285,	0
286,	1
287,	3
288,	7
289,	6
290,	3
291,	0
292,	4
293,	2
294,	0
295,	3
296,	1
297,	1
298,	0
299,	1
300,	0
301,	3
302,	0
303,	2
304,	2
305,	2
306,	4
307,	1
308,	2
309,	1
310,	1
311,	4
312,	0
313,	3
314,	2
315,	2
316,	2
317,	0
318,	1
319,	2
320,	2
321,	0
322,	0
323,	1
324,	5
325,	4
326,	2
327,	3
328,	4
329,	4
330,	2
331,	2
332,	1
333,	2
334,	3
335,	0
336,	1
337,	6
338,	4
339,	2
340,	1
341,	3
342,	2
343,	6
344,	4
345,	0
346,	0
347,	5
348,	6
349,	2
350,	3
351,	2
352,	0
353,	2
354,	1
355,	0
356,	7
357,	1
358,	6
359,	0
360,	2
361,	1
362,	3
363,	5
364,	5
365,	2
366,	2
367,	5
368,	3
369,	1
370,	1
371,	1
372,	3
373,	1
374,	3
375,	1
376,	2
377,	0
378,	4
379,	4
380,	1
381,	4
382,	3
383,	2
384,	0
385,	1
386,	3
387,	3
388,	4
389,	3
390,	4
391,	2
392,	1
393,	1
394,	4
395,	4
396,	1
397,	0
398,	0
399,	6
400,	0
401,	1
402,	4
403,	5
404,	0
405,	7
406,	0
407,	0
408,	0
409,	1
410,	0
411,	2
412,	1
413,	2
414,	1
415,	1
416,	0
417,	4
418,	3
419,	2
420,	0
421,	3
422,	1
423,	1
424,	2
425,	3
426,	3
427,	0
428,	2
429,	2
430,	0
431,	3
432,	6
433,	5
434,	3
435,	5
436,	3
437,	3
438,	3
439,	3
440,	2
441,	2
442,	2
443,	2
444,	2
445,	0
446,	1
447,	2
448,	4
449,	1
450,	6
451,	0
452,	2
453,	0
454,	2
455,	1
456,	2
457,	4
458,	1
459,	5
460,	5
461,	0
462,	4
463,	2
464,	1
465,	0
466,	2
467,	2
468,	0
469,	4
470,	6
471,	1
472,	2
473,	1
474,	4
475,	0
476,	0
477,	4
478,	2
479,	1
480,	2
481,	2
482,	3
483,	6
484,	1
485,	3
486,	1
487,	0
488,	2
489,	4
490,	0
491,	0
492,	0
493,	6
494,	0
495,	0
496,	5
497,	2
498,	5
499,	5
500,	2
501,	2
502,	2
503,	3
504,	9
505,	2
506,	2
507,	2
508,	5
509,	1
510,	2
511,	0
512,	0
513,	1
514,	2
515,	2
516,	2
517,	4
518,	3
519,	4
520,	2
521,	0
522,	3
523,	4
524,	5
525,	3
526,	1
527,	2
528,	4
529,	0
530,	3
531,	2
532,	2
533,	2
534,	0
535,	3
536,	2
537,	0
538,	2
539,	0
540,	5
541,	2
542,	1
543,	1
544,	3
545,	7
546,	0
547,	5
548,	1
549,	1
550,	5
551,	0
552,	3
553,	3
554,	1
555,	3
556,	0
557,	1
558,	2
559,	1
560,	2
561,	2
562,	1
563,	1
564,	4
565,	2
566,	3
567,	2
568,	2
569,	2
570,	0
571,	0
572,	1
573,	1
574,	3
575,	4
576,	4
577,	5
578,	4
579,	1
580,	0
581,	0
582,	3
583,	3
584,	1
585,	5
586,	0
587,	2
588,	1
589,	4
590,	4
591,	1
592,	0
593,	0
594,	0
595,	2
596,	1
597,	0
598,	0
599,	5
600,	0
601,	0
602,	2
603,	0
604,	0
605,	0
606,	0
607,	4
608,	3
609,	2
610,	5
611,	3
612,	0
613,	0
614,	5
615,	4
616,	4
617,	5
618,	2
619,	2
620,	4
621,	1
622,	0
623,	1
624,	2
625,	2
626,	0
627,	3
628,	0
629,	2
630,	1
631,	3
632,	1
633,	4
634,	2
635,	1
636,	2
637,	8
638,	3
639,	4
640,	3
641,	3
642,	0
643,	3
644,	2
645,	4
646,	5
647,	4
648,	0
649,	0
650,	0
651,	1
652,	1
653,	0
654,	0
655,	1
656,	2
657,	0
658,	5
659,	4
660,	2
661,	4
662,	1
663,	1
664,	4
665,	4
666,	0
667,	1
668,	1
669,	0
670,	5
671,	1
672,	0
673,	4
674,	0
675,	6
676,	2
677,	2
678,	2
679,	0
680,	1
681,	2
682,	3
683,	0
684,	0
685,	4
686,	4
687,	4
688,	0
689,	1
690,	2
691,	3
692,	5
693,	1
694,	4
695,	1
696,	2
697,	1
698,	0
699,	3
700,	3
701,	1
702,	0
703,	1
704,	4
705,	1
706,	2
707,	1
708,	4
709,	0
710,	0
711,	3
712,	3
713,	6
714,	3
715,	2
716,	7
717,	1
718,	1
719,	2
720,	2
721,	5
722,	0
723,	0
724,	5
725,	2
726,	0
727,	1
728,	7
729,	2
730,	6
731,	0
732,	3
733,	6
734,	3
735,	1
736,	1
737,	0
738,	0
739,	3
740,	1
741,	0
742,	1
743,	4
744,	3
745,	0
746,	0
747,	1
748,	3
749,	3
750,	6
751,	1
752,	1
753,	4
754,	4
755,	1
756,	7
757,	0
758,	2
759,	4
760,	5
761,	5
762,	4
763,	1
764,	3
765,	4
766,	1
767,	5
768,	3
769,	3
770,	0
771,	0
772,	2
773,	2
774,	3
775,	7
776,	1
777,	0
778,	2
779,	1
780,	5
781,	0
782,	2
783,	3
784,	1
785,	2
786,	0
787,	0
788,	3
789,	0
790,	3
791,	4
792,	5
793,	1
794,	3
795,	0
796,	2
797,	4
798,	5
799,	3
800,	3
801,	0
802,	3
803,	1
804,	0
805,	2
806,	1
807,	1
808,	2
809,	1
810,	1
811,	1
812,	3
813,	5
814,	3
815,	2
816,	0
817,	0
818,	0
819,	2
820,	3
821,	4
822,	2
823,	0
824,	8
825,	2
826,	2
827,	2
828,	0
829,	1
830,	1
831,	0
832,	0
833,	0
834,	1
835,	0
836,	6
837,	1
838,	1
839,	5
840,	0
841,	0
842,	0
843,	3
844,	4
845,	3
846,	1
847,	0
848,	0
849,	4
850,	1
851,	5
852,	2
853,	4
854,	2
855,	5
856,	2
857,	3
858,	2
859,	1
860,	6
861,	3
862,	2
863,	1
864,	2
865,	0
866,	2
867,	0
868,	0
869,	4
870,	1
871,	0
872,	1
873,	0
874,	2
875,	1
876,	2
877,	4
878,	1
879,	0
880,	0
881,	1
882,	2
883,	2
884,	3
885,	3
886,	2
887,	1
888,	1
889,	0
890,	3
891,	5
892,	1
893,	2
894,	4
895,	5
896,	4
897,	2
898,	0
899,	1
900,	0
901,	3
902,	1
903,	3
904,	2
905,	0
906,	6
907,	2
908,	3
909,	4
910,	1
911,	5
912,	1
913,	0
914,	0
915,	2
916,	1
917,	4
918,	1
919,	1
920,	7
921,	0
922,	0
923,	3
924,	5
925,	3
926,	2
927,	0
928,	9
929,	1
930,	1
931,	1
932,	3
933,	1
934,	1
935,	2
936,	0
937,	2
938,	4
939,	5
940,	2
941,	2
942,	2
943,	1
944,	1
945,	1
946,	2
947,	3
948,	0
949,	5
950,	5
951,	3
952,	5
953,	3
954,	1
955,	0
956,	4
957,	2
958,	6
959,	1
960,	1
961,	0
962,	1
963,	2
964,	3
965,	2
966,	1
967,	0
968,	3
969,	1
970,	5
971,	2
972,	3
973,	1
974,	3
975,	4
976,	3
977,	3
978,	2
979,	3
980,	6
981,	8
982,	4
983,	4
984,	7
985,	2
986,	6
987,	3
988,	4
989,	6
990,	3
991,	6
992,	0
993,	4
994,	7
995,	8
996,	9
997,	4
998,	3
999,	4
