Instance: /home/gabriel/Documents/ufrgs/courses/oc/trab/instances/cmb02
Vertices: 1000
Colors: 10
NumIterations: 1
Alpha: 0.050000
Is Factible?: false
Conflicts: 2
Solution Value: 541794.250000
Vertex,	Color
0,	2
1,	0
2,	0
3,	2
4,	0
5,	1
6,	0
7,	0
8,	0
9,	0
10,	0
11,	0
12,	0
13,	0
14,	0
15,	0
16,	1
17,	0
18,	0
19,	1
20,	1
21,	0
22,	0
23,	0
24,	0
25,	1
26,	0
27,	1
28,	0
29,	0
30,	0
31,	1
32,	0
33,	0
34,	1
35,	1
36,	0
37,	0
38,	0
39,	0
40,	0
41,	0
42,	0
43,	0
44,	2
45,	1
46,	1
47,	0
48,	0
49,	0
50,	2
51,	0
52,	1
53,	0
54,	1
55,	0
56,	1
57,	0
58,	0
59,	1
60,	0
61,	1
62,	0
63,	0
64,	0
65,	0
66,	0
67,	0
68,	0
69,	0
70,	0
71,	1
72,	0
73,	0
74,	0
75,	1
76,	1
77,	0
78,	0
79,	0
80,	0
81,	2
82,	0
83,	0
84,	0
85,	1
86,	2
87,	2
88,	0
89,	0
90,	0
91,	0
92,	0
93,	1
94,	1
95,	0
96,	0
97,	0
98,	0
99,	0
100,	1
101,	0
102,	0
103,	1
104,	0
105,	0
106,	1
107,	0
108,	1
109,	0
110,	1
111,	1
112,	1
113,	0
114,	0
115,	3
116,	0
117,	1
118,	1
119,	1
120,	0
121,	0
122,	2
123,	1
124,	0
125,	1
126,	0
127,	0
128,	0
129,	0
130,	1
131,	0
132,	1
133,	0
134,	3
135,	0
136,	1
137,	0
138,	1
139,	1
140,	1
141,	0
142,	2
143,	1
144,	3
145,	0
146,	6
147,	2
148,	0
149,	0
150,	2
151,	0
152,	2
153,	0
154,	1
155,	1
156,	4
157,	0
158,	2
159,	0
160,	2
161,	1
162,	2
163,	1
164,	1
165,	2
166,	3
167,	0
168,	0
169,	1
170,	0
171,	3
172,	1
173,	1
174,	2
175,	2
176,	0
177,	1
178,	0
179,	2
180,	0
181,	0
182,	0
183,	0
184,	0
185,	2
186,	0
187,	1
188,	0
189,	1
190,	0
191,	1
192,	1
193,	1
194,	1
195,	1
196,	1
197,	1
198,	0
199,	0
200,	1
201,	0
202,	1
203,	1
204,	1
205,	3
206,	0
207,	1
208,	2
209,	0
210,	2
211,	1
212,	3
213,	1
214,	1
215,	3
216,	2
217,	2
218,	0
219,	2
220,	1
221,	0
222,	0
223,	1
224,	1
225,	0
226,	1
227,	0
228,	1
229,	3
230,	0
231,	0
232,	0
233,	1
234,	1
235,	0
236,	3
237,	0
238,	3
239,	0
240,	1
241,	2
242,	0
243,	1
244,	0
245,	1
246,	0
247,	0
248,	0
249,	1
250,	1
251,	1
252,	0
253,	0
254,	1
255,	0
256,	1
257,	3
258,	0
259,	0
260,	2
261,	5
262,	5
263,	4
264,	2
265,	2
266,	1
267,	0
268,	3
269,	2
270,	0
271,	0
272,	1
273,	0
274,	2
275,	5
276,	2
277,	1
278,	1
279,	3
280,	1
281,	1
282,	2
283,	0
284,	2
285,	0
286,	1
287,	1
288,	3
289,	3
290,	2
291,	2
292,	1
293,	0
294,	2
295,	2
296,	0
297,	8
298,	3
299,	2
300,	2
301,	1
302,	0
303,	3
304,	2
305,	0
306,	6
307,	3
308,	1
309,	2
310,	1
311,	3
312,	0
313,	0
314,	1
315,	4
316,	0
317,	0
318,	0
319,	0
320,	2
321,	1
322,	1
323,	2
324,	2
325,	1
326,	1
327,	1
328,	1
329,	1
330,	2
331,	2
332,	0
333,	2
334,	0
335,	3
336,	0
337,	2
338,	5
339,	0
340,	2
341,	7
342,	3
343,	1
344,	3
345,	1
346,	1
347,	3
348,	2
349,	0
350,	2
351,	0
352,	1
353,	1
354,	0
355,	2
356,	1
357,	0
358,	0
359,	1
360,	1
361,	2
362,	2
363,	1
364,	2
365,	2
366,	0
367,	1
368,	1
369,	1
370,	2
371,	4
372,	4
373,	2
374,	4
375,	2
376,	0
377,	2
378,	1
379,	4
380,	3
381,	1
382,	2
383,	2
384,	2
385,	1
386,	1
387,	4
388,	1
389,	0
390,	3
391,	2
392,	1
393,	0
394,	2
395,	3
396,	2
397,	1
398,	1
399,	0
400,	0
401,	2
402,	2
403,	0
404,	2
405,	1
406,	3
407,	1
408,	2
409,	3
410,	4
411,	1
412,	3
413,	1
414,	2
415,	1
416,	3
417,	4
418,	0
419,	2
420,	1
421,	1
422,	2
423,	1
424,	4
425,	2
426,	2
427,	0
428,	4
429,	1
430,	0
431,	2
432,	1
433,	3
434,	2
435,	4
436,	0
437,	3
438,	2
439,	3
440,	1
441,	4
442,	3
443,	2
444,	1
445,	1
446,	1
447,	5
448,	2
449,	1
450,	2
451,	0
452,	3
453,	0
454,	1
455,	1
456,	2
457,	2
458,	2
459,	4
460,	4
461,	0
462,	2
463,	4
464,	3
465,	1
466,	0
467,	2
468,	2
469,	1
470,	2
471,	5
472,	1
473,	0
474,	2
475,	1
476,	2
477,	2
478,	3
479,	2
480,	3
481,	1
482,	1
483,	3
484,	2
485,	3
486,	2
487,	0
488,	2
489,	3
490,	3
491,	3
492,	2
493,	0
494,	0
495,	0
496,	4
497,	1
498,	2
499,	4
500,	2
501,	1
502,	2
503,	5
504,	6
505,	3
506,	4
507,	2
508,	0
509,	0
510,	1
511,	5
512,	1
513,	7
514,	3
515,	1
516,	4
517,	4
518,	4
519,	4
520,	0
521,	1
522,	4
523,	5
524,	3
525,	2
526,	3
527,	3
528,	1
529,	3
530,	2
531,	0
532,	5
533,	2
534,	3
535,	2
536,	1
537,	0
538,	1
539,	3
540,	0
541,	2
542,	0
543,	2
544,	2
545,	2
546,	1
547,	6
548,	3
549,	0
550,	3
551,	2
552,	3
553,	0
554,	4
555,	3
556,	1
557,	3
558,	3
559,	2
560,	3
561,	2
562,	3
563,	1
564,	5
565,	3
566,	6
567,	1
568,	5
569,	3
570,	1
571,	0
572,	2
573,	3
574,	3
575,	5
576,	4
577,	2
578,	5
579,	1
580,	1
581,	2
582,	4
583,	3
584,	2
585,	3
586,	1
587,	4
588,	1
589,	2
590,	4
591,	2
592,	1
593,	1
594,	1
595,	5
596,	1
597,	3
598,	5
599,	3
600,	6
601,	3
602,	5
603,	2
604,	1
605,	3
606,	5
607,	5
608,	2
609,	5
610,	2
611,	3
612,	1
613,	0
614,	3
615,	2
616,	4
617,	1
618,	0
619,	2
620,	8
621,	0
622,	2
623,	0
624,	2
625,	3
626,	2
627,	4
628,	3
629,	3
630,	2
631,	6
632,	6
633,	4
634,	4
635,	0
636,	1
637,	9
638,	3
639,	1
640,	3
641,	2
642,	1
643,	3
644,	2
645,	5
646,	4
647,	4
648,	2
649,	1
650,	3
651,	1
652,	1
653,	2
654,	3
655,	4
656,	2
657,	3
658,	4
659,	5
660,	2
661,	3
662,	3
663,	1
664,	2
665,	2
666,	1
667,	6
668,	3
669,	1
670,	3
671,	1
672,	1
673,	3
674,	5
675,	0
676,	2
677,	3
678,	2
679,	5
680,	4
681,	6
682,	1
683,	0
684,	3
685,	4
686,	5
687,	3
688,	1
689,	5
690,	3
691,	3
692,	4
693,	1
694,	5
695,	4
696,	3
697,	4
698,	4
699,	5
700,	4
701,	1
702,	1
703,	2
704,	4
705,	7
706,	3
707,	3
708,	2
709,	4
710,	0
711,	5
712,	4
713,	3
714,	0
715,	2
716,	6
717,	2
718,	6
719,	4
720,	2
721,	2
722,	0
723,	3
724,	5
725,	5
726,	4
727,	2
728,	6
729,	2
730,	4
731,	4
732,	0
733,	6
734,	3
735,	2
736,	1
737,	2
738,	6
739,	6
740,	5
741,	1
742,	4
743,	2
744,	7
745,	5
746,	0
747,	3
748,	4
749,	3
750,	7
751,	4
752,	4
753,	4
754,	1
755,	2
756,	6
757,	1
758,	2
759,	2
760,	4
761,	5
762,	3
763,	2
764,	1
765,	6
766,	3
767,	4
768,	3
769,	2
770,	1
771,	0
772,	5
773,	2
774,	4
775,	7
776,	4
777,	1
778,	3
779,	5
780,	4
781,	3
782,	9
783,	8
784,	1
785,	1
786,	1
787,	5
788,	3
789,	6
790,	4
791,	5
792,	6
793,	0
794,	6
795,	3
796,	1
797,	4
798,	3
799,	5
800,	3
801,	6
802,	1
803,	2
804,	7
805,	5
806,	2
807,	2
808,	3
809,	7
810,	4
811,	3
812,	2
813,	6
814,	2
815,	4
816,	4
817,	4
818,	2
819,	0
820,	2
821,	2
822,	1
823,	1
824,	3
825,	7
826,	1
827,	3
828,	1
829,	2
830,	3
831,	2
832,	4
833,	5
834,	1
835,	0
836,	7
837,	2
838,	7
839,	4
840,	2
841,	0
842,	3
843,	3
844,	5
845,	4
846,	3
847,	4
848,	5
849,	4
850,	3
851,	7
852,	3
853,	4
854,	6
855,	6
856,	3
857,	4
858,	0
859,	3
860,	3
861,	6
862,	2
863,	2
864,	4
865,	5
866,	0
867,	4
868,	6
869,	4
870,	4
871,	3
872,	5
873,	2
874,	6
875,	5
876,	3
877,	3
878,	3
879,	5
880,	6
881,	5
882,	4
883,	0
884,	5
885,	5
886,	3
887,	1
888,	3
889,	0
890,	5
891,	4
892,	4
893,	3
894,	1
895,	3
896,	6
897,	5
898,	3
899,	2
900,	2
901,	4
902,	3
903,	2
904,	4
905,	4
906,	6
907,	3
908,	6
909,	6
910,	5
911,	6
912,	0
913,	1
914,	5
915,	5
916,	3
917,	4
918,	4
919,	6
920,	8
921,	3
922,	2
923,	5
924,	6
925,	3
926,	5
927,	0
928,	8
929,	4
930,	6
931,	1
932,	2
933,	2
934,	4
935,	5
936,	5
937,	5
938,	9
939,	4
940,	3
941,	2
942,	4
943,	1
944,	5
945,	0
946,	6
947,	3
948,	5
949,	5
950,	5
951,	4
952,	6
953,	5
954,	3
955,	6
956,	3
957,	2
958,	7
959,	2
960,	5
961,	1
962,	5
963,	2
964,	2
965,	3
966,	3
967,	2
968,	0
969,	4
970,	4
971,	4
972,	4
973,	0
974,	3
975,	4
976,	0
977,	3
978,	3
979,	2
980,	7
981,	5
982,	6
983,	3
984,	1
985,	2
986,	7
987,	3
988,	3
989,	6
990,	4
991,	4
992,	0
993,	4
994,	7
995,	8
996,	0
997,	4
998,	5
999,	3
