Instance: /home/gabriel/Documents/ufrgs/courses/oc/trab/instances/cmb01
Vertices: 500
Colors: 12
NumIterations: 100
Alpha: 0.050000
Is Factible?: false
Conflicts: 8
Solution Value: 151580.656250
Vertex,	Color
0,	2
1,	1
2,	1
3,	0
4,	0
5,	1
6,	2
7,	0
8,	0
9,	1
10,	0
11,	0
12,	1
13,	0
14,	0
15,	0
16,	1
17,	0
18,	0
19,	0
20,	0
21,	1
22,	1
23,	1
24,	0
25,	2
26,	0
27,	0
28,	0
29,	1
30,	0
31,	0
32,	2
33,	0
34,	2
35,	0
36,	0
37,	0
38,	1
39,	2
40,	0
41,	0
42,	1
43,	0
44,	0
45,	1
46,	0
47,	1
48,	0
49,	1
50,	0
51,	0
52,	0
53,	1
54,	2
55,	0
56,	2
57,	2
58,	2
59,	0
60,	1
61,	0
62,	0
63,	1
64,	1
65,	2
66,	3
67,	2
68,	5
69,	2
70,	0
71,	2
72,	1
73,	1
74,	1
75,	1
76,	2
77,	3
78,	0
79,	1
80,	2
81,	2
82,	0
83,	1
84,	2
85,	0
86,	3
87,	1
88,	3
89,	4
90,	2
91,	3
92,	1
93,	1
94,	1
95,	2
96,	3
97,	1
98,	4
99,	2
100,	5
101,	1
102,	0
103,	3
104,	2
105,	4
106,	3
107,	1
108,	1
109,	2
110,	3
111,	6
112,	0
113,	4
114,	2
115,	4
116,	1
117,	4
118,	0
119,	5
120,	3
121,	3
122,	0
123,	2
124,	2
125,	2
126,	4
127,	2
128,	1
129,	4
130,	1
131,	2
132,	6
133,	2
134,	3
135,	3
136,	2
137,	4
138,	7
139,	1
140,	1
141,	4
142,	3
143,	6
144,	3
145,	1
146,	4
147,	4
148,	8
149,	0
150,	4
151,	6
152,	0
153,	2
154,	2
155,	4
156,	2
157,	6
158,	3
159,	1
160,	4
161,	5
162,	6
163,	5
164,	6
165,	4
166,	2
167,	0
168,	3
169,	1
170,	4
171,	4
172,	1
173,	5
174,	3
175,	2
176,	2
177,	8
178,	5
179,	5
180,	7
181,	2
182,	6
183,	5
184,	4
185,	4
186,	4
187,	0
188,	2
189,	5
190,	5
191,	2
192,	3
193,	3
194,	3
195,	3
196,	2
197,	1
198,	5
199,	4
200,	0
201,	3
202,	5
203,	5
204,	6
205,	4
206,	4
207,	5
208,	1
209,	3
210,	4
211,	0
212,	9
213,	2
214,	3
215,	4
216,	3
217,	3
218,	5
219,	2
220,	4
221,	1
222,	4
223,	6
224,	3
225,	0
226,	6
227,	4
228,	1
229,	4
230,	1
231,	5
232,	3
233,	5
234,	3
235,	6
236,	7
237,	5
238,	4
239,	3
240,	0
241,	1
242,	7
243,	3
244,	5
245,	1
246,	5
247,	6
248,	6
249,	4
250,	2
251,	3
252,	4
253,	3
254,	7
255,	2
256,	6
257,	3
258,	5
259,	3
260,	6
261,	3
262,	7
263,	10
264,	5
265,	0
266,	4
267,	7
268,	5
269,	3
270,	8
271,	4
272,	4
273,	5
274,	7
275,	3
276,	1
277,	6
278,	4
279,	1
280,	2
281,	2
282,	5
283,	5
284,	8
285,	5
286,	5
287,	5
288,	4
289,	2
290,	6
291,	2
292,	6
293,	7
294,	8
295,	4
296,	5
297,	9
298,	5
299,	3
300,	4
301,	1
302,	6
303,	4
304,	2
305,	4
306,	3
307,	8
308,	2
309,	7
310,	4
311,	5
312,	3
313,	7
314,	3
315,	6
316,	7
317,	4
318,	4
319,	4
320,	5
321,	3
322,	8
323,	6
324,	7
325,	4
326,	2
327,	5
328,	5
329,	7
330,	0
331,	7
332,	5
333,	6
334,	8
335,	0
336,	7
337,	7
338,	6
339,	1
340,	6
341,	7
342,	7
343,	2
344,	1
345,	6
346,	8
347,	9
348,	6
349,	0
350,	1
351,	0
352,	9
353,	8
354,	5
355,	4
356,	9
357,	8
358,	7
359,	11
360,	8
361,	6
362,	5
363,	0
364,	7
365,	8
366,	7
367,	3
368,	7
369,	6
370,	5
371,	7
372,	4
373,	7
374,	4
375,	6
376,	8
377,	8
378,	7
379,	3
380,	2
381,	4
382,	2
383,	4
384,	5
385,	7
386,	10
387,	9
388,	3
389,	7
390,	8
391,	1
392,	2
393,	7
394,	9
395,	4
396,	8
397,	9
398,	3
399,	9
400,	8
401,	6
402,	10
403,	7
404,	5
405,	10
406,	2
407,	1
408,	0
409,	9
410,	8
411,	4
412,	5
413,	7
414,	5
415,	8
416,	10
417,	5
418,	9
419,	5
420,	2
421,	6
422,	7
423,	11
424,	8
425,	8
426,	10
427,	6
428,	0
429,	7
430,	9
431,	9
432,	11
433,	6
434,	6
435,	6
436,	6
437,	3
438,	2
439,	9
440,	0
441,	9
442,	0
443,	11
444,	4
445,	8
446,	11
447,	2
448,	5
449,	9
450,	11
451,	4
452,	7
453,	10
454,	3
455,	6
456,	8
457,	8
458,	0
459,	0
460,	10
461,	5
462,	6
463,	7
464,	5
465,	7
466,	9
467,	2
468,	10
469,	4
470,	3
471,	9
472,	8
473,	3
474,	9
475,	0
476,	7
477,	1
478,	8
479,	10
480,	3
481,	5
482,	11
483,	5
484,	8
485,	6
486,	9
487,	8
488,	5
489,	1
490,	6
491,	10
492,	11
493,	9
494,	7
495,	6
496,	9
497,	7
498,	7
499,	9
