Instance: /home/gabriel/Documents/ufrgs/courses/oc/trab/instances/cmb01
Vertices: 500
Colors: 12
NumIterations: 1
Alpha: 1.000000
Is Factible?: false
Conflicts: 7
Solution Value: 177951.406250
Vertex,	Color
0,	1
1,	4
2,	4
3,	7
4,	9
5,	6
6,	6
7,	7
8,	5
9,	3
10,	7
11,	0
12,	3
13,	1
14,	3
15,	2
16,	6
17,	7
18,	6
19,	4
20,	5
21,	3
22,	10
23,	10
24,	4
25,	8
26,	2
27,	0
28,	10
29,	1
30,	4
31,	6
32,	7
33,	0
34,	5
35,	8
36,	8
37,	0
38,	6
39,	3
40,	0
41,	10
42,	5
43,	11
44,	2
45,	9
46,	3
47,	3
48,	2
49,	6
50,	5
51,	11
52,	6
53,	1
54,	4
55,	7
56,	1
57,	1
58,	3
59,	0
60,	5
61,	5
62,	8
63,	1
64,	4
65,	1
66,	1
67,	4
68,	10
69,	5
70,	4
71,	0
72,	7
73,	6
74,	6
75,	0
76,	4
77,	9
78,	7
79,	4
80,	4
81,	10
82,	5
83,	2
84,	0
85,	1
86,	8
87,	3
88,	7
89,	5
90,	7
91,	10
92,	1
93,	7
94,	3
95,	0
96,	2
97,	2
98,	7
99,	3
100,	2
101,	0
102,	1
103,	6
104,	0
105,	5
106,	2
107,	2
108,	4
109,	8
110,	6
111,	1
112,	2
113,	9
114,	2
115,	3
116,	2
117,	5
118,	4
119,	8
120,	3
121,	6
122,	3
123,	10
124,	5
125,	3
126,	3
127,	1
128,	2
129,	0
130,	6
131,	1
132,	8
133,	3
134,	7
135,	1
136,	0
137,	9
138,	11
139,	2
140,	1
141,	7
142,	4
143,	2
144,	8
145,	1
146,	5
147,	2
148,	7
149,	1
150,	0
151,	3
152,	1
153,	0
154,	2
155,	7
156,	6
157,	5
158,	3
159,	1
160,	4
161,	8
162,	0
163,	4
164,	2
165,	6
166,	6
167,	6
168,	8
169,	0
170,	5
171,	7
172,	0
173,	4
174,	5
175,	6
176,	6
177,	8
178,	9
179,	11
180,	0
181,	3
182,	0
183,	0
184,	1
185,	9
186,	5
187,	3
188,	0
189,	6
190,	6
191,	2
192,	2
193,	0
194,	3
195,	9
196,	7
197,	6
198,	1
199,	6
200,	1
201,	0
202,	3
203,	1
204,	2
205,	1
206,	2
207,	4
208,	6
209,	1
210,	3
211,	5
212,	1
213,	1
214,	5
215,	4
216,	1
217,	3
218,	2
219,	1
220,	0
221,	6
222,	4
223,	1
224,	2
225,	3
226,	3
227,	7
228,	3
229,	4
230,	0
231,	8
232,	10
233,	8
234,	0
235,	2
236,	3
237,	2
238,	0
239,	1
240,	1
241,	7
242,	0
243,	3
244,	4
245,	3
246,	3
247,	1
248,	1
249,	1
250,	1
251,	0
252,	6
253,	7
254,	11
255,	10
256,	8
257,	4
258,	2
259,	6
260,	8
261,	2
262,	6
263,	4
264,	4
265,	4
266,	7
267,	11
268,	4
269,	10
270,	0
271,	3
272,	9
273,	3
274,	1
275,	2
276,	7
277,	4
278,	0
279,	0
280,	0
281,	1
282,	1
283,	4
284,	7
285,	2
286,	5
287,	2
288,	3
289,	1
290,	4
291,	3
292,	7
293,	6
294,	8
295,	4
296,	3
297,	8
298,	3
299,	5
300,	8
301,	0
302,	0
303,	5
304,	5
305,	2
306,	1
307,	5
308,	4
309,	6
310,	7
311,	5
312,	3
313,	4
314,	0
315,	9
316,	8
317,	5
318,	4
319,	5
320,	9
321,	10
322,	2
323,	8
324,	3
325,	6
326,	1
327,	4
328,	2
329,	6
330,	4
331,	2
332,	2
333,	7
334,	3
335,	2
336,	7
337,	5
338,	7
339,	5
340,	8
341,	4
342,	10
343,	11
344,	3
345,	5
346,	5
347,	1
348,	4
349,	0
350,	1
351,	5
352,	5
353,	9
354,	3
355,	3
356,	0
357,	0
358,	2
359,	0
360,	5
361,	2
362,	2
363,	9
364,	7
365,	4
366,	6
367,	2
368,	3
369,	4
370,	5
371,	6
372,	4
373,	1
374,	7
375,	7
376,	9
377,	8
378,	7
379,	2
380,	0
381,	3
382,	2
383,	4
384,	4
385,	5
386,	7
387,	2
388,	9
389,	5
390,	4
391,	3
392,	5
393,	1
394,	5
395,	4
396,	9
397,	1
398,	2
399,	8
400,	0
401,	1
402,	1
403,	0
404,	2
405,	0
406,	3
407,	1
408,	7
409,	2
410,	6
411,	2
412,	2
413,	3
414,	8
415,	10
416,	5
417,	0
418,	10
419,	9
420,	2
421,	5
422,	2
423,	4
424,	6
425,	0
426,	11
427,	5
428,	1
429,	2
430,	8
431,	2
432,	3
433,	0
434,	0
435,	7
436,	5
437,	4
438,	6
439,	8
440,	0
441,	1
442,	0
443,	10
444,	0
445,	4
446,	10
447,	4
448,	1
449,	9
450,	3
451,	4
452,	5
453,	5
454,	1
455,	7
456,	5
457,	7
458,	0
459,	2
460,	3
461,	6
462,	5
463,	6
464,	4
465,	6
466,	8
467,	4
468,	5
469,	2
470,	0
471,	7
472,	0
473,	0
474,	3
475,	11
476,	1
477,	1
478,	4
479,	11
480,	5
481,	2
482,	0
483,	4
484,	8
485,	10
486,	7
487,	4
488,	5
489,	3
490,	0
491,	8
492,	0
493,	1
494,	1
495,	5
496,	10
497,	3
498,	3
499,	2
