Instance: /home/gabriel/Documents/ufrgs/courses/oc/trab/instances/cmb01
Vertices: 500
Colors: 12
NumIterations: 1
Alpha: 0.500000
Is Factible?: false
Conflicts: 20
Solution Value: 174035.031250
Vertex,	Color
0,	3
1,	5
2,	5
3,	3
4,	1
5,	3
6,	3
7,	6
8,	1
9,	0
10,	6
11,	4
12,	3
13,	3
14,	0
15,	2
16,	6
17,	0
18,	0
19,	3
20,	1
21,	1
22,	8
23,	2
24,	1
25,	2
26,	0
27,	3
28,	8
29,	1
30,	1
31,	1
32,	2
33,	0
34,	1
35,	4
36,	2
37,	0
38,	5
39,	4
40,	1
41,	5
42,	6
43,	0
44,	2
45,	1
46,	2
47,	5
48,	1
49,	3
50,	4
51,	9
52,	2
53,	2
54,	1
55,	6
56,	5
57,	1
58,	4
59,	1
60,	1
61,	2
62,	2
63,	1
64,	1
65,	9
66,	1
67,	0
68,	10
69,	3
70,	5
71,	3
72,	3
73,	4
74,	0
75,	1
76,	1
77,	3
78,	4
79,	5
80,	0
81,	7
82,	0
83,	1
84,	0
85,	2
86,	8
87,	4
88,	8
89,	9
90,	1
91,	2
92,	1
93,	1
94,	6
95,	7
96,	0
97,	1
98,	3
99,	8
100,	2
101,	2
102,	0
103,	5
104,	0
105,	3
106,	3
107,	6
108,	0
109,	2
110,	1
111,	1
112,	0
113,	6
114,	2
115,	0
116,	4
117,	10
118,	3
119,	3
120,	2
121,	4
122,	5
123,	1
124,	1
125,	3
126,	2
127,	7
128,	0
129,	5
130,	5
131,	0
132,	0
133,	1
134,	3
135,	5
136,	0
137,	3
138,	2
139,	3
140,	1
141,	4
142,	2
143,	3
144,	2
145,	2
146,	2
147,	1
148,	7
149,	1
150,	7
151,	10
152,	4
153,	0
154,	2
155,	0
156,	0
157,	7
158,	4
159,	2
160,	6
161,	5
162,	1
163,	6
164,	4
165,	4
166,	3
167,	0
168,	5
169,	1
170,	0
171,	4
172,	3
173,	1
174,	1
175,	2
176,	1
177,	9
178,	2
179,	6
180,	8
181,	0
182,	2
183,	7
184,	0
185,	3
186,	0
187,	0
188,	0
189,	2
190,	7
191,	7
192,	0
193,	0
194,	3
195,	6
196,	0
197,	5
198,	7
199,	0
200,	3
201,	0
202,	7
203,	5
204,	3
205,	0
206,	0
207,	2
208,	5
209,	3
210,	6
211,	0
212,	7
213,	0
214,	7
215,	1
216,	5
217,	6
218,	3
219,	8
220,	5
221,	0
222,	6
223,	3
224,	0
225,	3
226,	1
227,	9
228,	1
229,	5
230,	0
231,	4
232,	4
233,	2
234,	2
235,	1
236,	4
237,	2
238,	0
239,	2
240,	0
241,	1
242,	1
243,	2
244,	6
245,	2
246,	6
247,	2
248,	4
249,	1
250,	2
251,	6
252,	0
253,	6
254,	9
255,	0
256,	5
257,	5
258,	3
259,	3
260,	5
261,	4
262,	4
263,	4
264,	5
265,	1
266,	2
267,	6
268,	8
269,	4
270,	5
271,	3
272,	6
273,	4
274,	0
275,	1
276,	8
277,	1
278,	7
279,	0
280,	0
281,	4
282,	9
283,	4
284,	1
285,	5
286,	3
287,	7
288,	3
289,	2
290,	1
291,	0
292,	2
293,	0
294,	6
295,	4
296,	1
297,	5
298,	0
299,	0
300,	9
301,	1
302,	4
303,	4
304,	3
305,	8
306,	2
307,	4
308,	4
309,	4
310,	6
311,	4
312,	2
313,	3
314,	8
315,	5
316,	5
317,	3
318,	2
319,	2
320,	7
321,	2
322,	8
323,	2
324,	5
325,	4
326,	1
327,	4
328,	6
329,	4
330,	0
331,	6
332,	3
333,	3
334,	8
335,	3
336,	2
337,	6
338,	7
339,	3
340,	6
341,	0
342,	6
343,	6
344,	1
345,	4
346,	5
347,	9
348,	5
349,	5
350,	5
351,	2
352,	8
353,	9
354,	3
355,	5
356,	10
357,	7
358,	7
359,	0
360,	8
361,	5
362,	0
363,	4
364,	7
365,	8
366,	4
367,	4
368,	7
369,	5
370,	6
371,	5
372,	9
373,	3
374,	3
375,	5
376,	4
377,	8
378,	6
379,	5
380,	2
381,	0
382,	3
383,	2
384,	4
385,	4
386,	0
387,	6
388,	7
389,	4
390,	6
391,	4
392,	4
393,	8
394,	10
395,	0
396,	5
397,	10
398,	9
399,	7
400,	5
401,	1
402,	4
403,	5
404,	4
405,	8
406,	2
407,	5
408,	11
409,	2
410,	8
411,	3
412,	3
413,	6
414,	9
415,	0
416,	10
417,	6
418,	11
419,	4
420,	0
421,	7
422,	6
423,	8
424,	7
425,	5
426,	9
427,	6
428,	6
429,	7
430,	7
431,	6
432,	10
433,	8
434,	6
435,	2
436,	5
437,	4
438,	5
439,	10
440,	11
441,	8
442,	0
443,	10
444,	3
445,	8
446,	10
447,	2
448,	4
449,	7
450,	10
451,	9
452,	6
453,	9
454,	4
455,	7
456,	10
457,	0
458,	11
459,	11
460,	11
461,	3
462,	9
463,	9
464,	7
465,	8
466,	3
467,	5
468,	0
469,	6
470,	7
471,	8
472,	7
473,	4
474,	8
475,	10
476,	9
477,	1
478,	6
479,	0
480,	10
481,	4
482,	9
483,	6
484,	0
485,	7
486,	8
487,	8
488,	7
489,	1
490,	2
491,	9
492,	11
493,	4
494,	7
495,	7
496,	9
497,	4
498,	3
499,	8
