Instance: /home/gabriel/Documents/ufrgs/courses/oc/trab/instances/cmb01
Vertices: 500
Colors: 12
NumIterations: 1
Alpha: 1.000000
Is Factible?: false
Conflicts: 20
Solution Value: 157369.531250
Vertex,	Color
0,	4
1,	5
2,	6
3,	1
4,	11
5,	5
6,	8
7,	7
8,	0
9,	2
10,	1
11,	1
12,	7
13,	6
14,	7
15,	0
16,	1
17,	1
18,	2
19,	7
20,	5
21,	7
22,	11
23,	5
24,	0
25,	8
26,	0
27,	1
28,	7
29,	4
30,	5
31,	3
32,	6
33,	1
34,	0
35,	5
36,	6
37,	3
38,	5
39,	3
40,	3
41,	4
42,	0
43,	3
44,	1
45,	8
46,	5
47,	1
48,	5
49,	8
50,	4
51,	7
52,	4
53,	0
54,	5
55,	3
56,	7
57,	4
58,	4
59,	1
60,	3
61,	1
62,	4
63,	4
64,	3
65,	2
66,	2
67,	0
68,	6
69,	3
70,	4
71,	1
72,	4
73,	7
74,	4
75,	7
76,	5
77,	7
78,	5
79,	2
80,	1
81,	6
82,	3
83,	3
84,	5
85,	1
86,	8
87,	1
88,	9
89,	0
90,	2
91,	0
92,	6
93,	6
94,	0
95,	1
96,	8
97,	4
98,	0
99,	10
100,	0
101,	1
102,	5
103,	0
104,	2
105,	3
106,	0
107,	7
108,	4
109,	8
110,	5
111,	5
112,	0
113,	8
114,	4
115,	0
116,	5
117,	0
118,	1
119,	5
120,	2
121,	0
122,	0
123,	11
124,	5
125,	8
126,	1
127,	6
128,	0
129,	3
130,	0
131,	0
132,	2
133,	6
134,	2
135,	2
136,	5
137,	0
138,	7
139,	2
140,	1
141,	8
142,	10
143,	6
144,	4
145,	6
146,	2
147,	0
148,	4
149,	4
150,	1
151,	4
152,	4
153,	0
154,	7
155,	6
156,	7
157,	8
158,	1
159,	4
160,	5
161,	2
162,	5
163,	8
164,	4
165,	7
166,	5
167,	2
168,	8
169,	0
170,	3
171,	9
172,	8
173,	0
174,	1
175,	9
176,	1
177,	8
178,	6
179,	8
180,	3
181,	4
182,	9
183,	6
184,	2
185,	6
186,	6
187,	1
188,	3
189,	4
190,	2
191,	9
192,	2
193,	3
194,	6
195,	4
196,	5
197,	5
198,	5
199,	5
200,	4
201,	1
202,	9
203,	1
204,	0
205,	2
206,	0
207,	2
208,	9
209,	3
210,	1
211,	0
212,	11
213,	4
214,	1
215,	2
216,	1
217,	0
218,	6
219,	3
220,	4
221,	0
222,	6
223,	2
224,	4
225,	3
226,	0
227,	1
228,	4
229,	2
230,	8
231,	5
232,	2
233,	0
234,	1
235,	0
236,	11
237,	6
238,	1
239,	5
240,	2
241,	8
242,	3
243,	8
244,	6
245,	3
246,	7
247,	1
248,	6
249,	8
250,	0
251,	1
252,	2
253,	10
254,	7
255,	8
256,	0
257,	2
258,	6
259,	0
260,	3
261,	6
262,	0
263,	9
264,	4
265,	1
266,	3
267,	9
268,	6
269,	6
270,	2
271,	2
272,	2
273,	1
274,	10
275,	0
276,	1
277,	1
278,	5
279,	0
280,	0
281,	2
282,	4
283,	6
284,	7
285,	4
286,	3
287,	3
288,	10
289,	6
290,	0
291,	6
292,	10
293,	2
294,	8
295,	2
296,	2
297,	9
298,	2
299,	0
300,	1
301,	3
302,	7
303,	3
304,	5
305,	2
306,	6
307,	3
308,	0
309,	6
310,	4
311,	2
312,	4
313,	7
314,	7
315,	8
316,	0
317,	6
318,	4
319,	1
320,	3
321,	2
322,	5
323,	11
324,	6
325,	2
326,	1
327,	1
328,	3
329,	7
330,	3
331,	4
332,	7
333,	3
334,	9
335,	0
336,	2
337,	8
338,	11
339,	1
340,	0
341,	11
342,	6
343,	8
344,	0
345,	3
346,	5
347,	0
348,	4
349,	0
350,	7
351,	1
352,	1
353,	7
354,	7
355,	2
356,	9
357,	2
358,	5
359,	1
360,	0
361,	4
362,	6
363,	8
364,	6
365,	9
366,	7
367,	3
368,	8
369,	0
370,	0
371,	2
372,	5
373,	4
374,	1
375,	10
376,	4
377,	5
378,	3
379,	7
380,	3
381,	0
382,	4
383,	0
384,	6
385,	6
386,	9
387,	2
388,	7
389,	3
390,	3
391,	4
392,	2
393,	7
394,	11
395,	1
396,	5
397,	1
398,	4
399,	7
400,	1
401,	1
402,	5
403,	3
404,	6
405,	11
406,	1
407,	1
408,	4
409,	3
410,	0
411,	0
412,	3
413,	0
414,	7
415,	10
416,	1
417,	2
418,	5
419,	0
420,	3
421,	3
422,	1
423,	7
424,	10
425,	5
426,	9
427,	3
428,	2
429,	2
430,	1
431,	9
432,	3
433,	6
434,	6
435,	7
436,	1
437,	2
438,	8
439,	4
440,	6
441,	7
442,	0
443,	2
444,	2
445,	0
446,	1
447,	1
448,	2
449,	2
450,	3
451,	4
452,	5
453,	3
454,	2
455,	3
456,	7
457,	4
458,	3
459,	0
460,	8
461,	7
462,	3
463,	6
464,	3
465,	5
466,	3
467,	8
468,	3
469,	1
470,	5
471,	7
472,	3
473,	2
474,	8
475,	2
476,	5
477,	0
478,	0
479,	10
480,	2
481,	0
482,	9
483,	2
484,	6
485,	9
486,	7
487,	4
488,	0
489,	3
490,	2
491,	9
492,	0
493,	3
494,	5
495,	0
496,	10
497,	7
498,	3
499,	0
