Instance: /home/gabriel/Documents/ufrgs/courses/oc/trab/instances/cmb03
Vertices: 1000
Colors: 18
NumIterations: 1
Alpha: 1.000000
Is Factible?: false
Conflicts: 7
Solution Value: 222780.937500
Vertex,	Color
0,	0
1,	4
2,	2
3,	2
4,	11
5,	15
6,	1
7,	13
8,	4
9,	0
10,	6
11,	7
12,	2
13,	6
14,	4
15,	4
16,	6
17,	14
18,	7
19,	13
20,	3
21,	9
22,	8
23,	1
24,	14
25,	12
26,	0
27,	6
28,	1
29,	7
30,	14
31,	4
32,	2
33,	5
34,	10
35,	1
36,	0
37,	5
38,	6
39,	0
40,	0
41,	6
42,	12
43,	12
44,	3
45,	1
46,	11
47,	7
48,	10
49,	0
50,	0
51,	3
52,	1
53,	10
54,	1
55,	6
56,	3
57,	7
58,	12
59,	9
60,	5
61,	11
62,	11
63,	3
64,	10
65,	3
66,	1
67,	11
68,	2
69,	3
70,	8
71,	6
72,	8
73,	16
74,	8
75,	13
76,	8
77,	7
78,	3
79,	6
80,	0
81,	13
82,	3
83,	3
84,	10
85,	3
86,	6
87,	3
88,	15
89,	8
90,	2
91,	3
92,	12
93,	10
94,	4
95,	1
96,	14
97,	3
98,	8
99,	1
100,	5
101,	5
102,	7
103,	11
104,	9
105,	5
106,	4
107,	8
108,	6
109,	6
110,	11
111,	0
112,	13
113,	1
114,	16
115,	7
116,	5
117,	6
118,	6
119,	10
120,	10
121,	5
122,	11
123,	8
124,	3
125,	5
126,	3
127,	7
128,	4
129,	7
130,	8
131,	13
132,	8
133,	11
134,	2
135,	8
136,	2
137,	1
138,	14
139,	0
140,	4
141,	9
142,	6
143,	3
144,	11
145,	5
146,	9
147,	4
148,	4
149,	5
150,	3
151,	8
152,	3
153,	5
154,	2
155,	3
156,	9
157,	6
158,	2
159,	1
160,	2
161,	10
162,	5
163,	6
164,	2
165,	4
166,	4
167,	4
168,	7
169,	4
170,	6
171,	0
172,	5
173,	12
174,	2
175,	5
176,	2
177,	15
178,	7
179,	4
180,	1
181,	10
182,	14
183,	4
184,	1
185,	4
186,	9
187,	1
188,	4
189,	13
190,	16
191,	9
192,	5
193,	2
194,	17
195,	7
196,	12
197,	14
198,	4
199,	4
200,	2
201,	7
202,	11
203,	9
204,	6
205,	10
206,	1
207,	5
208,	8
209,	0
210,	1
211,	11
212,	0
213,	13
214,	13
215,	5
216,	8
217,	6
218,	17
219,	2
220,	1
221,	0
222,	8
223,	11
224,	5
225,	3
226,	8
227,	4
228,	6
229,	3
230,	11
231,	5
232,	5
233,	0
234,	4
235,	2
236,	13
237,	17
238,	3
239,	8
240,	1
241,	2
242,	5
243,	0
244,	7
245,	3
246,	5
247,	3
248,	2
249,	16
250,	3
251,	7
252,	7
253,	12
254,	1
255,	9
256,	4
257,	2
258,	6
259,	12
260,	10
261,	2
262,	14
263,	5
264,	5
265,	2
266,	2
267,	10
268,	17
269,	10
270,	1
271,	3
272,	3
273,	5
274,	16
275,	0
276,	4
277,	1
278,	8
279,	1
280,	2
281,	10
282,	1
283,	7
284,	15
285,	9
286,	6
287,	0
288,	5
289,	6
290,	8
291,	0
292,	11
293,	2
294,	9
295,	9
296,	12
297,	9
298,	10
299,	7
300,	16
301,	4
302,	2
303,	1
304,	13
305,	12
306,	8
307,	7
308,	0
309,	0
310,	10
311,	3
312,	0
313,	1
314,	6
315,	4
316,	7
317,	0
318,	15
319,	9
320,	1
321,	1
322,	9
323,	13
324,	14
325,	8
326,	3
327,	4
328,	1
329,	2
330,	3
331,	1
332,	0
333,	9
334,	0
335,	8
336,	2
337,	5
338,	9
339,	0
340,	6
341,	1
342,	6
343,	3
344,	0
345,	11
346,	5
347,	8
348,	6
349,	0
350,	9
351,	12
352,	0
353,	2
354,	0
355,	5
356,	3
357,	5
358,	1
359,	6
360,	8
361,	8
362,	4
363,	12
364,	8
365,	0
366,	6
367,	0
368,	2
369,	7
370,	8
371,	2
372,	10
373,	1
374,	12
375,	2
376,	0
377,	17
378,	12
379,	3
380,	8
381,	7
382,	9
383,	14
384,	7
385,	12
386,	5
387,	3
388,	17
389,	8
390,	7
391,	6
392,	10
393,	3
394,	6
395,	1
396,	1
397,	3
398,	5
399,	6
400,	12
401,	5
402,	2
403,	4
404,	5
405,	6
406,	1
407,	14
408,	16
409,	12
410,	16
411,	9
412,	1
413,	13
414,	7
415,	4
416,	12
417,	2
418,	12
419,	1
420,	1
421,	5
422,	3
423,	14
424,	0
425,	12
426,	2
427,	10
428,	10
429,	6
430,	2
431,	4
432,	7
433,	0
434,	2
435,	11
436,	6
437,	0
438,	4
439,	0
440,	3
441,	5
442,	4
443,	7
444,	4
445,	6
446,	0
447,	6
448,	2
449,	0
450,	14
451,	8
452,	0
453,	10
454,	3
455,	3
456,	7
457,	8
458,	11
459,	3
460,	7
461,	9
462,	13
463,	7
464,	1
465,	0
466,	4
467,	11
468,	0
469,	0
470,	12
471,	8
472,	13
473,	3
474,	4
475,	5
476,	8
477,	9
478,	4
479,	4
480,	8
481,	1
482,	6
483,	7
484,	6
485,	7
486,	2
487,	7
488,	8
489,	8
490,	4
491,	7
492,	10
493,	12
494,	10
495,	6
496,	7
497,	10
498,	9
499,	15
500,	10
501,	8
502,	12
503,	2
504,	15
505,	0
506,	2
507,	15
508,	13
509,	6
510,	0
511,	8
512,	0
513,	15
514,	8
515,	15
516,	3
517,	11
518,	6
519,	10
520,	1
521,	5
522,	2
523,	12
524,	7
525,	6
526,	3
527,	7
528,	6
529,	8
530,	6
531,	7
532,	10
533,	6
534,	2
535,	0
536,	1
537,	2
538,	1
539,	6
540,	9
541,	2
542,	9
543,	17
544,	2
545,	3
546,	0
547,	3
548,	8
549,	6
550,	1
551,	10
552,	10
553,	1
554,	4
555,	13
556,	4
557,	6
558,	11
559,	6
560,	8
561,	6
562,	9
563,	7
564,	13
565,	2
566,	0
567,	4
568,	6
569,	7
570,	1
571,	2
572,	4
573,	5
574,	8
575,	9
576,	10
577,	11
578,	8
579,	0
580,	10
581,	4
582,	2
583,	13
584,	14
585,	2
586,	9
587,	8
588,	13
589,	5
590,	14
591,	0
592,	0
593,	2
594,	4
595,	3
596,	14
597,	11
598,	2
599,	9
600,	9
601,	9
602,	6
603,	4
604,	7
605,	2
606,	11
607,	8
608,	13
609,	2
610,	0
611,	5
612,	2
613,	9
614,	0
615,	0
616,	1
617,	4
618,	16
619,	0
620,	8
621,	8
622,	3
623,	3
624,	3
625,	7
626,	5
627,	4
628,	4
629,	13
630,	8
631,	3
632,	7
633,	3
634,	11
635,	1
636,	0
637,	0
638,	8
639,	9
640,	0
641,	11
642,	9
643,	5
644,	12
645,	10
646,	7
647,	8
648,	2
649,	7
650,	3
651,	8
652,	13
653,	2
654,	16
655,	9
656,	1
657,	6
658,	13
659,	16
660,	7
661,	9
662,	0
663,	7
664,	10
665,	5
666,	7
667,	7
668,	7
669,	10
670,	3
671,	2
672,	12
673,	7
674,	1
675,	4
676,	5
677,	13
678,	2
679,	5
680,	11
681,	10
682,	0
683,	2
684,	5
685,	2
686,	7
687,	11
688,	10
689,	15
690,	5
691,	5
692,	1
693,	7
694,	16
695,	15
696,	10
697,	5
698,	7
699,	1
700,	12
701,	1
702,	0
703,	14
704,	5
705,	3
706,	12
707,	8
708,	7
709,	12
710,	16
711,	1
712,	15
713,	3
714,	2
715,	3
716,	10
717,	0
718,	1
719,	5
720,	4
721,	1
722,	8
723,	8
724,	4
725,	5
726,	5
727,	7
728,	8
729,	3
730,	14
731,	13
732,	1
733,	11
734,	0
735,	3
736,	6
737,	9
738,	0
739,	5
740,	7
741,	11
742,	3
743,	11
744,	1
745,	2
746,	11
747,	13
748,	4
749,	11
750,	5
751,	1
752,	7
753,	4
754,	12
755,	3
756,	3
757,	1
758,	12
759,	9
760,	14
761,	4
762,	3
763,	5
764,	0
765,	0
766,	1
767,	1
768,	8
769,	0
770,	7
771,	14
772,	0
773,	15
774,	2
775,	6
776,	1
777,	0
778,	5
779,	15
780,	10
781,	0
782,	11
783,	9
784,	10
785,	1
786,	16
787,	9
788,	5
789,	0
790,	6
791,	11
792,	4
793,	14
794,	4
795,	2
796,	4
797,	14
798,	4
799,	4
800,	8
801,	5
802,	15
803,	4
804,	0
805,	9
806,	1
807,	5
808,	11
809,	9
810,	13
811,	8
812,	9
813,	2
814,	3
815,	11
816,	11
817,	1
818,	8
819,	2
820,	0
821,	2
822,	8
823,	5
824,	4
825,	9
826,	9
827,	5
828,	2
829,	12
830,	0
831,	16
832,	4
833,	11
834,	4
835,	13
836,	12
837,	14
838,	0
839,	5
840,	1
841,	6
842,	2
843,	8
844,	6
845,	2
846,	7
847,	6
848,	4
849,	3
850,	7
851,	17
852,	3
853,	10
854,	1
855,	5
856,	17
857,	2
858,	8
859,	1
860,	6
861,	4
862,	5
863,	10
864,	0
865,	0
866,	6
867,	1
868,	3
869,	13
870,	10
871,	2
872,	11
873,	7
874,	4
875,	1
876,	4
877,	4
878,	11
879,	9
880,	2
881,	11
882,	4
883,	2
884,	3
885,	11
886,	14
887,	6
888,	8
889,	10
890,	0
891,	3
892,	1
893,	1
894,	2
895,	3
896,	5
897,	9
898,	15
899,	6
900,	7
901,	10
902,	11
903,	8
904,	9
905,	11
906,	6
907,	3
908,	7
909,	6
910,	14
911,	9
912,	0
913,	10
914,	2
915,	9
916,	14
917,	5
918,	6
919,	10
920,	7
921,	1
922,	6
923,	10
924,	4
925,	16
926,	5
927,	0
928,	4
929,	2
930,	5
931,	3
932,	0
933,	8
934,	4
935,	9
936,	4
937,	7
938,	6
939,	12
940,	0
941,	2
942,	0
943,	14
944,	5
945,	10
946,	3
947,	2
948,	1
949,	0
950,	10
951,	3
952,	11
953,	5
954,	1
955,	1
956,	7
957,	9
958,	10
959,	9
960,	3
961,	10
962,	0
963,	1
964,	2
965,	2
966,	3
967,	3
968,	6
969,	2
970,	5
971,	0
972,	13
973,	0
974,	0
975,	5
976,	3
977,	4
978,	10
979,	1
980,	7
981,	10
982,	15
983,	7
984,	3
985,	7
986,	1
987,	9
988,	3
989,	2
990,	7
991,	3
992,	10
993,	12
994,	6
995,	5
996,	11
997,	1
998,	3
999,	2
