Instance: /home/gabriel/Documents/ufrgs/courses/oc/trab/instances/cmb01
Vertices: 500
Colors: 12
NumIterations: 1
Alpha: 1.000000
Is Factible?: false
Conflicts: 7
Solution Value: 164007.187500
Vertex,	Color
0,	6
1,	2
2,	5
3,	4
4,	2
5,	0
6,	6
7,	7
8,	7
9,	5
10,	4
11,	4
12,	0
13,	4
14,	4
15,	0
16,	2
17,	3
18,	11
19,	4
20,	2
21,	7
22,	6
23,	0
24,	2
25,	7
26,	2
27,	6
28,	8
29,	2
30,	0
31,	0
32,	5
33,	4
34,	2
35,	3
36,	7
37,	6
38,	5
39,	7
40,	2
41,	6
42,	8
43,	3
44,	1
45,	7
46,	6
47,	7
48,	9
49,	0
50,	6
51,	11
52,	5
53,	6
54,	4
55,	4
56,	6
57,	1
58,	3
59,	2
60,	8
61,	2
62,	2
63,	7
64,	1
65,	3
66,	2
67,	0
68,	3
69,	6
70,	6
71,	4
72,	3
73,	3
74,	7
75,	4
76,	11
77,	3
78,	0
79,	7
80,	7
81,	0
82,	8
83,	0
84,	7
85,	1
86,	1
87,	5
88,	6
89,	10
90,	7
91,	3
92,	6
93,	10
94,	11
95,	4
96,	1
97,	3
98,	1
99,	10
100,	4
101,	5
102,	4
103,	2
104,	0
105,	8
106,	4
107,	7
108,	0
109,	7
110,	10
111,	9
112,	5
113,	10
114,	5
115,	7
116,	4
117,	0
118,	3
119,	4
120,	0
121,	3
122,	4
123,	2
124,	8
125,	3
126,	3
127,	9
128,	7
129,	4
130,	3
131,	0
132,	5
133,	8
134,	8
135,	8
136,	0
137,	5
138,	7
139,	0
140,	0
141,	3
142,	1
143,	5
144,	2
145,	2
146,	2
147,	7
148,	1
149,	2
150,	1
151,	1
152,	8
153,	1
154,	1
155,	3
156,	10
157,	5
158,	8
159,	3
160,	1
161,	9
162,	9
163,	5
164,	1
165,	1
166,	7
167,	3
168,	0
169,	8
170,	6
171,	6
172,	2
173,	3
174,	2
175,	6
176,	0
177,	1
178,	3
179,	10
180,	4
181,	1
182,	9
183,	4
184,	7
185,	9
186,	2
187,	2
188,	6
189,	2
190,	2
191,	1
192,	0
193,	0
194,	8
195,	6
196,	1
197,	5
198,	4
199,	2
200,	4
201,	4
202,	10
203,	4
204,	0
205,	1
206,	0
207,	0
208,	0
209,	4
210,	1
211,	0
212,	4
213,	4
214,	7
215,	1
216,	1
217,	9
218,	2
219,	10
220,	7
221,	1
222,	5
223,	7
224,	6
225,	5
226,	6
227,	10
228,	8
229,	3
230,	0
231,	0
232,	9
233,	5
234,	4
235,	1
236,	8
237,	4
238,	2
239,	0
240,	1
241,	3
242,	1
243,	2
244,	7
245,	2
246,	1
247,	3
248,	6
249,	5
250,	5
251,	1
252,	0
253,	0
254,	9
255,	6
256,	9
257,	2
258,	9
259,	5
260,	9
261,	2
262,	3
263,	2
264,	5
265,	5
266,	1
267,	2
268,	3
269,	3
270,	1
271,	3
272,	1
273,	4
274,	2
275,	6
276,	1
277,	5
278,	3
279,	0
280,	2
281,	4
282,	2
283,	4
284,	11
285,	5
286,	0
287,	5
288,	6
289,	0
290,	3
291,	6
292,	4
293,	6
294,	11
295,	8
296,	8
297,	6
298,	0
299,	0
300,	2
301,	7
302,	4
303,	1
304,	8
305,	0
306,	6
307,	6
308,	5
309,	1
310,	6
311,	3
312,	2
313,	9
314,	3
315,	2
316,	0
317,	0
318,	3
319,	1
320,	1
321,	1
322,	7
323,	1
324,	3
325,	3
326,	1
327,	2
328,	4
329,	2
330,	4
331,	2
332,	4
333,	4
334,	3
335,	3
336,	8
337,	8
338,	10
339,	3
340,	8
341,	8
342,	9
343,	2
344,	0
345,	6
346,	8
347,	6
348,	0
349,	2
350,	1
351,	1
352,	5
353,	11
354,	4
355,	7
356,	9
357,	10
358,	5
359,	6
360,	2
361,	7
362,	0
363,	6
364,	0
365,	9
366,	7
367,	4
368,	5
369,	1
370,	8
371,	2
372,	0
373,	2
374,	2
375,	7
376,	7
377,	11
378,	3
379,	7
380,	2
381,	0
382,	1
383,	3
384,	4
385,	5
386,	6
387,	6
388,	1
389,	5
390,	1
391,	2
392,	5
393,	5
394,	3
395,	4
396,	11
397,	10
398,	1
399,	9
400,	8
401,	7
402,	1
403,	3
404,	4
405,	2
406,	2
407,	4
408,	0
409,	6
410,	1
411,	0
412,	6
413,	3
414,	7
415,	5
416,	5
417,	3
418,	5
419,	5
420,	1
421,	1
422,	0
423,	4
424,	4
425,	7
426,	11
427,	1
428,	0
429,	2
430,	5
431,	3
432,	5
433,	5
434,	8
435,	4
436,	1
437,	5
438,	6
439,	8
440,	3
441,	11
442,	0
443,	3
444,	1
445,	6
446,	5
447,	2
448,	2
449,	4
450,	9
451,	10
452,	4
453,	8
454,	0
455,	6
456,	3
457,	7
458,	4
459,	0
460,	10
461,	3
462,	1
463,	0
464,	1
465,	5
466,	6
467,	4
468,	1
469,	1
470,	1
471,	0
472,	7
473,	0
474,	5
475,	10
476,	2
477,	2
478,	2
479,	8
480,	5
481,	3
482,	6
483,	0
484,	7
485,	5
486,	0
487,	9
488,	1
489,	3
490,	2
491,	3
492,	8
493,	3
494,	8
495,	1
496,	5
497,	2
498,	2
499,	5
