Instance: /home/gabriel/Documents/ufrgs/courses/oc/trab/instances/cmb03
Vertices: 1000
Colors: 18
NumIterations: 1
Alpha: 1.000000
Is Factible?: false
Conflicts: 24
Solution Value: 232989.515625
Vertex,	Color
0,	0
1,	0
2,	12
3,	4
4,	7
5,	0
6,	10
7,	1
8,	9
9,	7
10,	5
11,	6
12,	6
13,	11
14,	6
15,	13
16,	15
17,	9
18,	0
19,	8
20,	1
21,	9
22,	8
23,	3
24,	1
25,	6
26,	1
27,	6
28,	8
29,	1
30,	7
31,	2
32,	6
33,	9
34,	7
35,	10
36,	1
37,	10
38,	5
39,	7
40,	8
41,	4
42,	2
43,	3
44,	13
45,	14
46,	4
47,	12
48,	14
49,	2
50,	8
51,	9
52,	9
53,	5
54,	0
55,	8
56,	2
57,	4
58,	15
59,	12
60,	8
61,	5
62,	3
63,	7
64,	13
65,	0
66,	3
67,	7
68,	1
69,	3
70,	2
71,	11
72,	4
73,	15
74,	6
75,	11
76,	1
77,	4
78,	9
79,	5
80,	6
81,	2
82,	11
83,	1
84,	5
85,	4
86,	5
87,	9
88,	2
89,	9
90,	10
91,	7
92,	10
93,	3
94,	5
95,	1
96,	13
97,	11
98,	12
99,	1
100,	10
101,	8
102,	10
103,	6
104,	3
105,	8
106,	5
107,	6
108,	12
109,	9
110,	7
111,	2
112,	4
113,	1
114,	3
115,	6
116,	13
117,	7
118,	5
119,	0
120,	8
121,	10
122,	13
123,	14
124,	16
125,	6
126,	4
127,	0
128,	14
129,	9
130,	16
131,	12
132,	6
133,	2
134,	6
135,	3
136,	9
137,	7
138,	3
139,	7
140,	12
141,	12
142,	5
143,	3
144,	4
145,	1
146,	1
147,	4
148,	5
149,	10
150,	12
151,	1
152,	9
153,	6
154,	8
155,	8
156,	0
157,	4
158,	6
159,	4
160,	15
161,	0
162,	5
163,	11
164,	6
165,	4
166,	8
167,	6
168,	6
169,	9
170,	10
171,	6
172,	5
173,	4
174,	8
175,	7
176,	6
177,	5
178,	0
179,	0
180,	13
181,	6
182,	0
183,	0
184,	1
185,	1
186,	8
187,	15
188,	11
189,	8
190,	16
191,	3
192,	0
193,	2
194,	9
195,	0
196,	1
197,	15
198,	9
199,	10
200,	1
201,	10
202,	13
203,	6
204,	8
205,	1
206,	2
207,	7
208,	2
209,	2
210,	0
211,	4
212,	14
213,	5
214,	6
215,	4
216,	7
217,	4
218,	8
219,	6
220,	1
221,	6
222,	2
223,	13
224,	1
225,	8
226,	6
227,	10
228,	3
229,	6
230,	15
231,	10
232,	0
233,	1
234,	8
235,	5
236,	14
237,	11
238,	2
239,	3
240,	5
241,	0
242,	13
243,	11
244,	8
245,	1
246,	8
247,	5
248,	1
249,	2
250,	3
251,	9
252,	3
253,	7
254,	6
255,	6
256,	7
257,	3
258,	4
259,	1
260,	7
261,	8
262,	11
263,	4
264,	0
265,	3
266,	0
267,	8
268,	11
269,	5
270,	6
271,	9
272,	5
273,	8
274,	11
275,	6
276,	4
277,	3
278,	8
279,	6
280,	0
281,	6
282,	3
283,	7
284,	9
285,	3
286,	7
287,	0
288,	1
289,	2
290,	3
291,	1
292,	15
293,	5
294,	11
295,	8
296,	2
297,	0
298,	0
299,	8
300,	10
301,	4
302,	12
303,	9
304,	4
305,	3
306,	16
307,	4
308,	11
309,	5
310,	8
311,	12
312,	12
313,	6
314,	7
315,	1
316,	3
317,	12
318,	2
319,	0
320,	4
321,	16
322,	3
323,	1
324,	11
325,	0
326,	12
327,	15
328,	14
329,	2
330,	11
331,	3
332,	2
333,	8
334,	9
335,	5
336,	4
337,	13
338,	9
339,	2
340,	0
341,	7
342,	2
343,	11
344,	5
345,	2
346,	0
347,	6
348,	4
349,	4
350,	1
351,	10
352,	14
353,	6
354,	8
355,	8
356,	8
357,	5
358,	2
359,	3
360,	6
361,	9
362,	10
363,	0
364,	7
365,	2
366,	3
367,	5
368,	2
369,	15
370,	9
371,	2
372,	12
373,	5
374,	17
375,	10
376,	2
377,	8
378,	3
379,	9
380,	2
381,	4
382,	9
383,	3
384,	5
385,	0
386,	0
387,	13
388,	8
389,	8
390,	2
391,	3
392,	5
393,	4
394,	10
395,	0
396,	10
397,	2
398,	6
399,	6
400,	0
401,	2
402,	12
403,	0
404,	7
405,	3
406,	0
407,	10
408,	7
409,	12
410,	10
411,	1
412,	6
413,	14
414,	8
415,	10
416,	8
417,	5
418,	13
419,	12
420,	1
421,	7
422,	4
423,	0
424,	1
425,	5
426,	1
427,	4
428,	6
429,	1
430,	2
431,	0
432,	12
433,	9
434,	10
435,	6
436,	7
437,	7
438,	1
439,	9
440,	9
441,	1
442,	5
443,	0
444,	8
445,	10
446,	2
447,	7
448,	12
449,	7
450,	14
451,	12
452,	13
453,	9
454,	14
455,	1
456,	3
457,	6
458,	14
459,	0
460,	5
461,	11
462,	4
463,	3
464,	4
465,	4
466,	2
467,	1
468,	6
469,	3
470,	2
471,	3
472,	7
473,	0
474,	7
475,	5
476,	4
477,	3
478,	10
479,	3
480,	4
481,	5
482,	7
483,	0
484,	6
485,	8
486,	2
487,	6
488,	5
489,	2
490,	1
491,	9
492,	7
493,	9
494,	0
495,	12
496,	2
497,	7
498,	9
499,	5
500,	5
501,	4
502,	7
503,	6
504,	10
505,	2
506,	5
507,	5
508,	2
509,	1
510,	10
511,	7
512,	1
513,	13
514,	4
515,	5
516,	10
517,	9
518,	2
519,	7
520,	5
521,	3
522,	3
523,	2
524,	0
525,	8
526,	11
527,	1
528,	7
529,	7
530,	12
531,	9
532,	1
533,	9
534,	4
535,	4
536,	7
537,	1
538,	4
539,	5
540,	11
541,	0
542,	2
543,	9
544,	12
545,	6
546,	0
547,	2
548,	11
549,	5
550,	4
551,	4
552,	14
553,	0
554,	2
555,	11
556,	2
557,	14
558,	0
559,	1
560,	0
561,	9
562,	5
563,	7
564,	0
565,	8
566,	8
567,	0
568,	8
569,	6
570,	7
571,	11
572,	0
573,	7
574,	9
575,	13
576,	4
577,	9
578,	8
579,	9
580,	6
581,	7
582,	7
583,	5
584,	12
585,	2
586,	5
587,	6
588,	0
589,	1
590,	1
591,	8
592,	8
593,	9
594,	1
595,	8
596,	1
597,	2
598,	8
599,	0
600,	1
601,	4
602,	6
603,	11
604,	17
605,	5
606,	10
607,	9
608,	13
609,	5
610,	4
611,	7
612,	0
613,	7
614,	2
615,	1
616,	3
617,	9
618,	14
619,	10
620,	13
621,	9
622,	12
623,	10
624,	2
625,	7
626,	2
627,	13
628,	4
629,	8
630,	4
631,	1
632,	5
633,	1
634,	6
635,	7
636,	2
637,	5
638,	4
639,	5
640,	1
641,	6
642,	16
643,	7
644,	12
645,	6
646,	3
647,	15
648,	3
649,	4
650,	4
651,	4
652,	4
653,	15
654,	1
655,	16
656,	12
657,	4
658,	13
659,	13
660,	11
661,	10
662,	2
663,	9
664,	13
665,	0
666,	15
667,	11
668,	1
669,	12
670,	3
671,	6
672,	10
673,	12
674,	6
675,	13
676,	5
677,	3
678,	2
679,	1
680,	11
681,	9
682,	0
683,	3
684,	4
685,	6
686,	11
687,	14
688,	6
689,	16
690,	3
691,	6
692,	0
693,	8
694,	6
695,	5
696,	6
697,	7
698,	5
699,	0
700,	2
701,	2
702,	2
703,	13
704,	0
705,	13
706,	5
707,	9
708,	5
709,	7
710,	15
711,	11
712,	6
713,	4
714,	1
715,	0
716,	12
717,	7
718,	2
719,	8
720,	1
721,	9
722,	2
723,	0
724,	0
725,	2
726,	4
727,	10
728,	14
729,	7
730,	12
731,	0
732,	3
733,	2
734,	13
735,	12
736,	10
737,	6
738,	1
739,	3
740,	4
741,	0
742,	2
743,	9
744,	6
745,	2
746,	4
747,	11
748,	12
749,	15
750,	7
751,	8
752,	1
753,	9
754,	4
755,	4
756,	1
757,	0
758,	12
759,	11
760,	3
761,	4
762,	13
763,	11
764,	1
765,	0
766,	10
767,	3
768,	5
769,	10
770,	4
771,	3
772,	3
773,	11
774,	5
775,	5
776,	4
777,	1
778,	7
779,	1
780,	10
781,	2
782,	6
783,	7
784,	4
785,	10
786,	15
787,	12
788,	3
789,	11
790,	1
791,	11
792,	11
793,	2
794,	5
795,	6
796,	1
797,	17
798,	2
799,	9
800,	5
801,	0
802,	4
803,	9
804,	8
805,	6
806,	5
807,	2
808,	1
809,	3
810,	8
811,	2
812,	4
813,	0
814,	3
815,	5
816,	7
817,	5
818,	16
819,	11
820,	1
821,	0
822,	11
823,	0
824,	1
825,	9
826,	12
827,	4
828,	1
829,	11
830,	7
831,	17
832,	5
833,	0
834,	9
835,	8
836,	10
837,	10
838,	0
839,	2
840,	4
841,	2
842,	2
843,	5
844,	5
845,	5
846,	13
847,	2
848,	11
849,	1
850,	2
851,	11
852,	1
853,	8
854,	5
855,	3
856,	5
857,	5
858,	10
859,	10
860,	11
861,	12
862,	3
863,	15
864,	3
865,	4
866,	12
867,	4
868,	2
869,	11
870,	4
871,	10
872,	8
873,	12
874,	3
875,	1
876,	4
877,	11
878,	1
879,	0
880,	0
881,	8
882,	4
883,	3
884,	8
885,	4
886,	13
887,	3
888,	1
889,	0
890,	8
891,	6
892,	10
893,	11
894,	5
895,	8
896,	0
897,	15
898,	3
899,	7
900,	1
901,	10
902,	10
903,	4
904,	4
905,	12
906,	0
907,	15
908,	0
909,	6
910,	3
911,	7
912,	0
913,	7
914,	8
915,	7
916,	7
917,	5
918,	0
919,	0
920,	7
921,	7
922,	0
923,	12
924,	13
925,	8
926,	2
927,	1
928,	6
929,	0
930,	14
931,	2
932,	1
933,	7
934,	3
935,	0
936,	3
937,	9
938,	10
939,	0
940,	0
941,	10
942,	1
943,	6
944,	5
945,	5
946,	1
947,	2
948,	0
949,	7
950,	12
951,	8
952,	8
953,	1
954,	14
955,	3
956,	1
957,	9
958,	0
959,	3
960,	16
961,	15
962,	8
963,	3
964,	0
965,	4
966,	1
967,	5
968,	2
969,	2
970,	13
971,	9
972,	3
973,	7
974,	2
975,	8
976,	8
977,	3
978,	3
979,	5
980,	4
981,	8
982,	1
983,	7
984,	3
985,	6
986,	3
987,	10
988,	7
989,	0
990,	14
991,	3
992,	17
993,	0
994,	0
995,	4
996,	4
997,	9
998,	5
999,	4
