Instance: /home/gabriel/Documents/ufrgs/courses/oc/trab/instances/cmb01
Vertices: 500
Colors: 12
NumIterations: 100
Alpha: 0.950000
Is Factible?: false
Conflicts: 15
Solution Value: 161428.203125
Vertex,	Color
0,	1
1,	2
2,	0
3,	0
4,	3
5,	0
6,	3
7,	1
8,	0
9,	2
10,	0
11,	0
12,	0
13,	0
14,	1
15,	0
16,	0
17,	2
18,	0
19,	0
20,	0
21,	0
22,	1
23,	2
24,	2
25,	1
26,	0
27,	0
28,	0
29,	0
30,	0
31,	0
32,	1
33,	0
34,	1
35,	1
36,	1
37,	0
38,	0
39,	1
40,	0
41,	0
42,	3
43,	1
44,	1
45,	0
46,	1
47,	0
48,	0
49,	1
50,	0
51,	0
52,	1
53,	1
54,	0
55,	0
56,	1
57,	2
58,	2
59,	0
60,	1
61,	1
62,	0
63,	1
64,	1
65,	2
66,	0
67,	2
68,	2
69,	1
70,	0
71,	2
72,	1
73,	1
74,	1
75,	1
76,	2
77,	2
78,	0
79,	1
80,	2
81,	2
82,	0
83,	3
84,	0
85,	0
86,	3
87,	1
88,	3
89,	4
90,	2
91,	2
92,	1
93,	1
94,	1
95,	2
96,	4
97,	2
98,	0
99,	3
100,	3
101,	6
102,	3
103,	4
104,	0
105,	4
106,	3
107,	1
108,	1
109,	2
110,	3
111,	5
112,	0
113,	4
114,	2
115,	4
116,	1
117,	4
118,	0
119,	5
120,	3
121,	3
122,	4
123,	2
124,	2
125,	2
126,	2
127,	2
128,	2
129,	5
130,	0
131,	2
132,	3
133,	2
134,	1
135,	3
136,	2
137,	5
138,	6
139,	1
140,	1
141,	3
142,	5
143,	4
144,	4
145,	2
146,	3
147,	4
148,	5
149,	0
150,	3
151,	6
152,	1
153,	2
154,	2
155,	4
156,	2
157,	6
158,	2
159,	1
160,	4
161,	5
162,	7
163,	4
164,	5
165,	5
166,	0
167,	0
168,	3
169,	1
170,	7
171,	5
172,	1
173,	4
174,	3
175,	2
176,	2
177,	9
178,	5
179,	8
180,	6
181,	2
182,	6
183,	7
184,	3
185,	5
186,	4
187,	0
188,	2
189,	6
190,	4
191,	2
192,	3
193,	0
194,	5
195,	3
196,	2
197,	0
198,	6
199,	4
200,	1
201,	4
202,	4
203,	6
204,	6
205,	4
206,	2
207,	4
208,	1
209,	5
210,	4
211,	0
212,	8
213,	5
214,	3
215,	4
216,	3
217,	4
218,	4
219,	5
220,	3
221,	1
222,	7
223,	5
224,	3
225,	0
226,	4
227,	5
228,	1
229,	3
230,	3
231,	5
232,	3
233,	6
234,	1
235,	7
236,	6
237,	7
238,	2
239,	3
240,	1
241,	1
242,	7
243,	4
244,	7
245,	1
246,	5
247,	6
248,	7
249,	4
250,	2
251,	3
252,	3
253,	2
254,	11
255,	2
256,	5
257,	3
258,	4
259,	3
260,	6
261,	3
262,	7
263,	10
264,	4
265,	1
266,	6
267,	5
268,	4
269,	9
270,	8
271,	5
272,	4
273,	6
274,	7
275,	1
276,	9
277,	3
278,	6
279,	1
280,	0
281,	2
282,	6
283,	6
284,	6
285,	4
286,	3
287,	5
288,	4
289,	2
290,	6
291,	2
292,	6
293,	6
294,	0
295,	4
296,	4
297,	10
298,	0
299,	3
300,	4
301,	1
302,	6
303,	3
304,	1
305,	6
306,	3
307,	7
308,	2
309,	6
310,	5
311,	3
312,	2
313,	8
314,	7
315,	3
316,	7
317,	3
318,	4
319,	2
320,	4
321,	5
322,	8
323,	7
324,	8
325,	5
326,	2
327,	5
328,	7
329,	6
330,	0
331,	8
332,	5
333,	8
334,	9
335,	0
336,	3
337,	8
338,	6
339,	2
340,	7
341,	7
342,	6
343,	8
344,	1
345,	7
346,	8
347,	11
348,	7
349,	6
350,	4
351,	4
352,	1
353,	8
354,	5
355,	1
356,	9
357,	9
358,	5
359,	0
360,	7
361,	6
362,	5
363,	7
364,	7
365,	4
366,	5
367,	5
368,	7
369,	6
370,	9
371,	5
372,	4
373,	5
374,	4
375,	5
376,	8
377,	8
378,	7
379,	3
380,	4
381,	3
382,	3
383,	2
384,	5
385,	4
386,	9
387,	9
388,	9
389,	7
390,	8
391,	0
392,	2
393,	8
394,	10
395,	6
396,	9
397,	7
398,	5
399,	8
400,	8
401,	2
402,	1
403,	4
404,	3
405,	10
406,	2
407,	5
408,	0
409,	7
410,	7
411,	3
412,	5
413,	7
414,	10
415,	11
416,	10
417,	7
418,	10
419,	5
420,	9
421,	6
422,	7
423,	11
424,	7
425,	8
426,	10
427,	8
428,	6
429,	7
430,	10
431,	7
432,	0
433,	6
434,	6
435,	6
436,	5
437,	3
438,	7
439,	9
440,	0
441,	8
442,	5
443,	1
444,	3
445,	8
446,	11
447,	2
448,	6
449,	9
450,	8
451,	4
452,	7
453,	10
454,	4
455,	6
456,	8
457,	11
458,	0
459,	11
460,	10
461,	3
462,	9
463,	8
464,	4
465,	7
466,	6
467,	5
468,	6
469,	6
470,	3
471,	10
472,	7
473,	2
474,	9
475,	0
476,	6
477,	2
478,	7
479,	11
480,	9
481,	4
482,	9
483,	5
484,	8
485,	7
486,	9
487,	9
488,	5
489,	4
490,	4
491,	10
492,	11
493,	11
494,	7
495,	6
496,	10
497,	9
498,	0
499,	5
