Instance: /home/gabriel/Documents/ufrgs/courses/oc/trab/instances/cmb03
Vertices: 1000
Colors: 18
NumIterations: 1
Alpha: 1.000000
Is Factible?: false
Conflicts: 19
Solution Value: 233772.218750
Vertex,	Color
0,	10
1,	8
2,	11
3,	4
4,	13
5,	11
6,	7
7,	2
8,	11
9,	3
10,	5
11,	3
12,	9
13,	0
14,	3
15,	17
16,	6
17,	12
18,	5
19,	11
20,	8
21,	8
22,	1
23,	0
24,	5
25,	0
26,	8
27,	11
28,	1
29,	1
30,	11
31,	1
32,	10
33,	13
34,	1
35,	6
36,	0
37,	8
38,	2
39,	9
40,	6
41,	1
42,	4
43,	12
44,	10
45,	13
46,	5
47,	12
48,	11
49,	1
50,	0
51,	7
52,	4
53,	0
54,	4
55,	5
56,	0
57,	3
58,	10
59,	12
60,	10
61,	0
62,	4
63,	12
64,	3
65,	0
66,	0
67,	4
68,	0
69,	0
70,	10
71,	5
72,	9
73,	10
74,	10
75,	15
76,	6
77,	10
78,	0
79,	11
80,	9
81,	8
82,	3
83,	9
84,	5
85,	8
86,	8
87,	7
88,	8
89,	0
90,	2
91,	7
92,	13
93,	6
94,	2
95,	0
96,	13
97,	3
98,	7
99,	0
100,	4
101,	9
102,	0
103,	7
104,	10
105,	12
106,	4
107,	3
108,	13
109,	5
110,	16
111,	11
112,	12
113,	3
114,	1
115,	10
116,	4
117,	6
118,	3
119,	3
120,	4
121,	11
122,	11
123,	8
124,	0
125,	0
126,	1
127,	11
128,	12
129,	10
130,	8
131,	4
132,	7
133,	4
134,	13
135,	7
136,	0
137,	3
138,	6
139,	7
140,	11
141,	12
142,	3
143,	1
144,	11
145,	2
146,	12
147,	0
148,	8
149,	4
150,	4
151,	4
152,	3
153,	10
154,	2
155,	5
156,	7
157,	4
158,	15
159,	5
160,	5
161,	3
162,	10
163,	6
164,	16
165,	5
166,	0
167,	1
168,	1
169,	12
170,	3
171,	0
172,	8
173,	4
174,	0
175,	8
176,	7
177,	2
178,	9
179,	10
180,	12
181,	6
182,	10
183,	12
184,	5
185,	5
186,	8
187,	13
188,	2
189,	14
190,	1
191,	13
192,	8
193,	8
194,	2
195,	8
196,	3
197,	14
198,	11
199,	1
200,	7
201,	0
202,	2
203,	10
204,	4
205,	6
206,	10
207,	8
208,	13
209,	2
210,	7
211,	1
212,	7
213,	2
214,	7
215,	2
216,	14
217,	8
218,	9
219,	10
220,	8
221,	6
222,	14
223,	12
224,	6
225,	7
226,	10
227,	4
228,	7
229,	4
230,	4
231,	2
232,	11
233,	2
234,	0
235,	3
236,	0
237,	3
238,	6
239,	13
240,	8
241,	4
242,	0
243,	2
244,	1
245,	8
246,	1
247,	9
248,	5
249,	4
250,	1
251,	11
252,	6
253,	8
254,	7
255,	2
256,	1
257,	8
258,	8
259,	2
260,	4
261,	1
262,	14
263,	7
264,	6
265,	10
266,	9
267,	6
268,	8
269,	12
270,	6
271,	11
272,	2
273,	2
274,	4
275,	6
276,	6
277,	13
278,	5
279,	0
280,	1
281,	7
282,	3
283,	7
284,	15
285,	5
286,	2
287,	8
288,	2
289,	1
290,	4
291,	4
292,	11
293,	5
294,	8
295,	2
296,	4
297,	11
298,	11
299,	4
300,	9
301,	4
302,	2
303,	0
304,	9
305,	7
306,	13
307,	0
308,	3
309,	2
310,	14
311,	10
312,	3
313,	6
314,	5
315,	0
316,	14
317,	10
318,	7
319,	2
320,	9
321,	8
322,	6
323,	16
324,	12
325,	5
326,	8
327,	10
328,	15
329,	0
330,	3
331,	3
332,	11
333,	5
334,	2
335,	7
336,	0
337,	15
338,	3
339,	10
340,	0
341,	9
342,	2
343,	7
344,	5
345,	2
346,	2
347,	8
348,	14
349,	5
350,	7
351,	11
352,	15
353,	10
354,	5
355,	2
356,	6
357,	7
358,	5
359,	8
360,	3
361,	10
362,	7
363,	13
364,	3
365,	4
366,	13
367,	1
368,	5
369,	4
370,	0
371,	6
372,	9
373,	7
374,	1
375,	5
376,	6
377,	6
378,	9
379,	0
380,	3
381,	1
382,	7
383,	7
384,	1
385,	3
386,	0
387,	1
388,	17
389,	3
390,	3
391,	4
392,	0
393,	3
394,	0
395,	5
396,	0
397,	2
398,	5
399,	0
400,	2
401,	0
402,	4
403,	1
404,	3
405,	3
406,	3
407,	4
408,	9
409,	14
410,	0
411,	0
412,	13
413,	3
414,	9
415,	1
416,	1
417,	3
418,	5
419,	9
420,	9
421,	1
422,	6
423,	11
424,	4
425,	6
426,	12
427,	1
428,	5
429,	2
430,	14
431,	0
432,	4
433,	2
434,	2
435,	0
436,	12
437,	3
438,	4
439,	6
440,	2
441,	4
442,	2
443,	5
444,	8
445,	4
446,	0
447,	7
448,	0
449,	0
450,	0
451,	5
452,	2
453,	0
454,	8
455,	12
456,	1
457,	10
458,	1
459,	1
460,	9
461,	1
462,	3
463,	11
464,	12
465,	1
466,	2
467,	0
468,	13
469,	6
470,	8
471,	10
472,	12
473,	10
474,	1
475,	11
476,	2
477,	7
478,	5
479,	5
480,	5
481,	8
482,	3
483,	15
484,	5
485,	1
486,	4
487,	9
488,	1
489,	1
490,	6
491,	8
492,	10
493,	6
494,	3
495,	0
496,	5
497,	5
498,	2
499,	17
500,	14
501,	7
502,	13
503,	11
504,	0
505,	9
506,	1
507,	6
508,	4
509,	5
510,	10
511,	3
512,	13
513,	6
514,	15
515,	9
516,	11
517,	3
518,	4
519,	6
520,	4
521,	3
522,	8
523,	15
524,	2
525,	14
526,	8
527,	6
528,	8
529,	16
530,	6
531,	2
532,	2
533,	11
534,	6
535,	2
536,	6
537,	1
538,	5
539,	3
540,	1
541,	3
542,	5
543,	0
544,	4
545,	2
546,	3
547,	7
548,	3
549,	6
550,	7
551,	6
552,	4
553,	5
554,	9
555,	8
556,	1
557,	5
558,	1
559,	8
560,	0
561,	0
562,	0
563,	6
564,	3
565,	11
566,	1
567,	4
568,	6
569,	4
570,	4
571,	10
572,	12
573,	0
574,	5
575,	2
576,	5
577,	10
578,	2
579,	5
580,	6
581,	7
582,	0
583,	1
584,	16
585,	5
586,	5
587,	6
588,	1
589,	12
590,	14
591,	3
592,	5
593,	10
594,	2
595,	0
596,	1
597,	1
598,	4
599,	1
600,	3
601,	1
602,	10
603,	5
604,	7
605,	13
606,	8
607,	6
608,	3
609,	0
610,	0
611,	1
612,	10
613,	11
614,	10
615,	3
616,	4
617,	12
618,	9
619,	5
620,	13
621,	3
622,	1
623,	11
624,	3
625,	8
626,	7
627,	7
628,	3
629,	8
630,	1
631,	2
632,	1
633,	7
634,	5
635,	8
636,	2
637,	0
638,	0
639,	9
640,	0
641,	3
642,	1
643,	3
644,	5
645,	7
646,	3
647,	9
648,	10
649,	5
650,	4
651,	15
652,	0
653,	13
654,	7
655,	9
656,	4
657,	3
658,	9
659,	4
660,	4
661,	9
662,	5
663,	9
664,	10
665,	5
666,	10
667,	7
668,	6
669,	12
670,	6
671,	8
672,	14
673,	14
674,	1
675,	3
676,	9
677,	14
678,	2
679,	2
680,	13
681,	9
682,	11
683,	12
684,	9
685,	4
686,	11
687,	8
688,	4
689,	15
690,	2
691,	7
692,	8
693,	8
694,	8
695,	13
696,	5
697,	10
698,	7
699,	3
700,	12
701,	4
702,	1
703,	10
704,	6
705,	9
706,	0
707,	6
708,	11
709,	7
710,	6
711,	6
712,	7
713,	4
714,	1
715,	7
716,	6
717,	5
718,	6
719,	1
720,	0
721,	13
722,	10
723,	6
724,	4
725,	6
726,	9
727,	0
728,	2
729,	3
730,	14
731,	12
732,	0
733,	15
734,	1
735,	4
736,	5
737,	11
738,	9
739,	7
740,	1
741,	2
742,	16
743,	12
744,	6
745,	14
746,	12
747,	9
748,	16
749,	12
750,	7
751,	3
752,	1
753,	11
754,	9
755,	0
756,	2
757,	9
758,	7
759,	12
760,	8
761,	3
762,	3
763,	2
764,	9
765,	4
766,	2
767,	2
768,	4
769,	5
770,	5
771,	1
772,	3
773,	6
774,	3
775,	2
776,	4
777,	6
778,	10
779,	9
780,	6
781,	0
782,	0
783,	3
784,	6
785,	12
786,	16
787,	7
788,	11
789,	2
790,	5
791,	6
792,	7
793,	11
794,	6
795,	0
796,	5
797,	1
798,	10
799,	3
800,	11
801,	1
802,	0
803,	5
804,	8
805,	1
806,	6
807,	5
808,	6
809,	6
810,	12
811,	7
812,	0
813,	7
814,	8
815,	2
816,	7
817,	9
818,	2
819,	9
820,	9
821,	11
822,	2
823,	3
824,	10
825,	12
826,	0
827,	13
828,	1
829,	11
830,	2
831,	10
832,	2
833,	2
834,	2
835,	13
836,	8
837,	9
838,	3
839,	5
840,	5
841,	7
842,	0
843,	9
844,	2
845,	4
846,	9
847,	9
848,	8
849,	8
850,	7
851,	0
852,	3
853,	4
854,	8
855,	8
856,	9
857,	10
858,	3
859,	2
860,	3
861,	7
862,	9
863,	9
864,	1
865,	7
866,	10
867,	4
868,	8
869,	16
870,	9
871,	2
872,	12
873,	10
874,	6
875,	1
876,	1
877,	1
878,	5
879,	10
880,	4
881,	4
882,	2
883,	7
884,	4
885,	4
886,	7
887,	6
888,	2
889,	0
890,	0
891,	15
892,	14
893,	6
894,	0
895,	4
896,	1
897,	1
898,	3
899,	8
900,	2
901,	0
902,	7
903,	9
904,	6
905,	10
906,	0
907,	7
908,	2
909,	4
910,	9
911,	6
912,	2
913,	1
914,	12
915,	7
916,	11
917,	10
918,	6
919,	11
920,	6
921,	5
922,	0
923,	13
924,	11
925,	6
926,	6
927,	10
928,	2
929,	9
930,	8
931,	5
932,	2
933,	3
934,	9
935,	1
936,	9
937,	1
938,	11
939,	0
940,	7
941,	9
942,	13
943,	16
944,	14
945,	4
946,	4
947,	4
948,	11
949,	0
950,	16
951,	12
952,	11
953,	2
954,	5
955,	6
956,	5
957,	15
958,	6
959,	8
960,	0
961,	12
962,	16
963,	8
964,	11
965,	0
966,	7
967,	1
968,	5
969,	1
970,	8
971,	8
972,	10
973,	4
974,	8
975,	2
976,	8
977,	1
978,	0
979,	9
980,	5
981,	11
982,	12
983,	14
984,	0
985,	9
986,	10
987,	6
988,	13
989,	2
990,	3
991,	3
992,	0
993,	8
994,	4
995,	2
996,	5
997,	1
998,	1
999,	3
