Instance: /home/gabriel/Documents/ufrgs/courses/oc/trab/instances/cmb02
Vertices: 1000
Colors: 10
NumIterations: 1
Alpha: 0.050000
Is Factible?: false
Conflicts: 443
Solution Value: 556100.250000
Vertex,	Color
0,	2
1,	0
2,	0
3,	9
4,	9
5,	9
6,	0
7,	9
8,	1
9,	0
10,	0
11,	0
12,	0
13,	1
14,	0
15,	0
16,	0
17,	0
18,	0
19,	1
20,	0
21,	0
22,	0
23,	0
24,	0
25,	1
26,	1
27,	0
28,	0
29,	0
30,	0
31,	1
32,	0
33,	0
34,	0
35,	0
36,	1
37,	0
38,	0
39,	0
40,	0
41,	1
42,	1
43,	0
44,	9
45,	1
46,	1
47,	0
48,	0
49,	0
50,	0
51,	0
52,	9
53,	0
54,	0
55,	0
56,	0
57,	0
58,	0
59,	0
60,	0
61,	0
62,	0
63,	0
64,	0
65,	0
66,	0
67,	0
68,	0
69,	0
70,	1
71,	1
72,	0
73,	1
74,	0
75,	0
76,	1
77,	1
78,	0
79,	0
80,	1
81,	2
82,	1
83,	1
84,	1
85,	1
86,	1
87,	2
88,	0
89,	0
90,	0
91,	0
92,	0
93,	1
94,	0
95,	1
96,	1
97,	0
98,	0
99,	0
100,	2
101,	0
102,	0
103,	1
104,	0
105,	0
106,	1
107,	0
108,	1
109,	0
110,	9
111,	1
112,	0
113,	0
114,	0
115,	3
116,	0
117,	2
118,	0
119,	0
120,	1
121,	0
122,	3
123,	1
124,	0
125,	1
126,	0
127,	0
128,	0
129,	0
130,	1
131,	0
132,	0
133,	0
134,	0
135,	0
136,	1
137,	1
138,	1
139,	1
140,	0
141,	0
142,	1
143,	2
144,	9
145,	0
146,	2
147,	1
148,	9
149,	0
150,	2
151,	0
152,	2
153,	1
154,	1
155,	1
156,	9
157,	0
158,	3
159,	0
160,	1
161,	1
162,	1
163,	2
164,	9
165,	0
166,	3
167,	0
168,	0
169,	1
170,	0
171,	2
172,	1
173,	2
174,	2
175,	1
176,	0
177,	0
178,	0
179,	1
180,	0
181,	0
182,	0
183,	0
184,	0
185,	2
186,	0
187,	1
188,	1
189,	1
190,	0
191,	1
192,	0
193,	2
194,	0
195,	1
196,	3
197,	1
198,	0
199,	0
200,	1
201,	0
202,	1
203,	1
204,	2
205,	4
206,	1
207,	1
208,	2
209,	1
210,	2
211,	1
212,	3
213,	9
214,	1
215,	2
216,	2
217,	9
218,	0
219,	1
220,	0
221,	1
222,	0
223,	1
224,	2
225,	0
226,	2
227,	0
228,	1
229,	3
230,	1
231,	1
232,	0
233,	1
234,	3
235,	0
236,	3
237,	9
238,	9
239,	0
240,	1
241,	2
242,	0
243,	2
244,	0
245,	1
246,	0
247,	0
248,	3
249,	0
250,	1
251,	1
252,	0
253,	9
254,	1
255,	1
256,	1
257,	3
258,	0
259,	0
260,	0
261,	6
262,	9
263,	5
264,	2
265,	9
266,	2
267,	1
268,	3
269,	1
270,	1
271,	2
272,	1
273,	1
274,	1
275,	9
276,	9
277,	1
278,	1
279,	3
280,	1
281,	3
282,	9
283,	9
284,	2
285,	0
286,	1
287,	0
288,	9
289,	2
290,	1
291,	2
292,	1
293,	1
294,	2
295,	2
296,	0
297,	9
298,	3
299,	9
300,	2
301,	2
302,	0
303,	9
304,	2
305,	0
306,	9
307,	2
308,	1
309,	2
310,	0
311,	3
312,	1
313,	0
314,	1
315,	5
316,	1
317,	0
318,	0
319,	0
320,	1
321,	1
322,	1
323,	1
324,	2
325,	1
326,	2
327,	1
328,	1
329,	1
330,	2
331,	2
332,	9
333,	2
334,	0
335,	3
336,	0
337,	1
338,	4
339,	0
340,	2
341,	9
342,	3
343,	1
344,	3
345,	1
346,	1
347,	3
348,	9
349,	0
350,	0
351,	1
352,	1
353,	1
354,	2
355,	2
356,	4
357,	0
358,	0
359,	1
360,	0
361,	1
362,	2
363,	1
364,	3
365,	2
366,	0
367,	0
368,	3
369,	9
370,	2
371,	4
372,	4
373,	2
374,	4
375,	0
376,	0
377,	2
378,	1
379,	4
380,	9
381,	1
382,	2
383,	2
384,	1
385,	1
386,	9
387,	4
388,	9
389,	1
390,	3
391,	2
392,	1
393,	3
394,	2
395,	3
396,	2
397,	1
398,	1
399,	0
400,	0
401,	3
402,	0
403,	0
404,	0
405,	1
406,	2
407,	0
408,	0
409,	3
410,	4
411,	1
412,	3
413,	1
414,	2
415,	1
416,	0
417,	4
418,	0
419,	2
420,	1
421,	1
422,	2
423,	0
424,	9
425,	2
426,	2
427,	0
428,	4
429,	1
430,	0
431,	1
432,	3
433,	2
434,	2
435,	3
436,	0
437,	2
438,	2
439,	3
440,	0
441,	9
442,	3
443,	2
444,	9
445,	1
446,	1
447,	5
448,	2
449,	9
450,	2
451,	0
452,	3
453,	9
454,	1
455,	1
456,	2
457,	0
458,	2
459,	9
460,	5
461,	0
462,	2
463,	3
464,	3
465,	2
466,	0
467,	2
468,	2
469,	1
470,	3
471,	5
472,	2
473,	0
474,	9
475,	2
476,	2
477,	2
478,	3
479,	1
480,	4
481,	1
482,	2
483,	2
484,	1
485,	3
486,	2
487,	0
488,	2
489,	0
490,	2
491,	0
492,	3
493,	2
494,	0
495,	0
496,	5
497,	1
498,	4
499,	5
500,	2
501,	2
502,	2
503,	3
504,	9
505,	3
506,	9
507,	2
508,	0
509,	0
510,	1
511,	9
512,	1
513,	9
514,	2
515,	3
516,	5
517,	4
518,	3
519,	3
520,	0
521,	1
522,	9
523,	4
524,	5
525,	2
526,	3
527,	3
528,	2
529,	3
530,	2
531,	0
532,	5
533,	2
534,	2
535,	9
536,	2
537,	0
538,	1
539,	3
540,	0
541,	2
542,	1
543,	9
544,	2
545,	2
546,	1
547,	6
548,	3
549,	0
550,	3
551,	1
552,	9
553,	0
554,	4
555,	3
556,	1
557,	9
558,	3
559,	1
560,	2
561,	2
562,	3
563,	4
564,	4
565,	3
566,	6
567,	2
568,	3
569,	3
570,	0
571,	3
572,	2
573,	3
574,	3
575,	1
576,	4
577,	2
578,	4
579,	0
580,	2
581,	2
582,	4
583,	0
584,	3
585,	3
586,	1
587,	4
588,	1
589,	2
590,	4
591,	3
592,	0
593,	1
594,	1
595,	5
596,	1
597,	3
598,	5
599,	4
600,	4
601,	3
602,	5
603,	2
604,	3
605,	9
606,	9
607,	4
608,	2
609,	5
610,	3
611,	3
612,	1
613,	0
614,	4
615,	2
616,	4
617,	1
618,	9
619,	5
620,	9
621,	0
622,	3
623,	0
624,	1
625,	4
626,	2
627,	4
628,	0
629,	3
630,	1
631,	6
632,	9
633,	4
634,	2
635,	1
636,	1
637,	9
638,	3
639,	1
640,	9
641,	2
642,	1
643,	3
644,	9
645,	9
646,	4
647,	4
648,	2
649,	2
650,	2
651,	4
652,	9
653,	2
654,	3
655,	2
656,	2
657,	9
658,	4
659,	3
660,	2
661,	3
662,	3
663,	1
664,	3
665,	9
666,	1
667,	9
668,	3
669,	1
670,	3
671,	1
672,	1
673,	3
674,	5
675,	1
676,	9
677,	2
678,	2
679,	5
680,	4
681,	6
682,	0
683,	0
684,	3
685,	2
686,	4
687,	4
688,	9
689,	5
690,	3
691,	3
692,	4
693,	0
694,	5
695,	1
696,	3
697,	5
698,	5
699,	5
700,	4
701,	1
702,	2
703,	1
704,	4
705,	7
706,	2
707,	3
708,	2
709,	4
710,	0
711,	6
712,	4
713,	4
714,	0
715,	9
716,	1
717,	1
718,	5
719,	4
720,	2
721,	1
722,	0
723,	3
724,	5
725,	5
726,	4
727,	2
728,	6
729,	2
730,	4
731,	4
732,	0
733,	6
734,	3
735,	1
736,	1
737,	2
738,	6
739,	6
740,	5
741,	1
742,	3
743,	2
744,	7
745,	5
746,	2
747,	3
748,	4
749,	3
750,	9
751,	4
752,	4
753,	5
754,	9
755,	2
756,	5
757,	1
758,	2
759,	9
760,	4
761,	5
762,	9
763,	2
764,	1
765,	6
766,	3
767,	9
768,	3
769,	1
770,	1
771,	0
772,	1
773,	2
774,	4
775,	7
776,	9
777,	4
778,	4
779,	3
780,	5
781,	3
782,	9
783,	9
784,	1
785,	3
786,	9
787,	5
788,	3
789,	6
790,	4
791,	4
792,	6
793,	0
794,	6
795,	3
796,	2
797,	4
798,	2
799,	6
800,	3
801,	6
802,	9
803,	1
804,	7
805,	4
806,	2
807,	2
808,	9
809,	6
810,	4
811,	3
812,	2
813,	9
814,	9
815,	4
816,	5
817,	4
818,	9
819,	9
820,	2
821,	3
822,	1
823,	0
824,	5
825,	7
826,	3
827,	3
828,	2
829,	2
830,	3
831,	2
832,	4
833,	5
834,	1
835,	0
836,	7
837,	2
838,	6
839,	5
840,	2
841,	0
842,	3
843,	9
844,	4
845,	9
846,	0
847,	4
848,	2
849,	9
850,	9
851,	7
852,	3
853,	3
854,	6
855,	7
856,	9
857,	5
858,	0
859,	3
860,	3
861,	6
862,	9
863,	9
864,	4
865,	5
866,	0
867,	5
868,	6
869,	9
870,	4
871,	9
872,	5
873,	2
874,	9
875,	4
876,	4
877,	3
878,	9
879,	5
880,	2
881,	5
882,	9
883,	0
884,	5
885,	9
886,	4
887,	1
888,	4
889,	0
890,	3
891,	4
892,	4
893,	3
894,	6
895,	3
896,	6
897,	9
898,	2
899,	1
900,	1
901,	9
902,	3
903,	2
904,	1
905,	2
906,	6
907,	3
908,	4
909,	2
910,	5
911,	6
912,	0
913,	1
914,	0
915,	3
916,	9
917,	5
918,	3
919,	9
920,	8
921,	3
922,	2
923,	5
924,	5
925,	3
926,	5
927,	9
928,	9
929,	9
930,	4
931,	1
932,	4
933,	2
934,	3
935,	5
936,	4
937,	4
938,	9
939,	9
940,	4
941,	2
942,	4
943,	1
944,	4
945,	2
946,	3
947,	3
948,	5
949,	5
950,	5
951,	4
952,	6
953,	9
954,	3
955,	9
956,	5
957,	1
958,	7
959,	2
960,	5
961,	9
962,	5
963,	2
964,	4
965,	3
966,	3
967,	2
968,	9
969,	6
970,	4
971,	5
972,	3
973,	1
974,	9
975,	4
976,	0
977,	2
978,	3
979,	3
980,	7
981,	9
982,	9
983,	2
984,	0
985,	2
986,	7
987,	4
988,	4
989,	6
990,	9
991,	5
992,	0
993,	4
994,	7
995,	8
996,	9
997,	9
998,	5
999,	9
