Instance: /home/gabriel/Documents/ufrgs/courses/oc/trab/instances/cmb02
Vertices: 1000
Colors: 10
NumIterations: 1
Alpha: 0.050000
Is Factible?: false
Conflicts: 1
Solution Value: 538297.000000
Vertex,	Color
0,	0
1,	0
2,	2
3,	0
4,	1
5,	1
6,	0
7,	0
8,	0
9,	0
10,	0
11,	1
12,	0
13,	0
14,	0
15,	0
16,	1
17,	0
18,	1
19,	1
20,	1
21,	0
22,	0
23,	0
24,	0
25,	0
26,	1
27,	1
28,	0
29,	0
30,	1
31,	1
32,	0
33,	0
34,	1
35,	1
36,	0
37,	0
38,	1
39,	1
40,	1
41,	1
42,	0
43,	0
44,	0
45,	0
46,	1
47,	0
48,	0
49,	0
50,	2
51,	1
52,	1
53,	0
54,	0
55,	0
56,	0
57,	0
58,	0
59,	0
60,	0
61,	1
62,	0
63,	0
64,	0
65,	0
66,	0
67,	0
68,	0
69,	0
70,	0
71,	1
72,	0
73,	1
74,	1
75,	0
76,	1
77,	0
78,	0
79,	0
80,	0
81,	2
82,	0
83,	1
84,	2
85,	1
86,	1
87,	0
88,	0
89,	0
90,	1
91,	0
92,	0
93,	0
94,	0
95,	0
96,	0
97,	0
98,	0
99,	0
100,	0
101,	0
102,	0
103,	1
104,	0
105,	0
106,	1
107,	0
108,	0
109,	0
110,	2
111,	0
112,	1
113,	0
114,	0
115,	3
116,	0
117,	1
118,	1
119,	1
120,	1
121,	0
122,	0
123,	2
124,	0
125,	1
126,	0
127,	0
128,	0
129,	0
130,	1
131,	0
132,	1
133,	3
134,	2
135,	0
136,	1
137,	0
138,	1
139,	1
140,	0
141,	0
142,	2
143,	2
144,	3
145,	0
146,	2
147,	2
148,	0
149,	0
150,	2
151,	0
152,	2
153,	0
154,	1
155,	1
156,	2
157,	0
158,	3
159,	0
160,	1
161,	1
162,	0
163,	1
164,	1
165,	2
166,	3
167,	0
168,	0
169,	1
170,	0
171,	3
172,	1
173,	1
174,	2
175,	2
176,	0
177,	0
178,	0
179,	2
180,	0
181,	0
182,	0
183,	0
184,	1
185,	2
186,	0
187,	1
188,	0
189,	1
190,	0
191,	1
192,	0
193,	2
194,	1
195,	1
196,	3
197,	1
198,	0
199,	0
200,	1
201,	0
202,	1
203,	1
204,	0
205,	4
206,	0
207,	1
208,	1
209,	1
210,	2
211,	1
212,	2
213,	1
214,	1
215,	0
216,	2
217,	2
218,	0
219,	3
220,	1
221,	1
222,	0
223,	1
224,	1
225,	0
226,	1
227,	0
228,	1
229,	3
230,	1
231,	0
232,	0
233,	1
234,	2
235,	0
236,	3
237,	0
238,	3
239,	0
240,	1
241,	2
242,	0
243,	1
244,	0
245,	1
246,	0
247,	0
248,	3
249,	1
250,	1
251,	1
252,	1
253,	0
254,	1
255,	0
256,	0
257,	2
258,	0
259,	0
260,	0
261,	6
262,	4
263,	5
264,	2
265,	0
266,	1
267,	0
268,	3
269,	2
270,	1
271,	0
272,	2
273,	1
274,	1
275,	2
276,	3
277,	1
278,	1
279,	3
280,	1
281,	2
282,	3
283,	1
284,	2
285,	0
286,	1
287,	0
288,	2
289,	2
290,	2
291,	2
292,	1
293,	1
294,	2
295,	1
296,	0
297,	7
298,	3
299,	2
300,	3
301,	1
302,	0
303,	4
304,	2
305,	0
306,	6
307,	3
308,	1
309,	2
310,	1
311,	3
312,	0
313,	0
314,	1
315,	4
316,	0
317,	0
318,	0
319,	1
320,	2
321,	1
322,	1
323,	2
324,	2
325,	1
326,	0
327,	1
328,	1
329,	1
330,	2
331,	2
332,	0
333,	2
334,	0
335,	3
336,	1
337,	2
338,	5
339,	0
340,	2
341,	5
342,	3
343,	1
344,	3
345,	3
346,	1
347,	4
348,	3
349,	0
350,	2
351,	0
352,	1
353,	1
354,	0
355,	1
356,	1
357,	3
358,	0
359,	0
360,	1
361,	1
362,	2
363,	1
364,	3
365,	2
366,	0
367,	0
368,	3
369,	1
370,	2
371,	4
372,	4
373,	2
374,	4
375,	1
376,	0
377,	2
378,	2
379,	4
380,	2
381,	1
382,	2
383,	0
384,	1
385,	1
386,	2
387,	3
388,	1
389,	1
390,	2
391,	1
392,	1
393,	0
394,	2
395,	3
396,	2
397,	0
398,	1
399,	0
400,	0
401,	2
402,	2
403,	0
404,	2
405,	1
406,	2
407,	0
408,	1
409,	3
410,	4
411,	1
412,	3
413,	1
414,	2
415,	1
416,	3
417,	2
418,	0
419,	2
420,	1
421,	1
422,	2
423,	1
424,	4
425,	2
426,	2
427,	0
428,	4
429,	1
430,	0
431,	1
432,	4
433,	3
434,	2
435,	3
436,	0
437,	2
438,	2
439,	3
440,	0
441,	4
442,	3
443,	2
444,	2
445,	1
446,	1
447,	5
448,	2
449,	2
450,	2
451,	1
452,	3
453,	0
454,	1
455,	1
456,	2
457,	2
458,	2
459,	4
460,	4
461,	0
462,	2
463,	3
464,	3
465,	1
466,	0
467,	2
468,	2
469,	0
470,	3
471,	5
472,	3
473,	0
474,	2
475,	1
476,	2
477,	3
478,	3
479,	2
480,	3
481,	1
482,	2
483,	2
484,	1
485,	3
486,	2
487,	0
488,	2
489,	2
490,	3
491,	0
492,	2
493,	0
494,	0
495,	0
496,	6
497,	1
498,	4
499,	4
500,	2
501,	1
502,	4
503,	3
504,	5
505,	2
506,	4
507,	2
508,	2
509,	0
510,	1
511,	6
512,	1
513,	7
514,	2
515,	3
516,	5
517,	4
518,	3
519,	4
520,	0
521,	1
522,	2
523,	5
524,	5
525,	2
526,	3
527,	3
528,	1
529,	3
530,	2
531,	0
532,	5
533,	4
534,	2
535,	2
536,	1
537,	0
538,	1
539,	3
540,	0
541,	2
542,	1
543,	3
544,	2
545,	2
546,	1
547,	6
548,	1
549,	0
550,	4
551,	2
552,	3
553,	0
554,	5
555,	3
556,	1
557,	2
558,	3
559,	1
560,	2
561,	2
562,	2
563,	4
564,	4
565,	3
566,	7
567,	2
568,	5
569,	3
570,	1
571,	3
572,	2
573,	3
574,	3
575,	2
576,	4
577,	2
578,	4
579,	1
580,	1
581,	2
582,	4
583,	2
584,	3
585,	3
586,	1
587,	4
588,	1
589,	2
590,	5
591,	3
592,	1
593,	1
594,	1
595,	4
596,	1
597,	3
598,	5
599,	3
600,	4
601,	3
602,	5
603,	2
604,	3
605,	3
606,	5
607,	5
608,	2
609,	5
610,	2
611,	3
612,	1
613,	0
614,	4
615,	2
616,	4
617,	1
618,	0
619,	2
620,	8
621,	0
622,	3
623,	0
624,	2
625,	4
626,	2
627,	4
628,	0
629,	3
630,	1
631,	6
632,	6
633,	4
634,	1
635,	4
636,	1
637,	9
638,	3
639,	1
640,	3
641,	2
642,	0
643,	3
644,	3
645,	6
646,	4
647,	4
648,	2
649,	2
650,	2
651,	1
652,	2
653,	1
654,	3
655,	4
656,	2
657,	3
658,	4
659,	3
660,	2
661,	3
662,	3
663,	2
664,	2
665,	1
666,	1
667,	5
668,	2
669,	1
670,	2
671,	1
672,	1
673,	3
674,	5
675,	1
676,	2
677,	3
678,	2
679,	5
680,	4
681,	6
682,	1
683,	3
684,	3
685,	2
686,	5
687,	4
688,	2
689,	5
690,	4
691,	3
692,	3
693,	1
694,	5
695,	4
696,	3
697,	5
698,	5
699,	5
700,	4
701,	1
702,	3
703,	2
704,	3
705,	7
706,	2
707,	3
708,	2
709,	4
710,	0
711,	6
712,	4
713,	4
714,	0
715,	2
716,	1
717,	2
718,	5
719,	4
720,	1
721,	1
722,	0
723,	3
724,	5
725,	4
726,	4
727,	2
728,	6
729,	2
730,	4
731,	4
732,	0
733,	6
734,	3
735,	1
736,	1
737,	2
738,	1
739,	6
740,	3
741,	0
742,	3
743,	0
744,	7
745,	3
746,	2
747,	3
748,	4
749,	3
750,	7
751,	4
752,	4
753,	5
754,	0
755,	2
756,	5
757,	1
758,	2
759,	1
760,	4
761,	5
762,	3
763,	2
764,	2
765,	6
766,	4
767,	4
768,	3
769,	1
770,	1
771,	0
772,	6
773,	2
774,	4
775,	2
776,	4
777,	4
778,	3
779,	3
780,	5
781,	3
782,	8
783,	8
784,	1
785,	3
786,	1
787,	5
788,	3
789,	6
790,	4
791,	4
792,	6
793,	0
794,	6
795,	3
796,	1
797,	4
798,	3
799,	6
800,	3
801,	6
802,	1
803,	2
804,	7
805,	5
806,	2
807,	2
808,	4
809,	6
810,	4
811,	3
812,	2
813,	6
814,	1
815,	4
816,	3
817,	4
818,	2
819,	0
820,	2
821,	2
822,	1
823,	0
824,	5
825,	7
826,	3
827,	4
828,	2
829,	3
830,	3
831,	2
832,	4
833,	5
834,	1
835,	0
836,	7
837,	2
838,	6
839,	6
840,	3
841,	0
842,	3
843,	3
844,	4
845,	4
846,	0
847,	4
848,	5
849,	8
850,	2
851,	7
852,	3
853,	4
854,	6
855,	7
856,	4
857,	3
858,	0
859,	4
860,	3
861,	7
862,	2
863,	2
864,	4
865,	5
866,	2
867,	5
868,	6
869,	2
870,	4
871,	3
872,	5
873,	2
874,	5
875,	4
876,	5
877,	3
878,	1
879,	5
880,	2
881,	5
882,	4
883,	0
884,	5
885,	6
886,	3
887,	2
888,	3
889,	0
890,	5
891,	4
892,	4
893,	3
894,	1
895,	3
896,	7
897,	5
898,	0
899,	1
900,	2
901,	3
902,	3
903,	2
904,	1
905,	4
906,	6
907,	3
908,	6
909,	2
910,	5
911,	6
912,	0
913,	1
914,	5
915,	5
916,	3
917,	4
918,	4
919,	6
920,	8
921,	2
922,	2
923,	4
924,	5
925,	3
926,	5
927,	4
928,	8
929,	4
930,	4
931,	1
932,	4
933,	2
934,	2
935,	5
936,	4
937,	4
938,	9
939,	4
940,	3
941,	2
942,	4
943,	7
944,	4
945,	0
946,	3
947,	3
948,	5
949,	5
950,	5
951,	4
952,	6
953,	4
954,	3
955,	5
956,	5
957,	2
958,	8
959,	2
960,	5
961,	1
962,	5
963,	2
964,	5
965,	3
966,	3
967,	3
968,	0
969,	6
970,	4
971,	5
972,	4
973,	0
974,	2
975,	5
976,	0
977,	3
978,	3
979,	3
980,	7
981,	3
982,	5
983,	3
984,	1
985,	2
986,	7
987,	4
988,	4
989,	6
990,	4
991,	4
992,	0
993,	4
994,	7
995,	8
996,	9
997,	5
998,	5
999,	3
