Instance: /home/gabriel/Documents/ufrgs/courses/oc/trab/instances/cmb03
Vertices: 1000
Colors: 18
NumIterations: 100
Alpha: 0.550000
Is Factible?: false
Conflicts: 7
Solution Value: 244855.437500
Vertex,	Color
0,	3
1,	5
2,	1
3,	6
4,	6
5,	7
6,	3
7,	2
8,	6
9,	8
10,	2
11,	7
12,	4
13,	1
14,	4
15,	11
16,	11
17,	8
18,	1
19,	2
20,	3
21,	0
22,	0
23,	15
24,	1
25,	0
26,	7
27,	4
28,	4
29,	7
30,	8
31,	0
32,	2
33,	5
34,	3
35,	3
36,	9
37,	4
38,	0
39,	7
40,	4
41,	0
42,	10
43,	7
44,	6
45,	8
46,	0
47,	2
48,	0
49,	0
50,	2
51,	1
52,	6
53,	4
54,	9
55,	3
56,	8
57,	4
58,	7
59,	2
60,	2
61,	2
62,	5
63,	5
64,	3
65,	3
66,	7
67,	8
68,	0
69,	6
70,	7
71,	8
72,	1
73,	11
74,	4
75,	10
76,	0
77,	4
78,	3
79,	5
80,	5
81,	0
82,	6
83,	2
84,	0
85,	5
86,	8
87,	1
88,	6
89,	3
90,	15
91,	5
92,	11
93,	11
94,	3
95,	1
96,	4
97,	4
98,	6
99,	1
100,	5
101,	1
102,	0
103,	13
104,	4
105,	3
106,	6
107,	1
108,	8
109,	12
110,	1
111,	5
112,	11
113,	0
114,	13
115,	2
116,	2
117,	0
118,	0
119,	4
120,	5
121,	11
122,	9
123,	8
124,	2
125,	3
126,	0
127,	3
128,	4
129,	3
130,	13
131,	3
132,	1
133,	2
134,	9
135,	10
136,	0
137,	3
138,	12
139,	0
140,	2
141,	15
142,	8
143,	5
144,	1
145,	4
146,	2
147,	7
148,	3
149,	14
150,	11
151,	9
152,	1
153,	8
154,	0
155,	5
156,	1
157,	5
158,	3
159,	2
160,	1
161,	0
162,	14
163,	6
164,	11
165,	6
166,	6
167,	2
168,	1
169,	2
170,	10
171,	0
172,	2
173,	3
174,	6
175,	2
176,	7
177,	11
178,	4
179,	1
180,	0
181,	8
182,	8
183,	4
184,	1
185,	5
186,	7
187,	5
188,	8
189,	0
190,	5
191,	9
192,	6
193,	0
194,	10
195,	0
196,	14
197,	2
198,	3
199,	5
200,	1
201,	0
202,	1
203,	6
204,	5
205,	6
206,	8
207,	5
208,	5
209,	0
210,	7
211,	2
212,	1
213,	8
214,	4
215,	3
216,	7
217,	2
218,	9
219,	1
220,	17
221,	4
222,	13
223,	5
224,	4
225,	7
226,	2
227,	8
228,	3
229,	1
230,	2
231,	5
232,	14
233,	2
234,	5
235,	0
236,	4
237,	3
238,	3
239,	4
240,	9
241,	10
242,	3
243,	11
244,	6
245,	0
246,	3
247,	1
248,	0
249,	2
250,	7
251,	3
252,	7
253,	6
254,	11
255,	2
256,	3
257,	0
258,	2
259,	0
260,	5
261,	6
262,	16
263,	2
264,	8
265,	9
266,	1
267,	15
268,	14
269,	4
270,	8
271,	1
272,	3
273,	6
274,	6
275,	8
276,	2
277,	0
278,	5
279,	4
280,	2
281,	6
282,	3
283,	16
284,	0
285,	5
286,	1
287,	12
288,	9
289,	4
290,	0
291,	1
292,	3
293,	9
294,	0
295,	6
296,	4
297,	8
298,	3
299,	1
300,	3
301,	3
302,	7
303,	9
304,	4
305,	9
306,	9
307,	7
308,	4
309,	0
310,	8
311,	11
312,	2
313,	0
314,	1
315,	1
316,	0
317,	8
318,	12
319,	2
320,	12
321,	1
322,	2
323,	4
324,	9
325,	4
326,	3
327,	4
328,	4
329,	0
330,	10
331,	0
332,	4
333,	0
334,	3
335,	6
336,	1
337,	11
338,	2
339,	6
340,	6
341,	3
342,	4
343,	6
344,	4
345,	15
346,	0
347,	2
348,	1
349,	3
350,	17
351,	4
352,	5
353,	0
354,	4
355,	7
356,	1
357,	12
358,	9
359,	2
360,	9
361,	13
362,	7
363,	1
364,	4
365,	0
366,	9
367,	8
368,	5
369,	2
370,	5
371,	2
372,	17
373,	12
374,	9
375,	1
376,	1
377,	4
378,	7
379,	3
380,	7
381,	2
382,	6
383,	3
384,	1
385,	4
386,	5
387,	1
388,	6
389,	9
390,	0
391,	1
392,	0
393,	1
394,	6
395,	9
396,	7
397,	2
398,	8
399,	0
400,	10
401,	2
402,	0
403,	10
404,	5
405,	0
406,	3
407,	9
408,	8
409,	7
410,	5
411,	7
412,	3
413,	17
414,	10
415,	2
416,	6
417,	2
418,	6
419,	0
420,	2
421,	8
422,	1
423,	2
424,	0
425,	2
426,	5
427,	1
428,	10
429,	11
430,	6
431,	10
432,	0
433,	5
434,	9
435,	0
436,	1
437,	6
438,	5
439,	6
440,	5
441,	0
442,	5
443,	5
444,	3
445,	0
446,	1
447,	4
448,	5
449,	3
450,	2
451,	4
452,	4
453,	6
454,	14
455,	1
456,	2
457,	4
458,	1
459,	0
460,	7
461,	0
462,	1
463,	10
464,	5
465,	0
466,	3
467,	7
468,	2
469,	2
470,	4
471,	8
472,	4
473,	2
474,	7
475,	9
476,	6
477,	10
478,	5
479,	3
480,	4
481,	2
482,	6
483,	1
484,	3
485,	1
486,	2
487,	14
488,	6
489,	5
490,	2
491,	2
492,	7
493,	1
494,	3
495,	5
496,	3
497,	7
498,	5
499,	4
500,	1
501,	4
502,	6
503,	9
504,	6
505,	6
506,	4
507,	6
508,	2
509,	1
510,	11
511,	1
512,	9
513,	0
514,	5
515,	9
516,	7
517,	0
518,	7
519,	12
520,	12
521,	1
522,	1
523,	7
524,	5
525,	4
526,	1
527,	0
528,	2
529,	2
530,	2
531,	0
532,	5
533,	5
534,	5
535,	1
536,	4
537,	1
538,	4
539,	1
540,	2
541,	9
542,	3
543,	8
544,	9
545,	0
546,	12
547,	5
548,	12
549,	0
550,	0
551,	3
552,	0
553,	12
554,	8
555,	5
556,	2
557,	1
558,	5
559,	2
560,	8
561,	3
562,	3
563,	4
564,	3
565,	10
566,	5
567,	4
568,	6
569,	0
570,	3
571,	16
572,	3
573,	6
574,	0
575,	11
576,	9
577,	7
578,	8
579,	2
580,	1
581,	4
582,	3
583,	0
584,	2
585,	4
586,	7
587,	1
588,	10
589,	2
590,	13
591,	6
592,	6
593,	6
594,	7
595,	1
596,	1
597,	11
598,	1
599,	3
600,	2
601,	2
602,	0
603,	9
604,	3
605,	3
606,	0
607,	9
608,	1
609,	5
610,	4
611,	10
612,	5
613,	8
614,	11
615,	10
616,	3
617,	6
618,	8
619,	2
620,	7
621,	10
622,	17
623,	4
624,	3
625,	10
626,	6
627,	7
628,	2
629,	4
630,	5
631,	5
632,	8
633,	3
634,	3
635,	5
636,	0
637,	7
638,	5
639,	6
640,	5
641,	4
642,	14
643,	1
644,	8
645,	3
646,	7
647,	14
648,	6
649,	4
650,	6
651,	2
652,	8
653,	7
654,	5
655,	10
656,	14
657,	7
658,	9
659,	15
660,	2
661,	7
662,	8
663,	10
664,	9
665,	1
666,	11
667,	8
668,	5
669,	5
670,	7
671,	0
672,	4
673,	6
674,	8
675,	2
676,	11
677,	6
678,	10
679,	5
680,	4
681,	5
682,	6
683,	7
684,	8
685,	1
686,	5
687,	6
688,	7
689,	5
690,	9
691,	7
692,	6
693,	7
694,	11
695,	3
696,	10
697,	4
698,	3
699,	2
700,	13
701,	12
702,	6
703,	5
704,	13
705,	3
706,	5
707,	4
708,	4
709,	6
710,	12
711,	7
712,	13
713,	9
714,	0
715,	6
716,	6
717,	7
718,	0
719,	3
720,	2
721,	1
722,	8
723,	10
724,	3
725,	7
726,	7
727,	4
728,	13
729,	0
730,	2
731,	10
732,	4
733,	10
734,	15
735,	10
736,	11
737,	4
738,	1
739,	8
740,	2
741,	4
742,	7
743,	10
744,	11
745,	11
746,	12
747,	13
748,	13
749,	14
750,	7
751,	3
752,	10
753,	6
754,	12
755,	5
756,	1
757,	1
758,	10
759,	7
760,	5
761,	10
762,	11
763,	14
764,	12
765,	14
766,	13
767,	9
768,	8
769,	8
770,	2
771,	9
772,	7
773,	13
774,	3
775,	6
776,	8
777,	10
778,	11
779,	7
780,	8
781,	9
782,	3
783,	6
784,	11
785,	13
786,	17
787,	9
788,	9
789,	11
790,	6
791,	9
792,	8
793,	12
794,	2
795,	9
796,	11
797,	14
798,	12
799,	14
800,	9
801,	10
802,	10
803,	13
804,	10
805,	7
806,	4
807,	1
808,	7
809,	7
810,	9
811,	8
812,	11
813,	5
814,	7
815,	15
816,	10
817,	4
818,	13
819,	12
820,	5
821,	10
822,	12
823,	4
824,	4
825,	11
826,	6
827,	13
828,	2
829,	15
830,	16
831,	14
832,	9
833,	12
834,	2
835,	11
836,	14
837,	10
838,	9
839,	8
840,	3
841,	6
842,	7
843,	8
844,	12
845,	3
846,	11
847,	1
848,	10
849,	1
850,	3
851,	10
852,	10
853,	9
854,	10
855,	4
856,	11
857,	12
858,	11
859,	11
860,	17
861,	6
862,	7
863,	12
864,	8
865,	10
866,	8
867,	8
868,	8
869,	2
870,	6
871,	11
872,	11
873,	15
874,	9
875,	4
876,	9
877,	9
878,	10
879,	9
880,	12
881,	14
882,	6
883,	16
884,	10
885,	11
886,	13
887,	5
888,	9
889,	17
890,	10
891,	15
892,	15
893,	7
894,	8
895,	7
896,	3
897,	14
898,	12
899,	14
900,	12
901,	15
902,	8
903,	1
904,	0
905,	11
906,	15
907,	16
908,	10
909,	7
910,	12
911,	6
912,	12
913,	10
914,	9
915,	16
916,	12
917,	12
918,	6
919,	6
920,	10
921,	9
922,	5
923,	12
924,	10
925,	15
926,	8
927,	12
928,	5
929,	5
930,	11
931,	3
932,	1
933,	4
934,	10
935,	8
936,	10
937,	11
938,	13
939,	12
940,	2
941,	13
942,	12
943,	0
944,	13
945,	12
946,	11
947,	9
948,	1
949,	15
950,	16
951,	9
952,	11
953,	8
954,	16
955,	14
956,	7
957,	15
958,	6
959,	5
960,	0
961,	17
962,	1
963,	12
964,	14
965,	7
966,	7
967,	14
968,	6
969,	6
970,	11
971,	0
972,	1
973,	8
974,	12
975,	8
976,	13
977,	12
978,	17
979,	13
980,	7
981,	14
982,	0
983,	15
984,	10
985,	10
986,	12
987,	13
988,	16
989,	10
990,	5
991,	2
992,	17
993,	7
994,	7
995,	17
996,	0
997,	9
998,	16
999,	11
