Instance: /home/gabriel/Documents/ufrgs/courses/oc/trab/instances/cmb01
Vertices: 500
Colors: 12
NumIterations: 1
Alpha: 0.500000
Is Factible?: false
Conflicts: 19
Solution Value: 160641.421875
Vertex,	Color
0,	2
1,	1
2,	4
3,	2
4,	5
5,	5
6,	5
7,	5
8,	4
9,	7
10,	0
11,	3
12,	4
13,	2
14,	0
15,	2
16,	0
17,	0
18,	1
19,	3
20,	5
21,	2
22,	0
23,	7
24,	0
25,	1
26,	3
27,	5
28,	4
29,	0
30,	0
31,	1
32,	2
33,	3
34,	3
35,	1
36,	2
37,	1
38,	8
39,	3
40,	0
41,	2
42,	0
43,	5
44,	0
45,	1
46,	1
47,	3
48,	1
49,	5
50,	2
51,	0
52,	1
53,	3
54,	1
55,	7
56,	3
57,	5
58,	2
59,	0
60,	1
61,	0
62,	7
63,	0
64,	0
65,	0
66,	0
67,	3
68,	11
69,	1
70,	7
71,	2
72,	0
73,	10
74,	4
75,	0
76,	11
77,	2
78,	7
79,	0
80,	7
81,	2
82,	4
83,	6
84,	1
85,	0
86,	2
87,	1
88,	0
89,	6
90,	5
91,	4
92,	8
93,	2
94,	6
95,	3
96,	1
97,	1
98,	3
99,	5
100,	4
101,	2
102,	0
103,	10
104,	1
105,	1
106,	0
107,	2
108,	1
109,	3
110,	5
111,	7
112,	1
113,	1
114,	5
115,	8
116,	7
117,	6
118,	4
119,	5
120,	0
121,	11
122,	2
123,	0
124,	1
125,	2
126,	4
127,	2
128,	2
129,	6
130,	3
131,	1
132,	0
133,	0
134,	4
135,	7
136,	0
137,	3
138,	2
139,	2
140,	2
141,	3
142,	6
143,	5
144,	3
145,	1
146,	0
147,	4
148,	4
149,	1
150,	3
151,	7
152,	1
153,	2
154,	0
155,	4
156,	1
157,	3
158,	3
159,	0
160,	3
161,	1
162,	9
163,	1
164,	2
165,	0
166,	2
167,	0
168,	3
169,	5
170,	6
171,	8
172,	2
173,	0
174,	1
175,	4
176,	3
177,	1
178,	3
179,	7
180,	6
181,	1
182,	4
183,	4
184,	4
185,	5
186,	6
187,	1
188,	0
189,	3
190,	6
191,	2
192,	6
193,	3
194,	2
195,	4
196,	4
197,	7
198,	6
199,	1
200,	1
201,	3
202,	8
203,	4
204,	2
205,	1
206,	8
207,	2
208,	4
209,	7
210,	3
211,	3
212,	8
213,	7
214,	5
215,	0
216,	2
217,	0
218,	0
219,	5
220,	6
221,	2
222,	1
223,	0
224,	1
225,	0
226,	4
227,	1
228,	4
229,	3
230,	2
231,	1
232,	9
233,	1
234,	2
235,	0
236,	9
237,	2
238,	3
239,	3
240,	0
241,	4
242,	1
243,	1
244,	0
245,	1
246,	2
247,	2
248,	7
249,	4
250,	1
251,	0
252,	6
253,	4
254,	1
255,	2
256,	4
257,	3
258,	0
259,	3
260,	0
261,	0
262,	4
263,	7
264,	2
265,	0
266,	4
267,	7
268,	3
269,	2
270,	3
271,	4
272,	8
273,	6
274,	6
275,	1
276,	5
277,	3
278,	4
279,	4
280,	0
281,	3
282,	9
283,	3
284,	10
285,	2
286,	7
287,	5
288,	2
289,	0
290,	1
291,	0
292,	4
293,	2
294,	9
295,	4
296,	6
297,	8
298,	3
299,	4
300,	3
301,	0
302,	6
303,	4
304,	8
305,	5
306,	1
307,	6
308,	2
309,	5
310,	7
311,	4
312,	0
313,	2
314,	5
315,	3
316,	7
317,	6
318,	5
319,	3
320,	6
321,	2
322,	5
323,	6
324,	8
325,	3
326,	0
327,	5
328,	0
329,	5
330,	1
331,	5
332,	2
333,	5
334,	4
335,	3
336,	0
337,	8
338,	1
339,	2
340,	4
341,	11
342,	5
343,	3
344,	1
345,	4
346,	7
347,	8
348,	6
349,	5
350,	5
351,	0
352,	8
353,	5
354,	3
355,	0
356,	9
357,	7
358,	6
359,	0
360,	6
361,	5
362,	5
363,	6
364,	6
365,	6
366,	8
367,	4
368,	9
369,	4
370,	5
371,	7
372,	1
373,	1
374,	5
375,	4
376,	7
377,	9
378,	6
379,	2
380,	5
381,	3
382,	3
383,	2
384,	3
385,	4
386,	9
387,	11
388,	7
389,	6
390,	7
391,	1
392,	4
393,	10
394,	8
395,	1
396,	6
397,	9
398,	6
399,	8
400,	5
401,	0
402,	9
403,	5
404,	2
405,	10
406,	1
407,	6
408,	0
409,	7
410,	8
411,	4
412,	7
413,	5
414,	5
415,	10
416,	9
417,	3
418,	11
419,	7
420,	10
421,	6
422,	8
423,	8
424,	6
425,	7
426,	8
427,	6
428,	1
429,	8
430,	9
431,	8
432,	0
433,	4
434,	6
435,	10
436,	6
437,	7
438,	4
439,	7
440,	0
441,	10
442,	0
443,	11
444,	3
445,	5
446,	9
447,	1
448,	3
449,	8
450,	3
451,	0
452,	7
453,	9
454,	4
455,	9
456,	5
457,	10
458,	11
459,	0
460,	10
461,	2
462,	8
463,	7
464,	5
465,	7
466,	0
467,	5
468,	8
469,	7
470,	8
471,	9
472,	6
473,	3
474,	9
475,	10
476,	3
477,	2
478,	3
479,	0
480,	9
481,	5
482,	9
483,	6
484,	7
485,	8
486,	9
487,	9
488,	8
489,	4
490,	2
491,	10
492,	11
493,	11
494,	10
495,	7
496,	9
497,	7
498,	4
499,	9
