Instance: /home/gabriel/Documents/ufrgs/courses/oc/trab/instances/cmb03
Vertices: 1000
Colors: 18
NumIterations: 10
Alpha: 0.850000
Is Factible?: false
Conflicts: 4
Solution Value: 240138.000000
Vertex,	Color
0,	4
1,	3
2,	2
3,	2
4,	8
5,	12
6,	4
7,	5
8,	2
9,	10
10,	9
11,	1
12,	9
13,	0
14,	1
15,	10
16,	9
17,	6
18,	3
19,	8
20,	10
21,	4
22,	3
23,	13
24,	3
25,	5
26,	2
27,	10
28,	6
29,	0
30,	5
31,	0
32,	11
33,	3
34,	7
35,	7
36,	9
37,	6
38,	10
39,	8
40,	1
41,	0
42,	10
43,	12
44,	12
45,	8
46,	12
47,	3
48,	9
49,	2
50,	11
51,	10
52,	0
53,	2
54,	4
55,	3
56,	13
57,	7
58,	10
59,	5
60,	8
61,	10
62,	15
63,	6
64,	1
65,	12
66,	4
67,	3
68,	13
69,	8
70,	5
71,	8
72,	3
73,	5
74,	2
75,	13
76,	7
77,	4
78,	2
79,	3
80,	13
81,	7
82,	0
83,	8
84,	3
85,	6
86,	14
87,	4
88,	6
89,	8
90,	0
91,	9
92,	9
93,	1
94,	8
95,	1
96,	4
97,	9
98,	1
99,	3
100,	8
101,	7
102,	3
103,	8
104,	5
105,	9
106,	6
107,	5
108,	12
109,	12
110,	0
111,	1
112,	3
113,	8
114,	17
115,	8
116,	6
117,	2
118,	3
119,	0
120,	11
121,	11
122,	2
123,	17
124,	14
125,	1
126,	4
127,	9
128,	6
129,	11
130,	6
131,	1
132,	5
133,	6
134,	10
135,	5
136,	4
137,	11
138,	2
139,	5
140,	5
141,	14
142,	1
143,	11
144,	4
145,	5
146,	7
147,	5
148,	11
149,	7
150,	3
151,	16
152,	5
153,	6
154,	13
155,	6
156,	7
157,	3
158,	4
159,	1
160,	5
161,	2
162,	7
163,	9
164,	8
165,	7
166,	0
167,	1
168,	3
169,	5
170,	2
171,	2
172,	5
173,	3
174,	10
175,	2
176,	6
177,	14
178,	1
179,	0
180,	10
181,	4
182,	1
183,	8
184,	11
185,	5
186,	10
187,	13
188,	8
189,	3
190,	13
191,	3
192,	11
193,	6
194,	6
195,	7
196,	9
197,	14
198,	1
199,	2
200,	0
201,	4
202,	8
203,	1
204,	3
205,	1
206,	6
207,	4
208,	6
209,	2
210,	11
211,	10
212,	8
213,	14
214,	1
215,	1
216,	0
217,	5
218,	3
219,	11
220,	11
221,	0
222,	2
223,	6
224,	7
225,	0
226,	5
227,	7
228,	15
229,	8
230,	8
231,	5
232,	3
233,	0
234,	10
235,	2
236,	3
237,	10
238,	4
239,	1
240,	8
241,	4
242,	11
243,	2
244,	12
245,	4
246,	8
247,	1
248,	5
249,	11
250,	1
251,	12
252,	0
253,	13
254,	7
255,	1
256,	1
257,	5
258,	9
259,	10
260,	3
261,	3
262,	0
263,	2
264,	5
265,	0
266,	9
267,	5
268,	15
269,	3
270,	8
271,	11
272,	3
273,	2
274,	16
275,	5
276,	1
277,	3
278,	1
279,	0
280,	11
281,	6
282,	4
283,	2
284,	2
285,	13
286,	7
287,	11
288,	9
289,	10
290,	5
291,	0
292,	1
293,	10
294,	2
295,	7
296,	16
297,	17
298,	2
299,	3
300,	9
301,	4
302,	9
303,	3
304,	5
305,	11
306,	4
307,	9
308,	3
309,	0
310,	9
311,	3
312,	1
313,	4
314,	7
315,	3
316,	4
317,	7
318,	5
319,	0
320,	12
321,	6
322,	8
323,	1
324,	2
325,	6
326,	13
327,	1
328,	7
329,	1
330,	0
331,	8
332,	1
333,	5
334,	10
335,	8
336,	3
337,	10
338,	5
339,	11
340,	2
341,	2
342,	0
343,	8
344,	5
345,	10
346,	2
347,	7
348,	15
349,	14
350,	16
351,	1
352,	4
353,	5
354,	2
355,	3
356,	2
357,	4
358,	10
359,	1
360,	2
361,	2
362,	1
363,	9
364,	4
365,	0
366,	11
367,	5
368,	3
369,	11
370,	2
371,	5
372,	8
373,	7
374,	4
375,	0
376,	1
377,	3
378,	0
379,	0
380,	7
381,	1
382,	13
383,	12
384,	4
385,	0
386,	3
387,	2
388,	1
389,	5
390,	1
391,	0
392,	13
393,	4
394,	0
395,	9
396,	7
397,	0
398,	7
399,	6
400,	10
401,	6
402,	1
403,	5
404,	2
405,	3
406,	0
407,	9
408,	1
409,	6
410,	6
411,	6
412,	0
413,	14
414,	0
415,	13
416,	1
417,	12
418,	12
419,	2
420,	0
421,	2
422,	5
423,	9
424,	3
425,	5
426,	13
427,	4
428,	8
429,	9
430,	0
431,	5
432,	14
433,	13
434,	7
435,	2
436,	11
437,	6
438,	3
439,	7
440,	7
441,	5
442,	2
443,	8
444,	4
445,	2
446,	4
447,	2
448,	7
449,	0
450,	14
451,	2
452,	5
453,	2
454,	10
455,	3
456,	4
457,	7
458,	8
459,	1
460,	0
461,	3
462,	8
463,	0
464,	3
465,	3
466,	0
467,	6
468,	5
469,	1
470,	6
471,	12
472,	8
473,	9
474,	6
475,	4
476,	7
477,	4
478,	13
479,	4
480,	5
481,	3
482,	0
483,	2
484,	7
485,	8
486,	0
487,	1
488,	6
489,	7
490,	5
491,	6
492,	0
493,	4
494,	0
495,	3
496,	7
497,	6
498,	2
499,	9
500,	0
501,	6
502,	1
503,	10
504,	1
505,	1
506,	1
507,	4
508,	5
509,	6
510,	2
511,	12
512,	5
513,	5
514,	0
515,	2
516,	13
517,	2
518,	3
519,	9
520,	7
521,	0
522,	9
523,	9
524,	7
525,	2
526,	3
527,	0
528,	10
529,	12
530,	4
531,	10
532,	10
533,	2
534,	3
535,	6
536,	3
537,	2
538,	13
539,	2
540,	4
541,	4
542,	9
543,	7
544,	9
545,	8
546,	13
547,	8
548,	5
549,	3
550,	1
551,	0
552,	3
553,	4
554,	4
555,	5
556,	2
557,	5
558,	2
559,	11
560,	12
561,	4
562,	9
563,	0
564,	12
565,	2
566,	4
567,	3
568,	4
569,	11
570,	13
571,	16
572,	15
573,	0
574,	1
575,	9
576,	13
577,	5
578,	10
579,	0
580,	4
581,	4
582,	6
583,	9
584,	2
585,	0
586,	12
587,	6
588,	5
589,	6
590,	4
591,	1
592,	9
593,	1
594,	8
595,	0
596,	5
597,	10
598,	1
599,	7
600,	6
601,	7
602,	10
603,	3
604,	0
605,	4
606,	3
607,	1
608,	8
609,	4
610,	1
611,	8
612,	2
613,	10
614,	3
615,	5
616,	4
617,	11
618,	3
619,	5
620,	16
621,	8
622,	2
623,	1
624,	5
625,	7
626,	3
627,	10
628,	10
629,	5
630,	2
631,	5
632,	0
633,	9
634,	2
635,	2
636,	0
637,	4
638,	6
639,	4
640,	7
641,	15
642,	2
643,	6
644,	6
645,	11
646,	1
647,	4
648,	10
649,	1
650,	1
651,	2
652,	1
653,	1
654,	6
655,	14
656,	3
657,	13
658,	11
659,	10
660,	14
661,	1
662,	1
663,	11
664,	12
665,	1
666,	10
667,	4
668,	15
669,	3
670,	0
671,	1
672,	0
673,	0
674,	7
675,	9
676,	11
677,	12
678,	4
679,	6
680,	14
681,	6
682,	5
683,	0
684,	3
685,	6
686,	7
687,	4
688,	9
689,	16
690,	4
691,	8
692,	4
693,	10
694,	3
695,	4
696,	5
697,	4
698,	1
699,	4
700,	5
701,	4
702,	5
703,	11
704,	17
705,	8
706,	6
707,	7
708,	1
709,	4
710,	8
711,	4
712,	0
713,	9
714,	0
715,	12
716,	4
717,	3
718,	7
719,	8
720,	1
721,	16
722,	2
723,	0
724,	3
725,	0
726,	5
727,	12
728,	11
729,	5
730,	11
731,	6
732,	0
733,	0
734,	14
735,	6
736,	5
737,	0
738,	7
739,	8
740,	5
741,	9
742,	8
743,	5
744,	12
745,	13
746,	1
747,	8
748,	12
749,	14
750,	0
751,	4
752,	7
753,	11
754,	3
755,	2
756,	6
757,	3
758,	8
759,	0
760,	3
761,	7
762,	15
763,	8
764,	4
765,	2
766,	6
767,	6
768,	9
769,	12
770,	1
771,	10
772,	2
773,	11
774,	2
775,	2
776,	7
777,	1
778,	7
779,	1
780,	0
781,	3
782,	7
783,	8
784,	2
785,	3
786,	6
787,	1
788,	11
789,	14
790,	7
791,	0
792,	11
793,	11
794,	0
795,	2
796,	7
797,	5
798,	2
799,	8
800,	9
801,	1
802,	7
803,	0
804,	5
805,	4
806,	2
807,	4
808,	8
809,	6
810,	14
811,	7
812,	10
813,	2
814,	0
815,	9
816,	10
817,	0
818,	6
819,	12
820,	8
821,	2
822,	4
823,	2
824,	7
825,	6
826,	11
827,	5
828,	1
829,	16
830,	1
831,	3
832,	10
833,	2
834,	9
835,	9
836,	10
837,	7
838,	4
839,	1
840,	2
841,	1
842,	3
843,	6
844,	3
845,	0
846,	0
847,	4
848,	11
849,	11
850,	8
851,	14
852,	9
853,	3
854,	1
855,	4
856,	1
857,	5
858,	13
859,	9
860,	13
861,	5
862,	8
863,	5
864,	4
865,	2
866,	12
867,	3
868,	6
869,	7
870,	7
871,	6
872,	6
873,	12
874,	4
875,	3
876,	9
877,	8
878,	12
879,	7
880,	11
881,	15
882,	0
883,	8
884,	8
885,	6
886,	6
887,	11
888,	10
889,	6
890,	0
891,	8
892,	11
893,	6
894,	9
895,	4
896,	0
897,	10
898,	7
899,	15
900,	8
901,	15
902,	5
903,	6
904,	7
905,	9
906,	12
907,	9
908,	8
909,	7
910,	8
911,	7
912,	9
913,	11
914,	2
915,	10
916,	4
917,	12
918,	2
919,	4
920,	12
921,	4
922,	2
923,	10
924,	11
925,	7
926,	6
927,	10
928,	6
929,	4
930,	10
931,	5
932,	8
933,	4
934,	10
935,	10
936,	3
937,	10
938,	9
939,	12
940,	9
941,	9
942,	11
943,	10
944,	15
945,	9
946,	7
947,	12
948,	8
949,	13
950,	16
951,	11
952,	9
953,	8
954,	14
955,	13
956,	6
957,	13
958,	12
959,	10
960,	14
961,	15
962,	15
963,	8
964,	5
965,	6
966,	6
967,	14
968,	11
969,	5
970,	13
971,	17
972,	12
973,	5
974,	15
975,	9
976,	14
977,	9
978,	9
979,	14
980,	6
981,	13
982,	12
983,	15
984,	10
985,	6
986,	10
987,	14
988,	13
989,	10
990,	15
991,	13
992,	16
993,	11
994,	7
995,	17
996,	11
997,	9
998,	14
999,	0
