Instance: /home/gabriel/Documents/ufrgs/courses/oc/trab/instances/cmb03
Vertices: 1000
Colors: 18
NumIterations: 10
Alpha: 0.850000
Is Factible?: false
Conflicts: 9920
Solution Value: 226841.718750
Vertex,	Color
0,	1
1,	0
2,	0
3,	1
4,	0
5,	0
6,	0
7,	0
8,	0
9,	0
10,	1
11,	0
12,	0
13,	1
14,	0
15,	0
16,	0
17,	2
18,	0
19,	0
20,	0
21,	0
22,	1
23,	0
24,	0
25,	0
26,	0
27,	1
28,	1
29,	0
30,	0
31,	3
32,	3
33,	0
34,	0
35,	0
36,	0
37,	0
38,	0
39,	0
40,	0
41,	1
42,	0
43,	0
44,	1
45,	0
46,	0
47,	0
48,	0
49,	0
50,	0
51,	0
52,	1
53,	1
54,	1
55,	0
56,	0
57,	1
58,	1
59,	0
60,	0
61,	1
62,	1
63,	1
64,	1
65,	0
66,	3
67,	1
68,	0
69,	3
70,	0
71,	0
72,	0
73,	0
74,	0
75,	1
76,	3
77,	0
78,	1
79,	0
80,	0
81,	2
82,	0
83,	1
84,	1
85,	0
86,	0
87,	1
88,	0
89,	0
90,	0
91,	1
92,	1
93,	2
94,	1
95,	1
96,	0
97,	0
98,	0
99,	0
100,	0
101,	0
102,	1
103,	0
104,	0
105,	0
106,	1
107,	1
108,	1
109,	0
110,	0
111,	0
112,	0
113,	0
114,	0
115,	1
116,	1
117,	0
118,	1
119,	0
120,	0
121,	1
122,	0
123,	0
124,	0
125,	1
126,	0
127,	3
128,	0
129,	0
130,	1
131,	1
132,	1
133,	0
134,	2
135,	0
136,	1
137,	2
138,	0
139,	1
140,	0
141,	1
142,	0
143,	0
144,	0
145,	1
146,	1
147,	0
148,	0
149,	1
150,	0
151,	0
152,	0
153,	0
154,	0
155,	0
156,	1
157,	0
158,	0
159,	1
160,	0
161,	0
162,	0
163,	0
164,	1
165,	0
166,	1
167,	1
168,	1
169,	0
170,	0
171,	0
172,	1
173,	0
174,	1
175,	0
176,	0
177,	0
178,	0
179,	2
180,	0
181,	1
182,	0
183,	0
184,	0
185,	0
186,	3
187,	1
188,	0
189,	0
190,	0
191,	0
192,	1
193,	0
194,	0
195,	1
196,	0
197,	0
198,	1
199,	0
200,	0
201,	0
202,	0
203,	0
204,	0
205,	1
206,	0
207,	1
208,	0
209,	0
210,	1
211,	0
212,	1
213,	0
214,	0
215,	0
216,	1
217,	1
218,	0
219,	0
220,	0
221,	0
222,	0
223,	0
224,	1
225,	0
226,	0
227,	0
228,	0
229,	0
230,	0
231,	2
232,	0
233,	0
234,	0
235,	1
236,	0
237,	0
238,	1
239,	0
240,	0
241,	0
242,	1
243,	1
244,	1
245,	0
246,	0
247,	0
248,	0
249,	0
250,	0
251,	0
252,	0
253,	0
254,	0
255,	1
256,	0
257,	0
258,	1
259,	0
260,	1
261,	0
262,	0
263,	0
264,	0
265,	0
266,	0
267,	0
268,	0
269,	3
270,	0
271,	0
272,	0
273,	0
274,	1
275,	0
276,	1
277,	0
278,	0
279,	0
280,	0
281,	1
282,	0
283,	0
284,	0
285,	0
286,	0
287,	0
288,	0
289,	0
290,	1
291,	0
292,	0
293,	0
294,	0
295,	0
296,	0
297,	0
298,	0
299,	1
300,	0
301,	0
302,	0
303,	1
304,	1
305,	0
306,	0
307,	2
308,	0
309,	1
310,	1
311,	0
312,	0
313,	0
314,	0
315,	0
316,	1
317,	0
318,	0
319,	0
320,	0
321,	0
322,	0
323,	0
324,	0
325,	0
326,	1
327,	0
328,	0
329,	0
330,	0
331,	1
332,	0
333,	1
334,	1
335,	2
336,	1
337,	0
338,	0
339,	0
340,	1
341,	0
342,	0
343,	3
344,	0
345,	0
346,	0
347,	0
348,	0
349,	1
350,	0
351,	1
352,	0
353,	0
354,	0
355,	1
356,	0
357,	0
358,	0
359,	0
360,	0
361,	1
362,	0
363,	0
364,	1
365,	0
366,	0
367,	0
368,	1
369,	0
370,	1
371,	1
372,	0
373,	1
374,	0
375,	1
376,	0
377,	1
378,	1
379,	0
380,	0
381,	0
382,	0
383,	0
384,	0
385,	0
386,	0
387,	1
388,	0
389,	1
390,	1
391,	0
392,	1
393,	0
394,	0
395,	1
396,	0
397,	1
398,	0
399,	1
400,	0
401,	0
402,	1
403,	0
404,	3
405,	1
406,	2
407,	0
408,	0
409,	0
410,	0
411,	0
412,	0
413,	0
414,	0
415,	0
416,	0
417,	1
418,	0
419,	0
420,	1
421,	0
422,	1
423,	0
424,	2
425,	0
426,	0
427,	0
428,	1
429,	0
430,	0
431,	0
432,	0
433,	1
434,	0
435,	0
436,	1
437,	0
438,	0
439,	0
440,	1
441,	0
442,	1
443,	0
444,	0
445,	0
446,	1
447,	0
448,	2
449,	1
450,	0
451,	0
452,	0
453,	0
454,	0
455,	0
456,	0
457,	0
458,	0
459,	0
460,	0
461,	0
462,	0
463,	0
464,	0
465,	1
466,	1
467,	0
468,	0
469,	0
470,	0
471,	1
472,	1
473,	0
474,	0
475,	0
476,	0
477,	0
478,	0
479,	0
480,	0
481,	0
482,	1
483,	0
484,	0
485,	0
486,	0
487,	1
488,	1
489,	1
490,	0
491,	0
492,	0
493,	1
494,	1
495,	0
496,	1
497,	0
498,	1
499,	1
500,	1
501,	1
502,	1
503,	1
504,	0
505,	0
506,	0
507,	0
508,	0
509,	0
510,	1
511,	0
512,	2
513,	1
514,	0
515,	1
516,	2
517,	0
518,	0
519,	0
520,	0
521,	1
522,	1
523,	1
524,	1
525,	2
526,	0
527,	1
528,	1
529,	0
530,	0
531,	1
532,	1
533,	0
534,	0
535,	3
536,	1
537,	0
538,	1
539,	0
540,	2
541,	0
542,	1
543,	0
544,	0
545,	0
546,	1
547,	0
548,	0
549,	0
550,	1
551,	0
552,	0
553,	1
554,	1
555,	1
556,	1
557,	0
558,	1
559,	0
560,	0
561,	0
562,	0
563,	0
564,	0
565,	1
566,	1
567,	0
568,	0
569,	0
570,	0
571,	0
572,	0
573,	1
574,	0
575,	2
576,	0
577,	1
578,	0
579,	1
580,	0
581,	0
582,	1
583,	1
584,	1
585,	1
586,	0
587,	0
588,	0
589,	1
590,	1
591,	0
592,	0
593,	0
594,	0
595,	0
596,	1
597,	1
598,	0
599,	0
600,	0
601,	0
602,	1
603,	1
604,	0
605,	0
606,	1
607,	3
608,	0
609,	0
610,	1
611,	0
612,	1
613,	0
614,	0
615,	0
616,	1
617,	0
618,	1
619,	1
620,	0
621,	0
622,	0
623,	1
624,	1
625,	0
626,	0
627,	0
628,	1
629,	0
630,	0
631,	0
632,	0
633,	0
634,	0
635,	0
636,	1
637,	0
638,	0
639,	0
640,	0
641,	1
642,	0
643,	1
644,	0
645,	0
646,	1
647,	0
648,	1
649,	0
650,	0
651,	0
652,	1
653,	0
654,	0
655,	1
656,	0
657,	0
658,	1
659,	0
660,	2
661,	1
662,	0
663,	0
664,	0
665,	1
666,	1
667,	0
668,	0
669,	0
670,	1
671,	0
672,	0
673,	0
674,	0
675,	0
676,	0
677,	1
678,	0
679,	1
680,	0
681,	0
682,	0
683,	0
684,	2
685,	0
686,	0
687,	0
688,	0
689,	0
690,	0
691,	0
692,	1
693,	1
694,	1
695,	0
696,	0
697,	0
698,	0
699,	0
700,	1
701,	0
702,	0
703,	0
704,	0
705,	0
706,	0
707,	0
708,	1
709,	0
710,	0
711,	0
712,	0
713,	0
714,	1
715,	1
716,	0
717,	1
718,	1
719,	0
720,	0
721,	1
722,	0
723,	1
724,	0
725,	0
726,	0
727,	0
728,	1
729,	1
730,	0
731,	0
732,	0
733,	1
734,	0
735,	1
736,	3
737,	0
738,	1
739,	1
740,	0
741,	1
742,	0
743,	0
744,	0
745,	0
746,	0
747,	0
748,	0
749,	0
750,	0
751,	0
752,	1
753,	0
754,	2
755,	1
756,	1
757,	0
758,	1
759,	1
760,	1
761,	0
762,	0
763,	1
764,	3
765,	0
766,	0
767,	0
768,	0
769,	1
770,	3
771,	0
772,	1
773,	0
774,	0
775,	0
776,	3
777,	1
778,	0
779,	0
780,	0
781,	0
782,	0
783,	0
784,	0
785,	0
786,	0
787,	0
788,	0
789,	0
790,	0
791,	1
792,	1
793,	0
794,	1
795,	1
796,	1
797,	1
798,	1
799,	1
800,	1
801,	1
802,	1
803,	0
804,	0
805,	1
806,	1
807,	0
808,	1
809,	1
810,	0
811,	0
812,	0
813,	1
814,	0
815,	0
816,	0
817,	0
818,	0
819,	0
820,	0
821,	0
822,	0
823,	3
824,	1
825,	0
826,	0
827,	0
828,	3
829,	0
830,	0
831,	0
832,	0
833,	0
834,	1
835,	0
836,	0
837,	0
838,	1
839,	1
840,	1
841,	0
842,	1
843,	1
844,	0
845,	3
846,	0
847,	3
848,	1
849,	0
850,	1
851,	0
852,	0
853,	0
854,	0
855,	1
856,	0
857,	1
858,	0
859,	0
860,	0
861,	1
862,	1
863,	0
864,	0
865,	0
866,	1
867,	1
868,	0
869,	0
870,	0
871,	0
872,	1
873,	1
874,	1
875,	1
876,	1
877,	0
878,	2
879,	1
880,	0
881,	1
882,	0
883,	1
884,	1
885,	1
886,	1
887,	0
888,	1
889,	0
890,	0
891,	1
892,	0
893,	0
894,	0
895,	1
896,	0
897,	0
898,	0
899,	1
900,	0
901,	1
902,	3
903,	0
904,	0
905,	0
906,	1
907,	0
908,	0
909,	1
910,	1
911,	0
912,	1
913,	1
914,	0
915,	0
916,	1
917,	0
918,	1
919,	0
920,	0
921,	0
922,	0
923,	0
924,	1
925,	0
926,	0
927,	0
928,	3
929,	1
930,	0
931,	1
932,	0
933,	0
934,	0
935,	1
936,	0
937,	1
938,	0
939,	0
940,	0
941,	0
942,	0
943,	0
944,	0
945,	1
946,	1
947,	0
948,	0
949,	0
950,	1
951,	1
952,	0
953,	1
954,	1
955,	1
956,	0
957,	0
958,	0
959,	1
960,	0
961,	0
962,	0
963,	0
964,	0
965,	1
966,	1
967,	0
968,	0
969,	0
970,	0
971,	0
972,	0
973,	0
974,	0
975,	0
976,	0
977,	0
978,	0
979,	0
980,	0
981,	1
982,	0
983,	0
984,	0
985,	1
986,	0
987,	1
988,	1
989,	0
990,	0
991,	0
992,	0
993,	0
994,	1
995,	1
996,	0
997,	3
998,	0
999,	1
