Instance: /home/gabriel/Documents/ufrgs/courses/oc/trab/instances/cmb01
Vertices: 500
Colors: 12
NumIterations: 10
Alpha: 0.050000
Is Factible?: false
Conflicts: 13
Solution Value: 154174.875000
Vertex,	Color
0,	1
1,	0
2,	1
3,	0
4,	0
5,	0
6,	1
7,	0
8,	0
9,	1
10,	0
11,	0
12,	0
13,	1
14,	0
15,	1
16,	0
17,	2
18,	0
19,	0
20,	0
21,	0
22,	3
23,	2
24,	1
25,	0
26,	0
27,	0
28,	2
29,	1
30,	0
31,	0
32,	2
33,	0
34,	1
35,	2
36,	2
37,	0
38,	1
39,	1
40,	0
41,	0
42,	1
43,	0
44,	1
45,	1
46,	0
47,	0
48,	3
49,	1
50,	0
51,	0
52,	2
53,	1
54,	1
55,	0
56,	2
57,	1
58,	1
59,	0
60,	1
61,	0
62,	0
63,	1
64,	1
65,	2
66,	1
67,	2
68,	0
69,	2
70,	0
71,	0
72,	1
73,	0
74,	0
75,	1
76,	2
77,	2
78,	1
79,	2
80,	2
81,	2
82,	1
83,	1
84,	1
85,	0
86,	3
87,	1
88,	3
89,	3
90,	3
91,	2
92,	0
93,	0
94,	2
95,	0
96,	2
97,	3
98,	5
99,	3
100,	4
101,	0
102,	3
103,	4
104,	2
105,	4
106,	3
107,	1
108,	2
109,	2
110,	1
111,	6
112,	0
113,	6
114,	1
115,	4
116,	1
117,	5
118,	2
119,	4
120,	1
121,	3
122,	4
123,	2
124,	2
125,	2
126,	2
127,	2
128,	1
129,	4
130,	1
131,	2
132,	7
133,	2
134,	3
135,	3
136,	2
137,	5
138,	6
139,	1
140,	1
141,	4
142,	3
143,	1
144,	3
145,	1
146,	3
147,	4
148,	8
149,	0
150,	3
151,	5
152,	6
153,	0
154,	2
155,	3
156,	2
157,	4
158,	2
159,	2
160,	3
161,	5
162,	8
163,	4
164,	5
165,	5
166,	2
167,	0
168,	3
169,	1
170,	4
171,	4
172,	1
173,	4
174,	3
175,	1
176,	2
177,	7
178,	5
179,	6
180,	6
181,	2
182,	5
183,	0
184,	3
185,	5
186,	4
187,	0
188,	2
189,	5
190,	5
191,	2
192,	1
193,	0
194,	2
195,	3
196,	3
197,	1
198,	6
199,	4
200,	1
201,	4
202,	5
203,	6
204,	6
205,	4
206,	2
207,	5
208,	1
209,	3
210,	4
211,	0
212,	9
213,	5
214,	3
215,	4
216,	3
217,	3
218,	4
219,	1
220,	4
221,	1
222,	4
223,	5
224,	3
225,	0
226,	5
227,	4
228,	1
229,	4
230,	3
231,	5
232,	3
233,	5
234,	3
235,	7
236,	7
237,	4
238,	4
239,	3
240,	0
241,	1
242,	7
243,	3
244,	7
245,	1
246,	5
247,	6
248,	6
249,	3
250,	2
251,	3
252,	4
253,	2
254,	8
255,	5
256,	5
257,	4
258,	5
259,	3
260,	6
261,	4
262,	7
263,	10
264,	4
265,	0
266,	6
267,	7
268,	6
269,	10
270,	8
271,	5
272,	6
273,	6
274,	7
275,	2
276,	8
277,	7
278,	3
279,	0
280,	0
281,	1
282,	6
283,	6
284,	8
285,	4
286,	5
287,	5
288,	4
289,	2
290,	5
291,	2
292,	6
293,	7
294,	11
295,	4
296,	4
297,	9
298,	5
299,	1
300,	4
301,	2
302,	4
303,	3
304,	2
305,	7
306,	2
307,	6
308,	3
309,	6
310,	4
311,	5
312,	3
313,	7
314,	7
315,	6
316,	7
317,	4
318,	4
319,	2
320,	5
321,	3
322,	8
323,	7
324,	6
325,	4
326,	2
327,	5
328,	5
329,	6
330,	0
331,	7
332,	5
333,	4
334,	8
335,	5
336,	6
337,	8
338,	7
339,	7
340,	5
341,	7
342,	7
343,	10
344,	1
345,	6
346,	8
347,	9
348,	7
349,	1
350,	1
351,	4
352,	9
353,	8
354,	5
355,	2
356,	9
357,	9
358,	7
359,	0
360,	7
361,	6
362,	5
363,	8
364,	7
365,	8
366,	6
367,	3
368,	7
369,	6
370,	6
371,	4
372,	3
373,	5
374,	3
375,	6
376,	8
377,	8
378,	7
379,	4
380,	4
381,	4
382,	1
383,	3
384,	5
385,	4
386,	10
387,	9
388,	2
389,	7
390,	8
391,	1
392,	3
393,	8
394,	9
395,	4
396,	10
397,	7
398,	3
399,	8
400,	8
401,	6
402,	6
403,	7
404,	5
405,	10
406,	2
407,	1
408,	0
409,	2
410,	8
411,	3
412,	4
413,	7
414,	11
415,	11
416,	0
417,	5
418,	9
419,	5
420,	10
421,	4
422,	7
423,	11
424,	8
425,	6
426,	9
427,	6
428,	7
429,	7
430,	9
431,	9
432,	0
433,	6
434,	6
435,	6
436,	5
437,	3
438,	2
439,	9
440,	0
441,	10
442,	0
443,	2
444,	4
445,	8
446,	11
447,	3
448,	6
449,	9
450,	11
451,	4
452,	7
453,	8
454,	4
455,	6
456,	8
457,	8
458,	0
459,	11
460,	10
461,	3
462,	9
463,	7
464,	5
465,	7
466,	6
467,	5
468,	7
469,	6
470,	8
471,	10
472,	7
473,	2
474,	9
475,	0
476,	7
477,	0
478,	8
479,	11
480,	9
481,	5
482,	9
483,	5
484,	8
485,	9
486,	7
487,	8
488,	5
489,	3
490,	5
491,	10
492,	11
493,	4
494,	7
495,	6
496,	10
497,	6
498,	0
499,	10
