Instance: /home/gabriel/Documents/ufrgs/courses/oc/trab/instances/cmb01
Vertices: 500
Colors: 12
NumIterations: 10
Alpha: 0.050000
Is Factible?: false
Conflicts: 4
Solution Value: 155688.953125
Vertex,	Color
0,	1
1,	1
2,	1
3,	0
4,	0
5,	2
6,	1
7,	0
8,	0
9,	1
10,	0
11,	1
12,	0
13,	0
14,	0
15,	0
16,	11
17,	1
18,	7
19,	1
20,	0
21,	0
22,	0
23,	2
24,	1
25,	0
26,	11
27,	0
28,	0
29,	1
30,	0
31,	0
32,	2
33,	0
34,	0
35,	1
36,	0
37,	0
38,	1
39,	1
40,	0
41,	0
42,	0
43,	0
44,	1
45,	1
46,	0
47,	0
48,	5
49,	1
50,	0
51,	0
52,	1
53,	1
54,	1
55,	0
56,	2
57,	2
58,	4
59,	0
60,	2
61,	0
62,	0
63,	2
64,	0
65,	1
66,	1
67,	2
68,	3
69,	2
70,	0
71,	1
72,	1
73,	2
74,	1
75,	1
76,	1
77,	3
78,	0
79,	1
80,	4
81,	1
82,	2
83,	1
84,	1
85,	0
86,	3
87,	1
88,	3
89,	2
90,	2
91,	2
92,	2
93,	1
94,	1
95,	2
96,	1
97,	3
98,	2
99,	4
100,	4
101,	8
102,	2
103,	3
104,	0
105,	2
106,	3
107,	2
108,	2
109,	3
110,	3
111,	5
112,	0
113,	2
114,	2
115,	4
116,	1
117,	2
118,	0
119,	3
120,	1
121,	6
122,	0
123,	2
124,	2
125,	1
126,	3
127,	4
128,	1
129,	3
130,	1
131,	2
132,	4
133,	1
134,	3
135,	5
136,	2
137,	5
138,	7
139,	2
140,	1
141,	3
142,	4
143,	3
144,	2
145,	1
146,	3
147,	4
148,	6
149,	0
150,	3
151,	5
152,	1
153,	1
154,	2
155,	5
156,	2
157,	6
158,	3
159,	2
160,	2
161,	4
162,	6
163,	4
164,	6
165,	4
166,	2
167,	0
168,	4
169,	1
170,	4
171,	4
172,	2
173,	4
174,	3
175,	3
176,	2
177,	8
178,	5
179,	7
180,	7
181,	2
182,	5
183,	0
184,	3
185,	4
186,	5
187,	0
188,	3
189,	4
190,	5
191,	2
192,	3
193,	3
194,	5
195,	3
196,	2
197,	1
198,	9
199,	3
200,	1
201,	5
202,	5
203,	5
204,	6
205,	3
206,	2
207,	5
208,	4
209,	4
210,	3
211,	1
212,	9
213,	5
214,	3
215,	4
216,	2
217,	3
218,	4
219,	9
220,	3
221,	1
222,	3
223,	5
224,	3
225,	0
226,	6
227,	8
228,	1
229,	4
230,	3
231,	5
232,	4
233,	6
234,	3
235,	6
236,	6
237,	4
238,	4
239,	3
240,	0
241,	1
242,	7
243,	2
244,	3
245,	1
246,	5
247,	6
248,	5
249,	4
250,	2
251,	6
252,	3
253,	2
254,	8
255,	5
256,	5
257,	3
258,	4
259,	3
260,	6
261,	3
262,	6
263,	10
264,	4
265,	0
266,	6
267,	6
268,	6
269,	7
270,	7
271,	5
272,	7
273,	5
274,	4
275,	2
276,	8
277,	6
278,	4
279,	1
280,	0
281,	1
282,	5
283,	4
284,	7
285,	4
286,	5
287,	6
288,	4
289,	2
290,	6
291,	1
292,	6
293,	7
294,	11
295,	4
296,	7
297,	9
298,	3
299,	1
300,	5
301,	1
302,	3
303,	3
304,	6
305,	7
306,	2
307,	8
308,	3
309,	6
310,	8
311,	4
312,	2
313,	6
314,	7
315,	6
316,	6
317,	4
318,	4
319,	2
320,	4
321,	2
322,	8
323,	6
324,	7
325,	5
326,	1
327,	5
328,	8
329,	7
330,	0
331,	7
332,	4
333,	7
334,	7
335,	2
336,	7
337,	7
338,	6
339,	4
340,	5
341,	6
342,	7
343,	7
344,	1
345,	2
346,	6
347,	9
348,	8
349,	6
350,	2
351,	0
352,	8
353,	7
354,	5
355,	2
356,	9
357,	8
358,	5
359,	0
360,	7
361,	6
362,	3
363,	8
364,	10
365,	5
366,	4
367,	3
368,	7
369,	4
370,	3
371,	7
372,	4
373,	5
374,	5
375,	5
376,	8
377,	6
378,	5
379,	3
380,	4
381,	2
382,	2
383,	4
384,	4
385,	5
386,	9
387,	8
388,	3
389,	7
390,	7
391,	1
392,	3
393,	7
394,	9
395,	2
396,	10
397,	8
398,	3
399,	8
400,	7
401,	8
402,	1
403,	6
404,	4
405,	9
406,	2
407,	1
408,	5
409,	8
410,	8
411,	5
412,	5
413,	7
414,	6
415,	10
416,	9
417,	5
418,	8
419,	5
420,	9
421,	8
422,	6
423,	10
424,	8
425,	7
426,	10
427,	6
428,	6
429,	7
430,	8
431,	8
432,	11
433,	6
434,	6
435,	7
436,	5
437,	3
438,	5
439,	9
440,	0
441,	9
442,	0
443,	0
444,	3
445,	8
446,	10
447,	2
448,	6
449,	8
450,	10
451,	4
452,	7
453,	10
454,	3
455,	7
456,	9
457,	8
458,	0
459,	11
460,	11
461,	3
462,	0
463,	8
464,	5
465,	7
466,	4
467,	4
468,	10
469,	6
470,	3
471,	9
472,	7
473,	2
474,	6
475,	11
476,	8
477,	2
478,	6
479,	3
480,	3
481,	4
482,	11
483,	4
484,	8
485,	10
486,	8
487,	8
488,	7
489,	5
490,	5
491,	8
492,	11
493,	8
494,	11
495,	7
496,	9
497,	6
498,	5
499,	6
