Instance: /home/gabriel/Documents/ufrgs/courses/oc/trab/instances/cmb02
Vertices: 1000
Colors: 10
NumIterations: 1
Alpha: 0.050000
Is Factible?: false
Conflicts: 2
Solution Value: 567026.312500
Vertex,	Color
0,	0
1,	0
2,	3
3,	0
4,	1
5,	1
6,	0
7,	0
8,	0
9,	0
10,	0
11,	0
12,	0
13,	0
14,	0
15,	0
16,	1
17,	0
18,	0
19,	1
20,	0
21,	0
22,	0
23,	0
24,	0
25,	0
26,	1
27,	0
28,	0
29,	0
30,	0
31,	0
32,	0
33,	0
34,	0
35,	1
36,	0
37,	0
38,	1
39,	0
40,	1
41,	1
42,	1
43,	0
44,	0
45,	1
46,	0
47,	0
48,	0
49,	0
50,	0
51,	1
52,	1
53,	0
54,	0
55,	0
56,	1
57,	1
58,	0
59,	0
60,	0
61,	1
62,	0
63,	0
64,	0
65,	0
66,	0
67,	0
68,	0
69,	0
70,	0
71,	0
72,	0
73,	1
74,	0
75,	0
76,	1
77,	1
78,	0
79,	0
80,	1
81,	3
82,	0
83,	1
84,	2
85,	1
86,	2
87,	1
88,	0
89,	0
90,	0
91,	0
92,	0
93,	1
94,	0
95,	1
96,	0
97,	0
98,	0
99,	0
100,	2
101,	0
102,	0
103,	1
104,	0
105,	0
106,	1
107,	0
108,	1
109,	0
110,	2
111,	0
112,	1
113,	0
114,	0
115,	2
116,	0
117,	2
118,	1
119,	1
120,	0
121,	0
122,	2
123,	1
124,	2
125,	1
126,	0
127,	0
128,	0
129,	0
130,	1
131,	0
132,	0
133,	0
134,	2
135,	0
136,	1
137,	1
138,	1
139,	1
140,	0
141,	0
142,	1
143,	1
144,	2
145,	0
146,	3
147,	2
148,	0
149,	0
150,	3
151,	0
152,	2
153,	0
154,	1
155,	1
156,	3
157,	0
158,	2
159,	0
160,	1
161,	1
162,	2
163,	0
164,	1
165,	0
166,	2
167,	0
168,	0
169,	1
170,	0
171,	3
172,	1
173,	1
174,	2
175,	1
176,	0
177,	0
178,	0
179,	1
180,	0
181,	0
182,	0
183,	0
184,	0
185,	2
186,	0
187,	1
188,	0
189,	1
190,	0
191,	1
192,	0
193,	2
194,	1
195,	1
196,	2
197,	1
198,	0
199,	0
200,	1
201,	0
202,	1
203,	1
204,	0
205,	4
206,	0
207,	1
208,	1
209,	1
210,	3
211,	1
212,	3
213,	1
214,	1
215,	2
216,	2
217,	3
218,	0
219,	2
220,	1
221,	1
222,	0
223,	1
224,	2
225,	0
226,	2
227,	0
228,	1
229,	2
230,	1
231,	0
232,	0
233,	1
234,	1
235,	1
236,	2
237,	0
238,	3
239,	0
240,	1
241,	2
242,	0
243,	2
244,	0
245,	1
246,	0
247,	0
248,	3
249,	1
250,	0
251,	1
252,	1
253,	0
254,	2
255,	0
256,	0
257,	2
258,	1
259,	0
260,	1
261,	5
262,	4
263,	6
264,	3
265,	0
266,	1
267,	0
268,	3
269,	1
270,	0
271,	0
272,	2
273,	1
274,	1
275,	0
276,	3
277,	1
278,	1
279,	2
280,	1
281,	3
282,	2
283,	1
284,	2
285,	0
286,	1
287,	0
288,	2
289,	2
290,	2
291,	2
292,	1
293,	1
294,	2
295,	1
296,	0
297,	5
298,	3
299,	2
300,	3
301,	2
302,	0
303,	2
304,	2
305,	0
306,	7
307,	2
308,	1
309,	2
310,	1
311,	3
312,	1
313,	0
314,	1
315,	4
316,	0
317,	0
318,	0
319,	0
320,	1
321,	1
322,	1
323,	1
324,	2
325,	1
326,	2
327,	1
328,	1
329,	1
330,	2
331,	2
332,	0
333,	2
334,	0
335,	3
336,	0
337,	3
338,	5
339,	0
340,	2
341,	6
342,	3
343,	1
344,	3
345,	3
346,	1
347,	3
348,	3
349,	0
350,	0
351,	1
352,	1
353,	1
354,	1
355,	3
356,	1
357,	0
358,	0
359,	2
360,	1
361,	1
362,	2
363,	1
364,	3
365,	2
366,	0
367,	0
368,	3
369,	1
370,	2
371,	3
372,	4
373,	2
374,	4
375,	2
376,	0
377,	2
378,	1
379,	4
380,	2
381,	2
382,	1
383,	2
384,	1
385,	1
386,	2
387,	5
388,	1
389,	0
390,	1
391,	1
392,	1
393,	0
394,	2
395,	2
396,	2
397,	1
398,	1
399,	0
400,	0
401,	2
402,	3
403,	0
404,	2
405,	1
406,	3
407,	0
408,	0
409,	3
410,	4
411,	1
412,	3
413,	1
414,	2
415,	1
416,	4
417,	2
418,	0
419,	2
420,	1
421,	1
422,	2
423,	1
424,	4
425,	2
426,	2
427,	0
428,	2
429,	1
430,	0
431,	1
432,	3
433,	2
434,	2
435,	3
436,	0
437,	2
438,	2
439,	3
440,	0
441,	4
442,	3
443,	2
444,	2
445,	1
446,	1
447,	4
448,	2
449,	2
450,	4
451,	0
452,	2
453,	0
454,	1
455,	1
456,	2
457,	3
458,	3
459,	4
460,	4
461,	0
462,	2
463,	3
464,	3
465,	2
466,	0
467,	2
468,	2
469,	2
470,	3
471,	5
472,	1
473,	0
474,	2
475,	2
476,	2
477,	2
478,	3
479,	1
480,	4
481,	1
482,	1
483,	3
484,	1
485,	3
486,	2
487,	0
488,	2
489,	0
490,	2
491,	0
492,	2
493,	2
494,	0
495,	0
496,	4
497,	1
498,	2
499,	4
500,	2
501,	1
502,	5
503,	4
504,	7
505,	3
506,	4
507,	2
508,	0
509,	0
510,	1
511,	6
512,	1
513,	5
514,	2
515,	3
516,	4
517,	4
518,	3
519,	3
520,	0
521,	1
522,	3
523,	6
524,	5
525,	2
526,	3
527,	3
528,	1
529,	3
530,	2
531,	0
532,	5
533,	4
534,	3
535,	2
536,	2
537,	0
538,	0
539,	3
540,	0
541,	2
542,	1
543,	3
544,	3
545,	2
546,	1
547,	6
548,	1
549,	0
550,	3
551,	2
552,	3
553,	0
554,	4
555,	3
556,	1
557,	2
558,	3
559,	1
560,	2
561,	2
562,	3
563,	4
564,	4
565,	3
566,	7
567,	2
568,	5
569,	3
570,	2
571,	3
572,	2
573,	1
574,	3
575,	2
576,	4
577,	2
578,	4
579,	1
580,	2
581,	2
582,	4
583,	0
584,	2
585,	3
586,	1
587,	1
588,	1
589,	2
590,	5
591,	3
592,	1
593,	1
594,	1
595,	5
596,	1
597,	2
598,	5
599,	4
600,	4
601,	3
602,	5
603,	2
604,	3
605,	4
606,	5
607,	5
608,	2
609,	5
610,	3
611,	3
612,	1
613,	0
614,	4
615,	2
616,	4
617,	1
618,	0
619,	5
620,	8
621,	0
622,	2
623,	0
624,	2
625,	4
626,	2
627,	4
628,	3
629,	3
630,	1
631,	6
632,	6
633,	4
634,	1
635,	0
636,	1
637,	9
638,	3
639,	1
640,	3
641,	2
642,	1
643,	3
644,	1
645,	5
646,	4
647,	4
648,	2
649,	2
650,	3
651,	4
652,	2
653,	2
654,	3
655,	2
656,	2
657,	3
658,	4
659,	3
660,	2
661,	3
662,	3
663,	1
664,	2
665,	1
666,	1
667,	6
668,	2
669,	1
670,	3
671,	1
672,	1
673,	3
674,	5
675,	1
676,	2
677,	3
678,	2
679,	5
680,	4
681,	6
682,	1
683,	0
684,	3
685,	2
686,	6
687,	6
688,	2
689,	5
690,	3
691,	3
692,	4
693,	1
694,	5
695,	1
696,	3
697,	5
698,	5
699,	5
700,	4
701,	1
702,	3
703,	2
704,	3
705,	7
706,	3
707,	4
708,	2
709,	3
710,	0
711,	5
712,	4
713,	4
714,	0
715,	2
716,	6
717,	1
718,	6
719,	4
720,	2
721,	1
722,	0
723,	3
724,	5
725,	4
726,	4
727,	2
728,	6
729,	3
730,	4
731,	4
732,	0
733,	6
734,	3
735,	1
736,	1
737,	2
738,	1
739,	6
740,	4
741,	0
742,	4
743,	2
744,	7
745,	3
746,	2
747,	3
748,	4
749,	3
750,	7
751,	4
752,	4
753,	5
754,	0
755,	2
756,	6
757,	1
758,	2
759,	1
760,	4
761,	5
762,	4
763,	2
764,	2
765,	6
766,	4
767,	4
768,	3
769,	1
770,	1
771,	0
772,	1
773,	2
774,	3
775,	2
776,	4
777,	4
778,	4
779,	4
780,	5
781,	3
782,	8
783,	8
784,	1
785,	3
786,	1
787,	4
788,	3
789,	6
790,	4
791,	4
792,	6
793,	0
794,	6
795,	3
796,	1
797,	4
798,	2
799,	6
800,	3
801,	6
802,	1
803,	1
804,	7
805,	5
806,	2
807,	2
808,	4
809,	7
810,	4
811,	3
812,	2
813,	5
814,	1
815,	4
816,	5
817,	4
818,	2
819,	0
820,	3
821,	3
822,	2
823,	0
824,	5
825,	7
826,	3
827,	4
828,	2
829,	3
830,	3
831,	2
832,	5
833,	5
834,	1
835,	0
836,	7
837,	2
838,	0
839,	4
840,	2
841,	0
842,	4
843,	3
844,	5
845,	3
846,	0
847,	4
848,	2
849,	4
850,	3
851,	7
852,	3
853,	3
854,	6
855,	7
856,	4
857,	5
858,	0
859,	3
860,	3
861,	6
862,	3
863,	2
864,	4
865,	5
866,	0
867,	5
868,	6
869,	6
870,	4
871,	3
872,	4
873,	2
874,	5
875,	4
876,	4
877,	3
878,	1
879,	5
880,	2
881,	5
882,	4
883,	0
884,	5
885,	5
886,	3
887,	1
888,	3
889,	1
890,	5
891,	4
892,	4
893,	3
894,	1
895,	3
896,	6
897,	5
898,	2
899,	1
900,	2
901,	3
902,	3
903,	4
904,	4
905,	2
906,	6
907,	3
908,	4
909,	6
910,	5
911,	6
912,	0
913,	1
914,	5
915,	5
916,	4
917,	4
918,	3
919,	6
920,	8
921,	3
922,	2
923,	4
924,	5
925,	3
926,	5
927,	4
928,	8
929,	4
930,	4
931,	1
932,	4
933,	2
934,	4
935,	5
936,	4
937,	5
938,	9
939,	4
940,	3
941,	2
942,	4
943,	1
944,	5
945,	0
946,	6
947,	3
948,	5
949,	5
950,	5
951,	3
952,	6
953,	4
954,	3
955,	5
956,	3
957,	1
958,	7
959,	2
960,	5
961,	1
962,	2
963,	5
964,	2
965,	3
966,	3
967,	3
968,	0
969,	6
970,	4
971,	3
972,	4
973,	0
974,	3
975,	5
976,	0
977,	3
978,	3
979,	2
980,	7
981,	3
982,	5
983,	2
984,	0
985,	0
986,	7
987,	4
988,	4
989,	6
990,	3
991,	5
992,	0
993,	4
994,	7
995,	8
996,	9
997,	5
998,	4
999,	3
