Instance: /home/gabriel/Documents/ufrgs/courses/oc/trab/instances/cmb01
Vertices: 500
Colors: 12
NumIterations: 100
Alpha: 0.950000
Is Factible?: false
Conflicts: 20
Solution Value: 163846.593750
Vertex,	Color
0,	2
1,	1
2,	1
3,	0
4,	1
5,	0
6,	2
7,	0
8,	1
9,	0
10,	1
11,	1
12,	0
13,	0
14,	0
15,	0
16,	0
17,	2
18,	0
19,	1
20,	0
21,	1
22,	0
23,	0
24,	1
25,	0
26,	3
27,	0
28,	0
29,	0
30,	0
31,	0
32,	2
33,	0
34,	1
35,	1
36,	0
37,	1
38,	1
39,	1
40,	0
41,	0
42,	0
43,	0
44,	0
45,	1
46,	1
47,	2
48,	0
49,	0
50,	0
51,	0
52,	2
53,	1
54,	1
55,	0
56,	1
57,	0
58,	1
59,	0
60,	1
61,	0
62,	1
63,	1
64,	0
65,	2
66,	0
67,	2
68,	3
69,	3
70,	0
71,	2
72,	1
73,	2
74,	1
75,	1
76,	1
77,	2
78,	2
79,	0
80,	2
81,	2
82,	1
83,	1
84,	0
85,	0
86,	2
87,	1
88,	0
89,	3
90,	3
91,	2
92,	0
93,	1
94,	2
95,	2
96,	1
97,	2
98,	5
99,	6
100,	4
101,	2
102,	2
103,	4
104,	1
105,	2
106,	3
107,	1
108,	1
109,	3
110,	3
111,	5
112,	0
113,	3
114,	2
115,	3
116,	0
117,	3
118,	0
119,	6
120,	3
121,	4
122,	3
123,	5
124,	2
125,	1
126,	2
127,	2
128,	0
129,	4
130,	1
131,	2
132,	6
133,	2
134,	2
135,	3
136,	2
137,	5
138,	7
139,	0
140,	1
141,	4
142,	3
143,	6
144,	3
145,	1
146,	3
147,	5
148,	5
149,	0
150,	3
151,	5
152,	0
153,	2
154,	2
155,	4
156,	2
157,	3
158,	3
159,	0
160,	2
161,	5
162,	8
163,	5
164,	4
165,	4
166,	2
167,	0
168,	3
169,	1
170,	4
171,	4
172,	1
173,	4
174,	3
175,	1
176,	2
177,	9
178,	4
179,	7
180,	6
181,	2
182,	5
183,	4
184,	3
185,	5
186,	4
187,	0
188,	2
189,	5
190,	5
191,	2
192,	4
193,	1
194,	5
195,	3
196,	3
197,	1
198,	3
199,	4
200,	0
201,	4
202,	6
203,	4
204,	6
205,	4
206,	2
207,	5
208,	5
209,	3
210,	3
211,	0
212,	10
213,	5
214,	3
215,	4
216,	3
217,	3
218,	4
219,	1
220,	4
221,	1
222,	5
223,	4
224,	3
225,	0
226,	7
227,	4
228,	2
229,	5
230,	3
231,	4
232,	3
233,	6
234,	3
235,	2
236,	6
237,	4
238,	3
239,	3
240,	0
241,	1
242,	7
243,	3
244,	5
245,	1
246,	5
247,	6
248,	6
249,	2
250,	3
251,	3
252,	4
253,	2
254,	7
255,	2
256,	5
257,	1
258,	5
259,	3
260,	5
261,	4
262,	4
263,	11
264,	5
265,	0
266,	6
267,	7
268,	6
269,	4
270,	7
271,	4
272,	7
273,	6
274,	8
275,	1
276,	8
277,	1
278,	1
279,	1
280,	1
281,	2
282,	6
283,	5
284,	5
285,	5
286,	5
287,	6
288,	4
289,	2
290,	6
291,	2
292,	6
293,	7
294,	8
295,	4
296,	4
297,	9
298,	4
299,	4
300,	4
301,	1
302,	4
303,	3
304,	1
305,	6
306,	3
307,	7
308,	1
309,	6
310,	8
311,	4
312,	2
313,	7
314,	7
315,	5
316,	7
317,	4
318,	4
319,	2
320,	4
321,	6
322,	6
323,	7
324,	5
325,	5
326,	2
327,	4
328,	7
329,	6
330,	0
331,	8
332,	5
333,	8
334,	8
335,	0
336,	3
337,	8
338,	8
339,	5
340,	5
341,	10
342,	6
343,	7
344,	2
345,	2
346,	8
347,	9
348,	7
349,	1
350,	1
351,	0
352,	9
353,	8
354,	2
355,	5
356,	9
357,	9
358,	5
359,	0
360,	7
361,	6
362,	6
363,	7
364,	8
365,	6
366,	5
367,	6
368,	7
369,	5
370,	6
371,	4
372,	4
373,	5
374,	4
375,	6
376,	8
377,	9
378,	5
379,	7
380,	1
381,	3
382,	2
383,	3
384,	5
385,	4
386,	8
387,	9
388,	8
389,	7
390,	7
391,	1
392,	5
393,	9
394,	8
395,	4
396,	10
397,	7
398,	6
399,	8
400,	7
401,	6
402,	1
403,	7
404,	5
405,	10
406,	2
407,	3
408,	0
409,	7
410,	6
411,	5
412,	7
413,	7
414,	10
415,	11
416,	2
417,	4
418,	10
419,	5
420,	9
421,	6
422,	8
423,	9
424,	8
425,	7
426,	10
427,	6
428,	0
429,	7
430,	9
431,	7
432,	0
433,	6
434,	6
435,	7
436,	5
437,	3
438,	7
439,	9
440,	0
441,	10
442,	0
443,	10
444,	3
445,	8
446,	11
447,	2
448,	6
449,	8
450,	11
451,	10
452,	7
453,	5
454,	4
455,	6
456,	9
457,	0
458,	6
459,	0
460,	10
461,	3
462,	0
463,	7
464,	7
465,	8
466,	6
467,	5
468,	6
469,	6
470,	8
471,	9
472,	7
473,	2
474,	8
475,	11
476,	9
477,	2
478,	6
479,	11
480,	9
481,	4
482,	7
483,	5
484,	8
485,	7
486,	5
487,	8
488,	7
489,	3
490,	3
491,	9
492,	11
493,	4
494,	11
495,	7
496,	6
497,	5
498,	7
499,	6
