Instance: /home/gabriel/Documents/ufrgs/courses/oc/trab/instances/cmb02
Vertices: 1000
Colors: 10
NumIterations: 1
Alpha: 0.050000
Is Factible?: false
Conflicts: 1
Solution Value: 561569.062500
Vertex,	Color
0,	2
1,	0
2,	0
3,	0
4,	1
5,	2
6,	0
7,	0
8,	0
9,	1
10,	0
11,	0
12,	0
13,	1
14,	1
15,	0
16,	1
17,	0
18,	0
19,	0
20,	1
21,	0
22,	0
23,	0
24,	0
25,	1
26,	0
27,	0
28,	0
29,	0
30,	0
31,	2
32,	0
33,	0
34,	1
35,	1
36,	0
37,	0
38,	0
39,	0
40,	0
41,	0
42,	0
43,	0
44,	1
45,	1
46,	3
47,	0
48,	0
49,	0
50,	0
51,	0
52,	1
53,	0
54,	0
55,	1
56,	0
57,	0
58,	0
59,	1
60,	0
61,	0
62,	0
63,	0
64,	0
65,	0
66,	0
67,	0
68,	0
69,	0
70,	0
71,	1
72,	0
73,	1
74,	0
75,	1
76,	0
77,	0
78,	0
79,	0
80,	1
81,	1
82,	1
83,	0
84,	1
85,	1
86,	2
87,	1
88,	0
89,	0
90,	0
91,	0
92,	0
93,	1
94,	1
95,	2
96,	1
97,	0
98,	0
99,	0
100,	2
101,	0
102,	0
103,	1
104,	0
105,	0
106,	0
107,	0
108,	1
109,	0
110,	2
111,	1
112,	0
113,	0
114,	0
115,	3
116,	0
117,	1
118,	0
119,	0
120,	1
121,	0
122,	1
123,	2
124,	1
125,	1
126,	0
127,	0
128,	0
129,	0
130,	1
131,	0
132,	1
133,	0
134,	0
135,	0
136,	0
137,	0
138,	1
139,	1
140,	0
141,	0
142,	3
143,	1
144,	4
145,	0
146,	3
147,	2
148,	7
149,	0
150,	2
151,	0
152,	2
153,	0
154,	1
155,	1
156,	3
157,	0
158,	2
159,	0
160,	1
161,	1
162,	2
163,	0
164,	1
165,	0
166,	2
167,	0
168,	0
169,	1
170,	0
171,	3
172,	1
173,	1
174,	2
175,	1
176,	0
177,	0
178,	0
179,	2
180,	0
181,	0
182,	0
183,	0
184,	0
185,	2
186,	0
187,	1
188,	0
189,	1
190,	0
191,	1
192,	0
193,	2
194,	1
195,	1
196,	3
197,	1
198,	0
199,	0
200,	1
201,	0
202,	1
203,	1
204,	0
205,	4
206,	0
207,	2
208,	2
209,	1
210,	2
211,	1
212,	3
213,	1
214,	1
215,	1
216,	2
217,	1
218,	0
219,	1
220,	1
221,	1
222,	0
223,	1
224,	1
225,	0
226,	2
227,	0
228,	1
229,	3
230,	0
231,	1
232,	0
233,	1
234,	2
235,	2
236,	3
237,	0
238,	3
239,	0
240,	1
241,	2
242,	0
243,	2
244,	0
245,	1
246,	0
247,	0
248,	3
249,	0
250,	0
251,	1
252,	2
253,	2
254,	1
255,	0
256,	1
257,	2
258,	2
259,	0
260,	1
261,	6
262,	5
263,	5
264,	3
265,	4
266,	1
267,	0
268,	3
269,	2
270,	0
271,	1
272,	1
273,	1
274,	1
275,	5
276,	2
277,	1
278,	1
279,	4
280,	1
281,	2
282,	4
283,	0
284,	2
285,	0
286,	1
287,	1
288,	3
289,	3
290,	1
291,	2
292,	1
293,	0
294,	2
295,	2
296,	0
297,	6
298,	3
299,	3
300,	3
301,	2
302,	0
303,	3
304,	2
305,	0
306,	7
307,	3
308,	1
309,	1
310,	1
311,	3
312,	1
313,	0
314,	1
315,	4
316,	0
317,	0
318,	0
319,	0
320,	2
321,	1
322,	1
323,	1
324,	2
325,	1
326,	2
327,	1
328,	1
329,	1
330,	2
331,	2
332,	0
333,	2
334,	0
335,	3
336,	0
337,	1
338,	5
339,	0
340,	2
341,	8
342,	3
343,	1
344,	3
345,	1
346,	1
347,	3
348,	2
349,	0
350,	0
351,	1
352,	1
353,	1
354,	0
355,	0
356,	4
357,	1
358,	0
359,	0
360,	1
361,	1
362,	2
363,	1
364,	4
365,	2
366,	0
367,	0
368,	3
369,	2
370,	2
371,	3
372,	4
373,	2
374,	4
375,	1
376,	0
377,	2
378,	2
379,	4
380,	3
381,	1
382,	2
383,	1
384,	1
385,	1
386,	2
387,	4
388,	1
389,	1
390,	2
391,	2
392,	1
393,	0
394,	2
395,	1
396,	2
397,	0
398,	1
399,	0
400,	0
401,	2
402,	3
403,	0
404,	2
405,	2
406,	2
407,	0
408,	0
409,	3
410,	4
411,	1
412,	3
413,	1
414,	2
415,	1
416,	4
417,	4
418,	0
419,	2
420,	1
421,	1
422,	2
423,	1
424,	4
425,	2
426,	2
427,	0
428,	3
429,	1
430,	0
431,	1
432,	3
433,	3
434,	2
435,	4
436,	0
437,	2
438,	2
439,	3
440,	0
441,	4
442,	3
443,	2
444,	1
445,	1
446,	1
447,	5
448,	2
449,	2
450,	3
451,	0
452,	2
453,	0
454,	1
455,	1
456,	2
457,	2
458,	3
459,	4
460,	5
461,	0
462,	2
463,	4
464,	3
465,	1
466,	0
467,	2
468,	2
469,	1
470,	3
471,	5
472,	3
473,	0
474,	2
475,	2
476,	2
477,	2
478,	3
479,	1
480,	4
481,	1
482,	2
483,	3
484,	2
485,	2
486,	2
487,	0
488,	2
489,	0
490,	2
491,	0
492,	2
493,	0
494,	0
495,	0
496,	5
497,	1
498,	2
499,	5
500,	2
501,	1
502,	2
503,	4
504,	7
505,	3
506,	4
507,	2
508,	0
509,	0
510,	2
511,	5
512,	1
513,	6
514,	2
515,	1
516,	4
517,	4
518,	3
519,	4
520,	0
521,	1
522,	3
523,	6
524,	5
525,	1
526,	3
527,	2
528,	2
529,	3
530,	2
531,	0
532,	5
533,	2
534,	3
535,	2
536,	2
537,	0
538,	2
539,	3
540,	0
541,	2
542,	1
543,	2
544,	2
545,	2
546,	1
547,	6
548,	3
549,	0
550,	3
551,	2
552,	3
553,	0
554,	4
555,	3
556,	1
557,	3
558,	3
559,	1
560,	2
561,	2
562,	3
563,	1
564,	5
565,	3
566,	4
567,	1
568,	2
569,	3
570,	2
571,	3
572,	2
573,	3
574,	3
575,	5
576,	4
577,	2
578,	4
579,	1
580,	2
581,	2
582,	4
583,	0
584,	2
585,	4
586,	1
587,	1
588,	1
589,	2
590,	4
591,	3
592,	0
593,	1
594,	1
595,	5
596,	0
597,	3
598,	5
599,	3
600,	5
601,	3
602,	6
603,	2
604,	1
605,	4
606,	6
607,	4
608,	2
609,	6
610,	3
611,	3
612,	1
613,	0
614,	4
615,	2
616,	4
617,	3
618,	0
619,	5
620,	8
621,	0
622,	3
623,	0
624,	1
625,	5
626,	3
627,	4
628,	0
629,	3
630,	1
631,	5
632,	5
633,	4
634,	4
635,	0
636,	1
637,	9
638,	3
639,	1
640,	0
641,	2
642,	1
643,	3
644,	1
645,	5
646,	5
647,	3
648,	1
649,	1
650,	2
651,	1
652,	1
653,	2
654,	3
655,	2
656,	2
657,	2
658,	4
659,	3
660,	2
661,	3
662,	3
663,	1
664,	2
665,	1
666,	1
667,	6
668,	3
669,	1
670,	3
671,	1
672,	1
673,	3
674,	5
675,	1
676,	3
677,	3
678,	2
679,	5
680,	2
681,	6
682,	0
683,	0
684,	3
685,	2
686,	4
687,	5
688,	2
689,	5
690,	4
691,	3
692,	3
693,	1
694,	4
695,	4
696,	3
697,	5
698,	4
699,	5
700,	4
701,	1
702,	2
703,	2
704,	4
705,	7
706,	3
707,	3
708,	2
709,	4
710,	0
711,	5
712,	3
713,	3
714,	0
715,	2
716,	6
717,	1
718,	6
719,	4
720,	2
721,	1
722,	0
723,	3
724,	5
725,	5
726,	4
727,	2
728,	6
729,	2
730,	4
731,	4
732,	0
733,	6
734,	3
735,	2
736,	2
737,	2
738,	6
739,	6
740,	4
741,	1
742,	3
743,	4
744,	7
745,	5
746,	2
747,	3
748,	4
749,	3
750,	7
751,	4
752,	4
753,	5
754,	1
755,	2
756,	6
757,	1
758,	2
759,	2
760,	5
761,	5
762,	4
763,	2
764,	1
765,	6
766,	3
767,	4
768,	3
769,	1
770,	1
771,	0
772,	1
773,	3
774,	4
775,	7
776,	3
777,	1
778,	4
779,	3
780,	4
781,	3
782,	9
783,	8
784,	1
785,	3
786,	1
787,	4
788,	3
789,	6
790,	5
791,	4
792,	6
793,	0
794,	6
795,	3
796,	1
797,	5
798,	3
799,	6
800,	3
801,	6
802,	0
803,	1
804,	7
805,	4
806,	2
807,	2
808,	3
809,	7
810,	4
811,	3
812,	2
813,	2
814,	1
815,	4
816,	3
817,	4
818,	2
819,	0
820,	3
821,	5
822,	1
823,	0
824,	5
825,	6
826,	2
827,	3
828,	0
829,	2
830,	3
831,	2
832,	4
833,	4
834,	1
835,	0
836,	7
837,	2
838,	7
839,	5
840,	2
841,	0
842,	3
843,	3
844,	5
845,	3
846,	0
847,	4
848,	5
849,	4
850,	3
851,	7
852,	3
853,	4
854,	6
855,	7
856,	3
857,	3
858,	2
859,	3
860,	5
861,	6
862,	1
863,	2
864,	4
865,	5
866,	2
867,	3
868,	6
869,	6
870,	4
871,	4
872,	5
873,	2
874,	6
875,	5
876,	4
877,	3
878,	1
879,	6
880,	2
881,	5
882,	4
883,	0
884,	5
885,	5
886,	4
887,	1
888,	3
889,	0
890,	3
891,	4
892,	4
893,	3
894,	1
895,	3
896,	6
897,	5
898,	3
899,	1
900,	1
901,	4
902,	3
903,	3
904,	1
905,	2
906,	6
907,	3
908,	6
909,	8
910,	5
911,	6
912,	0
913,	1
914,	1
915,	3
916,	4
917,	4
918,	3
919,	6
920,	8
921,	3
922,	2
923,	5
924,	6
925,	3
926,	5
927,	0
928,	8
929,	4
930,	4
931,	1
932,	4
933,	2
934,	3
935,	5
936,	5
937,	4
938,	9
939,	4
940,	3
941,	2
942,	4
943,	1
944,	4
945,	2
946,	3
947,	3
948,	5
949,	5
950,	5
951,	4
952,	6
953,	5
954,	3
955,	6
956,	5
957,	2
958,	7
959,	2
960,	6
961,	3
962,	4
963,	2
964,	3
965,	3
966,	3
967,	3
968,	0
969,	6
970,	3
971,	4
972,	3
973,	0
974,	4
975,	4
976,	0
977,	3
978,	3
979,	2
980,	7
981,	3
982,	5
983,	2
984,	1
985,	2
986,	7
987,	3
988,	4
989,	6
990,	3
991,	5
992,	0
993,	4
994,	7
995,	8
996,	0
997,	4
998,	4
999,	3
