Instance: /home/gabriel/Documents/ufrgs/courses/oc/trab/instances/cmb02
Vertices: 1000
Colors: 10
NumIterations: 1
Alpha: 0.050000
Is Factible?: false
Conflicts: 2
Solution Value: 560032.750000
Vertex,	Color
0,	0
1,	0
2,	0
3,	0
4,	1
5,	1
6,	0
7,	0
8,	0
9,	0
10,	0
11,	0
12,	0
13,	1
14,	1
15,	0
16,	1
17,	0
18,	0
19,	0
20,	0
21,	0
22,	0
23,	0
24,	0
25,	1
26,	1
27,	0
28,	0
29,	0
30,	1
31,	3
32,	0
33,	0
34,	0
35,	1
36,	0
37,	0
38,	0
39,	0
40,	0
41,	1
42,	1
43,	0
44,	2
45,	0
46,	0
47,	0
48,	0
49,	0
50,	1
51,	0
52,	1
53,	0
54,	0
55,	0
56,	0
57,	1
58,	0
59,	0
60,	0
61,	1
62,	0
63,	0
64,	0
65,	0
66,	0
67,	0
68,	0
69,	0
70,	0
71,	0
72,	0
73,	1
74,	0
75,	0
76,	0
77,	1
78,	0
79,	0
80,	2
81,	2
82,	0
83,	1
84,	2
85,	2
86,	1
87,	1
88,	0
89,	0
90,	1
91,	0
92,	0
93,	1
94,	0
95,	2
96,	1
97,	0
98,	0
99,	0
100,	1
101,	1
102,	0
103,	1
104,	1
105,	0
106,	1
107,	0
108,	0
109,	0
110,	2
111,	1
112,	0
113,	0
114,	0
115,	2
116,	0
117,	0
118,	1
119,	0
120,	1
121,	0
122,	2
123,	1
124,	0
125,	1
126,	0
127,	0
128,	0
129,	0
130,	0
131,	0
132,	0
133,	2
134,	0
135,	0
136,	1
137,	1
138,	1
139,	1
140,	0
141,	0
142,	2
143,	2
144,	3
145,	0
146,	2
147,	1
148,	0
149,	0
150,	2
151,	0
152,	2
153,	0
154,	1
155,	1
156,	4
157,	0
158,	3
159,	0
160,	2
161,	0
162,	0
163,	2
164,	1
165,	1
166,	3
167,	0
168,	0
169,	1
170,	0
171,	3
172,	1
173,	1
174,	2
175,	2
176,	0
177,	0
178,	0
179,	1
180,	0
181,	0
182,	0
183,	0
184,	0
185,	1
186,	0
187,	1
188,	0
189,	2
190,	0
191,	1
192,	0
193,	1
194,	1
195,	1
196,	3
197,	1
198,	0
199,	1
200,	1
201,	0
202,	1
203,	1
204,	1
205,	4
206,	0
207,	1
208,	2
209,	1
210,	2
211,	1
212,	3
213,	1
214,	2
215,	1
216,	1
217,	4
218,	0
219,	1
220,	1
221,	1
222,	0
223,	1
224,	1
225,	0
226,	1
227,	0
228,	1
229,	3
230,	1
231,	0
232,	0
233,	1
234,	2
235,	0
236,	3
237,	0
238,	3
239,	0
240,	1
241,	2
242,	0
243,	1
244,	0
245,	1
246,	0
247,	0
248,	2
249,	1
250,	1
251,	1
252,	0
253,	0
254,	1
255,	0
256,	1
257,	2
258,	0
259,	0
260,	2
261,	5
262,	2
263,	6
264,	2
265,	0
266,	2
267,	0
268,	3
269,	2
270,	0
271,	2
272,	2
273,	1
274,	1
275,	0
276,	2
277,	1
278,	1
279,	3
280,	1
281,	3
282,	2
283,	1
284,	2
285,	0
286,	1
287,	0
288,	3
289,	3
290,	2
291,	2
292,	1
293,	1
294,	2
295,	1
296,	0
297,	5
298,	3
299,	2
300,	3
301,	1
302,	0
303,	3
304,	2
305,	0
306,	6
307,	2
308,	1
309,	2
310,	1
311,	3
312,	1
313,	0
314,	2
315,	4
316,	0
317,	0
318,	0
319,	0
320,	1
321,	1
322,	1
323,	2
324,	2
325,	1
326,	1
327,	1
328,	2
329,	1
330,	2
331,	2
332,	0
333,	2
334,	0
335,	3
336,	0
337,	3
338,	5
339,	0
340,	2
341,	7
342,	3
343,	1
344,	3
345,	1
346,	1
347,	3
348,	2
349,	0
350,	0
351,	0
352,	1
353,	1
354,	2
355,	3
356,	1
357,	0
358,	0
359,	1
360,	2
361,	1
362,	2
363,	1
364,	2
365,	2
366,	0
367,	0
368,	1
369,	1
370,	2
371,	4
372,	4
373,	1
374,	4
375,	2
376,	0
377,	2
378,	1
379,	4
380,	3
381,	1
382,	2
383,	2
384,	1
385,	1
386,	2
387,	4
388,	1
389,	1
390,	2
391,	2
392,	1
393,	0
394,	2
395,	3
396,	2
397,	1
398,	1
399,	0
400,	0
401,	2
402,	2
403,	0
404,	2
405,	3
406,	1
407,	0
408,	1
409,	3
410,	4
411,	1
412,	3
413,	1
414,	2
415,	1
416,	1
417,	2
418,	0
419,	2
420,	1
421,	1
422,	2
423,	1
424,	4
425,	2
426,	2
427,	0
428,	4
429,	1
430,	0
431,	1
432,	2
433,	2
434,	2
435,	2
436,	0
437,	3
438,	2
439,	3
440,	0
441,	4
442,	3
443,	2
444,	2
445,	1
446,	1
447,	5
448,	2
449,	1
450,	3
451,	0
452,	2
453,	0
454,	1
455,	1
456,	2
457,	0
458,	3
459,	4
460,	4
461,	0
462,	2
463,	3
464,	6
465,	1
466,	0
467,	2
468,	2
469,	1
470,	4
471,	5
472,	3
473,	0
474,	2
475,	1
476,	2
477,	2
478,	1
479,	1
480,	3
481,	1
482,	1
483,	1
484,	1
485,	3
486,	2
487,	0
488,	2
489,	0
490,	2
491,	0
492,	3
493,	2
494,	0
495,	0
496,	4
497,	1
498,	4
499,	4
500,	2
501,	1
502,	3
503,	3
504,	7
505,	3
506,	4
507,	2
508,	0
509,	0
510,	1
511,	6
512,	1
513,	5
514,	2
515,	3
516,	5
517,	4
518,	3
519,	3
520,	0
521,	1
522,	4
523,	5
524,	5
525,	2
526,	4
527,	3
528,	1
529,	3
530,	2
531,	0
532,	5
533,	4
534,	2
535,	2
536,	3
537,	0
538,	0
539,	3
540,	0
541,	2
542,	1
543,	3
544,	2
545,	2
546,	1
547,	6
548,	3
549,	0
550,	3
551,	2
552,	3
553,	0
554,	4
555,	3
556,	1
557,	3
558,	3
559,	1
560,	2
561,	2
562,	3
563,	4
564,	4
565,	3
566,	7
567,	2
568,	5
569,	3
570,	1
571,	3
572,	2
573,	3
574,	3
575,	2
576,	4
577,	2
578,	4
579,	1
580,	2
581,	2
582,	4
583,	0
584,	3
585,	3
586,	1
587,	4
588,	1
589,	2
590,	5
591,	3
592,	0
593,	1
594,	1
595,	5
596,	1
597,	3
598,	5
599,	4
600,	4
601,	3
602,	5
603,	2
604,	3
605,	3
606,	5
607,	5
608,	2
609,	5
610,	2
611,	3
612,	1
613,	0
614,	2
615,	2
616,	4
617,	1
618,	0
619,	5
620,	8
621,	0
622,	2
623,	0
624,	2
625,	3
626,	2
627,	4
628,	0
629,	3
630,	1
631,	6
632,	6
633,	4
634,	3
635,	0
636,	1
637,	9
638,	3
639,	1
640,	3
641,	2
642,	1
643,	3
644,	2
645,	5
646,	4
647,	4
648,	2
649,	1
650,	2
651,	4
652,	1
653,	1
654,	3
655,	1
656,	2
657,	3
658,	4
659,	4
660,	2
661,	3
662,	3
663,	1
664,	2
665,	1
666,	1
667,	6
668,	2
669,	1
670,	3
671,	1
672,	1
673,	3
674,	0
675,	1
676,	2
677,	3
678,	3
679,	5
680,	3
681,	5
682,	0
683,	0
684,	3
685,	2
686,	5
687,	4
688,	2
689,	5
690,	3
691,	3
692,	4
693,	1
694,	6
695,	4
696,	3
697,	5
698,	5
699,	5
700,	4
701,	1
702,	3
703,	1
704,	3
705,	7
706,	2
707,	3
708,	2
709,	4
710,	0
711,	6
712,	4
713,	4
714,	4
715,	2
716,	1
717,	1
718,	5
719,	4
720,	2
721,	2
722,	0
723,	3
724,	5
725,	4
726,	4
727,	2
728,	6
729,	2
730,	4
731,	4
732,	0
733,	6
734,	3
735,	2
736,	1
737,	2
738,	1
739,	6
740,	5
741,	1
742,	3
743,	4
744,	7
745,	3
746,	2
747,	0
748,	4
749,	3
750,	7
751,	4
752,	4
753,	4
754,	1
755,	2
756,	5
757,	1
758,	2
759,	2
760,	4
761,	5
762,	3
763,	1
764,	2
765,	6
766,	4
767,	4
768,	3
769,	2
770,	1
771,	0
772,	3
773,	2
774,	4
775,	2
776,	3
777,	4
778,	3
779,	3
780,	5
781,	3
782,	8
783,	8
784,	1
785,	3
786,	2
787,	5
788,	3
789,	6
790,	4
791,	6
792,	5
793,	0
794,	6
795,	3
796,	1
797,	4
798,	2
799,	5
800,	3
801,	6
802,	1
803,	0
804,	7
805,	5
806,	2
807,	2
808,	4
809,	6
810,	4
811,	3
812,	2
813,	6
814,	2
815,	4
816,	4
817,	4
818,	2
819,	0
820,	2
821,	5
822,	1
823,	0
824,	5
825,	7
826,	3
827,	4
828,	4
829,	3
830,	3
831,	2
832,	4
833,	5
834,	1
835,	0
836,	6
837,	1
838,	6
839,	4
840,	2
841,	0
842,	4
843,	3
844,	5
845,	4
846,	0
847,	4
848,	2
849,	4
850,	3
851,	7
852,	3
853,	3
854,	6
855,	6
856,	3
857,	4
858,	0
859,	3
860,	3
861,	6
862,	2
863,	2
864,	4
865,	5
866,	0
867,	5
868,	6
869,	4
870,	4
871,	4
872,	5
873,	2
874,	5
875,	4
876,	3
877,	3
878,	1
879,	5
880,	6
881,	5
882,	4
883,	0
884,	5
885,	5
886,	4
887,	2
888,	3
889,	0
890,	3
891,	4
892,	4
893,	3
894,	1
895,	3
896,	6
897,	5
898,	0
899,	1
900,	2
901,	3
902,	3
903,	3
904,	4
905,	4
906,	6
907,	3
908,	4
909,	2
910,	5
911,	6
912,	0
913,	1
914,	5
915,	5
916,	3
917,	4
918,	3
919,	6
920,	8
921,	2
922,	2
923,	4
924,	5
925,	3
926,	5
927,	0
928,	8
929,	4
930,	4
931,	1
932,	4
933,	2
934,	3
935,	5
936,	4
937,	4
938,	9
939,	4
940,	4
941,	2
942,	3
943,	7
944,	5
945,	2
946,	3
947,	3
948,	5
949,	5
950,	5
951,	4
952,	6
953,	5
954,	3
955,	6
956,	3
957,	1
958,	8
959,	2
960,	5
961,	3
962,	5
963,	2
964,	5
965,	3
966,	3
967,	3
968,	0
969,	6
970,	5
971,	3
972,	3
973,	0
974,	3
975,	5
976,	0
977,	3
978,	3
979,	3
980,	7
981,	3
982,	5
983,	2
984,	0
985,	2
986,	7
987,	4
988,	4
989,	6
990,	4
991,	5
992,	0
993,	4
994,	7
995,	8
996,	9
997,	4
998,	5
999,	3
