Instance: /home/gabriel/Documents/ufrgs/courses/oc/trab/instances/cmb01
Vertices: 500
Colors: 12
NumIterations: 1
Alpha: 1.000000
Is Factible?: false
Conflicts: 38
Solution Value: 156123.109375
Vertex,	Color
0,	10
1,	1
2,	10
3,	3
4,	0
5,	4
6,	5
7,	7
8,	1
9,	1
10,	9
11,	0
12,	3
13,	6
14,	5
15,	5
16,	8
17,	1
18,	9
19,	8
20,	7
21,	6
22,	9
23,	3
24,	1
25,	0
26,	3
27,	8
28,	3
29,	0
30,	4
31,	5
32,	6
33,	0
34,	0
35,	2
36,	5
37,	3
38,	9
39,	2
40,	4
41,	7
42,	9
43,	4
44,	0
45,	0
46,	3
47,	7
48,	8
49,	7
50,	2
51,	6
52,	5
53,	6
54,	4
55,	3
56,	6
57,	5
58,	0
59,	1
60,	1
61,	2
62,	8
63,	6
64,	5
65,	6
66,	7
67,	1
68,	10
69,	2
70,	5
71,	1
72,	3
73,	10
74,	4
75,	9
76,	6
77,	1
78,	4
79,	2
80,	3
81,	2
82,	0
83,	0
84,	3
85,	0
86,	0
87,	6
88,	8
89,	10
90,	3
91,	1
92,	0
93,	0
94,	2
95,	3
96,	5
97,	5
98,	9
99,	8
100,	0
101,	0
102,	2
103,	1
104,	1
105,	1
106,	4
107,	5
108,	2
109,	0
110,	7
111,	5
112,	7
113,	8
114,	6
115,	11
116,	2
117,	4
118,	9
119,	7
120,	0
121,	0
122,	2
123,	8
124,	8
125,	7
126,	1
127,	4
128,	3
129,	1
130,	6
131,	1
132,	11
133,	6
134,	8
135,	6
136,	4
137,	4
138,	0
139,	2
140,	0
141,	10
142,	9
143,	1
144,	9
145,	1
146,	1
147,	7
148,	5
149,	10
150,	3
151,	5
152,	6
153,	9
154,	0
155,	2
156,	8
157,	5
158,	9
159,	6
160,	6
161,	4
162,	0
163,	3
164,	2
165,	4
166,	7
167,	6
168,	2
169,	3
170,	3
171,	3
172,	2
173,	8
174,	5
175,	0
176,	1
177,	0
178,	6
179,	9
180,	7
181,	5
182,	11
183,	6
184,	9
185,	7
186,	3
187,	0
188,	4
189,	7
190,	5
191,	5
192,	5
193,	1
194,	4
195,	6
196,	0
197,	2
198,	3
199,	3
200,	0
201,	2
202,	7
203,	2
204,	6
205,	3
206,	1
207,	1
208,	4
209,	2
210,	8
211,	4
212,	0
213,	2
214,	2
215,	8
216,	6
217,	8
218,	0
219,	4
220,	4
221,	1
222,	3
223,	4
224,	4
225,	5
226,	0
227,	1
228,	2
229,	9
230,	6
231,	5
232,	6
233,	3
234,	4
235,	0
236,	6
237,	0
238,	3
239,	5
240,	2
241,	2
242,	1
243,	6
244,	4
245,	3
246,	0
247,	5
248,	4
249,	4
250,	3
251,	3
252,	5
253,	7
254,	6
255,	4
256,	0
257,	4
258,	6
259,	6
260,	2
261,	2
262,	3
263,	7
264,	0
265,	4
266,	6
267,	8
268,	1
269,	7
270,	0
271,	1
272,	4
273,	3
274,	10
275,	0
276,	7
277,	5
278,	9
279,	0
280,	4
281,	1
282,	9
283,	5
284,	11
285,	0
286,	1
287,	5
288,	3
289,	9
290,	5
291,	3
292,	4
293,	8
294,	9
295,	3
296,	4
297,	0
298,	2
299,	0
300,	9
301,	1
302,	2
303,	0
304,	9
305,	4
306,	0
307,	6
308,	3
309,	2
310,	7
311,	9
312,	1
313,	2
314,	4
315,	7
316,	2
317,	2
318,	4
319,	1
320,	2
321,	8
322,	3
323,	4
324,	7
325,	7
326,	6
327,	3
328,	6
329,	5
330,	3
331,	1
332,	5
333,	0
334,	6
335,	7
336,	3
337,	0
338,	0
339,	1
340,	3
341,	6
342,	0
343,	8
344,	3
345,	0
346,	5
347,	3
348,	8
349,	1
350,	0
351,	2
352,	9
353,	3
354,	5
355,	2
356,	11
357,	5
358,	7
359,	5
360,	5
361,	7
362,	4
363,	0
364,	2
365,	2
366,	1
367,	0
368,	2
369,	3
370,	2
371,	5
372,	4
373,	1
374,	0
375,	0
376,	0
377,	0
378,	5
379,	3
380,	8
381,	1
382,	4
383,	3
384,	7
385,	6
386,	1
387,	5
388,	0
389,	7
390,	1
391,	1
392,	3
393,	2
394,	3
395,	1
396,	10
397,	9
398,	5
399,	8
400,	10
401,	5
402,	2
403,	3
404,	5
405,	1
406,	1
407,	3
408,	11
409,	1
410,	3
411,	3
412,	5
413,	3
414,	7
415,	11
416,	4
417,	2
418,	7
419,	0
420,	10
421,	4
422,	2
423,	6
424,	1
425,	1
426,	1
427,	4
428,	5
429,	7
430,	8
431,	3
432,	4
433,	3
434,	2
435,	4
436,	2
437,	4
438,	4
439,	1
440,	3
441,	3
442,	0
443,	2
444,	5
445,	0
446,	0
447,	4
448,	3
449,	5
450,	7
451,	0
452,	0
453,	1
454,	2
455,	4
456,	8
457,	5
458,	8
459,	0
460,	8
461,	4
462,	5
463,	5
464,	4
465,	1
466,	6
467,	7
468,	2
469,	5
470,	0
471,	7
472,	2
473,	2
474,	4
475,	8
476,	7
477,	2
478,	6
479,	4
480,	2
481,	2
482,	4
483,	5
484,	8
485,	2
486,	0
487,	1
488,	1
489,	6
490,	1
491,	9
492,	6
493,	5
494,	3
495,	2
496,	9
497,	1
498,	7
499,	9
