Instance: /home/gabriel/Documents/ufrgs/courses/oc/trab/instances/cmb01
Vertices: 500
Colors: 12
NumIterations: 100
Alpha: 0.050000
Is Factible?: false
Conflicts: 25
Solution Value: 162871.015625
Vertex,	Color
0,	2
1,	2
2,	0
3,	0
4,	1
5,	1
6,	2
7,	1
8,	1
9,	1
10,	0
11,	0
12,	1
13,	0
14,	1
15,	0
16,	0
17,	0
18,	0
19,	1
20,	1
21,	1
22,	0
23,	0
24,	2
25,	1
26,	2
27,	0
28,	0
29,	0
30,	0
31,	0
32,	0
33,	0
34,	2
35,	1
36,	1
37,	0
38,	0
39,	1
40,	0
41,	0
42,	1
43,	0
44,	0
45,	0
46,	1
47,	2
48,	3
49,	2
50,	0
51,	0
52,	0
53,	0
54,	2
55,	1
56,	2
57,	0
58,	0
59,	0
60,	2
61,	1
62,	0
63,	1
64,	1
65,	1
66,	0
67,	2
68,	0
69,	2
70,	0
71,	2
72,	1
73,	1
74,	1
75,	1
76,	4
77,	2
78,	0
79,	1
80,	3
81,	1
82,	3
83,	2
84,	0
85,	0
86,	3
87,	0
88,	5
89,	3
90,	2
91,	3
92,	1
93,	1
94,	1
95,	2
96,	3
97,	1
98,	3
99,	2
100,	5
101,	2
102,	2
103,	4
104,	2
105,	3
106,	3
107,	2
108,	1
109,	3
110,	3
111,	6
112,	0
113,	3
114,	2
115,	3
116,	1
117,	4
118,	0
119,	4
120,	3
121,	5
122,	2
123,	3
124,	2
125,	2
126,	3
127,	5
128,	1
129,	4
130,	0
131,	2
132,	5
133,	1
134,	4
135,	4
136,	2
137,	5
138,	6
139,	1
140,	1
141,	4
142,	5
143,	4
144,	4
145,	1
146,	4
147,	4
148,	7
149,	0
150,	4
151,	6
152,	0
153,	2
154,	2
155,	4
156,	2
157,	6
158,	3
159,	0
160,	4
161,	5
162,	8
163,	5
164,	6
165,	3
166,	2
167,	0
168,	3
169,	1
170,	5
171,	5
172,	2
173,	3
174,	3
175,	0
176,	3
177,	7
178,	5
179,	0
180,	7
181,	2
182,	6
183,	0
184,	5
185,	3
186,	4
187,	0
188,	3
189,	5
190,	4
191,	1
192,	1
193,	3
194,	4
195,	4
196,	2
197,	0
198,	6
199,	4
200,	0
201,	3
202,	6
203,	6
204,	7
205,	4
206,	4
207,	4
208,	1
209,	3
210,	3
211,	2
212,	9
213,	5
214,	3
215,	3
216,	0
217,	3
218,	6
219,	2
220,	4
221,	1
222,	3
223,	2
224,	3
225,	0
226,	6
227,	5
228,	1
229,	5
230,	4
231,	4
232,	4
233,	6
234,	1
235,	7
236,	4
237,	7
238,	3
239,	3
240,	1
241,	1
242,	6
243,	4
244,	3
245,	1
246,	5
247,	6
248,	6
249,	3
250,	2
251,	4
252,	6
253,	7
254,	8
255,	2
256,	5
257,	1
258,	4
259,	4
260,	3
261,	3
262,	7
263,	11
264,	5
265,	1
266,	4
267,	6
268,	7
269,	4
270,	9
271,	4
272,	7
273,	5
274,	8
275,	1
276,	7
277,	5
278,	5
279,	1
280,	2
281,	2
282,	6
283,	4
284,	7
285,	5
286,	2
287,	5
288,	4
289,	2
290,	3
291,	3
292,	6
293,	6
294,	10
295,	3
296,	6
297,	8
298,	3
299,	3
300,	5
301,	1
302,	6
303,	3
304,	2
305,	6
306,	2
307,	7
308,	3
309,	6
310,	5
311,	4
312,	3
313,	7
314,	6
315,	5
316,	8
317,	3
318,	3
319,	4
320,	7
321,	0
322,	9
323,	7
324,	7
325,	4
326,	2
327,	5
328,	8
329,	6
330,	0
331,	8
332,	5
333,	7
334,	8
335,	7
336,	7
337,	8
338,	4
339,	1
340,	5
341,	9
342,	6
343,	10
344,	2
345,	7
346,	8
347,	8
348,	7
349,	5
350,	2
351,	0
352,	10
353,	7
354,	4
355,	5
356,	10
357,	9
358,	5
359,	0
360,	7
361,	6
362,	6
363,	9
364,	8
365,	5
366,	3
367,	4
368,	8
369,	6
370,	7
371,	6
372,	4
373,	5
374,	4
375,	5
376,	9
377,	5
378,	5
379,	3
380,	9
381,	2
382,	3
383,	2
384,	5
385,	7
386,	8
387,	9
388,	11
389,	7
390,	8
391,	2
392,	5
393,	7
394,	8
395,	2
396,	9
397,	8
398,	4
399,	8
400,	6
401,	8
402,	1
403,	7
404,	5
405,	10
406,	2
407,	1
408,	0
409,	9
410,	8
411,	4
412,	7
413,	6
414,	5
415,	0
416,	2
417,	5
418,	11
419,	5
420,	2
421,	7
422,	6
423,	10
424,	8
425,	8
426,	10
427,	6
428,	0
429,	7
430,	9
431,	6
432,	0
433,	6
434,	6
435,	6
436,	5
437,	3
438,	2
439,	7
440,	0
441,	10
442,	0
443,	1
444,	4
445,	8
446,	11
447,	2
448,	6
449,	10
450,	6
451,	5
452,	6
453,	8
454,	4
455,	6
456,	8
457,	0
458,	6
459,	10
460,	11
461,	3
462,	10
463,	7
464,	4
465,	7
466,	10
467,	2
468,	7
469,	4
470,	8
471,	11
472,	8
473,	5
474,	9
475,	9
476,	10
477,	1
478,	8
479,	10
480,	9
481,	5
482,	9
483,	5
484,	8
485,	9
486,	10
487,	8
488,	7
489,	1
490,	6
491,	10
492,	11
493,	9
494,	7
495,	7
496,	10
497,	4
498,	6
499,	5
