Instance: /home/gabriel/Documents/ufrgs/courses/oc/trab/instances/cmb03
Vertices: 1000
Colors: 18
NumIterations: 1
Alpha: 1.000000
Is Factible?: false
Conflicts: 17
Solution Value: 230516.765625
Vertex,	Color
0,	0
1,	9
2,	1
3,	0
4,	9
5,	17
6,	4
7,	11
8,	11
9,	1
10,	9
11,	10
12,	6
13,	5
14,	5
15,	9
16,	8
17,	11
18,	8
19,	15
20,	5
21,	13
22,	2
23,	4
24,	13
25,	11
26,	0
27,	11
28,	2
29,	9
30,	2
31,	10
32,	9
33,	11
34,	4
35,	5
36,	0
37,	10
38,	4
39,	10
40,	12
41,	11
42,	9
43,	7
44,	10
45,	2
46,	2
47,	7
48,	4
49,	0
50,	9
51,	1
52,	8
53,	5
54,	5
55,	12
56,	1
57,	8
58,	7
59,	2
60,	10
61,	1
62,	10
63,	2
64,	8
65,	5
66,	4
67,	6
68,	7
69,	6
70,	16
71,	10
72,	7
73,	6
74,	0
75,	0
76,	9
77,	3
78,	7
79,	3
80,	3
81,	5
82,	11
83,	4
84,	6
85,	2
86,	2
87,	2
88,	1
89,	5
90,	11
91,	13
92,	3
93,	9
94,	3
95,	0
96,	4
97,	9
98,	0
99,	0
100,	3
101,	10
102,	6
103,	14
104,	12
105,	8
106,	2
107,	7
108,	14
109,	14
110,	10
111,	0
112,	3
113,	6
114,	6
115,	1
116,	3
117,	8
118,	5
119,	3
120,	6
121,	2
122,	12
123,	16
124,	4
125,	5
126,	0
127,	12
128,	6
129,	13
130,	2
131,	7
132,	6
133,	1
134,	0
135,	3
136,	0
137,	4
138,	3
139,	2
140,	2
141,	8
142,	12
143,	2
144,	5
145,	5
146,	17
147,	7
148,	2
149,	0
150,	8
151,	3
152,	5
153,	13
154,	13
155,	3
156,	12
157,	10
158,	8
159,	3
160,	1
161,	4
162,	2
163,	8
164,	12
165,	11
166,	10
167,	3
168,	6
169,	2
170,	13
171,	1
172,	4
173,	3
174,	3
175,	5
176,	2
177,	5
178,	10
179,	12
180,	9
181,	5
182,	13
183,	11
184,	2
185,	4
186,	8
187,	1
188,	11
189,	12
190,	12
191,	2
192,	10
193,	0
194,	11
195,	2
196,	12
197,	6
198,	4
199,	2
200,	12
201,	1
202,	6
203,	13
204,	3
205,	3
206,	5
207,	3
208,	0
209,	2
210,	7
211,	9
212,	12
213,	1
214,	7
215,	6
216,	2
217,	7
218,	10
219,	3
220,	7
221,	10
222,	11
223,	10
224,	8
225,	4
226,	7
227,	0
228,	10
229,	4
230,	6
231,	10
232,	2
233,	2
234,	10
235,	3
236,	0
237,	9
238,	7
239,	14
240,	9
241,	2
242,	8
243,	6
244,	6
245,	2
246,	4
247,	8
248,	3
249,	9
250,	5
251,	6
252,	11
253,	7
254,	11
255,	0
256,	1
257,	3
258,	4
259,	0
260,	7
261,	9
262,	0
263,	5
264,	1
265,	2
266,	5
267,	5
268,	9
269,	5
270,	7
271,	7
272,	7
273,	6
274,	9
275,	14
276,	9
277,	4
278,	10
279,	1
280,	3
281,	2
282,	2
283,	14
284,	12
285,	7
286,	3
287,	0
288,	10
289,	4
290,	4
291,	4
292,	6
293,	4
294,	0
295,	2
296,	13
297,	11
298,	0
299,	6
300,	7
301,	0
302,	0
303,	6
304,	10
305,	14
306,	4
307,	3
308,	1
309,	5
310,	9
311,	3
312,	13
313,	10
314,	1
315,	4
316,	1
317,	11
318,	5
319,	5
320,	15
321,	7
322,	12
323,	6
324,	4
325,	2
326,	2
327,	15
328,	4
329,	9
330,	9
331,	5
332,	1
333,	0
334,	2
335,	6
336,	0
337,	7
338,	4
339,	11
340,	9
341,	6
342,	4
343,	0
344,	3
345,	1
346,	2
347,	3
348,	10
349,	12
350,	11
351,	6
352,	2
353,	4
354,	5
355,	6
356,	7
357,	11
358,	14
359,	7
360,	4
361,	14
362,	4
363,	0
364,	5
365,	4
366,	2
367,	9
368,	11
369,	14
370,	0
371,	1
372,	8
373,	5
374,	16
375,	1
376,	0
377,	16
378,	11
379,	5
380,	11
381,	14
382,	7
383,	6
384,	4
385,	6
386,	10
387,	13
388,	15
389,	14
390,	5
391,	12
392,	5
393,	6
394,	3
395,	1
396,	14
397,	2
398,	4
399,	0
400,	3
401,	0
402,	5
403,	2
404,	2
405,	1
406,	1
407,	14
408,	17
409,	0
410,	1
411,	13
412,	5
413,	10
414,	3
415,	13
416,	4
417,	7
418,	0
419,	9
420,	13
421,	8
422,	11
423,	11
424,	2
425,	2
426,	9
427,	0
428,	1
429,	6
430,	11
431,	4
432,	0
433,	6
434,	4
435,	1
436,	12
437,	1
438,	2
439,	1
440,	8
441,	4
442,	0
443,	8
444,	2
445,	0
446,	1
447,	9
448,	5
449,	9
450,	14
451,	0
452,	7
453,	1
454,	9
455,	0
456,	2
457,	3
458,	13
459,	5
460,	13
461,	0
462,	9
463,	12
464,	0
465,	0
466,	2
467,	5
468,	11
469,	1
470,	10
471,	4
472,	7
473,	13
474,	1
475,	0
476,	4
477,	7
478,	12
479,	5
480,	7
481,	5
482,	10
483,	5
484,	4
485,	8
486,	1
487,	8
488,	0
489,	3
490,	1
491,	11
492,	3
493,	3
494,	1
495,	6
496,	3
497,	8
498,	6
499,	13
500,	4
501,	6
502,	2
503,	13
504,	5
505,	1
506,	12
507,	6
508,	9
509,	3
510,	8
511,	9
512,	8
513,	3
514,	4
515,	6
516,	10
517,	11
518,	1
519,	6
520,	7
521,	4
522,	6
523,	5
524,	3
525,	7
526,	1
527,	4
528,	9
529,	12
530,	8
531,	1
532,	7
533,	3
534,	0
535,	1
536,	8
537,	2
538,	4
539,	5
540,	8
541,	2
542,	0
543,	14
544,	5
545,	10
546,	10
547,	5
548,	2
549,	8
550,	3
551,	3
552,	15
553,	7
554,	5
555,	6
556,	9
557,	10
558,	5
559,	10
560,	8
561,	7
562,	6
563,	1
564,	15
565,	9
566,	3
567,	6
568,	1
569,	2
570,	1
571,	0
572,	10
573,	11
574,	1
575,	9
576,	1
577,	14
578,	7
579,	0
580,	0
581,	7
582,	4
583,	5
584,	13
585,	1
586,	4
587,	11
588,	15
589,	11
590,	1
591,	3
592,	4
593,	5
594,	7
595,	1
596,	11
597,	1
598,	12
599,	7
600,	3
601,	6
602,	11
603,	12
604,	10
605,	1
606,	2
607,	3
608,	7
609,	0
610,	2
611,	3
612,	7
613,	1
614,	7
615,	2
616,	3
617,	1
618,	10
619,	4
620,	9
621,	0
622,	17
623,	4
624,	2
625,	2
626,	2
627,	9
628,	12
629,	5
630,	1
631,	5
632,	0
633,	8
634,	1
635,	2
636,	1
637,	0
638,	0
639,	7
640,	2
641,	15
642,	11
643,	4
644,	13
645,	9
646,	6
647,	10
648,	6
649,	0
650,	5
651,	1
652,	14
653,	11
654,	14
655,	9
656,	6
657,	14
658,	15
659,	4
660,	2
661,	8
662,	0
663,	5
664,	0
665,	2
666,	8
667,	2
668,	13
669,	1
670,	0
671,	4
672,	12
673,	5
674,	6
675,	1
676,	17
677,	11
678,	4
679,	13
680,	1
681,	10
682,	0
683,	14
684,	8
685,	10
686,	8
687,	15
688,	1
689,	0
690,	1
691,	8
692,	6
693,	8
694,	4
695,	1
696,	2
697,	9
698,	12
699,	5
700,	1
701,	7
702,	6
703,	3
704,	8
705,	3
706,	1
707,	3
708,	8
709,	2
710,	8
711,	13
712,	9
713,	6
714,	6
715,	3
716,	11
717,	4
718,	10
719,	6
720,	1
721,	4
722,	12
723,	0
724,	2
725,	5
726,	13
727,	6
728,	1
729,	7
730,	3
731,	2
732,	8
733,	0
734,	1
735,	9
736,	1
737,	7
738,	3
739,	5
740,	5
741,	0
742,	5
743,	15
744,	13
745,	7
746,	0
747,	15
748,	6
749,	12
750,	4
751,	2
752,	6
753,	6
754,	1
755,	4
756,	5
757,	0
758,	0
759,	15
760,	6
761,	2
762,	2
763,	6
764,	14
765,	0
766,	11
767,	2
768,	1
769,	9
770,	5
771,	9
772,	3
773,	5
774,	1
775,	4
776,	11
777,	2
778,	3
779,	4
780,	3
781,	9
782,	10
783,	8
784,	8
785,	1
786,	0
787,	5
788,	5
789,	16
790,	4
791,	2
792,	10
793,	16
794,	3
795,	1
796,	8
797,	11
798,	8
799,	0
800,	3
801,	4
802,	0
803,	10
804,	10
805,	10
806,	10
807,	8
808,	3
809,	10
810,	9
811,	1
812,	10
813,	6
814,	2
815,	3
816,	3
817,	4
818,	3
819,	5
820,	5
821,	6
822,	3
823,	10
824,	9
825,	5
826,	12
827,	8
828,	0
829,	8
830,	10
831,	12
832,	2
833,	9
834,	3
835,	8
836,	13
837,	4
838,	7
839,	7
840,	8
841,	3
842,	2
843,	1
844,	9
845,	3
846,	6
847,	1
848,	3
849,	5
850,	2
851,	9
852,	2
853,	6
854,	3
855,	4
856,	12
857,	7
858,	8
859,	7
860,	10
861,	11
862,	5
863,	15
864,	2
865,	7
866,	11
867,	13
868,	7
869,	1
870,	4
871,	7
872,	11
873,	9
874,	1
875,	8
876,	6
877,	2
878,	13
879,	0
880,	8
881,	14
882,	2
883,	10
884,	8
885,	3
886,	16
887,	3
888,	9
889,	0
890,	6
891,	7
892,	11
893,	0
894,	0
895,	7
896,	2
897,	12
898,	15
899,	0
900,	7
901,	5
902,	4
903,	6
904,	8
905,	17
906,	14
907,	0
908,	2
909,	0
910,	12
911,	3
912,	4
913,	5
914,	3
915,	4
916,	7
917,	10
918,	0
919,	7
920,	9
921,	0
922,	8
923,	7
924,	4
925,	5
926,	8
927,	12
928,	7
929,	1
930,	10
931,	2
932,	6
933,	10
934,	8
935,	6
936,	10
937,	4
938,	9
939,	13
940,	7
941,	4
942,	6
943,	3
944,	17
945,	13
946,	10
947,	8
948,	8
949,	7
950,	5
951,	1
952,	12
953,	9
954,	8
955,	11
956,	7
957,	8
958,	9
959,	7
960,	13
961,	15
962,	16
963,	6
964,	12
965,	1
966,	4
967,	8
968,	7
969,	9
970,	11
971,	11
972,	14
973,	8
974,	7
975,	0
976,	5
977,	2
978,	3
979,	11
980,	3
981,	0
982,	3
983,	10
984,	6
985,	8
986,	12
987,	2
988,	12
989,	1
990,	5
991,	10
992,	3
993,	11
994,	6
995,	3
996,	0
997,	0
998,	8
999,	0
