Instance: /home/gabriel/Documents/ufrgs/courses/oc/trab/instances/cmb01
Vertices: 500
Colors: 12
NumIterations: 1
Alpha: 0.500000
Is Factible?: false
Conflicts: 20
Solution Value: 157306.609375
Vertex,	Color
0,	0
1,	1
2,	6
3,	3
4,	8
5,	5
6,	3
7,	3
8,	2
9,	0
10,	2
11,	1
12,	0
13,	3
14,	7
15,	0
16,	2
17,	4
18,	2
19,	1
20,	0
21,	3
22,	2
23,	1
24,	1
25,	3
26,	0
27,	5
28,	6
29,	0
30,	2
31,	2
32,	4
33,	1
34,	6
35,	0
36,	0
37,	2
38,	2
39,	9
40,	0
41,	4
42,	3
43,	4
44,	0
45,	1
46,	1
47,	2
48,	0
49,	3
50,	3
51,	10
52,	4
53,	1
54,	1
55,	4
56,	4
57,	3
58,	2
59,	2
60,	3
61,	4
62,	1
63,	3
64,	3
65,	6
66,	2
67,	3
68,	9
69,	5
70,	2
71,	0
72,	1
73,	1
74,	9
75,	0
76,	9
77,	5
78,	6
79,	7
80,	2
81,	1
82,	1
83,	1
84,	3
85,	1
86,	7
87,	4
88,	3
89,	4
90,	2
91,	4
92,	3
93,	4
94,	6
95,	1
96,	0
97,	1
98,	0
99,	4
100,	0
101,	2
102,	4
103,	10
104,	1
105,	1
106,	1
107,	4
108,	1
109,	5
110,	0
111,	3
112,	1
113,	5
114,	3
115,	0
116,	1
117,	1
118,	6
119,	0
120,	0
121,	4
122,	8
123,	0
124,	2
125,	1
126,	0
127,	2
128,	0
129,	5
130,	1
131,	2
132,	2
133,	2
134,	9
135,	1
136,	6
137,	3
138,	5
139,	2
140,	0
141,	8
142,	6
143,	4
144,	4
145,	6
146,	2
147,	3
148,	4
149,	7
150,	7
151,	7
152,	3
153,	2
154,	3
155,	4
156,	2
157,	7
158,	0
159,	0
160,	3
161,	3
162,	11
163,	2
164,	7
165,	2
166,	0
167,	0
168,	0
169,	0
170,	6
171,	0
172,	4
173,	6
174,	2
175,	4
176,	4
177,	8
178,	1
179,	3
180,	3
181,	2
182,	7
183,	4
184,	5
185,	2
186,	5
187,	0
188,	0
189,	4
190,	1
191,	4
192,	4
193,	5
194,	0
195,	1
196,	0
197,	3
198,	0
199,	1
200,	0
201,	4
202,	1
203,	5
204,	2
205,	1
206,	3
207,	4
208,	0
209,	1
210,	0
211,	3
212,	0
213,	5
214,	0
215,	3
216,	2
217,	2
218,	0
219,	3
220,	5
221,	1
222,	0
223,	3
224,	2
225,	0
226,	6
227,	5
228,	4
229,	5
230,	2
231,	1
232,	2
233,	2
234,	0
235,	6
236,	6
237,	5
238,	1
239,	1
240,	1
241,	0
242,	3
243,	1
244,	0
245,	2
246,	4
247,	4
248,	1
249,	3
250,	1
251,	3
252,	2
253,	0
254,	5
255,	1
256,	3
257,	2
258,	6
259,	8
260,	5
261,	1
262,	6
263,	7
264,	5
265,	3
266,	0
267,	5
268,	7
269,	2
270,	3
271,	0
272,	1
273,	2
274,	6
275,	1
276,	7
277,	4
278,	1
279,	0
280,	1
281,	4
282,	5
283,	4
284,	7
285,	3
286,	9
287,	8
288,	3
289,	2
290,	6
291,	1
292,	3
293,	2
294,	8
295,	2
296,	6
297,	8
298,	4
299,	2
300,	5
301,	2
302,	2
303,	0
304,	2
305,	2
306,	2
307,	4
308,	1
309,	7
310,	7
311,	6
312,	3
313,	7
314,	8
315,	5
316,	5
317,	4
318,	3
319,	2
320,	5
321,	8
322,	5
323,	4
324,	4
325,	3
326,	5
327,	5
328,	6
329,	4
330,	1
331,	7
332,	5
333,	8
334,	8
335,	0
336,	6
337,	6
338,	7
339,	5
340,	6
341,	6
342,	4
343,	9
344,	0
345,	4
346,	7
347,	8
348,	6
349,	1
350,	3
351,	0
352,	8
353,	4
354,	5
355,	7
356,	7
357,	7
358,	5
359,	0
360,	6
361,	6
362,	6
363,	8
364,	6
365,	5
366,	3
367,	0
368,	6
369,	5
370,	5
371,	5
372,	1
373,	5
374,	2
375,	5
376,	7
377,	3
378,	5
379,	3
380,	4
381,	3
382,	3
383,	1
384,	5
385,	6
386,	9
387,	7
388,	0
389,	8
390,	4
391,	0
392,	4
393,	10
394,	7
395,	4
396,	9
397,	6
398,	0
399,	8
400,	3
401,	6
402,	0
403,	5
404,	3
405,	0
406,	7
407,	0
408,	0
409,	10
410,	6
411,	2
412,	9
413,	6
414,	10
415,	10
416,	9
417,	5
418,	11
419,	6
420,	8
421,	8
422,	6
423,	8
424,	7
425,	7
426,	9
427,	7
428,	0
429,	8
430,	9
431,	6
432,	0
433,	5
434,	6
435,	9
436,	5
437,	4
438,	4
439,	7
440,	11
441,	8
442,	3
443,	9
444,	2
445,	10
446,	10
447,	6
448,	4
449,	8
450,	9
451,	1
452,	7
453,	10
454,	4
455,	6
456,	8
457,	10
458,	6
459,	0
460,	9
461,	4
462,	4
463,	4
464,	8
465,	9
466,	8
467,	8
468,	9
469,	5
470,	7
471,	9
472,	7
473,	2
474,	7
475,	10
476,	8
477,	2
478,	8
479,	11
480,	10
481,	5
482,	10
483,	6
484,	9
485,	9
486,	8
487,	9
488,	7
489,	4
490,	5
491,	9
492,	10
493,	10
494,	6
495,	9
496,	8
497,	9
498,	5
499,	10
