Instance: /home/gabriel/Documents/ufrgs/courses/oc/trab/instances/cmb01
Vertices: 500
Colors: 12
NumIterations: 100
Alpha: 0.950000
Is Factible?: false
Conflicts: 6
Solution Value: 164888.484375
Vertex,	Color
0,	1
1,	1
2,	2
3,	0
4,	0
5,	1
6,	1
7,	0
8,	0
9,	0
10,	1
11,	0
12,	2
13,	0
14,	0
15,	0
16,	4
17,	0
18,	6
19,	1
20,	8
21,	0
22,	0
23,	2
24,	0
25,	1
26,	2
27,	0
28,	0
29,	0
30,	0
31,	0
32,	1
33,	0
34,	2
35,	2
36,	0
37,	0
38,	1
39,	1
40,	0
41,	1
42,	1
43,	10
44,	1
45,	1
46,	2
47,	0
48,	0
49,	1
50,	0
51,	0
52,	2
53,	1
54,	1
55,	0
56,	1
57,	1
58,	4
59,	0
60,	0
61,	0
62,	0
63,	1
64,	1
65,	1
66,	0
67,	1
68,	2
69,	2
70,	2
71,	2
72,	0
73,	2
74,	1
75,	0
76,	1
77,	2
78,	0
79,	11
80,	2
81,	1
82,	1
83,	1
84,	1
85,	0
86,	3
87,	1
88,	0
89,	3
90,	3
91,	2
92,	1
93,	1
94,	5
95,	2
96,	2
97,	2
98,	1
99,	3
100,	4
101,	5
102,	0
103,	4
104,	0
105,	3
106,	3
107,	2
108,	1
109,	1
110,	2
111,	5
112,	0
113,	2
114,	2
115,	3
116,	1
117,	3
118,	0
119,	3
120,	4
121,	4
122,	3
123,	2
124,	2
125,	2
126,	3
127,	4
128,	0
129,	4
130,	1
131,	2
132,	6
133,	1
134,	4
135,	4
136,	2
137,	6
138,	8
139,	1
140,	1
141,	4
142,	3
143,	5
144,	3
145,	1
146,	3
147,	4
148,	7
149,	0
150,	3
151,	5
152,	1
153,	3
154,	2
155,	3
156,	2
157,	5
158,	4
159,	2
160,	3
161,	4
162,	7
163,	6
164,	5
165,	6
166,	2
167,	0
168,	3
169,	1
170,	4
171,	4
172,	2
173,	4
174,	3
175,	1
176,	2
177,	9
178,	5
179,	8
180,	7
181,	2
182,	5
183,	4
184,	3
185,	4
186,	3
187,	0
188,	2
189,	5
190,	3
191,	2
192,	3
193,	0
194,	5
195,	3
196,	3
197,	1
198,	5
199,	4
200,	1
201,	4
202,	5
203,	5
204,	5
205,	4
206,	3
207,	5
208,	1
209,	3
210,	3
211,	0
212,	10
213,	5
214,	3
215,	4
216,	3
217,	3
218,	4
219,	10
220,	4
221,	1
222,	3
223,	4
224,	3
225,	0
226,	5
227,	8
228,	1
229,	4
230,	3
231,	5
232,	3
233,	6
234,	3
235,	7
236,	6
237,	4
238,	3
239,	4
240,	0
241,	1
242,	6
243,	3
244,	6
245,	1
246,	2
247,	5
248,	6
249,	4
250,	2
251,	2
252,	4
253,	2
254,	8
255,	6
256,	5
257,	4
258,	3
259,	3
260,	6
261,	4
262,	7
263,	11
264,	5
265,	0
266,	6
267,	7
268,	6
269,	4
270,	6
271,	4
272,	6
273,	5
274,	7
275,	2
276,	7
277,	0
278,	4
279,	1
280,	0
281,	1
282,	5
283,	4
284,	8
285,	5
286,	2
287,	5
288,	6
289,	5
290,	6
291,	1
292,	5
293,	7
294,	9
295,	4
296,	6
297,	9
298,	4
299,	3
300,	4
301,	1
302,	6
303,	3
304,	1
305,	3
306,	3
307,	7
308,	2
309,	7
310,	7
311,	4
312,	2
313,	7
314,	6
315,	4
316,	7
317,	4
318,	4
319,	2
320,	4
321,	5
322,	8
323,	6
324,	7
325,	6
326,	5
327,	2
328,	6
329,	6
330,	0
331,	8
332,	5
333,	6
334,	8
335,	0
336,	7
337,	7
338,	8
339,	2
340,	5
341,	10
342,	6
343,	8
344,	1
345,	7
346,	2
347,	9
348,	7
349,	0
350,	2
351,	4
352,	8
353,	8
354,	5
355,	6
356,	9
357,	8
358,	6
359,	3
360,	8
361,	7
362,	5
363,	0
364,	7
365,	9
366,	7
367,	3
368,	6
369,	6
370,	7
371,	6
372,	5
373,	5
374,	3
375,	5
376,	7
377,	8
378,	6
379,	4
380,	1
381,	2
382,	2
383,	4
384,	5
385,	4
386,	9
387,	9
388,	2
389,	6
390,	7
391,	2
392,	2
393,	7
394,	10
395,	2
396,	9
397,	8
398,	3
399,	9
400,	6
401,	5
402,	1
403,	7
404,	5
405,	10
406,	2
407,	5
408,	0
409,	8
410,	8
411,	3
412,	7
413,	7
414,	10
415,	11
416,	10
417,	7
418,	8
419,	5
420,	9
421,	4
422,	6
423,	10
424,	8
425,	7
426,	10
427,	7
428,	6
429,	3
430,	9
431,	6
432,	1
433,	6
434,	5
435,	5
436,	5
437,	2
438,	7
439,	9
440,	5
441,	7
442,	0
443,	2
444,	3
445,	7
446,	11
447,	2
448,	6
449,	9
450,	11
451,	10
452,	7
453,	9
454,	3
455,	6
456,	8
457,	0
458,	0
459,	0
460,	10
461,	5
462,	9
463,	8
464,	8
465,	7
466,	4
467,	1
468,	9
469,	3
470,	3
471,	10
472,	6
473,	4
474,	6
475,	11
476,	8
477,	2
478,	7
479,	11
480,	9
481,	4
482,	10
483,	5
484,	9
485,	7
486,	8
487,	8
488,	3
489,	3
490,	5
491,	8
492,	11
493,	4
494,	7
495,	7
496,	9
497,	9
498,	0
499,	5
