Instance: /home/gabriel/Documents/ufrgs/courses/oc/trab/instances/cmb01
Vertices: 500
Colors: 12
NumIterations: 1
Alpha: 1.000000
Is Factible?: false
Conflicts: 3
Solution Value: 159505.093750
Vertex,	Color
0,	9
1,	7
2,	8
3,	5
4,	5
5,	6
6,	7
7,	8
8,	5
9,	3
10,	2
11,	0
12,	7
13,	6
14,	5
15,	0
16,	9
17,	4
18,	9
19,	9
20,	8
21,	7
22,	0
23,	10
24,	3
25,	1
26,	5
27,	5
28,	9
29,	6
30,	4
31,	7
32,	4
33,	4
34,	1
35,	10
36,	6
37,	0
38,	7
39,	11
40,	4
41,	3
42,	7
43,	2
44,	2
45,	3
46,	3
47,	5
48,	6
49,	10
50,	10
51,	7
52,	1
53,	0
54,	7
55,	6
56,	6
57,	4
58,	2
59,	2
60,	7
61,	6
62,	0
63,	3
64,	1
65,	6
66,	5
67,	7
68,	2
69,	5
70,	5
71,	2
72,	7
73,	2
74,	0
75,	5
76,	1
77,	10
78,	3
79,	8
80,	9
81,	4
82,	1
83,	1
84,	7
85,	5
86,	0
87,	3
88,	6
89,	4
90,	3
91,	3
92,	9
93,	5
94,	3
95,	8
96,	5
97,	3
98,	5
99,	6
100,	7
101,	2
102,	3
103,	8
104,	0
105,	4
106,	1
107,	1
108,	1
109,	1
110,	3
111,	3
112,	3
113,	5
114,	3
115,	7
116,	1
117,	1
118,	9
119,	3
120,	1
121,	1
122,	0
123,	8
124,	1
125,	4
126,	4
127,	4
128,	3
129,	8
130,	1
131,	0
132,	7
133,	6
134,	8
135,	2
136,	3
137,	9
138,	11
139,	1
140,	4
141,	7
142,	5
143,	2
144,	10
145,	7
146,	1
147,	8
148,	4
149,	5
150,	5
151,	9
152,	9
153,	0
154,	0
155,	0
156,	6
157,	2
158,	2
159,	1
160,	0
161,	8
162,	7
163,	3
164,	0
165,	6
166,	1
167,	6
168,	3
169,	4
170,	8
171,	2
172,	1
173,	2
174,	4
175,	3
176,	4
177,	4
178,	1
179,	3
180,	9
181,	4
182,	6
183,	2
184,	7
185,	5
186,	1
187,	0
188,	4
189,	1
190,	6
191,	5
192,	3
193,	2
194,	5
195,	6
196,	5
197,	0
198,	2
199,	2
200,	5
201,	0
202,	10
203,	3
204,	0
205,	2
206,	8
207,	3
208,	6
209,	2
210,	8
211,	1
212,	0
213,	1
214,	4
215,	5
216,	2
217,	8
218,	0
219,	9
220,	5
221,	3
222,	3
223,	2
224,	0
225,	2
226,	7
227,	3
228,	8
229,	0
230,	1
231,	6
232,	1
233,	2
234,	6
235,	11
236,	8
237,	2
238,	2
239,	5
240,	3
241,	7
242,	7
243,	1
244,	4
245,	0
246,	1
247,	5
248,	0
249,	4
250,	0
251,	2
252,	6
253,	3
254,	10
255,	11
256,	5
257,	3
258,	0
259,	8
260,	3
261,	1
262,	0
263,	2
264,	9
265,	2
266,	0
267,	7
268,	4
269,	7
270,	2
271,	8
272,	0
273,	8
274,	10
275,	0
276,	5
277,	4
278,	2
279,	2
280,	3
281,	7
282,	3
283,	5
284,	6
285,	2
286,	11
287,	7
288,	0
289,	6
290,	6
291,	0
292,	9
293,	7
294,	4
295,	0
296,	4
297,	0
298,	0
299,	1
300,	2
301,	1
302,	2
303,	0
304,	10
305,	5
306,	5
307,	4
308,	0
309,	1
310,	4
311,	5
312,	2
313,	6
314,	5
315,	2
316,	3
317,	5
318,	5
319,	6
320,	6
321,	0
322,	9
323,	8
324,	3
325,	1
326,	3
327,	5
328,	1
329,	9
330,	0
331,	3
332,	2
333,	1
334,	4
335,	1
336,	1
337,	9
338,	8
339,	4
340,	1
341,	8
342,	5
343,	11
344,	1
345,	3
346,	4
347,	0
348,	7
349,	5
350,	1
351,	3
352,	8
353,	9
354,	1
355,	6
356,	3
357,	10
358,	3
359,	0
360,	7
361,	3
362,	6
363,	4
364,	4
365,	0
366,	6
367,	7
368,	6
369,	2
370,	0
371,	1
372,	6
373,	9
374,	5
375,	8
376,	10
377,	7
378,	2
379,	2
380,	0
381,	0
382,	4
383,	2
384,	7
385,	1
386,	11
387,	4
388,	0
389,	4
390,	9
391,	2
392,	0
393,	6
394,	8
395,	2
396,	9
397,	1
398,	1
399,	5
400,	6
401,	3
402,	5
403,	3
404,	1
405,	2
406,	1
407,	6
408,	5
409,	1
410,	6
411,	0
412,	4
413,	3
414,	0
415,	6
416,	0
417,	5
418,	8
419,	4
420,	2
421,	3
422,	2
423,	7
424,	1
425,	4
426,	7
427,	8
428,	1
429,	1
430,	2
431,	1
432,	1
433,	7
434,	2
435,	0
436,	4
437,	1
438,	6
439,	2
440,	2
441,	0
442,	3
443,	7
444,	1
445,	10
446,	8
447,	0
448,	3
449,	1
450,	10
451,	7
452,	2
453,	4
454,	3
455,	1
456,	5
457,	6
458,	7
459,	10
460,	2
461,	0
462,	10
463,	4
464,	0
465,	4
466,	2
467,	5
468,	4
469,	2
470,	6
471,	9
472,	4
473,	1
474,	3
475,	9
476,	1
477,	1
478,	4
479,	4
480,	8
481,	3
482,	7
483,	4
484,	8
485,	3
486,	0
487,	0
488,	5
489,	0
490,	3
491,	7
492,	4
493,	10
494,	10
495,	4
496,	11
497,	0
498,	2
499,	3
