Instance: /home/gabriel/Documents/ufrgs/courses/oc/trab/instances/cmb03
Vertices: 1000
Colors: 18
NumIterations: 10
Alpha: 0.500000
Is Factible?: false
Conflicts: 20
Solution Value: 233059.171875
Vertex,	Color
0,	4
1,	5
2,	3
3,	5
4,	2
5,	1
6,	2
7,	0
8,	9
9,	7
10,	9
11,	4
12,	5
13,	1
14,	5
15,	2
16,	10
17,	2
18,	6
19,	1
20,	1
21,	2
22,	3
23,	2
24,	5
25,	3
26,	3
27,	11
28,	2
29,	0
30,	6
31,	4
32,	9
33,	11
34,	4
35,	6
36,	2
37,	6
38,	7
39,	3
40,	6
41,	1
42,	4
43,	2
44,	2
45,	5
46,	0
47,	14
48,	0
49,	1
50,	2
51,	3
52,	8
53,	7
54,	12
55,	3
56,	4
57,	2
58,	13
59,	3
60,	8
61,	15
62,	5
63,	1
64,	2
65,	6
66,	3
67,	7
68,	2
69,	11
70,	12
71,	1
72,	4
73,	13
74,	0
75,	9
76,	0
77,	1
78,	1
79,	2
80,	5
81,	0
82,	10
83,	4
84,	1
85,	3
86,	6
87,	5
88,	7
89,	12
90,	13
91,	2
92,	7
93,	9
94,	5
95,	2
96,	0
97,	4
98,	2
99,	1
100,	12
101,	0
102,	4
103,	5
104,	4
105,	3
106,	1
107,	8
108,	5
109,	1
110,	10
111,	2
112,	9
113,	4
114,	11
115,	2
116,	6
117,	0
118,	3
119,	1
120,	1
121,	3
122,	2
123,	4
124,	7
125,	3
126,	2
127,	0
128,	11
129,	1
130,	7
131,	0
132,	0
133,	0
134,	8
135,	4
136,	3
137,	1
138,	4
139,	0
140,	3
141,	2
142,	1
143,	5
144,	9
145,	0
146,	6
147,	2
148,	13
149,	3
150,	4
151,	2
152,	0
153,	3
154,	0
155,	2
156,	2
157,	0
158,	12
159,	0
160,	1
161,	2
162,	5
163,	0
164,	10
165,	4
166,	9
167,	1
168,	1
169,	2
170,	4
171,	1
172,	0
173,	1
174,	1
175,	3
176,	2
177,	7
178,	6
179,	3
180,	8
181,	5
182,	0
183,	5
184,	0
185,	8
186,	3
187,	5
188,	0
189,	5
190,	3
191,	9
192,	3
193,	1
194,	0
195,	3
196,	6
197,	2
198,	0
199,	0
200,	0
201,	0
202,	4
203,	2
204,	0
205,	6
206,	6
207,	4
208,	0
209,	3
210,	2
211,	7
212,	6
213,	2
214,	12
215,	3
216,	4
217,	2
218,	3
219,	7
220,	1
221,	5
222,	1
223,	6
224,	3
225,	1
226,	4
227,	2
228,	6
229,	5
230,	4
231,	10
232,	9
233,	0
234,	6
235,	3
236,	7
237,	3
238,	3
239,	9
240,	5
241,	1
242,	3
243,	3
244,	0
245,	12
246,	0
247,	11
248,	0
249,	1
250,	1
251,	6
252,	4
253,	5
254,	0
255,	0
256,	0
257,	0
258,	2
259,	6
260,	6
261,	7
262,	3
263,	3
264,	0
265,	3
266,	1
267,	12
268,	5
269,	1
270,	5
271,	8
272,	4
273,	5
274,	4
275,	6
276,	5
277,	0
278,	6
279,	0
280,	9
281,	4
282,	4
283,	5
284,	0
285,	6
286,	1
287,	2
288,	4
289,	0
290,	1
291,	0
292,	2
293,	4
294,	15
295,	1
296,	0
297,	6
298,	3
299,	4
300,	3
301,	4
302,	3
303,	1
304,	1
305,	3
306,	6
307,	7
308,	0
309,	0
310,	9
311,	0
312,	5
313,	3
314,	4
315,	3
316,	9
317,	13
318,	16
319,	0
320,	7
321,	0
322,	5
323,	6
324,	0
325,	0
326,	1
327,	12
328,	8
329,	4
330,	10
331,	0
332,	1
333,	4
334,	4
335,	5
336,	10
337,	6
338,	7
339,	7
340,	0
341,	4
342,	3
343,	6
344,	0
345,	5
346,	3
347,	9
348,	3
349,	2
350,	0
351,	1
352,	6
353,	8
354,	6
355,	4
356,	6
357,	1
358,	0
359,	2
360,	2
361,	0
362,	1
363,	5
364,	3
365,	8
366,	7
367,	6
368,	0
369,	1
370,	1
371,	4
372,	10
373,	11
374,	4
375,	3
376,	0
377,	12
378,	4
379,	1
380,	4
381,	6
382,	2
383,	3
384,	1
385,	1
386,	8
387,	6
388,	1
389,	1
390,	10
391,	2
392,	0
393,	0
394,	2
395,	8
396,	2
397,	3
398,	1
399,	1
400,	0
401,	7
402,	0
403,	8
404,	7
405,	3
406,	1
407,	7
408,	5
409,	5
410,	8
411,	10
412,	3
413,	0
414,	2
415,	8
416,	10
417,	7
418,	7
419,	1
420,	1
421,	0
422,	6
423,	3
424,	0
425,	2
426,	3
427,	7
428,	0
429,	10
430,	2
431,	0
432,	8
433,	2
434,	6
435,	1
436,	7
437,	0
438,	3
439,	2
440,	5
441,	13
442,	5
443,	6
444,	11
445,	2
446,	6
447,	4
448,	0
449,	6
450,	4
451,	1
452,	1
453,	7
454,	9
455,	1
456,	3
457,	3
458,	1
459,	2
460,	2
461,	10
462,	8
463,	7
464,	8
465,	0
466,	2
467,	5
468,	5
469,	5
470,	8
471,	2
472,	9
473,	4
474,	11
475,	4
476,	5
477,	9
478,	17
479,	2
480,	1
481,	1
482,	4
483,	10
484,	3
485,	0
486,	1
487,	0
488,	0
489,	7
490,	4
491,	1
492,	1
493,	6
494,	3
495,	10
496,	1
497,	1
498,	5
499,	0
500,	9
501,	2
502,	10
503,	3
504,	9
505,	6
506,	5
507,	5
508,	8
509,	1
510,	8
511,	3
512,	7
513,	2
514,	2
515,	1
516,	10
517,	2
518,	3
519,	3
520,	9
521,	4
522,	1
523,	12
524,	1
525,	6
526,	1
527,	9
528,	7
529,	14
530,	4
531,	13
532,	2
533,	2
534,	1
535,	5
536,	8
537,	2
538,	1
539,	0
540,	4
541,	2
542,	8
543,	7
544,	7
545,	3
546,	3
547,	9
548,	8
549,	1
550,	5
551,	7
552,	4
553,	7
554,	7
555,	9
556,	0
557,	10
558,	8
559,	6
560,	9
561,	10
562,	5
563,	6
564,	8
565,	5
566,	6
567,	12
568,	14
569,	3
570,	2
571,	11
572,	8
573,	6
574,	1
575,	4
576,	11
577,	4
578,	6
579,	2
580,	2
581,	3
582,	4
583,	12
584,	8
585,	0
586,	9
587,	4
588,	10
589,	4
590,	8
591,	12
592,	0
593,	6
594,	4
595,	2
596,	6
597,	5
598,	5
599,	1
600,	4
601,	3
602,	3
603,	7
604,	5
605,	6
606,	1
607,	2
608,	6
609,	6
610,	1
611,	3
612,	5
613,	12
614,	6
615,	13
616,	2
617,	5
618,	4
619,	4
620,	10
621,	5
622,	1
623,	1
624,	4
625,	11
626,	7
627,	13
628,	13
629,	11
630,	4
631,	6
632,	9
633,	3
634,	2
635,	7
636,	4
637,	10
638,	7
639,	5
640,	6
641,	5
642,	6
643,	10
644,	13
645,	4
646,	5
647,	9
648,	4
649,	10
650,	5
651,	4
652,	14
653,	8
654,	10
655,	6
656,	8
657,	14
658,	8
659,	8
660,	9
661,	5
662,	13
663,	12
664,	8
665,	1
666,	0
667,	8
668,	16
669,	7
670,	13
671,	3
672,	4
673,	17
674,	8
675,	4
676,	12
677,	13
678,	1
679,	8
680,	9
681,	8
682,	0
683,	11
684,	7
685,	14
686,	8
687,	9
688,	7
689,	15
690,	7
691,	4
692,	5
693,	9
694,	3
695,	15
696,	8
697,	7
698,	5
699,	5
700,	11
701,	9
702,	6
703,	8
704,	13
705,	6
706,	10
707,	9
708,	8
709,	8
710,	9
711,	9
712,	16
713,	4
714,	2
715,	6
716,	8
717,	3
718,	10
719,	1
720,	2
721,	9
722,	7
723,	11
724,	1
725,	10
726,	10
727,	2
728,	10
729,	7
730,	7
731,	10
732,	10
733,	11
734,	16
735,	12
736,	8
737,	9
738,	7
739,	6
740,	7
741,	6
742,	12
743,	8
744,	11
745,	7
746,	9
747,	14
748,	13
749,	8
750,	12
751,	5
752,	9
753,	11
754,	11
755,	3
756,	8
757,	5
758,	10
759,	10
760,	6
761,	11
762,	7
763,	7
764,	5
765,	10
766,	10
767,	15
768,	6
769,	6
770,	2
771,	10
772,	5
773,	10
774,	3
775,	7
776,	12
777,	9
778,	10
779,	2
780,	12
781,	6
782,	14
783,	6
784,	5
785,	11
786,	15
787,	9
788,	14
789,	7
790,	6
791,	10
792,	7
793,	11
794,	6
795,	10
796,	12
797,	14
798,	15
799,	13
800,	10
801,	9
802,	12
803,	15
804,	11
805,	9
806,	11
807,	8
808,	6
809,	9
810,	11
811,	6
812,	7
813,	4
814,	8
815,	15
816,	8
817,	4
818,	11
819,	13
820,	5
821,	10
822,	10
823,	5
824,	7
825,	10
826,	7
827,	11
828,	2
829,	13
830,	15
831,	17
832,	9
833,	14
834,	2
835,	13
836,	9
837,	14
838,	8
839,	8
840,	5
841,	9
842,	10
843,	7
844,	12
845,	1
846,	10
847,	4
848,	11
849,	12
850,	3
851,	15
852,	11
853,	4
854,	9
855,	8
856,	14
857,	12
858,	11
859,	9
860,	9
861,	9
862,	0
863,	16
864,	4
865,	11
866,	12
867,	11
868,	8
869,	11
870,	6
871,	13
872,	11
873,	6
874,	7
875,	3
876,	10
877,	12
878,	11
879,	10
880,	12
881,	12
882,	3
883,	13
884,	4
885,	11
886,	14
887,	7
888,	4
889,	15
890,	5
891,	8
892,	12
893,	7
894,	7
895,	6
896,	0
897,	12
898,	14
899,	11
900,	11
901,	15
902,	8
903,	11
904,	12
905,	13
906,	11
907,	15
908,	11
909,	12
910,	12
911,	5
912,	12
913,	11
914,	9
915,	8
916,	3
917,	12
918,	5
919,	7
920,	14
921,	11
922,	10
923,	13
924,	7
925,	14
926,	6
927,	13
928,	6
929,	3
930,	13
931,	2
932,	4
933,	9
934,	11
935,	9
936,	8
937,	9
938,	13
939,	15
940,	15
941,	13
942,	13
943,	17
944,	16
945,	12
946,	11
947,	11
948,	16
949,	11
950,	16
951,	12
952,	10
953,	9
954,	16
955,	13
956,	12
957,	15
958,	12
959,	13
960,	0
961,	17
962,	0
963,	1
964,	9
965,	8
966,	6
967,	9
968,	12
969,	8
970,	10
971,	0
972,	13
973,	8
974,	11
975,	10
976,	7
977,	13
978,	0
979,	14
980,	9
981,	14
982,	17
983,	16
984,	8
985,	13
986,	8
987,	6
988,	16
989,	12
990,	14
991,	0
992,	17
993,	11
994,	7
995,	17
996,	0
997,	9
998,	0
999,	11
