Instance: /home/gabriel/Documents/ufrgs/courses/oc/trab/instances/cmb03
Vertices: 1000
Colors: 18
NumIterations: 1
Alpha: 1.000000
Is Factible?: false
Conflicts: 14
Solution Value: 225986.093750
Vertex,	Color
0,	3
1,	11
2,	5
3,	3
4,	10
5,	14
6,	0
7,	3
8,	8
9,	1
10,	10
11,	4
12,	8
13,	3
14,	4
15,	1
16,	2
17,	8
18,	7
19,	12
20,	7
21,	4
22,	4
23,	0
24,	2
25,	12
26,	1
27,	6
28,	8
29,	0
30,	4
31,	8
32,	6
33,	6
34,	7
35,	0
36,	3
37,	13
38,	11
39,	6
40,	8
41,	3
42,	7
43,	2
44,	9
45,	0
46,	11
47,	4
48,	0
49,	3
50,	10
51,	2
52,	5
53,	11
54,	3
55,	6
56,	6
57,	7
58,	17
59,	4
60,	5
61,	2
62,	10
63,	14
64,	3
65,	14
66,	0
67,	0
68,	3
69,	9
70,	13
71,	2
72,	3
73,	9
74,	3
75,	5
76,	0
77,	9
78,	3
79,	6
80,	12
81,	0
82,	7
83,	5
84,	4
85,	3
86,	10
87,	4
88,	12
89,	4
90,	2
91,	14
92,	4
93,	2
94,	8
95,	3
96,	16
97,	8
98,	10
99,	4
100,	3
101,	6
102,	14
103,	12
104,	8
105,	0
106,	0
107,	8
108,	10
109,	7
110,	10
111,	3
112,	4
113,	0
114,	0
115,	10
116,	8
117,	5
118,	6
119,	8
120,	0
121,	5
122,	7
123,	6
124,	0
125,	0
126,	3
127,	10
128,	1
129,	5
130,	11
131,	1
132,	7
133,	5
134,	7
135,	3
136,	5
137,	4
138,	4
139,	4
140,	10
141,	5
142,	5
143,	13
144,	9
145,	0
146,	0
147,	1
148,	1
149,	1
150,	6
151,	12
152,	7
153,	5
154,	10
155,	1
156,	0
157,	10
158,	3
159,	2
160,	6
161,	7
162,	13
163,	3
164,	12
165,	3
166,	2
167,	5
168,	0
169,	11
170,	7
171,	4
172,	8
173,	5
174,	6
175,	7
176,	3
177,	10
178,	0
179,	10
180,	12
181,	2
182,	11
183,	12
184,	2
185,	5
186,	3
187,	10
188,	6
189,	1
190,	17
191,	13
192,	2
193,	7
194,	14
195,	6
196,	4
197,	0
198,	9
199,	0
200,	7
201,	0
202,	6
203,	10
204,	11
205,	7
206,	10
207,	3
208,	7
209,	10
210,	5
211,	11
212,	12
213,	1
214,	2
215,	1
216,	4
217,	5
218,	16
219,	0
220,	8
221,	4
222,	10
223,	5
224,	4
225,	12
226,	5
227,	6
228,	5
229,	2
230,	6
231,	3
232,	16
233,	0
234,	0
235,	6
236,	12
237,	0
238,	5
239,	2
240,	1
241,	3
242,	14
243,	8
244,	15
245,	4
246,	3
247,	1
248,	0
249,	7
250,	5
251,	13
252,	6
253,	3
254,	10
255,	3
256,	0
257,	1
258,	10
259,	1
260,	6
261,	9
262,	8
263,	8
264,	7
265,	2
266,	1
267,	8
268,	9
269,	1
270,	4
271,	7
272,	3
273,	5
274,	1
275,	4
276,	3
277,	2
278,	2
279,	6
280,	7
281,	5
282,	3
283,	13
284,	9
285,	5
286,	2
287,	3
288,	15
289,	2
290,	5
291,	4
292,	11
293,	1
294,	2
295,	1
296,	11
297,	5
298,	9
299,	10
300,	4
301,	0
302,	6
303,	4
304,	4
305,	7
306,	6
307,	6
308,	1
309,	1
310,	0
311,	7
312,	13
313,	2
314,	6
315,	1
316,	7
317,	13
318,	11
319,	8
320,	0
321,	1
322,	7
323,	17
324,	3
325,	1
326,	7
327,	7
328,	7
329,	4
330,	5
331,	2
332,	12
333,	10
334,	7
335,	1
336,	5
337,	5
338,	4
339,	16
340,	9
341,	6
342,	2
343,	5
344,	0
345,	10
346,	3
347,	7
348,	0
349,	2
350,	11
351,	13
352,	5
353,	6
354,	16
355,	0
356,	4
357,	5
358,	2
359,	2
360,	3
361,	1
362,	8
363,	9
364,	4
365,	3
366,	9
367,	9
368,	9
369,	0
370,	4
371,	9
372,	3
373,	8
374,	2
375,	6
376,	6
377,	2
378,	3
379,	0
380,	10
381,	1
382,	4
383,	1
384,	12
385,	8
386,	6
387,	14
388,	5
389,	13
390,	1
391,	1
392,	11
393,	5
394,	12
395,	0
396,	1
397,	1
398,	6
399,	0
400,	8
401,	2
402,	4
403,	4
404,	4
405,	6
406,	1
407,	0
408,	3
409,	5
410,	1
411,	14
412,	11
413,	12
414,	9
415,	3
416,	2
417,	6
418,	8
419,	12
420,	9
421,	9
422,	7
423,	11
424,	0
425,	12
426,	4
427,	9
428,	4
429,	1
430,	3
431,	9
432,	10
433,	1
434,	6
435,	5
436,	7
437,	7
438,	6
439,	8
440,	9
441,	0
442,	1
443,	1
444,	1
445,	1
446,	2
447,	2
448,	0
449,	0
450,	11
451,	0
452,	11
453,	8
454,	2
455,	11
456,	2
457,	6
458,	2
459,	6
460,	12
461,	9
462,	15
463,	5
464,	11
465,	1
466,	1
467,	0
468,	6
469,	3
470,	2
471,	13
472,	6
473,	11
474,	1
475,	16
476,	6
477,	4
478,	9
479,	9
480,	2
481,	1
482,	12
483,	0
484,	10
485,	9
486,	4
487,	3
488,	9
489,	10
490,	3
491,	5
492,	3
493,	11
494,	6
495,	4
496,	0
497,	3
498,	0
499,	14
500,	5
501,	8
502,	7
503,	6
504,	1
505,	4
506,	1
507,	0
508,	3
509,	1
510,	14
511,	15
512,	6
513,	3
514,	1
515,	6
516,	12
517,	2
518,	10
519,	3
520,	0
521,	2
522,	0
523,	13
524,	1
525,	5
526,	11
527,	11
528,	12
529,	14
530,	7
531,	8
532,	11
533,	9
534,	4
535,	11
536,	2
537,	0
538,	5
539,	4
540,	9
541,	7
542,	6
543,	2
544,	12
545,	1
546,	15
547,	4
548,	5
549,	5
550,	2
551,	8
552,	0
553,	4
554,	9
555,	6
556,	7
557,	0
558,	12
559,	1
560,	17
561,	6
562,	3
563,	6
564,	7
565,	12
566,	2
567,	6
568,	8
569,	10
570,	12
571,	13
572,	9
573,	9
574,	0
575,	3
576,	12
577,	2
578,	3
579,	5
580,	10
581,	3
582,	1
583,	15
584,	12
585,	1
586,	4
587,	8
588,	2
589,	12
590,	11
591,	6
592,	14
593,	1
594,	2
595,	9
596,	6
597,	11
598,	2
599,	4
600,	7
601,	3
602,	11
603,	10
604,	3
605,	11
606,	6
607,	12
608,	7
609,	8
610,	0
611,	14
612,	4
613,	4
614,	5
615,	15
616,	5
617,	5
618,	9
619,	7
620,	10
621,	1
622,	4
623,	3
624,	1
625,	16
626,	2
627,	2
628,	0
629,	12
630,	5
631,	8
632,	8
633,	8
634,	4
635,	13
636,	3
637,	8
638,	2
639,	3
640,	7
641,	6
642,	8
643,	7
644,	5
645,	0
646,	8
647,	9
648,	6
649,	17
650,	7
651,	7
652,	8
653,	0
654,	7
655,	0
656,	7
657,	9
658,	5
659,	11
660,	2
661,	5
662,	1
663,	9
664,	7
665,	4
666,	5
667,	5
668,	12
669,	0
670,	2
671,	7
672,	17
673,	8
674,	8
675,	4
676,	8
677,	6
678,	11
679,	13
680,	11
681,	8
682,	11
683,	1
684,	6
685,	13
686,	5
687,	0
688,	3
689,	0
690,	4
691,	6
692,	8
693,	3
694,	11
695,	14
696,	1
697,	6
698,	6
699,	7
700,	0
701,	2
702,	2
703,	8
704,	16
705,	8
706,	7
707,	8
708,	4
709,	8
710,	4
711,	9
712,	0
713,	11
714,	1
715,	7
716,	13
717,	5
718,	9
719,	0
720,	2
721,	4
722,	9
723,	3
724,	0
725,	3
726,	12
727,	5
728,	9
729,	4
730,	8
731,	7
732,	4
733,	3
734,	0
735,	1
736,	2
737,	2
738,	11
739,	1
740,	2
741,	0
742,	9
743,	5
744,	0
745,	3
746,	0
747,	14
748,	14
749,	13
750,	10
751,	1
752,	15
753,	10
754,	9
755,	4
756,	2
757,	5
758,	12
759,	1
760,	6
761,	2
762,	10
763,	5
764,	13
765,	0
766,	12
767,	1
768,	3
769,	6
770,	1
771,	9
772,	2
773,	8
774,	0
775,	2
776,	14
777,	11
778,	9
779,	3
780,	2
781,	4
782,	8
783,	2
784,	7
785,	10
786,	14
787,	13
788,	8
789,	6
790,	11
791,	12
792,	2
793,	13
794,	3
795,	1
796,	1
797,	13
798,	0
799,	1
800,	8
801,	15
802,	3
803,	1
804,	10
805,	3
806,	0
807,	9
808,	3
809,	10
810,	16
811,	8
812,	0
813,	2
814,	8
815,	6
816,	5
817,	1
818,	10
819,	10
820,	8
821,	11
822,	3
823,	10
824,	7
825,	4
826,	10
827,	13
828,	2
829,	5
830,	11
831,	9
832,	4
833,	14
834,	1
835,	0
836,	9
837,	9
838,	10
839,	4
840,	12
841,	8
842,	9
843,	8
844,	3
845,	2
846,	14
847,	8
848,	8
849,	6
850,	4
851,	4
852,	5
853,	5
854,	4
855,	2
856,	7
857,	10
858,	4
859,	2
860,	9
861,	7
862,	11
863,	10
864,	5
865,	1
866,	7
867,	8
868,	6
869,	3
870,	11
871,	7
872,	1
873,	10
874,	2
875,	3
876,	1
877,	7
878,	9
879,	3
880,	14
881,	3
882,	1
883,	11
884,	5
885,	7
886,	16
887,	6
888,	1
889,	3
890,	7
891,	8
892,	13
893,	2
894,	2
895,	3
896,	1
897,	1
898,	7
899,	3
900,	8
901,	8
902,	7
903,	5
904,	10
905,	14
906,	8
907,	15
908,	0
909,	3
910,	0
911,	7
912,	0
913,	12
914,	4
915,	11
916,	2
917,	12
918,	6
919,	2
920,	10
921,	6
922,	4
923,	2
924,	9
925,	2
926,	7
927,	11
928,	5
929,	2
930,	11
931,	1
932,	0
933,	3
934,	10
935,	0
936,	0
937,	1
938,	4
939,	1
940,	15
941,	2
942,	1
943,	11
944,	12
945,	2
946,	8
947,	9
948,	1
949,	6
950,	4
951,	7
952,	5
953,	10
954,	4
955,	9
956,	1
957,	4
958,	10
959,	1
960,	0
961,	15
962,	15
963,	1
964,	9
965,	5
966,	3
967,	4
968,	11
969,	9
970,	7
971,	6
972,	6
973,	9
974,	1
975,	3
976,	10
977,	0
978,	3
979,	12
980,	6
981,	10
982,	5
983,	5
984,	9
985,	0
986,	5
987,	4
988,	7
989,	5
990,	9
991,	15
992,	4
993,	10
994,	0
995,	16
996,	12
997,	6
998,	4
999,	8
