Instance: /home/gabriel/Documents/ufrgs/courses/oc/trab/instances/cmb03
Vertices: 1000
Colors: 18
NumIterations: 1
Alpha: 0.500000
Is Factible?: false
Conflicts: 10
Solution Value: 245519.984375
Vertex,	Color
0,	4
1,	3
2,	3
3,	0
4,	4
5,	0
6,	8
7,	1
8,	9
9,	6
10,	2
11,	6
12,	1
13,	2
14,	3
15,	13
16,	4
17,	2
18,	2
19,	9
20,	1
21,	6
22,	1
23,	3
24,	0
25,	6
26,	4
27,	0
28,	5
29,	3
30,	0
31,	7
32,	4
33,	6
34,	10
35,	6
36,	7
37,	9
38,	10
39,	7
40,	0
41,	5
42,	3
43,	8
44,	1
45,	6
46,	2
47,	1
48,	4
49,	0
50,	2
51,	2
52,	0
53,	2
54,	12
55,	2
56,	0
57,	0
58,	14
59,	10
60,	6
61,	2
62,	11
63,	12
64,	2
65,	14
66,	3
67,	2
68,	5
69,	0
70,	2
71,	8
72,	4
73,	6
74,	0
75,	5
76,	1
77,	4
78,	1
79,	3
80,	8
81,	5
82,	9
83,	1
84,	2
85,	8
86,	8
87,	6
88,	1
89,	1
90,	7
91,	11
92,	2
93,	10
94,	2
95,	0
96,	16
97,	11
98,	11
99,	0
100,	4
101,	7
102,	5
103,	3
104,	3
105,	10
106,	6
107,	6
108,	1
109,	5
110,	11
111,	0
112,	8
113,	5
114,	6
115,	4
116,	0
117,	7
118,	9
119,	0
120,	8
121,	6
122,	8
123,	11
124,	6
125,	3
126,	3
127,	1
128,	2
129,	6
130,	3
131,	4
132,	7
133,	7
134,	3
135,	0
136,	0
137,	9
138,	7
139,	5
140,	6
141,	3
142,	1
143,	4
144,	8
145,	7
146,	0
147,	5
148,	0
149,	1
150,	2
151,	9
152,	1
153,	4
154,	9
155,	6
156,	7
157,	2
158,	8
159,	3
160,	0
161,	5
162,	0
163,	11
164,	9
165,	5
166,	2
167,	3
168,	0
169,	2
170,	5
171,	1
172,	7
173,	2
174,	0
175,	4
176,	4
177,	2
178,	3
179,	0
180,	14
181,	9
182,	8
183,	2
184,	8
185,	3
186,	3
187,	3
188,	0
189,	5
190,	12
191,	2
192,	0
193,	0
194,	1
195,	4
196,	1
197,	2
198,	6
199,	1
200,	5
201,	3
202,	3
203,	3
204,	2
205,	6
206,	4
207,	3
208,	6
209,	1
210,	1
211,	3
212,	4
213,	7
214,	1
215,	1
216,	0
217,	0
218,	2
219,	2
220,	5
221,	1
222,	0
223,	2
224,	4
225,	8
226,	5
227,	2
228,	0
229,	2
230,	5
231,	8
232,	8
233,	1
234,	3
235,	1
236,	2
237,	5
238,	1
239,	3
240,	2
241,	0
242,	1
243,	5
244,	5
245,	4
246,	6
247,	6
248,	4
249,	10
250,	6
251,	1
252,	7
253,	7
254,	5
255,	2
256,	0
257,	4
258,	4
259,	1
260,	0
261,	1
262,	2
263,	2
264,	9
265,	1
266,	0
267,	13
268,	5
269,	10
270,	0
271,	2
272,	0
273,	5
274,	12
275,	9
276,	7
277,	3
278,	4
279,	3
280,	1
281,	6
282,	0
283,	5
284,	0
285,	1
286,	1
287,	5
288,	10
289,	0
290,	4
291,	1
292,	3
293,	3
294,	4
295,	1
296,	9
297,	1
298,	8
299,	0
300,	0
301,	2
302,	2
303,	2
304,	6
305,	8
306,	1
307,	1
308,	5
309,	2
310,	7
311,	2
312,	7
313,	8
314,	5
315,	2
316,	4
317,	2
318,	12
319,	0
320,	3
321,	3
322,	1
323,	3
324,	1
325,	3
326,	4
327,	9
328,	7
329,	1
330,	1
331,	1
332,	1
333,	3
334,	8
335,	7
336,	1
337,	6
338,	7
339,	15
340,	7
341,	2
342,	4
343,	0
344,	1
345,	3
346,	2
347,	6
348,	5
349,	10
350,	16
351,	8
352,	4
353,	9
354,	1
355,	7
356,	7
357,	1
358,	3
359,	4
360,	4
361,	1
362,	3
363,	5
364,	4
365,	1
366,	9
367,	1
368,	3
369,	5
370,	3
371,	5
372,	0
373,	9
374,	6
375,	0
376,	8
377,	2
378,	7
379,	4
380,	3
381,	8
382,	5
383,	3
384,	1
385,	6
386,	8
387,	12
388,	0
389,	0
390,	5
391,	0
392,	0
393,	1
394,	0
395,	4
396,	7
397,	2
398,	6
399,	2
400,	11
401,	9
402,	4
403,	7
404,	2
405,	2
406,	0
407,	2
408,	4
409,	4
410,	6
411,	2
412,	3
413,	4
414,	3
415,	7
416,	4
417,	9
418,	12
419,	1
420,	11
421,	5
422,	7
423,	1
424,	5
425,	0
426,	7
427,	2
428,	6
429,	9
430,	0
431,	6
432,	14
433,	5
434,	5
435,	2
436,	5
437,	6
438,	10
439,	4
440,	3
441,	8
442,	2
443,	0
444,	2
445,	2
446,	1
447,	1
448,	8
449,	4
450,	0
451,	5
452,	3
453,	12
454,	4
455,	10
456,	0
457,	4
458,	4
459,	3
460,	3
461,	4
462,	0
463,	1
464,	7
465,	3
466,	2
467,	4
468,	11
469,	1
470,	2
471,	1
472,	4
473,	14
474,	6
475,	5
476,	4
477,	3
478,	8
479,	2
480,	0
481,	2
482,	11
483,	14
484,	2
485,	0
486,	4
487,	1
488,	8
489,	3
490,	0
491,	7
492,	0
493,	7
494,	0
495,	0
496,	4
497,	4
498,	1
499,	13
500,	8
501,	5
502,	14
503,	3
504,	3
505,	1
506,	6
507,	0
508,	0
509,	0
510,	12
511,	7
512,	1
513,	9
514,	3
515,	8
516,	6
517,	2
518,	4
519,	12
520,	2
521,	3
522,	3
523,	2
524,	3
525,	4
526,	4
527,	7
528,	2
529,	8
530,	1
531,	4
532,	6
533,	0
534,	0
535,	5
536,	1
537,	0
538,	6
539,	0
540,	6
541,	3
542,	2
543,	15
544,	7
545,	3
546,	5
547,	5
548,	6
549,	8
550,	1
551,	3
552,	4
553,	4
554,	3
555,	9
556,	2
557,	5
558,	1
559,	7
560,	11
561,	3
562,	5
563,	4
564,	0
565,	2
566,	3
567,	15
568,	14
569,	8
570,	0
571,	4
572,	5
573,	0
574,	6
575,	3
576,	10
577,	9
578,	7
579,	9
580,	8
581,	6
582,	4
583,	13
584,	6
585,	1
586,	10
587,	7
588,	11
589,	0
590,	6
591,	6
592,	1
593,	2
594,	7
595,	3
596,	13
597,	8
598,	9
599,	10
600,	5
601,	7
602,	3
603,	11
604,	11
605,	2
606,	1
607,	6
608,	9
609,	4
610,	0
611,	6
612,	3
613,	5
614,	3
615,	10
616,	0
617,	5
618,	1
619,	6
620,	11
621,	6
622,	1
623,	3
624,	2
625,	9
626,	5
627,	10
628,	7
629,	7
630,	4
631,	0
632,	4
633,	4
634,	7
635,	6
636,	4
637,	1
638,	2
639,	12
640,	4
641,	3
642,	1
643,	10
644,	9
645,	5
646,	5
647,	12
648,	7
649,	10
650,	1
651,	2
652,	1
653,	2
654,	5
655,	7
656,	11
657,	5
658,	8
659,	9
660,	10
661,	5
662,	5
663,	14
664,	10
665,	4
666,	0
667,	5
668,	13
669,	6
670,	10
671,	7
672,	7
673,	8
674,	7
675,	10
676,	9
677,	5
678,	8
679,	11
680,	6
681,	8
682,	13
683,	7
684,	2
685,	9
686,	8
687,	8
688,	6
689,	13
690,	3
691,	8
692,	4
693,	10
694,	5
695,	14
696,	10
697,	7
698,	9
699,	5
700,	3
701,	9
702,	6
703,	12
704,	8
705,	7
706,	2
707,	5
708,	7
709,	8
710,	17
711,	8
712,	15
713,	10
714,	1
715,	5
716,	8
717,	9
718,	8
719,	4
720,	4
721,	6
722,	12
723,	0
724,	0
725,	10
726,	12
727,	5
728,	10
729,	4
730,	11
731,	11
732,	8
733,	10
734,	13
735,	10
736,	5
737,	9
738,	8
739,	11
740,	3
741,	8
742,	11
743,	11
744,	13
745,	9
746,	12
747,	10
748,	10
749,	7
750,	8
751,	0
752,	9
753,	9
754,	11
755,	0
756,	10
757,	4
758,	7
759,	8
760,	10
761,	12
762,	12
763,	7
764,	9
765,	14
766,	7
767,	6
768,	11
769,	13
770,	2
771,	10
772,	9
773,	13
774,	5
775,	1
776,	11
777,	6
778,	11
779,	14
780,	6
781,	10
782,	13
783,	6
784,	4
785,	14
786,	0
787,	10
788,	13
789,	12
790,	10
791,	8
792,	11
793,	12
794,	5
795,	9
796,	6
797,	13
798,	11
799,	6
800,	8
801,	4
802,	0
803,	10
804,	11
805,	6
806,	7
807,	12
808,	7
809,	9
810,	14
811,	12
812,	9
813,	7
814,	8
815,	11
816,	9
817,	3
818,	16
819,	13
820,	2
821,	7
822,	12
823,	7
824,	9
825,	13
826,	9
827,	13
828,	0
829,	11
830,	6
831,	14
832,	10
833,	14
834,	1
835,	11
836,	12
837,	11
838,	8
839,	6
840,	3
841,	9
842,	8
843,	5
844,	5
845,	4
846,	11
847,	6
848,	13
849,	1
850,	12
851,	14
852,	13
853,	3
854,	9
855,	10
856,	17
857,	6
858,	13
859,	11
860,	15
861,	11
862,	9
863,	12
864,	10
865,	9
866,	11
867,	11
868,	9
869,	11
870,	7
871,	13
872,	11
873,	0
874,	8
875,	1
876,	10
877,	7
878,	13
879,	8
880,	11
881,	12
882,	2
883,	15
884,	7
885,	10
886,	14
887,	8
888,	10
889,	12
890,	1
891,	15
892,	16
893,	12
894,	7
895,	8
896,	1
897,	10
898,	14
899,	11
900,	10
901,	15
902,	8
903,	11
904,	10
905,	13
906,	5
907,	14
908,	5
909,	15
910,	12
911,	9
912,	10
913,	6
914,	12
915,	4
916,	13
917,	11
918,	8
919,	8
920,	12
921,	9
922,	12
923,	10
924,	10
925,	16
926,	5
927,	11
928,	9
929,	3
930,	14
931,	7
932,	3
933,	5
934,	9
935,	10
936,	8
937,	10
938,	10
939,	10
940,	14
941,	13
942,	6
943,	15
944,	17
945,	13
946,	11
947,	8
948,	15
949,	14
950,	16
951,	8
952,	9
953,	10
954,	16
955,	16
956,	9
957,	15
958,	12
959,	14
960,	0
961,	12
962,	17
963,	11
964,	11
965,	5
966,	7
967,	15
968,	12
969,	5
970,	13
971,	0
972,	14
973,	10
974,	12
975,	8
976,	14
977,	10
978,	12
979,	15
980,	10
981,	11
982,	14
983,	17
984,	9
985,	13
986,	9
987,	0
988,	14
989,	10
990,	13
991,	0
992,	16
993,	9
994,	6
995,	17
996,	9
997,	11
998,	15
999,	12
