Instance: /home/gabriel/Documents/ufrgs/courses/oc/trab/instances/cmb02
Vertices: 1000
Colors: 10
NumIterations: 1
Alpha: 0.050000
Is Factible?: false
Conflicts: 1
Solution Value: 565772.937500
Vertex,	Color
0,	6
1,	2
2,	1
3,	2
4,	1
5,	4
6,	0
7,	3
8,	0
9,	2
10,	6
11,	4
12,	3
13,	1
14,	0
15,	2
16,	0
17,	3
18,	4
19,	1
20,	3
21,	3
22,	0
23,	0
24,	7
25,	0
26,	2
27,	6
28,	1
29,	1
30,	1
31,	2
32,	0
33,	0
34,	4
35,	5
36,	3
37,	0
38,	3
39,	2
40,	1
41,	4
42,	2
43,	4
44,	2
45,	0
46,	3
47,	1
48,	2
49,	0
50,	1
51,	1
52,	0
53,	0
54,	3
55,	0
56,	2
57,	1
58,	0
59,	0
60,	1
61,	5
62,	4
63,	2
64,	3
65,	2
66,	2
67,	1
68,	2
69,	1
70,	0
71,	0
72,	5
73,	1
74,	3
75,	1
76,	1
77,	2
78,	4
79,	2
80,	3
81,	0
82,	0
83,	3
84,	3
85,	3
86,	2
87,	0
88,	6
89,	2
90,	2
91,	0
92,	3
93,	2
94,	1
95,	3
96,	3
97,	3
98,	4
99,	5
100,	5
101,	1
102,	0
103,	4
104,	4
105,	6
106,	5
107,	1
108,	0
109,	3
110,	6
111,	0
112,	5
113,	0
114,	0
115,	4
116,	1
117,	2
118,	5
119,	0
120,	1
121,	1
122,	3
123,	1
124,	1
125,	3
126,	0
127,	3
128,	3
129,	4
130,	0
131,	0
132,	0
133,	7
134,	5
135,	3
136,	0
137,	7
138,	4
139,	1
140,	0
141,	0
142,	2
143,	4
144,	7
145,	2
146,	0
147,	4
148,	1
149,	3
150,	0
151,	1
152,	0
153,	2
154,	5
155,	3
156,	9
157,	1
158,	1
159,	2
160,	2
161,	3
162,	0
163,	5
164,	2
165,	4
166,	2
167,	2
168,	0
169,	1
170,	0
171,	0
172,	7
173,	1
174,	1
175,	2
176,	5
177,	3
178,	1
179,	4
180,	0
181,	4
182,	0
183,	0
184,	0
185,	2
186,	3
187,	3
188,	3
189,	3
190,	3
191,	1
192,	5
193,	1
194,	5
195,	2
196,	2
197,	2
198,	0
199,	5
200,	2
201,	0
202,	0
203,	1
204,	4
205,	4
206,	4
207,	1
208,	1
209,	4
210,	2
211,	5
212,	2
213,	9
214,	1
215,	4
216,	4
217,	9
218,	2
219,	1
220,	3
221,	1
222,	0
223,	3
224,	6
225,	2
226,	6
227,	0
228,	3
229,	5
230,	1
231,	0
232,	2
233,	4
234,	2
235,	5
236,	2
237,	1
238,	4
239,	0
240,	2
241,	3
242,	0
243,	0
244,	1
245,	2
246,	1
247,	2
248,	3
249,	2
250,	2
251,	2
252,	0
253,	3
254,	2
255,	1
256,	5
257,	4
258,	5
259,	5
260,	5
261,	7
262,	1
263,	6
264,	6
265,	5
266,	5
267,	2
268,	5
269,	1
270,	3
271,	5
272,	2
273,	0
274,	4
275,	0
276,	1
277,	2
278,	2
279,	3
280,	2
281,	5
282,	5
283,	2
284,	0
285,	2
286,	0
287,	2
288,	0
289,	4
290,	1
291,	4
292,	0
293,	2
294,	2
295,	1
296,	0
297,	5
298,	0
299,	1
300,	6
301,	1
302,	0
303,	4
304,	0
305,	2
306,	6
307,	1
308,	1
309,	3
310,	0
311,	2
312,	3
313,	3
314,	3
315,	4
316,	2
317,	2
318,	1
319,	2
320,	2
321,	2
322,	0
323,	2
324,	4
325,	1
326,	1
327,	1
328,	3
329,	2
330,	2
331,	2
332,	1
333,	0
334,	4
335,	0
336,	2
337,	2
338,	5
339,	1
340,	1
341,	2
342,	4
343,	4
344,	0
345,	4
346,	2
347,	0
348,	2
349,	1
350,	2
351,	0
352,	2
353,	2
354,	0
355,	4
356,	4
357,	2
358,	2
359,	0
360,	2
361,	0
362,	4
363,	0
364,	3
365,	3
366,	0
367,	2
368,	0
369,	3
370,	0
371,	3
372,	0
373,	0
374,	4
375,	0
376,	2
377,	0
378,	3
379,	4
380,	7
381,	1
382,	4
383,	4
384,	2
385,	0
386,	0
387,	3
388,	3
389,	0
390,	3
391,	2
392,	1
393,	1
394,	3
395,	3
396,	0
397,	1
398,	0
399,	2
400,	0
401,	3
402,	0
403,	6
404,	0
405,	4
406,	0
407,	0
408,	1
409,	1
410,	5
411,	5
412,	1
413,	2
414,	3
415,	4
416,	1
417,	4
418,	0
419,	2
420,	0
421,	1
422,	2
423,	0
424,	7
425,	1
426,	2
427,	1
428,	1
429,	0
430,	0
431,	1
432,	1
433,	1
434,	3
435,	3
436,	0
437,	2
438,	1
439,	3
440,	1
441,	2
442,	6
443,	5
444,	0
445,	0
446,	2
447,	2
448,	3
449,	4
450,	6
451,	3
452,	6
453,	0
454,	1
455,	2
456,	1
457,	0
458,	2
459,	8
460,	3
461,	1
462,	2
463,	1
464,	5
465,	3
466,	0
467,	1
468,	0
469,	2
470,	5
471,	6
472,	2
473,	4
474,	2
475,	1
476,	1
477,	3
478,	2
479,	1
480,	0
481,	1
482,	3
483,	0
484,	2
485,	2
486,	1
487,	2
488,	2
489,	0
490,	1
491,	3
492,	2
493,	3
494,	0
495,	0
496,	2
497,	3
498,	6
499,	3
500,	0
501,	0
502,	7
503,	1
504,	5
505,	2
506,	7
507,	1
508,	0
509,	1
510,	1
511,	4
512,	0
513,	7
514,	1
515,	1
516,	1
517,	3
518,	1
519,	0
520,	2
521,	0
522,	6
523,	1
524,	0
525,	3
526,	4
527,	2
528,	2
529,	0
530,	0
531,	3
532,	5
533,	2
534,	1
535,	1
536,	0
537,	0
538,	2
539,	1
540,	5
541,	0
542,	1
543,	1
544,	4
545,	1
546,	2
547,	7
548,	1
549,	4
550,	0
551,	2
552,	1
553,	0
554,	2
555,	1
556,	0
557,	0
558,	5
559,	1
560,	2
561,	3
562,	2
563,	2
564,	0
565,	2
566,	3
567,	1
568,	0
569,	1
570,	2
571,	0
572,	1
573,	0
574,	0
575,	0
576,	0
577,	5
578,	4
579,	1
580,	3
581,	3
582,	5
583,	2
584,	2
585,	1
586,	3
587,	4
588,	1
589,	5
590,	1
591,	2
592,	0
593,	1
594,	3
595,	0
596,	1
597,	0
598,	3
599,	6
600,	6
601,	3
602,	5
603,	1
604,	1
605,	1
606,	3
607,	0
608,	2
609,	0
610,	2
611,	1
612,	1
613,	0
614,	4
615,	3
616,	1
617,	6
618,	4
619,	4
620,	0
621,	0
622,	4
623,	1
624,	1
625,	1
626,	3
627,	1
628,	2
629,	1
630,	2
631,	1
632,	2
633,	4
634,	2
635,	1
636,	2
637,	3
638,	6
639,	0
640,	1
641,	1
642,	5
643,	1
644,	1
645,	3
646,	5
647,	5
648,	3
649,	0
650,	3
651,	4
652,	5
653,	1
654,	0
655,	0
656,	1
657,	3
658,	3
659,	1
660,	7
661,	1
662,	0
663,	1
664,	4
665,	0
666,	1
667,	0
668,	5
669,	1
670,	2
671,	1
672,	0
673,	2
674,	0
675,	3
676,	2
677,	2
678,	0
679,	5
680,	1
681,	4
682,	8
683,	0
684,	2
685,	0
686,	0
687,	4
688,	3
689,	4
690,	5
691,	2
692,	0
693,	1
694,	8
695,	1
696,	1
697,	1
698,	0
699,	1
700,	0
701,	1
702,	4
703,	0
704,	1
705,	2
706,	3
707,	0
708,	0
709,	0
710,	0
711,	5
712,	4
713,	4
714,	5
715,	0
716,	3
717,	0
718,	4
719,	1
720,	0
721,	3
722,	0
723,	3
724,	0
725,	1
726,	0
727,	2
728,	3
729,	1
730,	4
731,	3
732,	1
733,	3
734,	0
735,	1
736,	2
737,	0
738,	3
739,	1
740,	2
741,	0
742,	1
743,	4
744,	1
745,	0
746,	0
747,	0
748,	0
749,	0
750,	5
751,	0
752,	6
753,	3
754,	4
755,	1
756,	6
757,	0
758,	1
759,	1
760,	0
761,	0
762,	5
763,	2
764,	2
765,	5
766,	0
767,	2
768,	3
769,	2
770,	5
771,	1
772,	3
773,	0
774,	5
775,	6
776,	4
777,	3
778,	3
779,	2
780,	0
781,	2
782,	8
783,	8
784,	1
785,	3
786,	3
787,	1
788,	1
789,	6
790,	0
791,	0
792,	6
793,	4
794,	1
795,	3
796,	1
797,	2
798,	3
799,	5
800,	3
801,	2
802,	2
803,	0
804,	6
805,	1
806,	2
807,	0
808,	4
809,	1
810,	0
811,	4
812,	1
813,	2
814,	0
815,	2
816,	2
817,	3
818,	1
819,	2
820,	0
821,	5
822,	1
823,	1
824,	6
825,	5
826,	0
827,	2
828,	2
829,	1
830,	1
831,	0
832,	2
833,	3
834,	0
835,	2
836,	1
837,	0
838,	1
839,	0
840,	0
841,	0
842,	4
843,	0
844,	3
845,	0
846,	3
847,	2
848,	3
849,	8
850,	0
851,	0
852,	1
853,	0
854,	2
855,	4
856,	2
857,	3
858,	7
859,	1
860,	1
861,	2
862,	0
863,	0
864,	0
865,	3
866,	0
867,	2
868,	3
869,	6
870,	1
871,	3
872,	4
873,	2
874,	5
875,	4
876,	4
877,	0
878,	0
879,	3
880,	0
881,	5
882,	5
883,	1
884,	5
885,	4
886,	0
887,	1
888,	0
889,	0
890,	3
891,	4
892,	0
893,	1
894,	2
895,	6
896,	3
897,	4
898,	0
899,	0
900,	1
901,	2
902,	1
903,	1
904,	2
905,	0
906,	3
907,	3
908,	4
909,	5
910,	3
911,	4
912,	0
913,	1
914,	1
915,	0
916,	2
917,	1
918,	1
919,	0
920,	2
921,	2
922,	0
923,	4
924,	4
925,	1
926,	1
927,	2
928,	6
929,	4
930,	6
931,	0
932,	4
933,	1
934,	1
935,	1
936,	3
937,	4
938,	9
939,	3
940,	0
941,	5
942,	3
943,	0
944,	0
945,	2
946,	2
947,	2
948,	0
949,	4
950,	6
951,	3
952,	2
953,	1
954,	3
955,	0
956,	1
957,	0
958,	2
959,	3
960,	4
961,	1
962,	4
963,	1
964,	3
965,	1
966,	2
967,	2
968,	6
969,	2
970,	4
971,	3
972,	3
973,	2
974,	3
975,	3
976,	4
977,	0
978,	3
979,	3
980,	9
981,	1
982,	4
983,	2
984,	6
985,	2
986,	3
987,	3
988,	4
989,	6
990,	0
991,	5
992,	1
993,	4
994,	7
995,	8
996,	0
997,	4
998,	4
999,	4
