Instance: /home/gabriel/Documents/ufrgs/courses/oc/trab/instances/cmb03
Vertices: 1000
Colors: 18
NumIterations: 1
Alpha: 1.000000
Is Factible?: false
Conflicts: 11
Solution Value: 238546.906250
Vertex,	Color
0,	6
1,	9
2,	3
3,	1
4,	4
5,	16
6,	7
7,	4
8,	5
9,	16
10,	2
11,	7
12,	2
13,	1
14,	2
15,	15
16,	16
17,	13
18,	6
19,	13
20,	2
21,	14
22,	5
23,	6
24,	11
25,	4
26,	4
27,	3
28,	0
29,	2
30,	0
31,	1
32,	9
33,	0
34,	1
35,	10
36,	4
37,	7
38,	1
39,	0
40,	2
41,	3
42,	6
43,	2
44,	7
45,	7
46,	5
47,	12
48,	9
49,	1
50,	14
51,	6
52,	7
53,	3
54,	9
55,	3
56,	9
57,	0
58,	1
59,	6
60,	8
61,	10
62,	1
63,	0
64,	6
65,	9
66,	0
67,	4
68,	11
69,	3
70,	10
71,	3
72,	9
73,	4
74,	0
75,	11
76,	0
77,	1
78,	1
79,	8
80,	13
81,	0
82,	5
83,	3
84,	11
85,	9
86,	0
87,	2
88,	2
89,	10
90,	16
91,	8
92,	8
93,	1
94,	0
95,	1
96,	0
97,	10
98,	4
99,	0
100,	5
101,	8
102,	5
103,	2
104,	4
105,	6
106,	2
107,	14
108,	7
109,	17
110,	14
111,	8
112,	4
113,	1
114,	0
115,	5
116,	7
117,	0
118,	5
119,	2
120,	11
121,	14
122,	0
123,	15
124,	5
125,	0
126,	5
127,	8
128,	7
129,	1
130,	5
131,	5
132,	2
133,	11
134,	6
135,	8
136,	7
137,	8
138,	1
139,	7
140,	6
141,	7
142,	6
143,	9
144,	7
145,	0
146,	3
147,	4
148,	2
149,	5
150,	10
151,	7
152,	2
153,	4
154,	5
155,	5
156,	12
157,	1
158,	15
159,	5
160,	3
161,	7
162,	16
163,	16
164,	12
165,	4
166,	4
167,	8
168,	5
169,	0
170,	4
171,	2
172,	4
173,	9
174,	4
175,	1
176,	0
177,	10
178,	2
179,	7
180,	2
181,	6
182,	6
183,	2
184,	0
185,	6
186,	5
187,	10
188,	4
189,	9
190,	8
191,	12
192,	7
193,	9
194,	3
195,	3
196,	1
197,	6
198,	14
199,	1
200,	3
201,	3
202,	6
203,	16
204,	10
205,	9
206,	11
207,	3
208,	14
209,	1
210,	10
211,	2
212,	11
213,	8
214,	6
215,	6
216,	4
217,	3
218,	10
219,	7
220,	3
221,	9
222,	7
223,	11
224,	6
225,	9
226,	2
227,	4
228,	3
229,	0
230,	3
231,	2
232,	10
233,	3
234,	0
235,	1
236,	0
237,	1
238,	1
239,	11
240,	8
241,	9
242,	14
243,	4
244,	11
245,	5
246,	5
247,	5
248,	3
249,	16
250,	4
251,	11
252,	1
253,	6
254,	5
255,	8
256,	8
257,	5
258,	10
259,	5
260,	8
261,	10
262,	17
263,	0
264,	3
265,	3
266,	2
267,	13
268,	3
269,	2
270,	5
271,	5
272,	8
273,	0
274,	9
275,	0
276,	4
277,	15
278,	11
279,	2
280,	1
281,	2
282,	8
283,	14
284,	0
285,	5
286,	0
287,	2
288,	7
289,	1
290,	1
291,	6
292,	11
293,	8
294,	1
295,	4
296,	7
297,	9
298,	13
299,	7
300,	13
301,	7
302,	9
303,	4
304,	12
305,	6
306,	1
307,	5
308,	0
309,	4
310,	0
311,	5
312,	2
313,	0
314,	3
315,	2
316,	11
317,	7
318,	10
319,	10
320,	6
321,	3
322,	8
323,	9
324,	8
325,	2
326,	7
327,	0
328,	11
329,	2
330,	4
331,	0
332,	1
333,	5
334,	6
335,	4
336,	0
337,	15
338,	1
339,	10
340,	3
341,	8
342,	0
343,	12
344,	3
345,	0
346,	2
347,	0
348,	13
349,	15
350,	14
351,	9
352,	0
353,	7
354,	0
355,	1
356,	4
357,	11
358,	11
359,	5
360,	8
361,	4
362,	2
363,	6
364,	5
365,	8
366,	13
367,	3
368,	5
369,	3
370,	5
371,	9
372,	10
373,	11
374,	16
375,	8
376,	0
377,	4
378,	4
379,	9
380,	1
381,	10
382,	12
383,	5
384,	0
385,	3
386,	11
387,	9
388,	5
389,	5
390,	4
391,	8
392,	3
393,	6
394,	12
395,	10
396,	2
397,	0
398,	2
399,	6
400,	6
401,	6
402,	9
403,	4
404,	7
405,	5
406,	0
407,	1
408,	4
409,	0
410,	0
411,	14
412,	13
413,	14
414,	0
415,	12
416,	3
417,	13
418,	9
419,	7
420,	6
421,	12
422,	3
423,	10
424,	4
425,	0
426,	17
427,	7
428,	2
429,	0
430,	10
431,	4
432,	10
433,	13
434,	9
435,	9
436,	10
437,	3
438,	6
439,	3
440,	2
441,	9
442,	3
443,	3
444,	0
445,	8
446,	6
447,	4
448,	11
449,	10
450,	14
451,	4
452,	9
453,	5
454,	4
455,	1
456,	4
457,	0
458,	14
459,	4
460,	0
461,	4
462,	1
463,	6
464,	11
465,	0
466,	4
467,	7
468,	2
469,	6
470,	0
471,	14
472,	3
473,	13
474,	4
475,	11
476,	5
477,	1
478,	15
479,	6
480,	5
481,	6
482,	7
483,	6
484,	10
485,	12
486,	1
487,	4
488,	7
489,	8
490,	8
491,	12
492,	1
493,	1
494,	2
495,	7
496,	6
497,	2
498,	1
499,	9
500,	9
501,	7
502,	6
503,	5
504,	2
505,	4
506,	11
507,	9
508,	1
509,	0
510,	0
511,	3
512,	2
513,	16
514,	15
515,	13
516,	5
517,	11
518,	13
519,	1
520,	1
521,	6
522,	10
523,	6
524,	6
525,	9
526,	9
527,	1
528,	0
529,	17
530,	5
531,	9
532,	12
533,	1
534,	5
535,	4
536,	3
537,	2
538,	11
539,	1
540,	3
541,	7
542,	8
543,	13
544,	7
545,	12
546,	17
547,	5
548,	11
549,	4
550,	2
551,	6
552,	7
553,	15
554,	6
555,	6
556,	8
557,	15
558,	7
559,	1
560,	17
561,	9
562,	7
563,	8
564,	16
565,	9
566,	7
567,	13
568,	0
569,	0
570,	8
571,	7
572,	14
573,	4
574,	8
575,	10
576,	12
577,	14
578,	5
579,	5
580,	1
581,	0
582,	8
583,	8
584,	7
585,	0
586,	8
587,	10
588,	0
589,	4
590,	2
591,	9
592,	2
593,	4
594,	14
595,	9
596,	13
597,	14
598,	5
599,	4
600,	10
601,	2
602,	8
603,	14
604,	8
605,	2
606,	5
607,	6
608,	5
609,	4
610,	0
611,	16
612,	10
613,	6
614,	1
615,	8
616,	2
617,	9
618,	13
619,	9
620,	14
621,	12
622,	5
623,	0
624,	4
625,	4
626,	4
627,	14
628,	10
629,	13
630,	4
631,	0
632,	2
633,	3
634,	7
635,	10
636,	1
637,	1
638,	5
639,	9
640,	3
641,	1
642,	14
643,	2
644,	12
645,	4
646,	9
647,	8
648,	8
649,	11
650,	4
651,	2
652,	8
653,	8
654,	8
655,	12
656,	12
657,	11
658,	16
659,	17
660,	6
661,	13
662,	10
663,	4
664,	13
665,	5
666,	4
667,	7
668,	12
669,	3
670,	8
671,	1
672,	2
673,	12
674,	2
675,	1
676,	3
677,	12
678,	1
679,	2
680,	8
681,	7
682,	4
683,	10
684,	2
685,	7
686,	7
687,	0
688,	6
689,	12
690,	1
691,	3
692,	9
693,	9
694,	4
695,	8
696,	10
697,	3
698,	8
699,	3
700,	11
701,	11
702,	6
703,	3
704,	8
705,	10
706,	12
707,	8
708,	3
709,	10
710,	14
711,	10
712,	11
713,	4
714,	0
715,	11
716,	10
717,	1
718,	6
719,	5
720,	0
721,	9
722,	10
723,	6
724,	4
725,	4
726,	8
727,	4
728,	2
729,	3
730,	6
731,	9
732,	2
733,	0
734,	0
735,	9
736,	10
737,	12
738,	2
739,	12
740,	5
741,	12
742,	3
743,	13
744,	1
745,	8
746,	9
747,	10
748,	13
749,	1
750,	3
751,	0
752,	4
753,	9
754,	12
755,	9
756,	1
757,	0
758,	1
759,	8
760,	13
761,	6
762,	12
763,	3
764,	11
765,	6
766,	2
767,	7
768,	3
769,	1
770,	1
771,	5
772,	1
773,	3
774,	1
775,	1
776,	4
777,	6
778,	7
779,	11
780,	3
781,	3
782,	11
783,	2
784,	5
785,	2
786,	0
787,	11
788,	12
789,	6
790,	11
791,	12
792,	1
793,	6
794,	3
795,	11
796,	8
797,	15
798,	3
799,	13
800,	10
801,	11
802,	0
803,	16
804,	12
805,	7
806,	10
807,	11
808,	1
809,	9
810,	2
811,	14
812,	5
813,	6
814,	4
815,	9
816,	1
817,	2
818,	15
819,	5
820,	3
821,	2
822,	1
823,	4
824,	4
825,	1
826,	1
827,	9
828,	3
829,	5
830,	11
831,	2
832,	6
833,	10
834,	8
835,	9
836,	2
837,	0
838,	12
839,	4
840,	6
841,	2
842,	6
843,	1
844,	6
845,	2
846,	5
847,	8
848,	3
849,	7
850,	5
851,	14
852,	4
853,	6
854,	1
855,	1
856,	10
857,	5
858,	9
859,	13
860,	8
861,	0
862,	5
863,	12
864,	7
865,	3
866,	0
867,	0
868,	4
869,	13
870,	1
871,	12
872,	15
873,	16
874,	12
875,	0
876,	4
877,	0
878,	3
879,	4
880,	7
881,	5
882,	1
883,	13
884,	3
885,	3
886,	2
887,	10
888,	9
889,	15
890,	6
891,	7
892,	12
893,	7
894,	3
895,	7
896,	3
897,	4
898,	15
899,	3
900,	12
901,	6
902,	10
903,	4
904,	0
905,	15
906,	15
907,	5
908,	4
909,	16
910,	0
911,	6
912,	11
913,	6
914,	6
915,	0
916,	3
917,	7
918,	2
919,	5
920,	2
921,	6
922,	8
923,	5
924,	8
925,	7
926,	0
927,	1
928,	9
929,	2
930,	13
931,	1
932,	3
933,	3
934,	12
935,	1
936,	7
937,	0
938,	10
939,	2
940,	5
941,	10
942,	11
943,	5
944,	17
945,	3
946,	3
947,	0
948,	2
949,	9
950,	6
951,	5
952,	5
953,	4
954,	2
955,	9
956,	7
957,	7
958,	7
959,	0
960,	9
961,	3
962,	1
963,	0
964,	8
965,	6
966,	3
967,	8
968,	3
969,	3
970,	5
971,	0
972,	4
973,	4
974,	0
975,	2
976,	2
977,	4
978,	10
979,	8
980,	11
981,	0
982,	8
983,	1
984,	3
985,	10
986,	7
987,	2
988,	10
989,	9
990,	2
991,	8
992,	7
993,	0
994,	2
995,	10
996,	6
997,	6
998,	5
999,	8
