Instance: /home/gabriel/Documents/ufrgs/courses/oc/trab/instances/cmb01
Vertices: 500
Colors: 12
NumIterations: 10
Alpha: 0.050000
Is Factible?: false
Conflicts: 15
Solution Value: 170391.937500
Vertex,	Color
0,	2
1,	1
2,	2
3,	0
4,	0
5,	2
6,	2
7,	0
8,	0
9,	0
10,	1
11,	1
12,	2
13,	0
14,	0
15,	0
16,	1
17,	1
18,	0
19,	0
20,	0
21,	0
22,	1
23,	1
24,	0
25,	1
26,	0
27,	0
28,	2
29,	0
30,	0
31,	0
32,	1
33,	0
34,	0
35,	0
36,	0
37,	0
38,	1
39,	2
40,	0
41,	0
42,	0
43,	0
44,	1
45,	1
46,	1
47,	2
48,	0
49,	1
50,	0
51,	0
52,	1
53,	1
54,	2
55,	0
56,	1
57,	1
58,	2
59,	0
60,	1
61,	0
62,	0
63,	1
64,	0
65,	2
66,	0
67,	2
68,	2
69,	2
70,	0
71,	0
72,	1
73,	1
74,	1
75,	1
76,	2
77,	3
78,	2
79,	1
80,	2
81,	2
82,	0
83,	1
84,	2
85,	0
86,	3
87,	1
88,	3
89,	4
90,	2
91,	3
92,	0
93,	1
94,	5
95,	2
96,	1
97,	2
98,	1
99,	3
100,	5
101,	3
102,	0
103,	6
104,	2
105,	4
106,	4
107,	1
108,	1
109,	1
110,	3
111,	7
112,	2
113,	6
114,	0
115,	4
116,	2
117,	6
118,	2
119,	3
120,	3
121,	4
122,	0
123,	3
124,	2
125,	1
126,	1
127,	2
128,	0
129,	3
130,	1
131,	2
132,	4
133,	2
134,	3
135,	3
136,	2
137,	4
138,	7
139,	2
140,	0
141,	5
142,	4
143,	6
144,	3
145,	1
146,	3
147,	4
148,	1
149,	0
150,	4
151,	5
152,	0
153,	0
154,	2
155,	4
156,	2
157,	6
158,	3
159,	1
160,	4
161,	5
162,	8
163,	6
164,	4
165,	4
166,	5
167,	0
168,	3
169,	1
170,	7
171,	4
172,	1
173,	5
174,	3
175,	2
176,	1
177,	9
178,	5
179,	5
180,	5
181,	2
182,	5
183,	1
184,	3
185,	4
186,	4
187,	0
188,	3
189,	4
190,	5
191,	2
192,	4
193,	3
194,	4
195,	4
196,	2
197,	1
198,	5
199,	4
200,	1
201,	4
202,	6
203,	5
204,	6
205,	4
206,	4
207,	3
208,	2
209,	3
210,	3
211,	0
212,	10
213,	2
214,	3
215,	2
216,	4
217,	3
218,	5
219,	3
220,	4
221,	1
222,	7
223,	4
224,	3
225,	0
226,	6
227,	4
228,	1
229,	4
230,	1
231,	5
232,	7
233,	5
234,	3
235,	7
236,	6
237,	5
238,	4
239,	3
240,	0
241,	1
242,	7
243,	3
244,	8
245,	4
246,	5
247,	6
248,	5
249,	3
250,	2
251,	3
252,	6
253,	3
254,	8
255,	2
256,	7
257,	3
258,	4
259,	3
260,	3
261,	3
262,	4
263,	11
264,	6
265,	0
266,	5
267,	5
268,	5
269,	6
270,	7
271,	4
272,	6
273,	6
274,	8
275,	3
276,	8
277,	5
278,	6
279,	1
280,	0
281,	2
282,	6
283,	5
284,	3
285,	5
286,	5
287,	5
288,	4
289,	2
290,	7
291,	2
292,	6
293,	6
294,	9
295,	2
296,	5
297,	9
298,	3
299,	3
300,	4
301,	1
302,	6
303,	3
304,	1
305,	4
306,	3
307,	6
308,	2
309,	7
310,	8
311,	4
312,	3
313,	6
314,	3
315,	6
316,	7
317,	4
318,	4
319,	2
320,	4
321,	6
322,	9
323,	7
324,	7
325,	5
326,	1
327,	5
328,	5
329,	6
330,	1
331,	8
332,	5
333,	1
334,	7
335,	0
336,	3
337,	8
338,	8
339,	7
340,	7
341,	10
342,	7
343,	2
344,	1
345,	6
346,	8
347,	9
348,	7
349,	0
350,	1
351,	0
352,	9
353,	8
354,	5
355,	1
356,	7
357,	9
358,	5
359,	0
360,	5
361,	6
362,	6
363,	6
364,	8
365,	9
366,	7
367,	3
368,	7
369,	6
370,	6
371,	5
372,	4
373,	7
374,	4
375,	5
376,	8
377,	4
378,	4
379,	6
380,	10
381,	4
382,	3
383,	2
384,	3
385,	7
386,	8
387,	9
388,	3
389,	8
390,	8
391,	2
392,	2
393,	10
394,	9
395,	6
396,	11
397,	8
398,	3
399,	8
400,	7
401,	6
402,	8
403,	6
404,	5
405,	10
406,	5
407,	0
408,	0
409,	10
410,	7
411,	5
412,	5
413,	7
414,	10
415,	11
416,	2
417,	5
418,	10
419,	5
420,	2
421,	6
422,	7
423,	9
424,	8
425,	8
426,	9
427,	7
428,	5
429,	8
430,	8
431,	7
432,	0
433,	2
434,	6
435,	6
436,	6
437,	3
438,	8
439,	7
440,	0
441,	10
442,	7
443,	2
444,	4
445,	9
446,	11
447,	2
448,	5
449,	9
450,	11
451,	5
452,	7
453,	6
454,	4
455,	6
456,	9
457,	0
458,	0
459,	0
460,	10
461,	3
462,	0
463,	7
464,	4
465,	7
466,	6
467,	2
468,	7
469,	4
470,	8
471,	9
472,	8
473,	5
474,	9
475,	11
476,	10
477,	0
478,	8
479,	3
480,	3
481,	2
482,	9
483,	4
484,	9
485,	7
486,	9
487,	9
488,	5
489,	7
490,	5
491,	10
492,	10
493,	7
494,	11
495,	8
496,	10
497,	9
498,	6
499,	5
