Instance: /home/gabriel/Documents/ufrgs/courses/oc/trab/instances/cmb01
Vertices: 500
Colors: 12
NumIterations: 10
Alpha: 0.950000
Is Factible?: false
Conflicts: 9
Solution Value: 158234.546875
Vertex,	Color
0,	9
1,	6
2,	9
3,	4
4,	7
5,	5
6,	3
7,	1
8,	5
9,	1
10,	6
11,	5
12,	7
13,	4
14,	5
15,	3
16,	6
17,	2
18,	10
19,	7
20,	6
21,	0
22,	11
23,	1
24,	6
25,	8
26,	1
27,	3
28,	1
29,	4
30,	10
31,	4
32,	1
33,	4
34,	1
35,	9
36,	9
37,	5
38,	0
39,	3
40,	2
41,	5
42,	7
43,	1
44,	2
45,	7
46,	7
47,	3
48,	5
49,	3
50,	3
51,	3
52,	4
53,	2
54,	4
55,	5
56,	0
57,	4
58,	6
59,	1
60,	8
61,	2
62,	4
63,	7
64,	3
65,	1
66,	4
67,	2
68,	8
69,	3
70,	3
71,	2
72,	4
73,	6
74,	3
75,	2
76,	0
77,	11
78,	8
79,	9
80,	4
81,	4
82,	5
83,	8
84,	5
85,	6
86,	9
87,	2
88,	5
89,	7
90,	3
91,	3
92,	7
93,	6
94,	2
95,	5
96,	0
97,	2
98,	5
99,	3
100,	2
101,	6
102,	0
103,	1
104,	0
105,	3
106,	5
107,	5
108,	2
109,	1
110,	4
111,	5
112,	7
113,	6
114,	2
115,	7
116,	0
117,	7
118,	1
119,	10
120,	3
121,	5
122,	2
123,	0
124,	6
125,	6
126,	7
127,	1
128,	0
129,	6
130,	3
131,	1
132,	6
133,	1
134,	9
135,	4
136,	4
137,	6
138,	7
139,	0
140,	2
141,	9
142,	2
143,	7
144,	0
145,	2
146,	2
147,	5
148,	4
149,	4
150,	7
151,	0
152,	6
153,	4
154,	5
155,	8
156,	2
157,	2
158,	1
159,	1
160,	1
161,	5
162,	0
163,	3
164,	0
165,	3
166,	10
167,	6
168,	2
169,	1
170,	1
171,	6
172,	3
173,	8
174,	0
175,	5
176,	2
177,	4
178,	7
179,	2
180,	6
181,	0
182,	9
183,	1
184,	0
185,	1
186,	2
187,	3
188,	10
189,	5
190,	4
191,	2
192,	2
193,	5
194,	6
195,	9
196,	3
197,	2
198,	8
199,	7
200,	3
201,	5
202,	8
203,	2
204,	7
205,	4
206,	2
207,	2
208,	0
209,	0
210,	6
211,	1
212,	11
213,	4
214,	7
215,	8
216,	1
217,	7
218,	6
219,	3
220,	4
221,	1
222,	3
223,	4
224,	0
225,	3
226,	1
227,	5
228,	7
229,	0
230,	5
231,	9
232,	9
233,	2
234,	1
235,	10
236,	0
237,	1
238,	2
239,	7
240,	2
241,	2
242,	8
243,	7
244,	7
245,	2
246,	4
247,	3
248,	1
249,	5
250,	0
251,	0
252,	7
253,	8
254,	0
255,	10
256,	0
257,	2
258,	4
259,	1
260,	5
261,	2
262,	9
263,	9
264,	3
265,	5
266,	6
267,	0
268,	1
269,	2
270,	7
271,	6
272,	6
273,	6
274,	1
275,	1
276,	4
277,	0
278,	5
279,	0
280,	5
281,	4
282,	4
283,	2
284,	4
285,	1
286,	3
287,	3
288,	3
289,	0
290,	2
291,	0
292,	0
293,	3
294,	4
295,	0
296,	2
297,	9
298,	0
299,	6
300,	2
301,	2
302,	5
303,	0
304,	6
305,	1
306,	4
307,	3
308,	0
309,	8
310,	2
311,	8
312,	1
313,	2
314,	3
315,	8
316,	5
317,	2
318,	2
319,	1
320,	5
321,	1
322,	2
323,	9
324,	0
325,	4
326,	1
327,	2
328,	6
329,	4
330,	3
331,	1
332,	3
333,	4
334,	9
335,	5
336,	7
337,	7
338,	7
339,	6
340,	8
341,	1
342,	6
343,	6
344,	1
345,	5
346,	4
347,	0
348,	8
349,	6
350,	3
351,	0
352,	2
353,	10
354,	3
355,	3
356,	9
357,	8
358,	2
359,	0
360,	1
361,	6
362,	1
363,	9
364,	7
365,	8
366,	0
367,	1
368,	1
369,	1
370,	1
371,	8
372,	0
373,	4
374,	3
375,	0
376,	9
377,	3
378,	3
379,	2
380,	9
381,	3
382,	1
383,	0
384,	4
385,	5
386,	5
387,	1
388,	5
389,	8
390,	8
391,	0
392,	0
393,	8
394,	0
395,	2
396,	6
397,	4
398,	0
399,	2
400,	4
401,	2
402,	0
403,	6
404,	4
405,	0
406,	4
407,	0
408,	7
409,	1
410,	1
411,	4
412,	2
413,	5
414,	8
415,	8
416,	3
417,	2
418,	10
419,	0
420,	0
421,	2
422,	5
423,	8
424,	3
425,	1
426,	6
427,	5
428,	0
429,	4
430,	4
431,	9
432,	3
433,	5
434,	7
435,	0
436,	0
437,	1
438,	0
439,	7
440,	0
441,	0
442,	0
443,	11
444,	4
445,	10
446,	7
447,	3
448,	7
449,	8
450,	3
451,	0
452,	3
453,	3
454,	4
455,	4
456,	3
457,	4
458,	10
459,	10
460,	0
461,	3
462,	3
463,	3
464,	1
465,	5
466,	5
467,	6
468,	5
469,	0
470,	2
471,	4
472,	1
473,	2
474,	5
475,	2
476,	6
477,	1
478,	5
479,	4
480,	5
481,	5
482,	4
483,	4
484,	2
485,	7
486,	0
487,	6
488,	5
489,	6
490,	4
491,	6
492,	10
493,	8
494,	9
495,	6
496,	10
497,	9
498,	3
499,	8
