Instance: /home/gabriel/Documents/ufrgs/courses/oc/trab/instances/cmb01
Vertices: 500
Colors: 12
NumIterations: 1
Alpha: 1.000000
Is Factible?: false
Conflicts: 16
Solution Value: 157704.093750
Vertex,	Color
0,	5
1,	2
2,	2
3,	0
4,	1
5,	0
6,	3
7,	9
8,	1
9,	0
10,	8
11,	2
12,	7
13,	2
14,	8
15,	6
16,	1
17,	3
18,	1
19,	0
20,	4
21,	2
22,	10
23,	0
24,	6
25,	1
26,	3
27,	9
28,	3
29,	0
30,	2
31,	7
32,	1
33,	6
34,	6
35,	7
36,	1
37,	3
38,	6
39,	10
40,	1
41,	4
42,	0
43,	1
44,	1
45,	0
46,	4
47,	4
48,	7
49,	0
50,	3
51,	2
52,	1
53,	4
54,	3
55,	1
56,	3
57,	3
58,	1
59,	1
60,	5
61,	10
62,	1
63,	2
64,	7
65,	1
66,	1
67,	7
68,	9
69,	1
70,	2
71,	0
72,	8
73,	3
74,	0
75,	0
76,	7
77,	2
78,	9
79,	10
80,	6
81,	0
82,	2
83,	3
84,	6
85,	0
86,	2
87,	3
88,	9
89,	4
90,	5
91,	2
92,	0
93,	11
94,	10
95,	2
96,	2
97,	4
98,	2
99,	3
100,	11
101,	1
102,	8
103,	6
104,	2
105,	4
106,	5
107,	3
108,	2
109,	3
110,	1
111,	3
112,	0
113,	0
114,	7
115,	1
116,	0
117,	0
118,	0
119,	10
120,	9
121,	11
122,	0
123,	6
124,	7
125,	8
126,	9
127,	7
128,	4
129,	6
130,	0
131,	0
132,	8
133,	4
134,	3
135,	1
136,	2
137,	4
138,	1
139,	7
140,	3
141,	3
142,	4
143,	5
144,	5
145,	8
146,	1
147,	4
148,	2
149,	5
150,	7
151,	1
152,	8
153,	0
154,	5
155,	6
156,	4
157,	4
158,	3
159,	2
160,	1
161,	7
162,	0
163,	5
164,	8
165,	2
166,	0
167,	0
168,	8
169,	5
170,	0
171,	7
172,	0
173,	3
174,	7
175,	5
176,	1
177,	8
178,	3
179,	4
180,	4
181,	4
182,	9
183,	6
184,	4
185,	8
186,	6
187,	2
188,	5
189,	8
190,	6
191,	10
192,	7
193,	2
194,	6
195,	5
196,	5
197,	7
198,	0
199,	7
200,	4
201,	2
202,	1
203,	0
204,	0
205,	0
206,	6
207,	6
208,	0
209,	2
210,	9
211,	2
212,	7
213,	5
214,	0
215,	4
216,	3
217,	5
218,	0
219,	11
220,	0
221,	5
222,	2
223,	2
224,	2
225,	2
226,	5
227,	2
228,	5
229,	1
230,	6
231,	10
232,	3
233,	3
234,	6
235,	1
236,	6
237,	2
238,	0
239,	6
240,	1
241,	1
242,	1
243,	2
244,	6
245,	1
246,	3
247,	4
248,	4
249,	0
250,	4
251,	3
252,	6
253,	5
254,	11
255,	9
256,	5
257,	1
258,	0
259,	11
260,	6
261,	3
262,	9
263,	0
264,	6
265,	1
266,	4
267,	1
268,	7
269,	6
270,	4
271,	5
272,	7
273,	6
274,	6
275,	5
276,	5
277,	1
278,	2
279,	0
280,	2
281,	4
282,	4
283,	6
284,	2
285,	3
286,	2
287,	4
288,	2
289,	0
290,	1
291,	2
292,	6
293,	6
294,	8
295,	1
296,	0
297,	9
298,	0
299,	6
300,	10
301,	6
302,	7
303,	0
304,	7
305,	6
306,	4
307,	8
308,	8
309,	0
310,	4
311,	3
312,	4
313,	3
314,	5
315,	9
316,	7
317,	3
318,	3
319,	1
320,	3
321,	7
322,	0
323,	6
324,	8
325,	8
326,	0
327,	6
328,	6
329,	5
330,	5
331,	5
332,	3
333,	3
334,	1
335,	3
336,	3
337,	5
338,	11
339,	8
340,	1
341,	6
342,	5
343,	10
344,	2
345,	4
346,	0
347,	3
348,	6
349,	4
350,	1
351,	3
352,	5
353,	8
354,	2
355,	3
356,	4
357,	2
358,	5
359,	5
360,	4
361,	4
362,	5
363,	1
364,	8
365,	7
366,	3
367,	6
368,	11
369,	5
370,	4
371,	3
372,	1
373,	0
374,	6
375,	8
376,	9
377,	10
378,	7
379,	3
380,	7
381,	3
382,	1
383,	0
384,	1
385,	5
386,	8
387,	5
388,	0
389,	5
390,	7
391,	2
392,	0
393,	8
394,	7
395,	2
396,	4
397,	9
398,	1
399,	7
400,	4
401,	0
402,	3
403,	6
404,	1
405,	9
406,	2
407,	6
408,	0
409,	9
410,	9
411,	4
412,	4
413,	3
414,	7
415,	7
416,	0
417,	1
418,	10
419,	3
420,	2
421,	7
422,	6
423,	5
424,	6
425,	3
426,	3
427,	5
428,	4
429,	0
430,	7
431,	2
432,	0
433,	5
434,	1
435,	8
436,	1
437,	3
438,	2
439,	4
440,	8
441,	4
442,	0
443,	5
444,	1
445,	2
446,	10
447,	4
448,	0
449,	10
450,	0
451,	4
452,	5
453,	8
454,	3
455,	5
456,	7
457,	0
458,	9
459,	4
460,	3
461,	3
462,	8
463,	3
464,	2
465,	5
466,	4
467,	1
468,	2
469,	6
470,	2
471,	0
472,	2
473,	2
474,	9
475,	6
476,	1
477,	0
478,	0
479,	2
480,	3
481,	0
482,	8
483,	7
484,	6
485,	7
486,	2
487,	2
488,	5
489,	0
490,	5
491,	1
492,	8
493,	1
494,	2
495,	3
496,	1
497,	5
498,	0
499,	4
