Instance: /home/gabriel/Documents/ufrgs/courses/oc/trab/instances/cmb01
Vertices: 500
Colors: 12
NumIterations: 500
Alpha: 0.850000
Is Factible?: false
Solution Value: 101509.859375
	Vertex,	Color
0,	6
1,	1
2,	3
3,	9
4,	5
5,	10
6,	0
7,	8
8,	8
9,	2
10,	8
11,	0
12,	1
13,	4
14,	0
15,	6
16,	7
17,	11
18,	8
19,	5
20,	6
21,	8
22,	4
23,	2
24,	6
25,	8
26,	11
27,	6
28,	6
29,	5
30,	4
31,	4
32,	8
33,	5
34,	3
35,	7
36,	0
37,	2
38,	5
39,	1
40,	11
41,	0
42,	11
43,	11
44,	11
45,	11
46,	1
47,	0
48,	9
49,	11
50,	2
51,	4
52,	9
53,	11
54,	10
55,	3
56,	5
57,	2
58,	5
59,	11
60,	5
61,	8
62,	11
63,	11
64,	7
65,	3
66,	5
67,	6
68,	8
69,	7
70,	6
71,	1
72,	7
73,	0
74,	11
75,	6
76,	10
77,	2
78,	4
79,	2
80,	1
81,	10
82,	3
83,	2
84,	5
85,	1
86,	1
87,	6
88,	1
89,	2
90,	7
91,	3
92,	5
93,	4
94,	7
95,	7
96,	10
97,	11
98,	4
99,	10
100,	3
101,	8
102,	7
103,	7
104,	1
105,	3
106,	6
107,	11
108,	10
109,	4
110,	3
111,	8
112,	5
113,	8
114,	3
115,	11
116,	10
117,	10
118,	6
119,	0
120,	9
121,	5
122,	0
123,	2
124,	0
125,	6
126,	3
127,	1
128,	9
129,	0
130,	1
131,	4
132,	4
133,	4
134,	3
135,	5
136,	0
137,	11
138,	7
139,	5
140,	5
141,	1
142,	0
143,	9
144,	6
145,	6
146,	11
147,	8
148,	5
149,	2
150,	11
151,	10
152,	4
153,	7
154,	9
155,	2
156,	11
157,	3
158,	1
159,	10
160,	10
161,	7
162,	8
163,	3
164,	5
165,	10
166,	7
167,	10
168,	7
169,	1
170,	3
171,	9
172,	5
173,	8
174,	0
175,	11
176,	3
177,	10
178,	3
179,	11
180,	6
181,	0
182,	7
183,	0
184,	3
185,	1
186,	11
187,	10
188,	9
189,	8
190,	7
191,	2
192,	11
193,	4
194,	10
195,	1
196,	4
197,	11
198,	6
199,	9
200,	4
201,	10
202,	7
203,	8
204,	0
205,	2
206,	6
207,	8
208,	9
209,	5
210,	2
211,	8
212,	9
213,	2
214,	1
215,	10
216,	0
217,	1
218,	7
219,	2
220,	7
221,	8
222,	1
223,	3
224,	3
225,	0
226,	7
227,	3
228,	9
229,	9
230,	9
231,	5
232,	9
233,	8
234,	0
235,	0
236,	4
237,	3
238,	6
239,	5
240,	8
241,	11
242,	5
243,	10
244,	11
245,	2
246,	7
247,	3
248,	5
249,	10
250,	6
251,	5
252,	8
253,	1
254,	9
255,	2
256,	4
257,	3
258,	3
259,	5
260,	2
261,	6
262,	1
263,	1
264,	1
265,	9
266,	6
267,	5
268,	1
269,	4
270,	9
271,	6
272,	4
273,	5
274,	3
275,	10
276,	7
277,	6
278,	6
279,	3
280,	11
281,	11
282,	7
283,	2
284,	11
285,	8
286,	4
287,	3
288,	2
289,	4
290,	2
291,	10
292,	10
293,	0
294,	8
295,	2
296,	10
297,	11
298,	9
299,	0
300,	4
301,	2
302,	4
303,	0
304,	1
305,	3
306,	3
307,	1
308,	6
309,	10
310,	7
311,	7
312,	11
313,	0
314,	11
315,	2
316,	8
317,	11
318,	7
319,	2
320,	4
321,	7
322,	8
323,	1
324,	11
325,	9
326,	10
327,	9
328,	1
329,	0
330,	9
331,	5
332,	7
333,	10
334,	6
335,	3
336,	11
337,	4
338,	9
339,	1
340,	2
341,	0
342,	3
343,	3
344,	9
345,	1
346,	6
347,	2
348,	4
349,	11
350,	0
351,	5
352,	5
353,	10
354,	5
355,	10
356,	1
357,	7
358,	8
359,	10
360,	5
361,	0
362,	4
363,	2
364,	2
365,	5
366,	8
367,	3
368,	2
369,	8
370,	11
371,	2
372,	9
373,	9
374,	0
375,	8
376,	8
377,	3
378,	9
379,	1
380,	10
381,	8
382,	9
383,	6
384,	0
385,	8
386,	2
387,	5
388,	9
389,	0
390,	0
391,	1
392,	10
393,	5
394,	8
395,	11
396,	0
397,	9
398,	0
399,	0
400,	2
401,	5
402,	4
403,	5
404,	3
405,	10
406,	1
407,	2
408,	5
409,	2
410,	6
411,	7
412,	8
413,	4
414,	0
415,	6
416,	10
417,	7
418,	7
419,	7
420,	5
421,	1
422,	2
423,	1
424,	7
425,	4
426,	11
427,	8
428,	0
429,	5
430,	2
431,	3
432,	10
433,	2
434,	3
435,	11
436,	4
437,	1
438,	6
439,	9
440,	8
441,	6
442,	8
443,	1
444,	10
445,	8
446,	9
447,	10
448,	6
449,	5
450,	6
451,	5
452,	2
453,	10
454,	5
455,	3
456,	9
457,	7
458,	0
459,	3
460,	7
461,	3
462,	6
463,	0
464,	6
465,	0
466,	4
467,	4
468,	10
469,	10
470,	5
471,	11
472,	2
473,	0
474,	6
475,	7
476,	9
477,	4
478,	2
479,	9
480,	0
481,	8
482,	11
483,	7
484,	7
485,	9
486,	4
487,	2
488,	6
489,	1
490,	6
491,	9
492,	9
493,	7
494,	6
495,	1
496,	6
497,	2
498,	4
499,	5
