Instance: /home/gabriel/Documents/ufrgs/courses/oc/trab/instances/cmb01
Vertices: 500
Colors: 12
NumIterations: 1000
Alpha: 0.650000
Is Factible?: false
Solution Value: 101494.984375
	Vertex,	Color
0,	2
1,	10
2,	10
3,	4
4,	8
5,	7
6,	9
7,	2
8,	10
9,	11
10,	6
11,	8
12,	2
13,	0
14,	1
15,	9
16,	9
17,	11
18,	3
19,	4
20,	5
21,	3
22,	2
23,	0
24,	4
25,	8
26,	3
27,	10
28,	10
29,	8
30,	4
31,	1
32,	0
33,	6
34,	4
35,	8
36,	4
37,	2
38,	9
39,	5
40,	5
41,	9
42,	5
43,	7
44,	5
45,	0
46,	11
47,	3
48,	11
49,	5
50,	0
51,	0
52,	11
53,	1
54,	9
55,	3
56,	3
57,	10
58,	11
59,	9
60,	11
61,	5
62,	0
63,	7
64,	4
65,	0
66,	0
67,	7
68,	0
69,	7
70,	4
71,	10
72,	8
73,	7
74,	5
75,	0
76,	11
77,	0
78,	8
79,	2
80,	11
81,	4
82,	1
83,	7
84,	4
85,	8
86,	8
87,	0
88,	3
89,	2
90,	1
91,	6
92,	11
93,	7
94,	11
95,	2
96,	9
97,	6
98,	9
99,	4
100,	11
101,	5
102,	0
103,	10
104,	4
105,	4
106,	9
107,	6
108,	3
109,	1
110,	5
111,	9
112,	6
113,	11
114,	4
115,	1
116,	4
117,	10
118,	4
119,	5
120,	5
121,	7
122,	10
123,	3
124,	1
125,	2
126,	8
127,	3
128,	8
129,	2
130,	0
131,	7
132,	3
133,	9
134,	10
135,	10
136,	11
137,	3
138,	8
139,	8
140,	9
141,	0
142,	6
143,	7
144,	4
145,	9
146,	7
147,	1
148,	2
149,	4
150,	5
151,	9
152,	1
153,	11
154,	2
155,	10
156,	6
157,	3
158,	6
159,	7
160,	8
161,	1
162,	0
163,	2
164,	9
165,	3
166,	0
167,	11
168,	0
169,	7
170,	6
171,	3
172,	11
173,	6
174,	2
175,	1
176,	11
177,	0
178,	9
179,	2
180,	5
181,	3
182,	10
183,	1
184,	1
185,	2
186,	8
187,	2
188,	3
189,	6
190,	7
191,	0
192,	8
193,	10
194,	3
195,	11
196,	1
197,	5
198,	0
199,	2
200,	7
201,	5
202,	10
203,	10
204,	9
205,	7
206,	3
207,	11
208,	4
209,	9
210,	0
211,	0
212,	8
213,	8
214,	2
215,	8
216,	6
217,	10
218,	7
219,	7
220,	4
221,	1
222,	3
223,	0
224,	9
225,	9
226,	3
227,	4
228,	9
229,	9
230,	8
231,	0
232,	8
233,	10
234,	6
235,	10
236,	6
237,	1
238,	11
239,	5
240,	2
241,	4
242,	1
243,	1
244,	0
245,	8
246,	3
247,	0
248,	8
249,	11
250,	6
251,	7
252,	2
253,	5
254,	11
255,	8
256,	6
257,	6
258,	4
259,	1
260,	4
261,	11
262,	6
263,	6
264,	10
265,	10
266,	6
267,	5
268,	1
269,	6
270,	8
271,	4
272,	10
273,	3
274,	6
275,	6
276,	8
277,	1
278,	2
279,	6
280,	3
281,	10
282,	8
283,	1
284,	6
285,	7
286,	3
287,	1
288,	1
289,	8
290,	4
291,	7
292,	5
293,	6
294,	5
295,	10
296,	8
297,	5
298,	5
299,	8
300,	11
301,	5
302,	7
303,	8
304,	4
305,	9
306,	4
307,	3
308,	7
309,	7
310,	11
311,	10
312,	5
313,	4
314,	10
315,	9
316,	6
317,	6
318,	3
319,	4
320,	7
321,	6
322,	3
323,	9
324,	4
325,	10
326,	7
327,	0
328,	0
329,	6
330,	2
331,	7
332,	5
333,	4
334,	3
335,	6
336,	3
337,	5
338,	10
339,	0
340,	9
341,	0
342,	10
343,	6
344,	1
345,	11
346,	5
347,	7
348,	0
349,	5
350,	4
351,	5
352,	2
353,	9
354,	8
355,	2
356,	8
357,	6
358,	6
359,	2
360,	5
361,	9
362,	11
363,	0
364,	4
365,	7
366,	4
367,	8
368,	11
369,	10
370,	0
371,	2
372,	5
373,	8
374,	8
375,	2
376,	10
377,	3
378,	3
379,	5
380,	7
381,	2
382,	4
383,	10
384,	7
385,	9
386,	4
387,	0
388,	2
389,	10
390,	0
391,	10
392,	11
393,	0
394,	9
395,	0
396,	11
397,	8
398,	8
399,	1
400,	1
401,	6
402,	4
403,	0
404,	3
405,	2
406,	6
407,	11
408,	5
409,	2
410,	0
411,	1
412,	3
413,	5
414,	1
415,	9
416,	7
417,	9
418,	3
419,	6
420,	6
421,	5
422,	9
423,	7
424,	6
425,	2
426,	11
427,	11
428,	10
429,	5
430,	3
431,	4
432,	7
433,	10
434,	9
435,	1
436,	1
437,	7
438,	10
439,	8
440,	1
441,	3
442,	4
443,	9
444,	3
445,	9
446,	11
447,	3
448,	4
449,	5
450,	9
451,	3
452,	3
453,	8
454,	11
455,	2
456,	9
457,	1
458,	11
459,	11
460,	2
461,	5
462,	2
463,	10
464,	1
465,	8
466,	7
467,	1
468,	5
469,	4
470,	2
471,	11
472,	10
473,	3
474,	1
475,	7
476,	10
477,	9
478,	3
479,	1
480,	2
481,	0
482,	4
483,	6
484,	0
485,	8
486,	8
487,	9
488,	2
489,	8
490,	7
491,	0
492,	1
493,	8
494,	10
495,	7
496,	0
497,	1
498,	1
499,	11
