Instance: /home/gabriel/Documents/ufrgs/courses/oc/trab/instances/cmb01
Vertices: 500
Colors: 12
NumIterations: 50
Alpha: 0.850000
Is Factible?: false
Solution Value: 101537.726562
	Vertex,	Color
0,	7
1,	0
2,	4
3,	5
4,	2
5,	10
6,	8
7,	4
8,	9
9,	0
10,	2
11,	7
12,	0
13,	2
14,	1
15,	3
16,	2
17,	11
18,	6
19,	6
20,	8
21,	1
22,	1
23,	3
24,	2
25,	11
26,	6
27,	10
28,	3
29,	1
30,	7
31,	2
32,	8
33,	11
34,	8
35,	8
36,	8
37,	7
38,	9
39,	7
40,	9
41,	3
42,	1
43,	2
44,	7
45,	10
46,	7
47,	6
48,	8
49,	6
50,	5
51,	7
52,	7
53,	3
54,	3
55,	10
56,	5
57,	9
58,	8
59,	3
60,	3
61,	1
62,	2
63,	11
64,	4
65,	4
66,	10
67,	11
68,	3
69,	2
70,	6
71,	1
72,	11
73,	7
74,	7
75,	0
76,	6
77,	10
78,	7
79,	11
80,	4
81,	11
82,	9
83,	0
84,	6
85,	6
86,	9
87,	6
88,	5
89,	4
90,	10
91,	1
92,	5
93,	1
94,	8
95,	1
96,	4
97,	3
98,	7
99,	5
100,	5
101,	1
102,	6
103,	5
104,	10
105,	1
106,	4
107,	7
108,	11
109,	4
110,	1
111,	4
112,	1
113,	10
114,	6
115,	8
116,	8
117,	3
118,	11
119,	0
120,	11
121,	2
122,	8
123,	5
124,	10
125,	2
126,	4
127,	0
128,	9
129,	9
130,	7
131,	10
132,	11
133,	0
134,	3
135,	3
136,	7
137,	6
138,	6
139,	6
140,	0
141,	10
142,	3
143,	7
144,	5
145,	0
146,	9
147,	3
148,	10
149,	3
150,	5
151,	8
152,	9
153,	1
154,	1
155,	10
156,	7
157,	9
158,	7
159,	10
160,	6
161,	5
162,	10
163,	0
164,	3
165,	11
166,	6
167,	2
168,	3
169,	8
170,	7
171,	0
172,	3
173,	4
174,	9
175,	0
176,	5
177,	4
178,	8
179,	9
180,	1
181,	5
182,	4
183,	6
184,	0
185,	9
186,	11
187,	5
188,	10
189,	6
190,	9
191,	8
192,	11
193,	8
194,	9
195,	5
196,	4
197,	11
198,	3
199,	5
200,	6
201,	1
202,	11
203,	11
204,	2
205,	1
206,	11
207,	1
208,	0
209,	11
210,	9
211,	4
212,	2
213,	10
214,	5
215,	10
216,	8
217,	4
218,	7
219,	2
220,	7
221,	11
222,	4
223,	1
224,	11
225,	10
226,	5
227,	7
228,	9
229,	9
230,	11
231,	10
232,	9
233,	10
234,	9
235,	7
236,	1
237,	6
238,	4
239,	3
240,	3
241,	1
242,	4
243,	11
244,	10
245,	10
246,	9
247,	9
248,	11
249,	5
250,	0
251,	6
252,	9
253,	11
254,	10
255,	11
256,	10
257,	5
258,	11
259,	9
260,	1
261,	11
262,	2
263,	0
264,	4
265,	10
266,	10
267,	3
268,	3
269,	4
270,	9
271,	2
272,	2
273,	8
274,	5
275,	4
276,	0
277,	5
278,	0
279,	7
280,	4
281,	6
282,	2
283,	10
284,	10
285,	6
286,	2
287,	11
288,	9
289,	3
290,	9
291,	10
292,	1
293,	2
294,	5
295,	5
296,	2
297,	3
298,	7
299,	8
300,	0
301,	0
302,	7
303,	8
304,	2
305,	8
306,	0
307,	2
308,	6
309,	3
310,	5
311,	8
312,	11
313,	3
314,	1
315,	9
316,	0
317,	8
318,	8
319,	8
320,	10
321,	3
322,	3
323,	3
324,	5
325,	4
326,	1
327,	0
328,	10
329,	4
330,	4
331,	3
332,	4
333,	2
334,	2
335,	7
336,	9
337,	10
338,	6
339,	1
340,	5
341,	5
342,	9
343,	3
344,	9
345,	7
346,	3
347,	2
348,	11
349,	9
350,	5
351,	0
352,	1
353,	5
354,	3
355,	0
356,	0
357,	4
358,	11
359,	5
360,	0
361,	7
362,	7
363,	8
364,	5
365,	0
366,	4
367,	6
368,	0
369,	3
370,	8
371,	9
372,	4
373,	0
374,	6
375,	2
376,	10
377,	10
378,	8
379,	2
380,	2
381,	5
382,	6
383,	9
384,	11
385,	5
386,	3
387,	0
388,	4
389,	6
390,	0
391,	9
392,	2
393,	4
394,	6
395,	7
396,	9
397,	0
398,	11
399,	4
400,	8
401,	5
402,	0
403,	3
404,	5
405,	6
406,	11
407,	7
408,	1
409,	10
410,	3
411,	4
412,	10
413,	6
414,	2
415,	9
416,	7
417,	11
418,	7
419,	11
420,	4
421,	10
422,	7
423,	11
424,	9
425,	3
426,	11
427,	2
428,	5
429,	8
430,	8
431,	1
432,	2
433,	4
434,	4
435,	9
436,	6
437,	6
438,	0
439,	6
440,	2
441,	5
442,	11
443,	4
444,	9
445,	1
446,	8
447,	6
448,	2
449,	1
450,	1
451,	10
452,	7
453,	2
454,	7
455,	8
456,	8
457,	7
458,	11
459,	1
460,	1
461,	6
462,	3
463,	5
464,	10
465,	9
466,	8
467,	3
468,	11
469,	2
470,	7
471,	7
472,	8
473,	8
474,	6
475,	6
476,	4
477,	3
478,	7
479,	1
480,	0
481,	10
482,	7
483,	5
484,	2
485,	11
486,	10
487,	9
488,	5
489,	1
490,	1
491,	4
492,	7
493,	7
494,	4
495,	2
496,	9
497,	11
498,	1
499,	1
