Instance: /home/gabriel/Documents/ufrgs/courses/oc/trab/instances/cmb01
Vertices: 500
Colors: 12
NumIterations: 1000
Alpha: 0.500000
Is Factible?: false
Solution Value: 101459.851562
	Vertex,	Color
0,	6
1,	10
2,	5
3,	10
4,	3
5,	9
6,	2
7,	6
8,	0
9,	9
10,	4
11,	11
12,	7
13,	8
14,	3
15,	2
16,	9
17,	0
18,	11
19,	7
20,	10
21,	5
22,	9
23,	3
24,	2
25,	9
26,	3
27,	3
28,	1
29,	7
30,	3
31,	4
32,	5
33,	8
34,	4
35,	11
36,	1
37,	10
38,	2
39,	3
40,	7
41,	9
42,	3
43,	9
44,	0
45,	0
46,	4
47,	8
48,	1
49,	3
50,	4
51,	3
52,	4
53,	10
54,	4
55,	2
56,	11
57,	5
58,	4
59,	4
60,	4
61,	4
62,	2
63,	6
64,	7
65,	5
66,	9
67,	5
68,	2
69,	0
70,	9
71,	1
72,	9
73,	7
74,	9
75,	11
76,	6
77,	1
78,	11
79,	8
80,	8
81,	6
82,	2
83,	11
84,	10
85,	5
86,	9
87,	5
88,	10
89,	9
90,	9
91,	1
92,	8
93,	8
94,	5
95,	11
96,	5
97,	5
98,	2
99,	3
100,	1
101,	0
102,	1
103,	1
104,	5
105,	0
106,	11
107,	1
108,	1
109,	3
110,	7
111,	2
112,	0
113,	8
114,	8
115,	8
116,	7
117,	8
118,	1
119,	0
120,	8
121,	8
122,	7
123,	0
124,	4
125,	5
126,	3
127,	10
128,	0
129,	0
130,	0
131,	0
132,	11
133,	7
134,	6
135,	8
136,	6
137,	3
138,	11
139,	3
140,	4
141,	11
142,	10
143,	11
144,	7
145,	6
146,	8
147,	0
148,	3
149,	2
150,	1
151,	2
152,	9
153,	0
154,	8
155,	3
156,	10
157,	9
158,	10
159,	0
160,	8
161,	2
162,	4
163,	0
164,	7
165,	5
166,	11
167,	11
168,	2
169,	9
170,	10
171,	4
172,	1
173,	8
174,	10
175,	8
176,	9
177,	2
178,	1
179,	1
180,	11
181,	2
182,	11
183,	1
184,	9
185,	7
186,	3
187,	2
188,	8
189,	1
190,	6
191,	6
192,	6
193,	4
194,	10
195,	10
196,	5
197,	4
198,	9
199,	11
200,	9
201,	8
202,	10
203,	4
204,	0
205,	2
206,	9
207,	6
208,	11
209,	3
210,	1
211,	9
212,	1
213,	10
214,	11
215,	2
216,	11
217,	3
218,	1
219,	5
220,	5
221,	1
222,	10
223,	8
224,	6
225,	4
226,	0
227,	10
228,	2
229,	2
230,	11
231,	1
232,	10
233,	3
234,	3
235,	11
236,	6
237,	8
238,	11
239,	3
240,	8
241,	8
242,	11
243,	1
244,	6
245,	4
246,	5
247,	9
248,	9
249,	7
250,	0
251,	6
252,	3
253,	8
254,	10
255,	10
256,	6
257,	7
258,	6
259,	6
260,	2
261,	10
262,	7
263,	3
264,	9
265,	7
266,	9
267,	7
268,	7
269,	8
270,	2
271,	5
272,	2
273,	0
274,	1
275,	2
276,	2
277,	0
278,	9
279,	0
280,	2
281,	10
282,	7
283,	1
284,	10
285,	4
286,	4
287,	1
288,	8
289,	10
290,	8
291,	2
292,	6
293,	6
294,	1
295,	2
296,	2
297,	4
298,	5
299,	9
300,	7
301,	10
302,	5
303,	1
304,	0
305,	10
306,	1
307,	11
308,	9
309,	5
310,	5
311,	9
312,	6
313,	10
314,	11
315,	7
316,	0
317,	10
318,	10
319,	8
320,	6
321,	1
322,	9
323,	9
324,	0
325,	4
326,	11
327,	10
328,	7
329,	3
330,	6
331,	2
332,	6
333,	1
334,	2
335,	3
336,	9
337,	2
338,	7
339,	3
340,	3
341,	2
342,	7
343,	10
344,	5
345,	3
346,	1
347,	3
348,	3
349,	4
350,	4
351,	5
352,	8
353,	3
354,	4
355,	5
356,	11
357,	2
358,	1
359,	3
360,	4
361,	8
362,	0
363,	5
364,	10
365,	9
366,	8
367,	7
368,	4
369,	7
370,	0
371,	9
372,	4
373,	6
374,	4
375,	8
376,	10
377,	5
378,	10
379,	8
380,	11
381,	8
382,	6
383,	9
384,	7
385,	5
386,	9
387,	6
388,	5
389,	4
390,	7
391,	5
392,	6
393,	3
394,	3
395,	0
396,	11
397,	7
398,	2
399,	3
400,	10
401,	4
402,	2
403,	8
404,	11
405,	5
406,	5
407,	0
408,	8
409,	4
410,	9
411,	0
412,	1
413,	7
414,	5
415,	6
416,	0
417,	8
418,	10
419,	11
420,	8
421,	6
422,	6
423,	7
424,	9
425,	6
426,	1
427,	11
428,	10
429,	2
430,	4
431,	10
432,	6
433,	11
434,	11
435,	9
436,	0
437,	6
438,	0
439,	7
440,	6
441,	4
442,	3
443,	5
444,	4
445,	7
446,	9
447,	1
448,	5
449,	11
450,	10
451,	1
452,	11
453,	0
454,	6
455,	4
456,	11
457,	0
458,	5
459,	9
460,	10
461,	5
462,	7
463,	8
464,	2
465,	0
466,	3
467,	5
468,	4
469,	0
470,	0
471,	6
472,	4
473,	3
474,	5
475,	11
476,	9
477,	1
478,	6
479,	5
480,	8
481,	1
482,	6
483,	3
484,	0
485,	7
486,	5
487,	3
488,	0
489,	8
490,	7
491,	3
492,	2
493,	7
494,	1
495,	6
496,	2
497,	0
498,	1
499,	8
