Instance: /home/gabriel/Documents/ufrgs/courses/oc/trab/instances/cmb01
Vertices: 500
Colors: 12
NumIterations: 10000
Alpha: 0.500000
Is Factible?: false
Solution Value: 101399.507812
	Vertex,	Color
0,	10
1,	10
2,	1
3,	6
4,	7
5,	8
6,	1
7,	7
8,	7
9,	9
10,	0
11,	9
12,	8
13,	3
14,	0
15,	7
16,	1
17,	6
18,	8
19,	5
20,	2
21,	8
22,	0
23,	2
24,	4
25,	2
26,	10
27,	3
28,	9
29,	11
30,	11
31,	3
32,	2
33,	1
34,	7
35,	10
36,	8
37,	4
38,	0
39,	7
40,	5
41,	4
42,	1
43,	5
44,	11
45,	9
46,	11
47,	7
48,	8
49,	7
50,	5
51,	0
52,	0
53,	9
54,	6
55,	8
56,	1
57,	4
58,	2
59,	8
60,	8
61,	4
62,	6
63,	10
64,	11
65,	2
66,	7
67,	11
68,	8
69,	8
70,	4
71,	1
72,	8
73,	4
74,	10
75,	11
76,	4
77,	2
78,	3
79,	0
80,	7
81,	11
82,	6
83,	1
84,	0
85,	9
86,	1
87,	8
88,	8
89,	2
90,	10
91,	2
92,	8
93,	6
94,	1
95,	3
96,	6
97,	1
98,	10
99,	2
100,	3
101,	9
102,	8
103,	4
104,	8
105,	1
106,	1
107,	11
108,	2
109,	5
110,	10
111,	10
112,	3
113,	6
114,	9
115,	9
116,	8
117,	9
118,	10
119,	10
120,	2
121,	0
122,	4
123,	3
124,	11
125,	4
126,	3
127,	0
128,	5
129,	2
130,	3
131,	11
132,	10
133,	6
134,	1
135,	1
136,	7
137,	4
138,	9
139,	4
140,	8
141,	9
142,	6
143,	7
144,	8
145,	11
146,	0
147,	4
148,	10
149,	1
150,	7
151,	0
152,	3
153,	3
154,	1
155,	8
156,	11
157,	2
158,	9
159,	10
160,	11
161,	1
162,	10
163,	3
164,	0
165,	3
166,	11
167,	10
168,	2
169,	0
170,	5
171,	0
172,	11
173,	1
174,	9
175,	7
176,	4
177,	3
178,	0
179,	4
180,	11
181,	6
182,	0
183,	5
184,	2
185,	5
186,	3
187,	11
188,	2
189,	8
190,	9
191,	0
192,	5
193,	8
194,	11
195,	3
196,	3
197,	11
198,	0
199,	2
200,	3
201,	1
202,	8
203,	1
204,	1
205,	1
206,	5
207,	4
208,	4
209,	0
210,	9
211,	11
212,	10
213,	9
214,	9
215,	5
216,	2
217,	1
218,	1
219,	3
220,	7
221,	3
222,	9
223,	5
224,	6
225,	9
226,	11
227,	11
228,	5
229,	7
230,	0
231,	9
232,	10
233,	7
234,	3
235,	9
236,	3
237,	4
238,	7
239,	4
240,	4
241,	6
242,	6
243,	2
244,	9
245,	5
246,	7
247,	0
248,	5
249,	10
250,	3
251,	3
252,	10
253,	8
254,	1
255,	2
256,	11
257,	9
258,	8
259,	3
260,	7
261,	4
262,	9
263,	2
264,	5
265,	9
266,	7
267,	10
268,	3
269,	10
270,	7
271,	9
272,	4
273,	4
274,	7
275,	5
276,	0
277,	3
278,	9
279,	2
280,	6
281,	9
282,	7
283,	7
284,	5
285,	2
286,	5
287,	10
288,	5
289,	7
290,	3
291,	2
292,	1
293,	4
294,	9
295,	0
296,	10
297,	5
298,	0
299,	1
300,	2
301,	4
302,	4
303,	6
304,	2
305,	2
306,	7
307,	9
308,	0
309,	2
310,	5
311,	1
312,	10
313,	10
314,	3
315,	4
316,	0
317,	8
318,	2
319,	11
320,	1
321,	6
322,	1
323,	7
324,	11
325,	11
326,	3
327,	4
328,	2
329,	11
330,	0
331,	10
332,	4
333,	7
334,	6
335,	10
336,	10
337,	6
338,	0
339,	4
340,	4
341,	4
342,	7
343,	1
344,	7
345,	11
346,	3
347,	6
348,	7
349,	11
350,	1
351,	6
352,	10
353,	8
354,	3
355,	9
356,	1
357,	6
358,	5
359,	8
360,	1
361,	11
362,	10
363,	7
364,	7
365,	8
366,	5
367,	6
368,	1
369,	5
370,	9
371,	0
372,	6
373,	1
374,	7
375,	3
376,	10
377,	2
378,	4
379,	11
380,	9
381,	6
382,	0
383,	7
384,	7
385,	0
386,	8
387,	8
388,	11
389,	5
390,	5
391,	6
392,	11
393,	5
394,	6
395,	2
396,	11
397,	10
398,	9
399,	0
400,	10
401,	0
402,	4
403,	1
404,	2
405,	8
406,	0
407,	7
408,	8
409,	6
410,	3
411,	8
412,	5
413,	7
414,	8
415,	9
416,	5
417,	10
418,	2
419,	2
420,	6
421,	7
422,	3
423,	10
424,	11
425,	10
426,	10
427,	1
428,	8
429,	6
430,	2
431,	6
432,	0
433,	5
434,	0
435,	11
436,	4
437,	10
438,	4
439,	5
440,	5
441,	0
442,	4
443,	8
444,	8
445,	10
446,	5
447,	11
448,	4
449,	7
450,	3
451,	6
452,	3
453,	0
454,	7
455,	11
456,	11
457,	7
458,	5
459,	3
460,	1
461,	11
462,	5
463,	6
464,	6
465,	1
466,	6
467,	4
468,	3
469,	5
470,	2
471,	9
472,	11
473,	2
474,	1
475,	8
476,	9
477,	8
478,	10
479,	0
480,	6
481,	10
482,	4
483,	2
484,	6
485,	1
486,	9
487,	8
488,	9
489,	1
490,	0
491,	4
492,	11
493,	2
494,	11
495,	0
496,	2
497,	8
498,	6
499,	2
