Instance: /home/gabriel/Documents/ufrgs/courses/oc/trab/instances/cmb01
Vertices: 500
Colors: 12
NumIterations: 50000
Alpha: 0.500000
Is Factible?: false
Solution Value: 101399.007812
	Vertex,	Color
0,	9
1,	6
2,	9
3,	8
4,	4
5,	11
6,	10
7,	2
8,	6
9,	11
10,	8
11,	0
12,	3
13,	10
14,	1
15,	5
16,	6
17,	8
18,	1
19,	4
20,	0
21,	9
22,	8
23,	9
24,	11
25,	3
26,	2
27,	11
28,	11
29,	8
30,	4
31,	0
32,	8
33,	2
34,	0
35,	11
36,	1
37,	0
38,	4
39,	11
40,	11
41,	3
42,	6
43,	5
44,	4
45,	4
46,	2
47,	7
48,	8
49,	1
50,	6
51,	5
52,	5
53,	10
54,	4
55,	4
56,	3
57,	5
58,	3
59,	3
60,	7
61,	11
62,	7
63,	7
64,	4
65,	3
66,	0
67,	11
68,	4
69,	8
70,	3
71,	11
72,	3
73,	7
74,	11
75,	7
76,	10
77,	5
78,	2
79,	5
80,	6
81,	11
82,	0
83,	8
84,	2
85,	3
86,	9
87,	1
88,	10
89,	8
90,	9
91,	8
92,	2
93,	1
94,	0
95,	5
96,	10
97,	2
98,	1
99,	5
100,	1
101,	1
102,	9
103,	3
104,	2
105,	6
106,	0
107,	7
108,	6
109,	6
110,	1
111,	7
112,	0
113,	2
114,	0
115,	11
116,	6
117,	0
118,	3
119,	6
120,	9
121,	10
122,	1
123,	1
124,	1
125,	9
126,	10
127,	11
128,	0
129,	6
130,	9
131,	11
132,	4
133,	5
134,	1
135,	1
136,	7
137,	11
138,	10
139,	10
140,	6
141,	6
142,	8
143,	6
144,	8
145,	0
146,	7
147,	6
148,	11
149,	5
150,	7
151,	8
152,	1
153,	5
154,	10
155,	10
156,	2
157,	0
158,	3
159,	4
160,	5
161,	4
162,	6
163,	6
164,	11
165,	8
166,	1
167,	8
168,	0
169,	1
170,	0
171,	1
172,	5
173,	2
174,	4
175,	1
176,	6
177,	10
178,	0
179,	8
180,	5
181,	5
182,	5
183,	1
184,	3
185,	10
186,	7
187,	1
188,	0
189,	3
190,	5
191,	9
192,	2
193,	10
194,	11
195,	1
196,	5
197,	7
198,	0
199,	7
200,	4
201,	11
202,	11
203,	0
204,	9
205,	7
206,	7
207,	9
208,	10
209,	3
210,	5
211,	7
212,	2
213,	11
214,	2
215,	10
216,	8
217,	3
218,	7
219,	0
220,	4
221,	10
222,	0
223,	9
224,	3
225,	8
226,	7
227,	10
228,	2
229,	4
230,	4
231,	0
232,	11
233,	2
234,	6
235,	1
236,	10
237,	4
238,	3
239,	7
240,	7
241,	7
242,	1
243,	2
244,	0
245,	4
246,	4
247,	9
248,	11
249,	1
250,	1
251,	11
252,	6
253,	4
254,	2
255,	5
256,	2
257,	9
258,	7
259,	5
260,	10
261,	7
262,	9
263,	3
264,	3
265,	4
266,	8
267,	5
268,	6
269,	4
270,	9
271,	3
272,	1
273,	9
274,	11
275,	5
276,	0
277,	10
278,	1
279,	6
280,	9
281,	3
282,	7
283,	9
284,	8
285,	8
286,	2
287,	7
288,	1
289,	7
290,	1
291,	0
292,	9
293,	0
294,	0
295,	9
296,	6
297,	8
298,	10
299,	9
300,	4
301,	7
302,	5
303,	4
304,	6
305,	3
306,	0
307,	4
308,	1
309,	3
310,	4
311,	11
312,	10
313,	0
314,	4
315,	6
316,	7
317,	0
318,	10
319,	7
320,	9
321,	8
322,	10
323,	9
324,	2
325,	4
326,	6
327,	6
328,	2
329,	3
330,	5
331,	3
332,	2
333,	2
334,	6
335,	5
336,	7
337,	10
338,	6
339,	6
340,	11
341,	2
342,	2
343,	9
344,	9
345,	8
346,	9
347,	2
348,	5
349,	3
350,	0
351,	7
352,	9
353,	10
354,	4
355,	0
356,	9
357,	1
358,	7
359,	8
360,	2
361,	9
362,	1
363,	6
364,	11
365,	8
366,	3
367,	11
368,	0
369,	1
370,	3
371,	3
372,	10
373,	0
374,	2
375,	4
376,	1
377,	1
378,	8
379,	3
380,	10
381,	5
382,	5
383,	9
384,	0
385,	10
386,	8
387,	8
388,	9
389,	2
390,	1
391,	7
392,	11
393,	8
394,	3
395,	1
396,	1
397,	11
398,	6
399,	11
400,	2
401,	2
402,	9
403,	8
404,	7
405,	3
406,	8
407,	11
408,	0
409,	8
410,	3
411,	10
412,	5
413,	10
414,	9
415,	11
416,	4
417,	11
418,	2
419,	10
420,	9
421,	7
422,	2
423,	1
424,	7
425,	11
426,	1
427,	9
428,	6
429,	10
430,	11
431,	6
432,	1
433,	5
434,	10
435,	9
436,	7
437,	8
438,	6
439,	5
440,	3
441,	4
442,	3
443,	8
444,	5
445,	6
446,	4
447,	7
448,	4
449,	4
450,	11
451,	11
452,	5
453,	7
454,	2
455,	2
456,	11
457,	5
458,	10
459,	5
460,	0
461,	3
462,	2
463,	8
464,	2
465,	11
466,	10
467,	8
468,	6
469,	11
470,	6
471,	2
472,	10
473,	3
474,	4
475,	9
476,	0
477,	3
478,	2
479,	2
480,	8
481,	6
482,	4
483,	8
484,	5
485,	9
486,	7
487,	8
488,	2
489,	0
490,	11
491,	7
492,	9
493,	4
494,	5
495,	6
496,	6
497,	5
498,	5
499,	7
