Instance: /home/gabriel/Documents/ufrgs/courses/oc/trab/instances/cmb01
Vertices: 500
Colors: 12
NumIterations: 100
Alpha: 0.850000
Is Factible?: false
Solution Value: 101557.734375
	Vertex,	Color
0,	9
1,	2
2,	9
3,	2
4,	4
5,	10
6,	9
7,	9
8,	7
9,	1
10,	4
11,	2
12,	11
13,	7
14,	11
15,	10
16,	6
17,	3
18,	5
19,	11
20,	7
21,	3
22,	7
23,	6
24,	4
25,	2
26,	2
27,	9
28,	2
29,	4
30,	10
31,	3
32,	8
33,	6
34,	2
35,	0
36,	7
37,	2
38,	3
39,	11
40,	9
41,	8
42,	1
43,	7
44,	0
45,	8
46,	9
47,	8
48,	0
49,	11
50,	6
51,	11
52,	11
53,	8
54,	0
55,	1
56,	9
57,	6
58,	5
59,	5
60,	4
61,	1
62,	11
63,	6
64,	5
65,	6
66,	6
67,	3
68,	2
69,	5
70,	5
71,	0
72,	7
73,	1
74,	3
75,	6
76,	8
77,	5
78,	4
79,	0
80,	0
81,	8
82,	5
83,	8
84,	4
85,	9
86,	3
87,	6
88,	1
89,	7
90,	9
91,	11
92,	9
93,	0
94,	7
95,	2
96,	11
97,	8
98,	1
99,	2
100,	11
101,	11
102,	4
103,	11
104,	3
105,	7
106,	2
107,	0
108,	10
109,	0
110,	2
111,	0
112,	7
113,	1
114,	8
115,	3
116,	3
117,	2
118,	9
119,	7
120,	5
121,	6
122,	9
123,	5
124,	6
125,	1
126,	7
127,	0
128,	3
129,	0
130,	2
131,	7
132,	6
133,	10
134,	1
135,	11
136,	5
137,	7
138,	8
139,	6
140,	3
141,	5
142,	0
143,	2
144,	11
145,	1
146,	5
147,	2
148,	7
149,	11
150,	10
151,	3
152,	1
153,	8
154,	9
155,	7
156,	11
157,	5
158,	3
159,	4
160,	0
161,	8
162,	3
163,	8
164,	11
165,	4
166,	8
167,	0
168,	11
169,	10
170,	4
171,	2
172,	0
173,	9
174,	7
175,	9
176,	9
177,	8
178,	7
179,	1
180,	5
181,	4
182,	7
183,	3
184,	7
185,	0
186,	1
187,	1
188,	9
189,	6
190,	8
191,	8
192,	6
193,	5
194,	8
195,	11
196,	3
197,	11
198,	4
199,	4
200,	8
201,	2
202,	8
203,	11
204,	6
205,	2
206,	5
207,	10
208,	8
209,	8
210,	0
211,	1
212,	10
213,	1
214,	3
215,	1
216,	6
217,	10
218,	6
219,	4
220,	11
221,	0
222,	7
223,	10
224,	5
225,	11
226,	1
227,	0
228,	5
229,	7
230,	2
231,	5
232,	4
233,	0
234,	8
235,	9
236,	6
237,	8
238,	11
239,	1
240,	7
241,	7
242,	1
243,	4
244,	9
245,	9
246,	10
247,	4
248,	6
249,	9
250,	10
251,	6
252,	1
253,	2
254,	8
255,	4
256,	0
257,	1
258,	4
259,	0
260,	10
261,	0
262,	9
263,	6
264,	1
265,	1
266,	6
267,	5
268,	4
269,	6
270,	2
271,	10
272,	2
273,	6
274,	10
275,	1
276,	4
277,	0
278,	4
279,	9
280,	10
281,	8
282,	11
283,	8
284,	9
285,	6
286,	8
287,	9
288,	4
289,	11
290,	0
291,	6
292,	8
293,	1
294,	5
295,	5
296,	4
297,	10
298,	8
299,	7
300,	10
301,	3
302,	4
303,	8
304,	0
305,	8
306,	11
307,	4
308,	10
309,	11
310,	7
311,	10
312,	5
313,	9
314,	10
315,	6
316,	10
317,	10
318,	9
319,	11
320,	2
321,	6
322,	5
323,	5
324,	0
325,	7
326,	1
327,	2
328,	9
329,	11
330,	6
331,	1
332,	2
333,	7
334,	3
335,	10
336,	7
337,	3
338,	4
339,	10
340,	3
341,	6
342,	0
343,	9
344,	4
345,	1
346,	5
347,	7
348,	10
349,	3
350,	5
351,	3
352,	4
353,	2
354,	4
355,	1
356,	9
357,	3
358,	11
359,	3
360,	4
361,	3
362,	3
363,	3
364,	11
365,	2
366,	3
367,	11
368,	7
369,	4
370,	9
371,	9
372,	10
373,	5
374,	6
375,	5
376,	8
377,	4
378,	10
379,	4
380,	11
381,	9
382,	10
383,	8
384,	2
385,	10
386,	6
387,	9
388,	4
389,	3
390,	7
391,	3
392,	3
393,	5
394,	1
395,	11
396,	10
397,	2
398,	0
399,	6
400,	10
401,	6
402,	7
403,	2
404,	7
405,	4
406,	9
407,	10
408,	9
409,	1
410,	3
411,	11
412,	7
413,	0
414,	9
415,	6
416,	2
417,	6
418,	6
419,	7
420,	5
421,	8
422,	1
423,	1
424,	4
425,	3
426,	10
427,	8
428,	7
429,	2
430,	4
431,	3
432,	1
433,	10
434,	4
435,	5
436,	7
437,	4
438,	8
439,	0
440,	6
441,	1
442,	0
443,	9
444,	10
445,	7
446,	7
447,	1
448,	4
449,	6
450,	3
451,	2
452,	0
453,	7
454,	11
455,	8
456,	11
457,	2
458,	9
459,	0
460,	3
461,	11
462,	1
463,	4
464,	3
465,	10
466,	5
467,	1
468,	3
469,	8
470,	8
471,	8
472,	7
473,	2
474,	8
475,	3
476,	9
477,	10
478,	1
479,	11
480,	9
481,	9
482,	11
483,	0
484,	5
485,	2
486,	3
487,	0
488,	5
489,	5
490,	6
491,	0
492,	4
493,	0
494,	6
495,	2
496,	9
497,	1
498,	10
499,	6
