Instance: /home/gabriel/Documents/ufrgs/courses/oc/trab/instances/cmb01
Vertices: 500
Colors: 12
NumIterations: 1000
Alpha: 0.850000
Is Factible?: false
Solution Value: 101522.320312
	Vertex,	Color
0,	4
1,	6
2,	1
3,	9
4,	9
5,	9
6,	8
7,	4
8,	3
9,	3
10,	4
11,	5
12,	8
13,	3
14,	2
15,	0
16,	4
17,	1
18,	1
19,	9
20,	3
21,	3
22,	0
23,	11
24,	7
25,	3
26,	7
27,	5
28,	8
29,	4
30,	5
31,	10
32,	6
33,	5
34,	1
35,	1
36,	7
37,	5
38,	0
39,	6
40,	6
41,	2
42,	4
43,	7
44,	5
45,	9
46,	3
47,	0
48,	4
49,	9
50,	6
51,	9
52,	1
53,	2
54,	3
55,	5
56,	7
57,	3
58,	11
59,	8
60,	0
61,	0
62,	1
63,	8
64,	3
65,	11
66,	0
67,	2
68,	8
69,	7
70,	11
71,	5
72,	9
73,	1
74,	4
75,	4
76,	4
77,	2
78,	10
79,	0
80,	3
81,	2
82,	11
83,	8
84,	8
85,	10
86,	1
87,	7
88,	2
89,	4
90,	2
91,	1
92,	9
93,	3
94,	6
95,	2
96,	7
97,	11
98,	9
99,	1
100,	5
101,	5
102,	6
103,	9
104,	9
105,	6
106,	11
107,	0
108,	7
109,	9
110,	7
111,	6
112,	5
113,	11
114,	8
115,	7
116,	3
117,	6
118,	7
119,	11
120,	6
121,	3
122,	6
123,	9
124,	6
125,	0
126,	4
127,	3
128,	8
129,	6
130,	4
131,	11
132,	10
133,	7
134,	5
135,	8
136,	10
137,	2
138,	3
139,	4
140,	8
141,	11
142,	9
143,	8
144,	1
145,	6
146,	9
147,	5
148,	0
149,	9
150,	2
151,	1
152,	8
153,	0
154,	4
155,	9
156,	1
157,	0
158,	2
159,	5
160,	11
161,	7
162,	7
163,	0
164,	0
165,	10
166,	7
167,	5
168,	2
169,	10
170,	9
171,	2
172,	0
173,	4
174,	3
175,	5
176,	6
177,	2
178,	2
179,	8
180,	2
181,	8
182,	3
183,	8
184,	11
185,	8
186,	10
187,	11
188,	8
189,	3
190,	10
191,	4
192,	8
193,	11
194,	7
195,	5
196,	7
197,	9
198,	6
199,	1
200,	10
201,	6
202,	0
203,	8
204,	0
205,	11
206,	4
207,	2
208,	8
209,	1
210,	3
211,	9
212,	1
213,	7
214,	10
215,	8
216,	0
217,	8
218,	8
219,	7
220,	11
221,	2
222,	10
223,	6
224,	3
225,	2
226,	2
227,	9
228,	7
229,	1
230,	7
231,	6
232,	11
233,	5
234,	3
235,	3
236,	7
237,	6
238,	1
239,	9
240,	4
241,	7
242,	3
243,	0
244,	9
245,	6
246,	2
247,	5
248,	10
249,	3
250,	0
251,	1
252,	0
253,	0
254,	2
255,	11
256,	8
257,	5
258,	3
259,	6
260,	3
261,	8
262,	7
263,	6
264,	0
265,	3
266,	1
267,	1
268,	8
269,	8
270,	9
271,	2
272,	0
273,	5
274,	1
275,	5
276,	1
277,	2
278,	9
279,	9
280,	8
281,	3
282,	6
283,	3
284,	10
285,	1
286,	1
287,	3
288,	4
289,	10
290,	9
291,	2
292,	11
293,	10
294,	4
295,	8
296,	7
297,	3
298,	9
299,	3
300,	1
301,	5
302,	6
303,	9
304,	6
305,	11
306,	4
307,	0
308,	8
309,	5
310,	11
311,	11
312,	10
313,	8
314,	4
315,	5
316,	6
317,	9
318,	11
319,	4
320,	10
321,	10
322,	10
323,	0
324,	5
325,	1
326,	0
327,	2
328,	5
329,	2
330,	9
331,	6
332,	8
333,	1
334,	0
335,	3
336,	5
337,	11
338,	9
339,	10
340,	5
341,	7
342,	2
343,	9
344,	1
345,	8
346,	4
347,	7
348,	11
349,	9
350,	5
351,	1
352,	0
353,	7
354,	9
355,	1
356,	6
357,	3
358,	7
359,	4
360,	11
361,	11
362,	0
363,	1
364,	10
365,	4
366,	7
367,	6
368,	8
369,	1
370,	4
371,	3
372,	4
373,	3
374,	9
375,	11
376,	5
377,	7
378,	9
379,	6
380,	4
381,	5
382,	2
383,	1
384,	4
385,	0
386,	10
387,	8
388,	6
389,	4
390,	1
391,	8
392,	10
393,	0
394,	10
395,	0
396,	7
397,	3
398,	8
399,	0
400,	5
401,	4
402,	0
403,	0
404,	4
405,	2
406,	3
407,	11
408,	9
409,	3
410,	9
411,	5
412,	3
413,	4
414,	11
415,	5
416,	4
417,	0
418,	0
419,	11
420,	2
421,	11
422,	2
423,	11
424,	6
425,	6
426,	1
427,	1
428,	10
429,	6
430,	9
431,	5
432,	0
433,	7
434,	8
435,	3
436,	10
437,	8
438,	1
439,	9
440,	6
441,	4
442,	5
443,	6
444,	2
445,	5
446,	3
447,	5
448,	8
449,	2
450,	4
451,	7
452,	7
453,	1
454,	0
455,	1
456,	5
457,	9
458,	8
459,	0
460,	11
461,	5
462,	10
463,	9
464,	0
465,	10
466,	11
467,	9
468,	9
469,	7
470,	4
471,	8
472,	7
473,	1
474,	2
475,	7
476,	4
477,	11
478,	6
479,	6
480,	0
481,	7
482,	7
483,	5
484,	4
485,	11
486,	0
487,	8
488,	2
489,	11
490,	6
491,	0
492,	7
493,	9
494,	7
495,	3
496,	9
497,	4
498,	10
499,	2
