Instance: /home/gabriel/Documents/ufrgs/courses/oc/trab/instances/cmb01
Vertices: 500
Colors: 12
NumIterations: 1000
Alpha: 0.650000
Is Factible?: false
Solution Value: 101454.726562
	Vertex,	Color
0,	6
1,	1
2,	4
3,	2
4,	6
5,	9
6,	3
7,	10
8,	1
9,	2
10,	4
11,	2
12,	2
13,	8
14,	9
15,	6
16,	5
17,	6
18,	0
19,	11
20,	11
21,	0
22,	0
23,	4
24,	5
25,	7
26,	7
27,	3
28,	9
29,	0
30,	1
31,	4
32,	5
33,	5
34,	2
35,	6
36,	7
37,	2
38,	8
39,	2
40,	9
41,	9
42,	6
43,	1
44,	4
45,	0
46,	5
47,	0
48,	3
49,	2
50,	3
51,	2
52,	1
53,	9
54,	0
55,	6
56,	9
57,	8
58,	6
59,	9
60,	2
61,	6
62,	11
63,	6
64,	8
65,	5
66,	2
67,	11
68,	2
69,	9
70,	6
71,	3
72,	8
73,	10
74,	2
75,	2
76,	3
77,	10
78,	6
79,	3
80,	6
81,	7
82,	5
83,	3
84,	11
85,	11
86,	3
87,	6
88,	3
89,	3
90,	5
91,	0
92,	8
93,	3
94,	4
95,	4
96,	8
97,	7
98,	5
99,	7
100,	6
101,	2
102,	3
103,	10
104,	7
105,	1
106,	11
107,	6
108,	3
109,	3
110,	7
111,	2
112,	0
113,	5
114,	1
115,	8
116,	9
117,	10
118,	5
119,	0
120,	6
121,	9
122,	7
123,	2
124,	3
125,	5
126,	6
127,	1
128,	10
129,	0
130,	1
131,	8
132,	11
133,	9
134,	0
135,	11
136,	2
137,	1
138,	10
139,	5
140,	6
141,	1
142,	11
143,	8
144,	2
145,	7
146,	7
147,	10
148,	3
149,	9
150,	0
151,	10
152,	5
153,	0
154,	9
155,	5
156,	9
157,	2
158,	5
159,	7
160,	10
161,	8
162,	6
163,	5
164,	7
165,	5
166,	2
167,	8
168,	0
169,	6
170,	7
171,	7
172,	1
173,	11
174,	0
175,	1
176,	6
177,	11
178,	8
179,	5
180,	4
181,	10
182,	9
183,	1
184,	0
185,	2
186,	4
187,	10
188,	0
189,	2
190,	11
191,	0
192,	3
193,	8
194,	5
195,	8
196,	10
197,	8
198,	9
199,	10
200,	0
201,	3
202,	9
203,	8
204,	8
205,	11
206,	4
207,	3
208,	4
209,	9
210,	9
211,	3
212,	5
213,	1
214,	10
215,	7
216,	11
217,	4
218,	3
219,	4
220,	11
221,	8
222,	10
223,	11
224,	8
225,	2
226,	3
227,	6
228,	0
229,	4
230,	9
231,	6
232,	2
233,	9
234,	8
235,	11
236,	5
237,	4
238,	4
239,	5
240,	2
241,	8
242,	1
243,	0
244,	8
245,	8
246,	1
247,	2
248,	4
249,	5
250,	5
251,	6
252,	0
253,	5
254,	2
255,	7
256,	11
257,	8
258,	2
259,	4
260,	10
261,	9
262,	4
263,	0
264,	1
265,	9
266,	7
267,	9
268,	10
269,	0
270,	11
271,	7
272,	8
273,	4
274,	3
275,	5
276,	1
277,	6
278,	4
279,	5
280,	8
281,	10
282,	7
283,	9
284,	1
285,	3
286,	0
287,	9
288,	4
289,	7
290,	2
291,	1
292,	0
293,	0
294,	6
295,	9
296,	9
297,	2
298,	8
299,	3
300,	2
301,	5
302,	8
303,	11
304,	6
305,	10
306,	2
307,	1
308,	7
309,	11
310,	10
311,	5
312,	9
313,	5
314,	10
315,	11
316,	10
317,	5
318,	3
319,	2
320,	0
321,	11
322,	7
323,	0
324,	10
325,	11
326,	7
327,	3
328,	6
329,	7
330,	11
331,	9
332,	9
333,	2
334,	3
335,	6
336,	7
337,	0
338,	5
339,	7
340,	8
341,	11
342,	3
343,	3
344,	10
345,	8
346,	3
347,	10
348,	0
349,	3
350,	1
351,	4
352,	4
353,	4
354,	1
355,	8
356,	4
357,	9
358,	10
359,	9
360,	3
361,	2
362,	7
363,	1
364,	10
365,	9
366,	7
367,	3
368,	5
369,	5
370,	10
371,	6
372,	8
373,	5
374,	10
375,	11
376,	1
377,	5
378,	10
379,	3
380,	10
381,	2
382,	1
383,	9
384,	7
385,	3
386,	0
387,	7
388,	2
389,	3
390,	11
391,	9
392,	10
393,	3
394,	1
395,	0
396,	11
397,	4
398,	8
399,	8
400,	10
401,	5
402,	3
403,	7
404,	11
405,	5
406,	1
407,	4
408,	9
409,	7
410,	10
411,	1
412,	11
413,	4
414,	2
415,	7
416,	6
417,	11
418,	1
419,	7
420,	10
421,	9
422,	4
423,	0
424,	2
425,	1
426,	0
427,	11
428,	5
429,	6
430,	10
431,	7
432,	0
433,	9
434,	6
435,	8
436,	11
437,	6
438,	2
439,	0
440,	6
441,	10
442,	9
443,	4
444,	10
445,	5
446,	6
447,	6
448,	8
449,	4
450,	0
451,	7
452,	9
453,	5
454,	7
455,	5
456,	6
457,	7
458,	4
459,	10
460,	1
461,	8
462,	7
463,	8
464,	4
465,	11
466,	11
467,	6
468,	7
469,	4
470,	3
471,	10
472,	1
473,	7
474,	7
475,	11
476,	8
477,	3
478,	9
479,	8
480,	10
481,	1
482,	8
483,	4
484,	0
485,	7
486,	0
487,	4
488,	11
489,	10
490,	8
491,	10
492,	9
493,	11
494,	3
495,	6
496,	11
497,	2
498,	1
499,	6
