Instance: /home/gabriel/Documents/ufrgs/courses/oc/trab/instances/cmb01
Vertices: 500
Colors: 12
NumIterations: 1
Alpha: 0.850000
Is Factible?: false
Solution Value: 101680.335938
	Vertex,	Color
0,	3
1,	8
2,	3
3,	7
4,	8
5,	5
6,	11
7,	3
8,	5
9,	4
10,	0
11,	9
12,	8
13,	6
14,	8
15,	11
16,	6
17,	9
18,	4
19,	1
20,	4
21,	4
22,	9
23,	11
24,	4
25,	9
26,	7
27,	1
28,	7
29,	1
30,	11
31,	11
32,	3
33,	4
34,	2
35,	3
36,	7
37,	7
38,	2
39,	8
40,	7
41,	6
42,	5
43,	11
44,	7
45,	10
46,	2
47,	11
48,	5
49,	6
50,	4
51,	8
52,	9
53,	1
54,	10
55,	11
56,	9
57,	8
58,	4
59,	6
60,	10
61,	2
62,	4
63,	5
64,	7
65,	2
66,	9
67,	2
68,	8
69,	5
70,	8
71,	1
72,	4
73,	4
74,	6
75,	4
76,	11
77,	3
78,	8
79,	11
80,	9
81,	4
82,	2
83,	2
84,	6
85,	6
86,	11
87,	5
88,	0
89,	9
90,	1
91,	11
92,	5
93,	5
94,	4
95,	0
96,	11
97,	11
98,	1
99,	6
100,	7
101,	2
102,	11
103,	10
104,	1
105,	3
106,	9
107,	5
108,	5
109,	3
110,	2
111,	1
112,	0
113,	5
114,	2
115,	10
116,	2
117,	4
118,	4
119,	7
120,	5
121,	4
122,	9
123,	2
124,	1
125,	7
126,	9
127,	11
128,	0
129,	7
130,	11
131,	10
132,	2
133,	10
134,	5
135,	4
136,	6
137,	7
138,	0
139,	2
140,	1
141,	3
142,	5
143,	0
144,	2
145,	2
146,	3
147,	10
148,	8
149,	9
150,	2
151,	10
152,	4
153,	11
154,	7
155,	10
156,	0
157,	11
158,	8
159,	1
160,	8
161,	5
162,	6
163,	11
164,	0
165,	1
166,	8
167,	5
168,	0
169,	2
170,	7
171,	1
172,	9
173,	1
174,	4
175,	9
176,	11
177,	3
178,	2
179,	0
180,	7
181,	9
182,	2
183,	10
184,	2
185,	7
186,	6
187,	6
188,	10
189,	2
190,	6
191,	5
192,	3
193,	11
194,	8
195,	10
196,	10
197,	6
198,	4
199,	3
200,	3
201,	10
202,	7
203,	9
204,	4
205,	10
206,	11
207,	1
208,	5
209,	9
210,	7
211,	5
212,	9
213,	5
214,	10
215,	1
216,	2
217,	4
218,	0
219,	11
220,	3
221,	0
222,	8
223,	1
224,	5
225,	10
226,	7
227,	11
228,	0
229,	9
230,	9
231,	8
232,	9
233,	6
234,	8
235,	0
236,	5
237,	1
238,	6
239,	1
240,	11
241,	6
242,	7
243,	11
244,	8
245,	0
246,	6
247,	0
248,	8
249,	0
250,	7
251,	6
252,	10
253,	10
254,	10
255,	1
256,	11
257,	1
258,	5
259,	6
260,	4
261,	4
262,	9
263,	6
264,	10
265,	4
266,	3
267,	6
268,	11
269,	8
270,	6
271,	7
272,	5
273,	7
274,	7
275,	3
276,	3
277,	3
278,	9
279,	10
280,	10
281,	8
282,	7
283,	9
284,	10
285,	5
286,	6
287,	5
288,	9
289,	5
290,	1
291,	0
292,	8
293,	6
294,	6
295,	0
296,	10
297,	2
298,	6
299,	1
300,	7
301,	11
302,	2
303,	7
304,	5
305,	9
306,	1
307,	4
308,	6
309,	2
310,	10
311,	5
312,	11
313,	6
314,	5
315,	6
316,	5
317,	7
318,	6
319,	8
320,	1
321,	5
322,	11
323,	5
324,	4
325,	10
326,	0
327,	3
328,	10
329,	0
330,	9
331,	10
332,	8
333,	3
334,	4
335,	5
336,	6
337,	8
338,	9
339,	1
340,	0
341,	0
342,	3
343,	2
344,	1
345,	3
346,	3
347,	11
348,	1
349,	4
350,	3
351,	10
352,	3
353,	0
354,	2
355,	3
356,	4
357,	6
358,	1
359,	7
360,	8
361,	10
362,	6
363,	9
364,	1
365,	5
366,	3
367,	7
368,	3
369,	0
370,	4
371,	0
372,	10
373,	7
374,	1
375,	4
376,	8
377,	8
378,	9
379,	11
380,	9
381,	9
382,	7
383,	9
384,	2
385,	10
386,	0
387,	0
388,	10
389,	6
390,	8
391,	8
392,	4
393,	1
394,	8
395,	3
396,	6
397,	9
398,	1
399,	3
400,	5
401,	2
402,	1
403,	6
404,	6
405,	7
406,	2
407,	4
408,	5
409,	0
410,	5
411,	9
412,	4
413,	8
414,	8
415,	10
416,	0
417,	3
418,	7
419,	8
420,	11
421,	9
422,	3
423,	4
424,	0
425,	11
426,	7
427,	11
428,	7
429,	4
430,	3
431,	8
432,	8
433,	5
434,	8
435,	1
436,	7
437,	2
438,	3
439,	4
440,	0
441,	11
442,	2
443,	3
444,	8
445,	0
446,	8
447,	8
448,	4
449,	11
450,	2
451,	8
452,	10
453,	2
454,	10
455,	7
456,	2
457,	10
458,	0
459,	3
460,	3
461,	5
462,	3
463,	6
464,	4
465,	5
466,	9
467,	8
468,	3
469,	11
470,	0
471,	5
472,	3
473,	3
474,	9
475,	0
476,	1
477,	5
478,	9
479,	7
480,	9
481,	5
482,	1
483,	0
484,	10
485,	4
486,	8
487,	0
488,	8
489,	1
490,	10
491,	2
492,	4
493,	10
494,	2
495,	7
496,	9
497,	8
498,	0
499,	0
