Instance: /home/gabriel/Documents/ufrgs/courses/oc/trab/instances/cmb01
Vertices: 500
Colors: 12
NumIterations: 100
Alpha: 0.500000
Is Factible?: false
Solution Value: 101525.812500
	Vertex,	Color
0,	8
1,	0
2,	0
3,	7
4,	6
5,	8
6,	1
7,	11
8,	2
9,	5
10,	1
11,	8
12,	6
13,	10
14,	8
15,	7
16,	7
17,	4
18,	11
19,	6
20,	4
21,	10
22,	4
23,	10
24,	6
25,	2
26,	9
27,	7
28,	1
29,	8
30,	10
31,	7
32,	0
33,	4
34,	0
35,	3
36,	4
37,	6
38,	11
39,	0
40,	2
41,	7
42,	8
43,	2
44,	11
45,	1
46,	2
47,	0
48,	3
49,	7
50,	1
51,	2
52,	6
53,	5
54,	7
55,	3
56,	1
57,	8
58,	7
59,	1
60,	10
61,	11
62,	5
63,	11
64,	2
65,	1
66,	1
67,	1
68,	3
69,	3
70,	8
71,	8
72,	10
73,	4
74,	4
75,	7
76,	8
77,	5
78,	9
79,	2
80,	11
81,	9
82,	10
83,	10
84,	11
85,	0
86,	1
87,	7
88,	11
89,	9
90,	5
91,	1
92,	8
93,	5
94,	10
95,	1
96,	0
97,	7
98,	1
99,	6
100,	9
101,	5
102,	0
103,	10
104,	3
105,	6
106,	0
107,	8
108,	3
109,	4
110,	5
111,	11
112,	11
113,	4
114,	8
115,	5
116,	9
117,	11
118,	3
119,	5
120,	0
121,	9
122,	8
123,	3
124,	2
125,	4
126,	2
127,	11
128,	2
129,	8
130,	1
131,	3
132,	5
133,	3
134,	6
135,	6
136,	9
137,	9
138,	5
139,	9
140,	2
141,	4
142,	0
143,	8
144,	0
145,	2
146,	10
147,	3
148,	11
149,	10
150,	10
151,	6
152,	1
153,	10
154,	8
155,	10
156,	3
157,	10
158,	11
159,	9
160,	2
161,	11
162,	5
163,	1
164,	6
165,	11
166,	0
167,	5
168,	5
169,	3
170,	9
171,	2
172,	2
173,	9
174,	8
175,	4
176,	9
177,	8
178,	10
179,	8
180,	2
181,	0
182,	2
183,	8
184,	2
185,	8
186,	10
187,	8
188,	6
189,	8
190,	11
191,	1
192,	11
193,	3
194,	5
195,	2
196,	6
197,	10
198,	8
199,	7
200,	6
201,	0
202,	7
203,	1
204,	4
205,	5
206,	7
207,	10
208,	9
209,	10
210,	6
211,	2
212,	1
213,	10
214,	7
215,	8
216,	5
217,	9
218,	4
219,	2
220,	11
221,	7
222,	3
223,	1
224,	6
225,	7
226,	6
227,	2
228,	8
229,	1
230,	7
231,	9
232,	5
233,	1
234,	9
235,	3
236,	5
237,	3
238,	4
239,	9
240,	6
241,	2
242,	4
243,	7
244,	4
245,	11
246,	11
247,	6
248,	0
249,	6
250,	8
251,	3
252,	6
253,	0
254,	0
255,	0
256,	1
257,	0
258,	6
259,	1
260,	0
261,	11
262,	6
263,	0
264,	5
265,	9
266,	7
267,	6
268,	0
269,	6
270,	0
271,	7
272,	11
273,	0
274,	8
275,	10
276,	7
277,	5
278,	9
279,	6
280,	10
281,	4
282,	9
283,	1
284,	4
285,	2
286,	7
287,	0
288,	1
289,	9
290,	11
291,	9
292,	3
293,	1
294,	10
295,	6
296,	6
297,	3
298,	4
299,	2
300,	3
301,	11
302,	4
303,	10
304,	7
305,	0
306,	3
307,	3
308,	1
309,	9
310,	5
311,	10
312,	2
313,	7
314,	7
315,	2
316,	0
317,	1
318,	7
319,	7
320,	5
321,	9
322,	9
323,	7
324,	1
325,	10
326,	0
327,	1
328,	6
329,	8
330,	4
331,	2
332,	0
333,	6
334,	11
335,	1
336,	0
337,	4
338,	11
339,	0
340,	9
341,	0
342,	10
343,	4
344,	4
345,	7
346,	7
347,	4
348,	11
349,	5
350,	1
351,	11
352,	9
353,	2
354,	0
355,	2
356,	1
357,	10
358,	7
359,	9
360,	11
361,	2
362,	4
363,	9
364,	0
365,	0
366,	1
367,	5
368,	9
369,	8
370,	5
371,	4
372,	8
373,	4
374,	8
375,	10
376,	0
377,	4
378,	8
379,	11
380,	10
381,	4
382,	1
383,	4
384,	3
385,	5
386,	2
387,	5
388,	5
389,	3
390,	6
391,	4
392,	7
393,	8
394,	10
395,	0
396,	11
397,	5
398,	7
399,	1
400,	8
401,	0
402,	6
403,	1
404,	9
405,	2
406,	0
407,	2
408,	6
409,	8
410,	2
411,	10
412,	5
413,	11
414,	3
415,	4
416,	2
417,	1
418,	8
419,	2
420,	11
421,	7
422,	11
423,	11
424,	9
425,	3
426,	2
427,	9
428,	9
429,	10
430,	6
431,	0
432,	7
433,	3
434,	5
435,	6
436,	6
437,	1
438,	11
439,	9
440,	6
441,	7
442,	9
443,	9
444,	10
445,	3
446,	8
447,	6
448,	8
449,	6
450,	3
451,	6
452,	3
453,	9
454,	5
455,	1
456,	11
457,	3
458,	1
459,	11
460,	8
461,	3
462,	7
463,	3
464,	10
465,	8
466,	6
467,	9
468,	2
469,	10
470,	5
471,	5
472,	4
473,	4
474,	1
475,	7
476,	3
477,	6
478,	5
479,	3
480,	11
481,	7
482,	3
483,	4
484,	5
485,	11
486,	5
487,	3
488,	0
489,	3
490,	9
491,	9
492,	4
493,	1
494,	3
495,	4
496,	8
497,	10
498,	4
499,	2
