Instance: /home/gabriel/Documents/ufrgs/courses/oc/trab/instances/cmb01
Vertices: 500
Colors: 12
NumIterations: 50
Alpha: 0.500000
Is Factible?: false
Solution Value: 101668.148438
Coloration:
	Vertex,	Color
0,	3
1,	11
2,	10
3,	0
4,	4
5,	7
6,	7
7,	4
8,	6
9,	4
10,	0
11,	11
12,	4
13,	10
14,	0
15,	10
16,	0
17,	0
18,	8
19,	9
20,	2
21,	0
22,	0
23,	1
24,	5
25,	0
26,	11
27,	11
28,	7
29,	2
30,	10
31,	8
32,	4
33,	5
34,	0
35,	11
36,	6
37,	5
38,	2
39,	6
40,	8
41,	0
42,	4
43,	10
44,	9
45,	0
46,	7
47,	6
48,	7
49,	9
50,	7
51,	4
52,	5
53,	1
54,	6
55,	0
56,	2
57,	7
58,	4
59,	5
60,	7
61,	11
62,	3
63,	8
64,	6
65,	3
66,	5
67,	5
68,	4
69,	1
70,	5
71,	11
72,	9
73,	6
74,	6
75,	8
76,	8
77,	6
78,	10
79,	3
80,	10
81,	3
82,	3
83,	4
84,	5
85,	9
86,	9
87,	7
88,	10
89,	6
90,	2
91,	5
92,	7
93,	3
94,	5
95,	3
96,	6
97,	11
98,	0
99,	1
100,	10
101,	6
102,	0
103,	1
104,	8
105,	8
106,	5
107,	1
108,	9
109,	2
110,	9
111,	0
112,	11
113,	1
114,	8
115,	8
116,	3
117,	2
118,	6
119,	1
120,	10
121,	4
122,	7
123,	8
124,	11
125,	4
126,	7
127,	10
128,	2
129,	5
130,	0
131,	2
132,	11
133,	2
134,	9
135,	4
136,	7
137,	0
138,	3
139,	7
140,	5
141,	9
142,	1
143,	10
144,	6
145,	5
146,	1
147,	8
148,	2
149,	4
150,	11
151,	11
152,	6
153,	7
154,	9
155,	10
156,	1
157,	0
158,	10
159,	6
160,	10
161,	9
162,	10
163,	7
164,	7
165,	9
166,	11
167,	9
168,	6
169,	4
170,	3
171,	4
172,	4
173,	8
174,	9
175,	5
176,	3
177,	10
178,	10
179,	7
180,	2
181,	9
182,	7
183,	1
184,	11
185,	0
186,	11
187,	1
188,	1
189,	4
190,	3
191,	3
192,	6
193,	9
194,	3
195,	3
196,	4
197,	11
198,	6
199,	6
200,	9
201,	4
202,	7
203,	8
204,	8
205,	10
206,	11
207,	11
208,	3
209,	1
210,	0
211,	2
212,	3
213,	8
214,	9
215,	8
216,	3
217,	3
218,	0
219,	5
220,	8
221,	9
222,	1
223,	6
224,	1
225,	11
226,	6
227,	8
228,	10
229,	8
230,	5
231,	6
232,	7
233,	2
234,	7
235,	6
236,	2
237,	9
238,	11
239,	2
240,	0
241,	1
242,	10
243,	7
244,	1
245,	2
246,	5
247,	2
248,	10
249,	3
250,	5
251,	5
252,	11
253,	10
254,	4
255,	4
256,	2
257,	8
258,	9
259,	10
260,	2
261,	7
262,	11
263,	0
264,	0
265,	11
266,	2
267,	5
268,	9
269,	5
270,	6
271,	1
272,	8
273,	10
274,	4
275,	0
276,	5
277,	9
278,	4
279,	11
280,	5
281,	6
282,	11
283,	9
284,	0
285,	7
286,	8
287,	1
288,	0
289,	9
290,	3
291,	7
292,	6
293,	7
294,	7
295,	0
296,	9
297,	3
298,	4
299,	3
300,	2
301,	9
302,	6
303,	6
304,	6
305,	8
306,	0
307,	10
308,	3
309,	1
310,	9
311,	0
312,	8
313,	6
314,	4
315,	7
316,	8
317,	11
318,	2
319,	0
320,	6
321,	7
322,	2
323,	0
324,	4
325,	2
326,	9
327,	7
328,	1
329,	7
330,	1
331,	9
332,	3
333,	7
334,	9
335,	11
336,	2
337,	4
338,	2
339,	2
340,	1
341,	9
342,	10
343,	8
344,	3
345,	3
346,	2
347,	1
348,	7
349,	2
350,	10
351,	3
352,	2
353,	10
354,	2
355,	5
356,	8
357,	3
358,	5
359,	3
360,	10
361,	8
362,	11
363,	5
364,	2
365,	4
366,	0
367,	7
368,	7
369,	4
370,	7
371,	2
372,	8
373,	8
374,	0
375,	8
376,	7
377,	2
378,	8
379,	5
380,	3
381,	8
382,	4
383,	5
384,	10
385,	2
386,	8
387,	3
388,	1
389,	4
390,	10
391,	1
392,	1
393,	1
394,	2
395,	4
396,	10
397,	5
398,	5
399,	11
400,	11
401,	11
402,	11
403,	9
404,	11
405,	8
406,	7
407,	2
408,	5
409,	6
410,	10
411,	5
412,	10
413,	5
414,	4
415,	7
416,	7
417,	3
418,	9
419,	1
420,	10
421,	10
422,	11
423,	1
424,	3
425,	6
426,	6
427,	1
428,	4
429,	4
430,	10
431,	10
432,	11
433,	7
434,	2
435,	0
436,	9
437,	4
438,	7
439,	6
440,	6
441,	6
442,	9
443,	6
444,	2
445,	6
446,	9
447,	5
448,	9
449,	0
450,	3
451,	3
452,	5
453,	11
454,	8
455,	2
456,	3
457,	5
458,	6
459,	5
460,	0
461,	5
462,	4
463,	8
464,	1
465,	7
466,	11
467,	11
468,	3
469,	2
470,	8
471,	5
472,	0
473,	6
474,	8
475,	9
476,	8
477,	1
478,	5
479,	9
480,	10
481,	11
482,	4
483,	3
484,	1
485,	9
486,	1
487,	1
488,	3
489,	1
490,	3
491,	6
492,	9
493,	3
494,	10
495,	0
496,	4
497,	0
498,	0
499,	6
