Instance: /home/gabriel/Documents/ufrgs/courses/oc/trab/instances/cmb01
Vertices: 500
Colors: 12
NumIterations: 100
Alpha: 0.650000
Is Factible?: false
Solution Value: 101531.382812
	Vertex,	Color
0,	3
1,	9
2,	5
3,	0
4,	0
5,	4
6,	4
7,	11
8,	1
9,	7
10,	4
11,	10
12,	1
13,	11
14,	0
15,	6
16,	2
17,	9
18,	10
19,	4
20,	4
21,	8
22,	1
23,	2
24,	3
25,	10
26,	8
27,	11
28,	6
29,	8
30,	9
31,	5
32,	5
33,	11
34,	10
35,	3
36,	0
37,	0
38,	3
39,	5
40,	11
41,	10
42,	9
43,	2
44,	10
45,	1
46,	3
47,	9
48,	3
49,	1
50,	4
51,	1
52,	3
53,	11
54,	8
55,	6
56,	4
57,	10
58,	10
59,	1
60,	11
61,	7
62,	7
63,	9
64,	3
65,	6
66,	11
67,	0
68,	7
69,	6
70,	4
71,	0
72,	9
73,	9
74,	0
75,	6
76,	10
77,	7
78,	0
79,	1
80,	1
81,	10
82,	7
83,	4
84,	8
85,	10
86,	3
87,	0
88,	5
89,	4
90,	7
91,	9
92,	2
93,	9
94,	1
95,	2
96,	10
97,	6
98,	8
99,	10
100,	5
101,	5
102,	2
103,	9
104,	7
105,	3
106,	4
107,	2
108,	4
109,	8
110,	8
111,	4
112,	2
113,	2
114,	3
115,	4
116,	4
117,	1
118,	10
119,	3
120,	6
121,	3
122,	2
123,	9
124,	10
125,	11
126,	6
127,	11
128,	7
129,	8
130,	8
131,	6
132,	7
133,	9
134,	7
135,	0
136,	9
137,	0
138,	7
139,	7
140,	7
141,	0
142,	6
143,	4
144,	9
145,	1
146,	8
147,	1
148,	0
149,	4
150,	4
151,	5
152,	0
153,	1
154,	3
155,	0
156,	1
157,	11
158,	3
159,	10
160,	8
161,	2
162,	9
163,	11
164,	5
165,	6
166,	10
167,	5
168,	7
169,	5
170,	8
171,	0
172,	10
173,	6
174,	8
175,	4
176,	11
177,	3
178,	9
179,	1
180,	1
181,	3
182,	0
183,	6
184,	1
185,	0
186,	7
187,	3
188,	0
189,	8
190,	7
191,	2
192,	2
193,	10
194,	9
195,	6
196,	1
197,	10
198,	3
199,	0
200,	5
201,	1
202,	2
203,	7
204,	8
205,	8
206,	7
207,	2
208,	3
209,	1
210,	8
211,	11
212,	3
213,	10
214,	0
215,	8
216,	4
217,	8
218,	11
219,	11
220,	1
221,	1
222,	5
223,	2
224,	2
225,	10
226,	10
227,	6
228,	2
229,	11
230,	7
231,	7
232,	3
233,	6
234,	6
235,	8
236,	2
237,	9
238,	8
239,	11
240,	3
241,	8
242,	1
243,	2
244,	10
245,	6
246,	1
247,	4
248,	2
249,	3
250,	9
251,	5
252,	7
253,	3
254,	10
255,	10
256,	8
257,	5
258,	2
259,	5
260,	5
261,	9
262,	4
263,	5
264,	4
265,	2
266,	10
267,	6
268,	8
269,	2
270,	9
271,	0
272,	8
273,	0
274,	11
275,	4
276,	6
277,	3
278,	4
279,	1
280,	1
281,	1
282,	1
283,	11
284,	7
285,	2
286,	10
287,	0
288,	2
289,	9
290,	10
291,	8
292,	3
293,	5
294,	9
295,	0
296,	2
297,	0
298,	9
299,	7
300,	10
301,	0
302,	0
303,	11
304,	4
305,	11
306,	9
307,	0
308,	7
309,	1
310,	11
311,	1
312,	6
313,	6
314,	7
315,	10
316,	5
317,	7
318,	6
319,	11
320,	4
321,	2
322,	7
323,	6
324,	5
325,	6
326,	9
327,	5
328,	8
329,	5
330,	3
331,	6
332,	1
333,	11
334,	4
335,	10
336,	0
337,	3
338,	8
339,	3
340,	4
341,	7
342,	6
343,	8
344,	6
345,	11
346,	5
347,	2
348,	11
349,	7
350,	4
351,	9
352,	6
353,	1
354,	0
355,	11
356,	2
357,	1
358,	2
359,	4
360,	7
361,	10
362,	4
363,	5
364,	6
365,	0
366,	4
367,	9
368,	4
369,	4
370,	1
371,	4
372,	5
373,	7
374,	8
375,	1
376,	1
377,	9
378,	2
379,	4
380,	11
381,	4
382,	5
383,	9
384,	7
385,	2
386,	10
387,	8
388,	2
389,	5
390,	1
391,	11
392,	5
393,	9
394,	11
395,	11
396,	5
397,	6
398,	5
399,	6
400,	2
401,	4
402,	8
403,	7
404,	3
405,	11
406,	1
407,	7
408,	6
409,	7
410,	1
411,	9
412,	8
413,	6
414,	10
415,	9
416,	7
417,	8
418,	11
419,	4
420,	0
421,	10
422,	2
423,	3
424,	0
425,	11
426,	4
427,	3
428,	9
429,	0
430,	3
431,	5
432,	2
433,	1
434,	8
435,	3
436,	2
437,	3
438,	10
439,	9
440,	11
441,	5
442,	1
443,	11
444,	0
445,	11
446,	9
447,	0
448,	5
449,	10
450,	9
451,	1
452,	0
453,	11
454,	6
455,	10
456,	4
457,	10
458,	8
459,	0
460,	10
461,	11
462,	7
463,	0
464,	10
465,	3
466,	5
467,	0
468,	2
469,	3
470,	8
471,	4
472,	5
473,	2
474,	2
475,	6
476,	8
477,	4
478,	11
479,	6
480,	3
481,	5
482,	5
483,	6
484,	6
485,	7
486,	11
487,	10
488,	5
489,	3
490,	1
491,	6
492,	9
493,	3
494,	0
495,	7
496,	3
497,	11
498,	2
499,	2
