Instance: /home/gabriel/Documents/ufrgs/courses/oc/trab/instances/cmb01
Vertices: 500
Colors: 12
NumIterations: 10
Alpha: 0.850000
Is Factible?: false
Solution Value: 101669.539062
	Vertex,	Color
0,	3
1,	6
2,	11
3,	6
4,	4
5,	9
6,	9
7,	10
8,	0
9,	9
10,	4
11,	4
12,	8
13,	7
14,	9
15,	3
16,	7
17,	5
18,	2
19,	5
20,	11
21,	3
22,	10
23,	1
24,	9
25,	10
26,	1
27,	1
28,	10
29,	5
30,	7
31,	3
32,	6
33,	2
34,	2
35,	3
36,	10
37,	3
38,	6
39,	6
40,	3
41,	5
42,	3
43,	9
44,	11
45,	1
46,	2
47,	1
48,	9
49,	2
50,	1
51,	11
52,	11
53,	0
54,	4
55,	10
56,	11
57,	11
58,	7
59,	3
60,	11
61,	0
62,	5
63,	11
64,	9
65,	10
66,	5
67,	0
68,	0
69,	6
70,	4
71,	2
72,	11
73,	8
74,	10
75,	11
76,	7
77,	11
78,	3
79,	9
80,	6
81,	8
82,	3
83,	6
84,	7
85,	6
86,	2
87,	6
88,	3
89,	7
90,	6
91,	7
92,	0
93,	3
94,	7
95,	7
96,	0
97,	9
98,	5
99,	1
100,	0
101,	6
102,	3
103,	8
104,	2
105,	6
106,	4
107,	4
108,	9
109,	1
110,	6
111,	6
112,	1
113,	6
114,	2
115,	9
116,	7
117,	1
118,	11
119,	2
120,	2
121,	1
122,	6
123,	2
124,	0
125,	2
126,	8
127,	3
128,	7
129,	4
130,	11
131,	10
132,	8
133,	1
134,	3
135,	7
136,	11
137,	7
138,	4
139,	11
140,	11
141,	1
142,	6
143,	5
144,	7
145,	5
146,	10
147,	3
148,	10
149,	6
150,	2
151,	4
152,	2
153,	3
154,	2
155,	3
156,	3
157,	9
158,	8
159,	7
160,	10
161,	2
162,	10
163,	1
164,	11
165,	11
166,	7
167,	2
168,	0
169,	5
170,	8
171,	4
172,	1
173,	11
174,	3
175,	3
176,	9
177,	4
178,	1
179,	7
180,	3
181,	6
182,	10
183,	11
184,	3
185,	4
186,	8
187,	5
188,	9
189,	7
190,	0
191,	11
192,	4
193,	9
194,	10
195,	3
196,	2
197,	9
198,	4
199,	2
200,	11
201,	5
202,	8
203,	2
204,	2
205,	8
206,	2
207,	5
208,	1
209,	8
210,	11
211,	7
212,	3
213,	0
214,	6
215,	4
216,	1
217,	10
218,	5
219,	8
220,	7
221,	4
222,	1
223,	11
224,	5
225,	7
226,	8
227,	1
228,	0
229,	10
230,	2
231,	2
232,	2
233,	7
234,	5
235,	11
236,	11
237,	1
238,	1
239,	4
240,	6
241,	6
242,	11
243,	9
244,	0
245,	9
246,	9
247,	9
248,	4
249,	0
250,	10
251,	9
252,	7
253,	11
254,	11
255,	4
256,	2
257,	4
258,	6
259,	1
260,	11
261,	1
262,	8
263,	0
264,	6
265,	4
266,	10
267,	6
268,	9
269,	1
270,	7
271,	5
272,	5
273,	11
274,	9
275,	9
276,	3
277,	9
278,	3
279,	5
280,	10
281,	6
282,	3
283,	2
284,	4
285,	7
286,	1
287,	0
288,	6
289,	7
290,	11
291,	8
292,	5
293,	3
294,	10
295,	10
296,	7
297,	6
298,	4
299,	8
300,	8
301,	2
302,	3
303,	7
304,	7
305,	8
306,	10
307,	4
308,	11
309,	7
310,	0
311,	0
312,	8
313,	8
314,	8
315,	6
316,	8
317,	9
318,	3
319,	5
320,	0
321,	5
322,	0
323,	11
324,	2
325,	1
326,	10
327,	10
328,	8
329,	10
330,	0
331,	2
332,	0
333,	8
334,	11
335,	7
336,	7
337,	0
338,	11
339,	9
340,	1
341,	4
342,	8
343,	4
344,	3
345,	1
346,	0
347,	1
348,	8
349,	3
350,	10
351,	10
352,	0
353,	0
354,	6
355,	0
356,	6
357,	9
358,	0
359,	10
360,	2
361,	8
362,	4
363,	4
364,	0
365,	10
366,	7
367,	1
368,	11
369,	4
370,	8
371,	6
372,	1
373,	5
374,	1
375,	10
376,	3
377,	3
378,	2
379,	6
380,	2
381,	9
382,	9
383,	10
384,	8
385,	3
386,	9
387,	3
388,	0
389,	10
390,	8
391,	5
392,	9
393,	4
394,	7
395,	11
396,	7
397,	0
398,	7
399,	0
400,	9
401,	0
402,	8
403,	8
404,	4
405,	4
406,	9
407,	6
408,	5
409,	5
410,	10
411,	10
412,	2
413,	5
414,	10
415,	0
416,	9
417,	4
418,	2
419,	3
420,	1
421,	2
422,	1
423,	0
424,	0
425,	9
426,	6
427,	1
428,	3
429,	8
430,	1
431,	3
432,	2
433,	6
434,	7
435,	5
436,	5
437,	0
438,	4
439,	7
440,	5
441,	0
442,	11
443,	5
444,	0
445,	2
446,	5
447,	7
448,	8
449,	10
450,	10
451,	5
452,	11
453,	0
454,	11
455,	5
456,	3
457,	1
458,	6
459,	2
460,	7
461,	10
462,	5
463,	11
464,	4
465,	5
466,	1
467,	6
468,	1
469,	4
470,	5
471,	8
472,	1
473,	11
474,	9
475,	9
476,	0
477,	4
478,	11
479,	0
480,	4
481,	7
482,	1
483,	9
484,	8
485,	6
486,	8
487,	11
488,	7
489,	2
490,	8
491,	2
492,	4
493,	11
494,	5
495,	6
496,	0
497,	11
498,	7
499,	0
