Instance: /home/gabriel/Documents/ufrgs/courses/oc/trab/instances/cmb01
Vertices: 500
Colors: 12
NumIterations: 50000
Alpha: 0.050000
Is Factible?: false
Solution Value: 101391.859375
	Vertex,	Color
0,	10
1,	11
2,	2
3,	2
4,	7
5,	4
6,	10
7,	11
8,	1
9,	5
10,	3
11,	4
12,	1
13,	10
14,	7
15,	5
16,	5
17,	11
18,	5
19,	5
20,	6
21,	8
22,	4
23,	8
24,	8
25,	11
26,	0
27,	5
28,	6
29,	9
30,	7
31,	0
32,	5
33,	8
34,	3
35,	5
36,	1
37,	8
38,	11
39,	4
40,	5
41,	0
42,	6
43,	7
44,	1
45,	0
46,	6
47,	7
48,	3
49,	9
50,	11
51,	9
52,	11
53,	4
54,	0
55,	1
56,	9
57,	7
58,	1
59,	3
60,	8
61,	4
62,	1
63,	1
64,	5
65,	5
66,	8
67,	6
68,	10
69,	0
70,	7
71,	10
72,	0
73,	0
74,	5
75,	1
76,	1
77,	8
78,	1
79,	8
80,	3
81,	6
82,	6
83,	11
84,	7
85,	3
86,	5
87,	9
88,	9
89,	3
90,	0
91,	6
92,	0
93,	5
94,	2
95,	7
96,	4
97,	5
98,	3
99,	5
100,	7
101,	8
102,	10
103,	11
104,	8
105,	10
106,	0
107,	5
108,	0
109,	3
110,	10
111,	2
112,	7
113,	3
114,	9
115,	6
116,	11
117,	4
118,	4
119,	5
120,	3
121,	9
122,	1
123,	2
124,	9
125,	7
126,	6
127,	4
128,	1
129,	2
130,	3
131,	2
132,	2
133,	5
134,	10
135,	3
136,	0
137,	2
138,	1
139,	4
140,	10
141,	9
142,	8
143,	8
144,	7
145,	11
146,	6
147,	9
148,	2
149,	0
150,	0
151,	9
152,	11
153,	9
154,	3
155,	9
156,	6
157,	6
158,	0
159,	10
160,	1
161,	7
162,	4
163,	2
164,	2
165,	5
166,	1
167,	1
168,	6
169,	8
170,	7
171,	7
172,	8
173,	1
174,	3
175,	10
176,	11
177,	3
178,	2
179,	5
180,	11
181,	11
182,	9
183,	8
184,	2
185,	8
186,	3
187,	7
188,	11
189,	2
190,	8
191,	8
192,	3
193,	5
194,	0
195,	10
196,	7
197,	9
198,	3
199,	6
200,	2
201,	6
202,	11
203,	8
204,	3
205,	3
206,	3
207,	6
208,	5
209,	5
210,	2
211,	1
212,	5
213,	10
214,	7
215,	6
216,	9
217,	9
218,	5
219,	8
220,	9
221,	1
222,	5
223,	1
224,	5
225,	3
226,	11
227,	0
228,	10
229,	3
230,	0
231,	2
232,	0
233,	2
234,	9
235,	11
236,	6
237,	7
238,	2
239,	11
240,	1
241,	6
242,	7
243,	2
244,	6
245,	2
246,	4
247,	11
248,	3
249,	10
250,	4
251,	7
252,	10
253,	1
254,	3
255,	10
256,	7
257,	0
258,	4
259,	10
260,	4
261,	9
262,	6
263,	3
264,	9
265,	2
266,	0
267,	10
268,	6
269,	10
270,	5
271,	9
272,	9
273,	2
274,	6
275,	3
276,	2
277,	4
278,	4
279,	0
280,	10
281,	0
282,	7
283,	7
284,	2
285,	8
286,	8
287,	10
288,	3
289,	8
290,	1
291,	1
292,	7
293,	1
294,	6
295,	11
296,	1
297,	11
298,	4
299,	9
300,	7
301,	3
302,	9
303,	10
304,	10
305,	11
306,	4
307,	6
308,	0
309,	4
310,	10
311,	2
312,	8
313,	5
314,	0
315,	0
316,	4
317,	8
318,	4
319,	3
320,	1
321,	7
322,	6
323,	0
324,	3
325,	8
326,	0
327,	7
328,	8
329,	2
330,	6
331,	5
332,	7
333,	4
334,	2
335,	4
336,	6
337,	11
338,	4
339,	11
340,	9
341,	4
342,	6
343,	8
344,	11
345,	9
346,	8
347,	1
348,	6
349,	3
350,	1
351,	0
352,	4
353,	11
354,	7
355,	11
356,	9
357,	0
358,	4
359,	9
360,	11
361,	3
362,	8
363,	2
364,	4
365,	8
366,	10
367,	10
368,	5
369,	1
370,	9
371,	6
372,	4
373,	11
374,	10
375,	7
376,	9
377,	5
378,	5
379,	6
380,	6
381,	2
382,	10
383,	4
384,	1
385,	1
386,	11
387,	6
388,	8
389,	11
390,	10
391,	4
392,	11
393,	7
394,	5
395,	5
396,	8
397,	10
398,	9
399,	5
400,	7
401,	3
402,	0
403,	3
404,	2
405,	11
406,	8
407,	4
408,	2
409,	0
410,	10
411,	5
412,	9
413,	1
414,	5
415,	1
416,	0
417,	7
418,	2
419,	0
420,	3
421,	1
422,	9
423,	8
424,	2
425,	9
426,	9
427,	4
428,	11
429,	4
430,	2
431,	11
432,	3
433,	9
434,	6
435,	0
436,	7
437,	1
438,	4
439,	11
440,	7
441,	8
442,	10
443,	9
444,	0
445,	1
446,	10
447,	8
448,	4
449,	3
450,	9
451,	2
452,	10
453,	1
454,	9
455,	10
456,	5
457,	0
458,	9
459,	5
460,	6
461,	7
462,	5
463,	10
464,	2
465,	6
466,	10
467,	1
468,	11
469,	2
470,	2
471,	4
472,	11
473,	4
474,	3
475,	6
476,	0
477,	7
478,	11
479,	3
480,	4
481,	6
482,	0
483,	3
484,	1
485,	6
486,	10
487,	4
488,	6
489,	10
490,	7
491,	10
492,	8
493,	0
494,	8
495,	2
496,	8
497,	8
498,	0
499,	7
