Instance: /home/gabriel/Documents/ufrgs/courses/oc/trab/instances/cmb01
Vertices: 500
Colors: 12
NumIterations: 1000
Alpha: 0.650000
Is Factible?: false
Solution Value: 101520.351562
	Vertex,	Color
0,	5
1,	2
2,	5
3,	10
4,	10
5,	8
6,	1
7,	4
8,	9
9,	11
10,	7
11,	11
12,	4
13,	2
14,	10
15,	0
16,	1
17,	11
18,	2
19,	5
20,	1
21,	9
22,	3
23,	7
24,	6
25,	0
26,	10
27,	9
28,	3
29,	5
30,	6
31,	6
32,	10
33,	6
34,	3
35,	3
36,	0
37,	3
38,	5
39,	11
40,	6
41,	9
42,	6
43,	10
44,	10
45,	4
46,	11
47,	9
48,	10
49,	4
50,	7
51,	5
52,	10
53,	5
54,	7
55,	4
56,	7
57,	10
58,	11
59,	6
60,	0
61,	2
62,	6
63,	0
64,	2
65,	2
66,	11
67,	4
68,	1
69,	8
70,	3
71,	5
72,	7
73,	2
74,	0
75,	6
76,	6
77,	9
78,	2
79,	9
80,	1
81,	1
82,	3
83,	1
84,	6
85,	9
86,	0
87,	0
88,	0
89,	11
90,	4
91,	6
92,	10
93,	7
94,	9
95,	1
96,	9
97,	9
98,	3
99,	4
100,	10
101,	2
102,	10
103,	3
104,	7
105,	8
106,	7
107,	11
108,	9
109,	1
110,	6
111,	8
112,	6
113,	5
114,	2
115,	11
116,	7
117,	2
118,	11
119,	3
120,	8
121,	10
122,	3
123,	4
124,	7
125,	10
126,	3
127,	11
128,	8
129,	7
130,	5
131,	4
132,	2
133,	5
134,	2
135,	1
136,	11
137,	11
138,	3
139,	1
140,	6
141,	2
142,	9
143,	0
144,	9
145,	1
146,	3
147,	2
148,	10
149,	7
150,	9
151,	0
152,	6
153,	0
154,	6
155,	2
156,	6
157,	4
158,	4
159,	0
160,	8
161,	0
162,	2
163,	9
164,	10
165,	11
166,	11
167,	8
168,	1
169,	1
170,	3
171,	3
172,	0
173,	5
174,	2
175,	0
176,	0
177,	10
178,	11
179,	0
180,	3
181,	7
182,	2
183,	6
184,	8
185,	6
186,	0
187,	6
188,	9
189,	5
190,	8
191,	9
192,	7
193,	2
194,	3
195,	1
196,	4
197,	1
198,	0
199,	6
200,	4
201,	5
202,	4
203,	4
204,	4
205,	8
206,	9
207,	5
208,	9
209,	11
210,	0
211,	0
212,	9
213,	2
214,	2
215,	2
216,	8
217,	6
218,	0
219,	2
220,	9
221,	7
222,	7
223,	1
224,	3
225,	9
226,	10
227,	7
228,	9
229,	10
230,	10
231,	6
232,	5
233,	11
234,	8
235,	8
236,	8
237,	10
238,	3
239,	2
240,	7
241,	0
242,	7
243,	2
244,	1
245,	10
246,	11
247,	1
248,	8
249,	11
250,	10
251,	6
252,	5
253,	3
254,	5
255,	5
256,	3
257,	3
258,	9
259,	7
260,	10
261,	1
262,	10
263,	0
264,	9
265,	8
266,	1
267,	11
268,	4
269,	2
270,	5
271,	5
272,	0
273,	0
274,	8
275,	11
276,	8
277,	8
278,	3
279,	3
280,	7
281,	7
282,	5
283,	2
284,	4
285,	8
286,	0
287,	6
288,	4
289,	8
290,	11
291,	4
292,	10
293,	5
294,	4
295,	10
296,	1
297,	9
298,	4
299,	2
300,	0
301,	0
302,	1
303,	8
304,	9
305,	8
306,	11
307,	7
308,	10
309,	4
310,	3
311,	10
312,	2
313,	3
314,	6
315,	2
316,	10
317,	10
318,	3
319,	0
320,	5
321,	1
322,	1
323,	1
324,	5
325,	2
326,	5
327,	1
328,	10
329,	10
330,	7
331,	7
332,	10
333,	8
334,	0
335,	4
336,	4
337,	9
338,	2
339,	0
340,	7
341,	1
342,	5
343,	9
344,	4
345,	10
346,	7
347,	11
348,	7
349,	6
350,	7
351,	5
352,	4
353,	1
354,	4
355,	7
356,	9
357,	7
358,	3
359,	7
360,	5
361,	3
362,	4
363,	0
364,	7
365,	8
366,	11
367,	0
368,	10
369,	1
370,	11
371,	6
372,	9
373,	9
374,	11
375,	8
376,	7
377,	8
378,	7
379,	5
380,	11
381,	1
382,	11
383,	4
384,	6
385,	7
386,	0
387,	3
388,	5
389,	2
390,	0
391,	2
392,	9
393,	4
394,	1
395,	11
396,	3
397,	7
398,	3
399,	0
400,	11
401,	8
402,	6
403,	2
404,	3
405,	6
406,	9
407,	5
408,	6
409,	10
410,	9
411,	4
412,	1
413,	10
414,	6
415,	5
416,	0
417,	6
418,	7
419,	7
420,	11
421,	0
422,	5
423,	8
424,	5
425,	7
426,	9
427,	8
428,	8
429,	10
430,	1
431,	7
432,	1
433,	5
434,	5
435,	5
436,	2
437,	1
438,	3
439,	0
440,	0
441,	1
442,	3
443,	6
444,	9
445,	7
446,	11
447,	11
448,	4
449,	2
450,	3
451,	4
452,	7
453,	9
454,	8
455,	4
456,	9
457,	6
458,	10
459,	5
460,	11
461,	0
462,	6
463,	11
464,	1
465,	4
466,	5
467,	8
468,	7
469,	10
470,	1
471,	4
472,	2
473,	4
474,	3
475,	2
476,	11
477,	4
478,	11
479,	7
480,	8
481,	5
482,	0
483,	8
484,	6
485,	5
486,	4
487,	2
488,	2
489,	10
490,	11
491,	3
492,	8
493,	0
494,	9
495,	0
496,	10
497,	7
498,	8
499,	2
