Instance: /home/gabriel/Documents/ufrgs/courses/oc/trab/instances/cmb01
Vertices: 500
Colors: 12
NumIterations: 10
Alpha: 0.500000
Is Factible?: false
Solution Value: 112020.609375
	Vertex,	Color
0,	11
1,	11
2,	6
3,	3
4,	1
5,	1
6,	9
7,	5
8,	5
9,	0
10,	5
11,	8
12,	4
13,	7
14,	2
15,	9
16,	8
17,	0
18,	8
19,	3
20,	10
21,	11
22,	3
23,	8
24,	11
25,	0
26,	5
27,	9
28,	9
29,	4
30,	9
31,	5
32,	3
33,	6
34,	3
35,	6
36,	2
37,	3
38,	4
39,	5
40,	9
41,	1
42,	11
43,	0
44,	4
45,	4
46,	4
47,	2
48,	5
49,	5
50,	9
51,	11
52,	3
53,	8
54,	1
55,	5
56,	6
57,	9
58,	4
59,	11
60,	6
61,	1
62,	4
63,	1
64,	2
65,	2
66,	5
67,	9
68,	3
69,	8
70,	4
71,	5
72,	1
73,	5
74,	3
75,	2
76,	4
77,	2
78,	7
79,	10
80,	10
81,	0
82,	8
83,	7
84,	4
85,	0
86,	7
87,	2
88,	6
89,	11
90,	2
91,	3
92,	7
93,	6
94,	7
95,	11
96,	8
97,	8
98,	10
99,	1
100,	10
101,	1
102,	6
103,	6
104,	0
105,	1
106,	5
107,	5
108,	7
109,	9
110,	5
111,	7
112,	1
113,	10
114,	5
115,	9
116,	2
117,	9
118,	2
119,	5
120,	2
121,	2
122,	9
123,	11
124,	1
125,	2
126,	8
127,	6
128,	11
129,	10
130,	7
131,	7
132,	4
133,	9
134,	1
135,	9
136,	10
137,	4
138,	5
139,	7
140,	3
141,	7
142,	6
143,	7
144,	8
145,	2
146,	1
147,	11
148,	0
149,	0
150,	6
151,	11
152,	9
153,	7
154,	0
155,	4
156,	11
157,	5
158,	7
159,	2
160,	9
161,	10
162,	2
163,	6
164,	1
165,	0
166,	9
167,	5
168,	1
169,	4
170,	6
171,	5
172,	3
173,	7
174,	6
175,	7
176,	7
177,	9
178,	9
179,	3
180,	10
181,	8
182,	1
183,	6
184,	3
185,	11
186,	2
187,	11
188,	9
189,	11
190,	2
191,	8
192,	3
193,	7
194,	10
195,	1
196,	0
197,	4
198,	10
199,	10
200,	6
201,	3
202,	10
203,	2
204,	10
205,	0
206,	2
207,	0
208,	11
209,	7
210,	8
211,	1
212,	11
213,	8
214,	10
215,	6
216,	10
217,	10
218,	7
219,	8
220,	6
221,	7
222,	11
223,	0
224,	1
225,	10
226,	2
227,	6
228,	3
229,	11
230,	5
231,	3
232,	11
233,	1
234,	3
235,	3
236,	8
237,	6
238,	4
239,	7
240,	4
241,	4
242,	11
243,	7
244,	0
245,	11
246,	7
247,	7
248,	9
249,	10
250,	2
251,	0
252,	5
253,	8
254,	9
255,	2
256,	4
257,	5
258,	8
259,	11
260,	8
261,	9
262,	2
263,	1
264,	4
265,	6
266,	9
267,	4
268,	3
269,	2
270,	8
271,	3
272,	3
273,	11
274,	7
275,	0
276,	11
277,	10
278,	10
279,	6
280,	9
281,	2
282,	7
283,	8
284,	8
285,	7
286,	3
287,	6
288,	1
289,	8
290,	6
291,	9
292,	4
293,	9
294,	0
295,	4
296,	10
297,	1
298,	6
299,	3
300,	6
301,	6
302,	7
303,	3
304,	3
305,	9
306,	4
307,	5
308,	8
309,	2
310,	5
311,	1
312,	6
313,	4
314,	7
315,	0
316,	0
317,	2
318,	4
319,	10
320,	2
321,	1
322,	9
323,	3
324,	7
325,	10
326,	6
327,	9
328,	11
329,	0
330,	1
331,	0
332,	6
333,	2
334,	0
335,	9
336,	2
337,	8
338,	3
339,	4
340,	11
341,	4
342,	6
343,	3
344,	0
345,	5
346,	0
347,	10
348,	6
349,	11
350,	5
351,	9
352,	3
353,	9
354,	9
355,	11
356,	0
357,	0
358,	10
359,	4
360,	10
361,	5
362,	8
363,	6
364,	10
365,	2
366,	9
367,	5
368,	4
369,	9
370,	4
371,	7
372,	4
373,	3
374,	11
375,	0
376,	0
377,	9
378,	10
379,	2
380,	6
381,	7
382,	2
383,	0
384,	7
385,	3
386,	9
387,	4
388,	7
389,	6
390,	9
391,	8
392,	3
393,	7
394,	3
395,	6
396,	10
397,	11
398,	4
399,	11
400,	0
401,	0
402,	6
403,	2
404,	10
405,	2
406,	7
407,	7
408,	5
409,	11
410,	1
411,	5
412,	8
413,	10
414,	1
415,	6
416,	5
417,	9
418,	1
419,	3
420,	6
421,	0
422,	11
423,	5
424,	5
425,	5
426,	9
427,	0
428,	6
429,	8
430,	3
431,	2
432,	9
433,	1
434,	5
435,	5
436,	11
437,	2
438,	5
439,	11
440,	0
441,	8
442,	5
443,	8
444,	2
445,	9
446,	5
447,	11
448,	1
449,	3
450,	4
451,	4
452,	5
453,	1
454,	7
455,	10
456,	3
457,	7
458,	1
459,	9
460,	8
461,	10
462,	9
463,	8
464,	9
465,	4
466,	11
467,	11
468,	1
469,	2
470,	4
471,	8
472,	1
473,	3
474,	3
475,	0
476,	2
477,	3
478,	8
479,	0
480,	11
481,	3
482,	4
483,	5
484,	10
485,	3
486,	4
487,	2
488,	3
489,	1
490,	7
491,	10
492,	1
493,	0
494,	0
495,	1
496,	0
497,	5
498,	1
499,	1
