Instance: /home/gabriel/Documents/ufrgs/courses/oc/trab/instances/cmb01
Vertices: 500
Colors: 12
NumIterations: 10
Alpha: 0.500000
Is Factible?: false
Solution Value: 101852.875000
	Vertex,	Color
0,	9
1,	6
2,	4
3,	1
4,	3
5,	10
6,	7
7,	5
8,	11
9,	11
10,	3
11,	1
12,	7
13,	1
14,	3
15,	3
16,	11
17,	4
18,	3
19,	3
20,	6
21,	8
22,	6
23,	5
24,	0
25,	6
26,	10
27,	6
28,	9
29,	8
30,	9
31,	9
32,	3
33,	4
34,	6
35,	10
36,	2
37,	10
38,	4
39,	8
40,	6
41,	10
42,	3
43,	6
44,	11
45,	10
46,	6
47,	9
48,	0
49,	9
50,	10
51,	4
52,	4
53,	5
54,	0
55,	0
56,	6
57,	1
58,	10
59,	7
60,	0
61,	6
62,	3
63,	8
64,	5
65,	4
66,	9
67,	5
68,	8
69,	9
70,	1
71,	10
72,	2
73,	10
74,	11
75,	9
76,	1
77,	11
78,	11
79,	3
80,	6
81,	2
82,	0
83,	5
84,	6
85,	4
86,	5
87,	7
88,	4
89,	7
90,	0
91,	11
92,	11
93,	11
94,	5
95,	7
96,	8
97,	8
98,	1
99,	8
100,	0
101,	2
102,	9
103,	4
104,	6
105,	9
106,	11
107,	0
108,	6
109,	11
110,	11
111,	6
112,	11
113,	4
114,	5
115,	2
116,	10
117,	9
118,	0
119,	11
120,	2
121,	10
122,	0
123,	5
124,	5
125,	7
126,	3
127,	9
128,	1
129,	6
130,	11
131,	7
132,	2
133,	7
134,	11
135,	8
136,	4
137,	1
138,	6
139,	10
140,	6
141,	8
142,	9
143,	7
144,	2
145,	3
146,	2
147,	1
148,	3
149,	11
150,	8
151,	8
152,	8
153,	1
154,	5
155,	6
156,	0
157,	0
158,	10
159,	7
160,	4
161,	8
162,	11
163,	9
164,	2
165,	4
166,	0
167,	5
168,	5
169,	6
170,	10
171,	6
172,	6
173,	11
174,	3
175,	0
176,	3
177,	7
178,	2
179,	6
180,	11
181,	0
182,	7
183,	8
184,	10
185,	2
186,	9
187,	4
188,	5
189,	1
190,	8
191,	4
192,	0
193,	2
194,	6
195,	4
196,	2
197,	9
198,	9
199,	10
200,	6
201,	5
202,	7
203,	3
204,	5
205,	2
206,	5
207,	7
208,	7
209,	2
210,	5
211,	1
212,	2
213,	10
214,	10
215,	11
216,	8
217,	4
218,	3
219,	3
220,	0
221,	11
222,	0
223,	2
224,	9
225,	5
226,	5
227,	2
228,	6
229,	9
230,	7
231,	10
232,	0
233,	2
234,	7
235,	11
236,	4
237,	8
238,	5
239,	4
240,	8
241,	0
242,	1
243,	5
244,	6
245,	5
246,	1
247,	4
248,	11
249,	11
250,	9
251,	8
252,	1
253,	5
254,	5
255,	6
256,	11
257,	11
258,	5
259,	4
260,	0
261,	1
262,	7
263,	10
264,	6
265,	9
266,	8
267,	2
268,	8
269,	7
270,	1
271,	1
272,	2
273,	6
274,	6
275,	6
276,	10
277,	10
278,	6
279,	4
280,	5
281,	9
282,	8
283,	1
284,	1
285,	9
286,	4
287,	0
288,	1
289,	11
290,	11
291,	11
292,	8
293,	3
294,	6
295,	6
296,	9
297,	5
298,	4
299,	10
300,	10
301,	6
302,	10
303,	10
304,	0
305,	3
306,	7
307,	5
308,	4
309,	11
310,	3
311,	1
312,	1
313,	5
314,	7
315,	7
316,	0
317,	5
318,	4
319,	2
320,	11
321,	3
322,	8
323,	5
324,	2
325,	8
326,	7
327,	4
328,	9
329,	4
330,	5
331,	8
332,	3
333,	3
334,	4
335,	1
336,	8
337,	7
338,	1
339,	9
340,	10
341,	2
342,	3
343,	3
344,	8
345,	7
346,	0
347,	1
348,	6
349,	1
350,	2
351,	10
352,	0
353,	10
354,	0
355,	4
356,	7
357,	6
358,	9
359,	9
360,	4
361,	2
362,	2
363,	1
364,	3
365,	8
366,	2
367,	10
368,	2
369,	3
370,	0
371,	9
372,	6
373,	6
374,	1
375,	11
376,	10
377,	1
378,	7
379,	3
380,	0
381,	4
382,	5
383,	2
384,	11
385,	2
386,	3
387,	4
388,	3
389,	9
390,	9
391,	1
392,	2
393,	8
394,	7
395,	0
396,	11
397,	9
398,	5
399,	5
400,	1
401,	4
402,	4
403,	9
404,	8
405,	6
406,	11
407,	7
408,	3
409,	3
410,	10
411,	10
412,	2
413,	1
414,	7
415,	7
416,	11
417,	8
418,	11
419,	2
420,	0
421,	5
422,	3
423,	10
424,	2
425,	10
426,	0
427,	8
428,	4
429,	5
430,	7
431,	2
432,	1
433,	11
434,	9
435,	3
436,	2
437,	9
438,	3
439,	0
440,	8
441,	1
442,	3
443,	7
444,	7
445,	10
446,	2
447,	9
448,	3
449,	5
450,	11
451,	2
452,	10
453,	8
454,	0
455,	2
456,	0
457,	9
458,	3
459,	2
460,	5
461,	7
462,	4
463,	3
464,	7
465,	11
466,	1
467,	1
468,	3
469,	8
470,	7
471,	3
472,	10
473,	0
474,	7
475,	8
476,	4
477,	1
478,	10
479,	4
480,	9
481,	9
482,	8
483,	0
484,	5
485,	8
486,	5
487,	3
488,	4
489,	8
490,	2
491,	10
492,	1
493,	1
494,	6
495,	8
496,	11
497,	4
498,	0
499,	0
