Instance: /home/gabriel/Documents/ufrgs/courses/oc/trab/instances/cmb01
Vertices: 500
Colors: 12
NumIterations: 10
Alpha: 0.500000
Is Factible?: false
Solution Value: 101821.234375
	Vertex,	Color
0,	0
1,	4
2,	4
3,	0
4,	8
5,	4
6,	9
7,	10
8,	6
9,	9
10,	7
11,	6
12,	0
13,	11
14,	3
15,	0
16,	7
17,	9
18,	8
19,	2
20,	7
21,	5
22,	11
23,	2
24,	4
25,	1
26,	0
27,	6
28,	5
29,	6
30,	9
31,	1
32,	5
33,	5
34,	1
35,	5
36,	2
37,	5
38,	3
39,	2
40,	11
41,	8
42,	10
43,	6
44,	8
45,	8
46,	5
47,	8
48,	8
49,	7
50,	9
51,	11
52,	7
53,	4
54,	10
55,	0
56,	7
57,	11
58,	3
59,	11
60,	8
61,	10
62,	4
63,	1
64,	6
65,	7
66,	3
67,	0
68,	6
69,	10
70,	3
71,	10
72,	0
73,	4
74,	1
75,	6
76,	3
77,	9
78,	7
79,	7
80,	10
81,	2
82,	0
83,	2
84,	5
85,	5
86,	1
87,	9
88,	5
89,	6
90,	11
91,	2
92,	2
93,	6
94,	8
95,	8
96,	9
97,	11
98,	11
99,	3
100,	1
101,	1
102,	5
103,	10
104,	6
105,	4
106,	9
107,	4
108,	9
109,	10
110,	1
111,	5
112,	6
113,	5
114,	3
115,	9
116,	2
117,	6
118,	1
119,	11
120,	5
121,	0
122,	0
123,	4
124,	8
125,	8
126,	10
127,	0
128,	4
129,	0
130,	7
131,	9
132,	0
133,	8
134,	1
135,	2
136,	6
137,	5
138,	2
139,	2
140,	11
141,	7
142,	6
143,	2
144,	4
145,	4
146,	11
147,	5
148,	7
149,	7
150,	4
151,	3
152,	8
153,	9
154,	6
155,	6
156,	3
157,	3
158,	2
159,	2
160,	4
161,	0
162,	9
163,	11
164,	0
165,	11
166,	1
167,	6
168,	10
169,	7
170,	3
171,	7
172,	4
173,	1
174,	7
175,	6
176,	7
177,	11
178,	6
179,	4
180,	3
181,	3
182,	7
183,	7
184,	2
185,	6
186,	3
187,	8
188,	1
189,	10
190,	8
191,	9
192,	6
193,	4
194,	5
195,	5
196,	3
197,	0
198,	4
199,	0
200,	3
201,	1
202,	9
203,	10
204,	0
205,	11
206,	5
207,	4
208,	8
209,	1
210,	9
211,	10
212,	1
213,	9
214,	6
215,	11
216,	2
217,	7
218,	5
219,	3
220,	8
221,	3
222,	11
223,	8
224,	0
225,	6
226,	8
227,	0
228,	1
229,	2
230,	3
231,	4
232,	7
233,	11
234,	9
235,	8
236,	2
237,	9
238,	11
239,	11
240,	11
241,	7
242,	6
243,	3
244,	6
245,	8
246,	1
247,	8
248,	2
249,	8
250,	6
251,	10
252,	0
253,	6
254,	9
255,	0
256,	5
257,	10
258,	10
259,	11
260,	4
261,	8
262,	1
263,	4
264,	9
265,	1
266,	10
267,	5
268,	7
269,	2
270,	4
271,	11
272,	9
273,	7
274,	10
275,	1
276,	11
277,	9
278,	1
279,	10
280,	11
281,	9
282,	8
283,	6
284,	7
285,	10
286,	6
287,	6
288,	4
289,	2
290,	6
291,	7
292,	2
293,	10
294,	11
295,	10
296,	11
297,	10
298,	11
299,	6
300,	3
301,	2
302,	1
303,	8
304,	7
305,	3
306,	0
307,	11
308,	5
309,	5
310,	7
311,	6
312,	9
313,	8
314,	9
315,	8
316,	11
317,	6
318,	2
319,	7
320,	3
321,	2
322,	6
323,	7
324,	7
325,	8
326,	11
327,	8
328,	5
329,	2
330,	4
331,	9
332,	11
333,	2
334,	1
335,	6
336,	0
337,	1
338,	8
339,	2
340,	5
341,	3
342,	10
343,	8
344,	0
345,	7
346,	10
347,	3
348,	0
349,	1
350,	0
351,	5
352,	9
353,	5
354,	10
355,	1
356,	4
357,	11
358,	11
359,	11
360,	6
361,	3
362,	0
363,	4
364,	1
365,	4
366,	9
367,	11
368,	4
369,	0
370,	8
371,	10
372,	7
373,	5
374,	8
375,	4
376,	7
377,	2
378,	5
379,	4
380,	7
381,	3
382,	3
383,	1
384,	10
385,	4
386,	7
387,	3
388,	11
389,	0
390,	8
391,	8
392,	4
393,	10
394,	2
395,	5
396,	5
397,	1
398,	2
399,	7
400,	3
401,	4
402,	4
403,	11
404,	7
405,	2
406,	7
407,	8
408,	9
409,	10
410,	3
411,	1
412,	6
413,	5
414,	0
415,	2
416,	0
417,	10
418,	10
419,	2
420,	9
421,	9
422,	7
423,	9
424,	11
425,	3
426,	10
427,	1
428,	0
429,	10
430,	6
431,	9
432,	7
433,	0
434,	2
435,	1
436,	0
437,	9
438,	10
439,	5
440,	0
441,	2
442,	8
443,	2
444,	5
445,	8
446,	0
447,	1
448,	10
449,	9
450,	5
451,	1
452,	9
453,	8
454,	0
455,	2
456,	4
457,	0
458,	4
459,	2
460,	5
461,	8
462,	6
463,	0
464,	4
465,	3
466,	5
467,	2
468,	9
469,	1
470,	11
471,	7
472,	9
473,	11
474,	1
475,	11
476,	11
477,	1
478,	3
479,	1
480,	3
481,	2
482,	0
483,	2
484,	3
485,	8
486,	0
487,	3
488,	0
489,	6
490,	5
491,	6
492,	0
493,	4
494,	8
495,	9
496,	8
497,	5
498,	0
499,	9
