Instance: /home/gabriel/Documents/ufrgs/courses/oc/trab/instances/cmb01
Vertices: 500
Colors: 12
NumIterations: 10
Alpha: 0.500000
Is Factible?: false
Solution Value: 101682.312500
	Vertex,	Color
0,	7
1,	4
2,	6
3,	0
4,	9
5,	7
6,	6
7,	2
8,	5
9,	10
10,	11
11,	7
12,	11
13,	6
14,	3
15,	5
16,	6
17,	10
18,	5
19,	9
20,	4
21,	11
22,	4
23,	4
24,	11
25,	1
26,	2
27,	10
28,	10
29,	11
30,	8
31,	0
32,	9
33,	9
34,	0
35,	11
36,	1
37,	6
38,	5
39,	6
40,	9
41,	3
42,	8
43,	5
44,	9
45,	2
46,	9
47,	8
48,	0
49,	10
50,	1
51,	6
52,	10
53,	4
54,	9
55,	1
56,	8
57,	7
58,	4
59,	11
60,	7
61,	9
62,	10
63,	9
64,	10
65,	5
66,	5
67,	7
68,	0
69,	8
70,	8
71,	1
72,	2
73,	11
74,	3
75,	9
76,	0
77,	8
78,	7
79,	10
80,	2
81,	1
82,	5
83,	5
84,	2
85,	9
86,	10
87,	2
88,	10
89,	1
90,	4
91,	8
92,	8
93,	8
94,	4
95,	6
96,	10
97,	7
98,	7
99,	6
100,	7
101,	5
102,	2
103,	2
104,	7
105,	9
106,	4
107,	10
108,	1
109,	1
110,	0
111,	9
112,	6
113,	2
114,	7
115,	2
116,	7
117,	3
118,	3
119,	10
120,	9
121,	6
122,	7
123,	2
124,	4
125,	6
126,	8
127,	1
128,	11
129,	1
130,	6
131,	3
132,	1
133,	4
134,	3
135,	1
136,	11
137,	9
138,	10
139,	2
140,	10
141,	7
142,	5
143,	0
144,	9
145,	1
146,	4
147,	7
148,	8
149,	2
150,	3
151,	11
152,	9
153,	6
154,	8
155,	2
156,	7
157,	0
158,	8
159,	2
160,	5
161,	7
162,	11
163,	2
164,	9
165,	5
166,	7
167,	2
168,	9
169,	8
170,	10
171,	7
172,	0
173,	10
174,	6
175,	8
176,	9
177,	1
178,	9
179,	11
180,	3
181,	7
182,	0
183,	7
184,	1
185,	3
186,	6
187,	8
188,	4
189,	3
190,	5
191,	11
192,	5
193,	11
194,	5
195,	4
196,	7
197,	9
198,	4
199,	7
200,	4
201,	1
202,	11
203,	7
204,	10
205,	0
206,	6
207,	0
208,	7
209,	10
210,	11
211,	2
212,	8
213,	7
214,	8
215,	8
216,	5
217,	10
218,	6
219,	3
220,	3
221,	3
222,	8
223,	10
224,	1
225,	4
226,	5
227,	7
228,	8
229,	5
230,	1
231,	4
232,	2
233,	9
234,	2
235,	3
236,	5
237,	6
238,	9
239,	10
240,	3
241,	3
242,	6
243,	7
244,	9
245,	10
246,	10
247,	3
248,	9
249,	7
250,	3
251,	10
252,	3
253,	8
254,	1
255,	3
256,	9
257,	8
258,	9
259,	3
260,	8
261,	11
262,	4
263,	11
264,	0
265,	5
266,	8
267,	1
268,	1
269,	0
270,	3
271,	7
272,	11
273,	0
274,	9
275,	3
276,	2
277,	0
278,	11
279,	3
280,	6
281,	11
282,	1
283,	1
284,	6
285,	9
286,	5
287,	11
288,	0
289,	4
290,	7
291,	1
292,	6
293,	7
294,	7
295,	10
296,	9
297,	10
298,	7
299,	5
300,	0
301,	10
302,	4
303,	2
304,	3
305,	2
306,	1
307,	8
308,	6
309,	5
310,	4
311,	3
312,	5
313,	5
314,	6
315,	11
316,	8
317,	11
318,	9
319,	2
320,	8
321,	11
322,	4
323,	6
324,	7
325,	5
326,	7
327,	1
328,	1
329,	0
330,	10
331,	3
332,	3
333,	7
334,	5
335,	5
336,	8
337,	9
338,	3
339,	7
340,	6
341,	4
342,	1
343,	11
344,	5
345,	11
346,	9
347,	9
348,	2
349,	2
350,	7
351,	5
352,	7
353,	6
354,	7
355,	10
356,	0
357,	8
358,	4
359,	6
360,	3
361,	5
362,	6
363,	2
364,	5
365,	11
366,	7
367,	0
368,	1
369,	3
370,	8
371,	5
372,	4
373,	4
374,	0
375,	2
376,	2
377,	4
378,	2
379,	10
380,	8
381,	8
382,	5
383,	7
384,	1
385,	2
386,	8
387,	0
388,	8
389,	8
390,	11
391,	2
392,	8
393,	8
394,	6
395,	11
396,	4
397,	10
398,	11
399,	4
400,	0
401,	0
402,	9
403,	1
404,	2
405,	9
406,	0
407,	10
408,	8
409,	6
410,	4
411,	5
412,	0
413,	11
414,	10
415,	6
416,	3
417,	2
418,	10
419,	6
420,	11
421,	10
422,	0
423,	6
424,	10
425,	11
426,	5
427,	5
428,	5
429,	8
430,	0
431,	2
432,	3
433,	11
434,	6
435,	2
436,	5
437,	1
438,	3
439,	8
440,	11
441,	0
442,	6
443,	0
444,	1
445,	7
446,	2
447,	9
448,	11
449,	6
450,	2
451,	1
452,	4
453,	9
454,	11
455,	9
456,	3
457,	5
458,	1
459,	1
460,	0
461,	11
462,	6
463,	4
464,	1
465,	4
466,	4
467,	7
468,	1
469,	0
470,	3
471,	4
472,	10
473,	10
474,	5
475,	2
476,	4
477,	4
478,	6
479,	3
480,	5
481,	7
482,	9
483,	3
484,	0
485,	2
486,	11
487,	1
488,	7
489,	0
490,	2
491,	1
492,	1
493,	10
494,	4
495,	3
496,	1
497,	1
498,	0
499,	3
