Instance: /home/gabriel/Documents/ufrgs/courses/oc/trab/instances/cmb02
Vertices: 1000
Colors: 10
NumIterations: 1
Alpha: 0.500000
Is Factible?: false
Conflicts: 1
Solution Value: 778597.187500
Vertex,	Color
0,	6
1,	0
2,	6
3,	0
4,	9
5,	1
6,	1
7,	3
8,	4
9,	4
10,	8
11,	6
12,	3
13,	1
14,	3
15,	4
16,	4
17,	4
18,	5
19,	0
20,	6
21,	4
22,	1
23,	0
24,	8
25,	5
26,	6
27,	0
28,	2
29,	2
30,	2
31,	7
32,	4
33,	2
34,	7
35,	5
36,	0
37,	4
38,	6
39,	4
40,	0
41,	4
42,	0
43,	7
44,	3
45,	0
46,	4
47,	0
48,	5
49,	2
50,	5
51,	1
52,	4
53,	4
54,	6
55,	5
56,	4
57,	5
58,	1
59,	1
60,	1
61,	2
62,	0
63,	5
64,	6
65,	1
66,	0
67,	2
68,	4
69,	3
70,	3
71,	0
72,	6
73,	3
74,	4
75,	2
76,	1
77,	6
78,	0
79,	4
80,	6
81,	0
82,	4
83,	1
84,	1
85,	0
86,	2
87,	8
88,	7
89,	1
90,	0
91,	3
92,	5
93,	4
94,	5
95,	7
96,	7
97,	2
98,	4
99,	6
100,	0
101,	2
102,	1
103,	6
104,	6
105,	6
106,	6
107,	4
108,	1
109,	5
110,	1
111,	2
112,	4
113,	2
114,	5
115,	4
116,	3
117,	2
118,	1
119,	7
120,	1
121,	0
122,	5
123,	1
124,	5
125,	0
126,	2
127,	5
128,	4
129,	4
130,	1
131,	4
132,	0
133,	7
134,	0
135,	0
136,	5
137,	7
138,	0
139,	1
140,	3
141,	5
142,	1
143,	1
144,	7
145,	3
146,	6
147,	2
148,	2
149,	8
150,	4
151,	6
152,	2
153,	2
154,	0
155,	1
156,	0
157,	2
158,	0
159,	4
160,	0
161,	3
162,	2
163,	0
164,	3
165,	5
166,	1
167,	4
168,	4
169,	0
170,	0
171,	3
172,	5
173,	8
174,	2
175,	1
176,	2
177,	3
178,	6
179,	2
180,	3
181,	6
182,	1
183,	0
184,	2
185,	1
186,	5
187,	0
188,	6
189,	2
190,	3
191,	1
192,	5
193,	1
194,	6
195,	0
196,	1
197,	0
198,	1
199,	6
200,	2
201,	0
202,	0
203,	0
204,	3
205,	3
206,	4
207,	2
208,	0
209,	1
210,	4
211,	4
212,	4
213,	2
214,	2
215,	0
216,	0
217,	5
218,	4
219,	0
220,	2
221,	2
222,	0
223,	5
224,	0
225,	2
226,	7
227,	2
228,	0
229,	1
230,	0
231,	2
232,	1
233,	1
234,	1
235,	7
236,	0
237,	5
238,	2
239,	1
240,	2
241,	1
242,	1
243,	0
244,	2
245,	1
246,	3
247,	7
248,	6
249,	1
250,	5
251,	3
252,	0
253,	0
254,	2
255,	5
256,	2
257,	2
258,	0
259,	1
260,	6
261,	2
262,	2
263,	1
264,	0
265,	5
266,	6
267,	4
268,	3
269,	4
270,	7
271,	0
272,	2
273,	4
274,	0
275,	1
276,	3
277,	0
278,	0
279,	1
280,	0
281,	2
282,	2
283,	0
284,	3
285,	3
286,	2
287,	0
288,	0
289,	2
290,	5
291,	3
292,	2
293,	0
294,	0
295,	5
296,	4
297,	4
298,	0
299,	2
300,	3
301,	4
302,	0
303,	4
304,	1
305,	3
306,	1
307,	1
308,	0
309,	7
310,	2
311,	1
312,	2
313,	6
314,	0
315,	5
316,	5
317,	2
318,	2
319,	4
320,	3
321,	4
322,	1
323,	1
324,	4
325,	0
326,	5
327,	0
328,	3
329,	6
330,	3
331,	0
332,	4
333,	2
334,	4
335,	0
336,	4
337,	0
338,	2
339,	3
340,	3
341,	6
342,	2
343,	0
344,	0
345,	1
346,	2
347,	1
348,	3
349,	1
350,	0
351,	0
352,	1
353,	1
354,	0
355,	0
356,	6
357,	2
358,	3
359,	1
360,	1
361,	1
362,	2
363,	4
364,	1
365,	1
366,	1
367,	0
368,	0
369,	0
370,	4
371,	2
372,	1
373,	1
374,	4
375,	1
376,	5
377,	1
378,	2
379,	3
380,	0
381,	3
382,	1
383,	1
384,	7
385,	1
386,	1
387,	4
388,	4
389,	1
390,	1
391,	0
392,	2
393,	0
394,	0
395,	1
396,	0
397,	0
398,	0
399,	1
400,	0
401,	2
402,	1
403,	1
404,	1
405,	1
406,	0
407,	0
408,	0
409,	1
410,	1
411,	1
412,	0
413,	0
414,	2
415,	0
416,	1
417,	3
418,	5
419,	1
420,	0
421,	0
422,	1
423,	0
424,	5
425,	1
426,	0
427,	0
428,	4
429,	1
430,	0
431,	2
432,	2
433,	1
434,	0
435,	1
436,	4
437,	4
438,	0
439,	3
440,	2
441,	1
442,	4
443,	0
444,	1
445,	0
446,	0
447,	3
448,	1
449,	0
450,	8
451,	2
452,	7
453,	2
454,	3
455,	0
456,	1
457,	1
458,	0
459,	1
460,	5
461,	1
462,	0
463,	2
464,	0
465,	0
466,	3
467,	1
468,	0
469,	0
470,	3
471,	5
472,	0
473,	1
474,	1
475,	0
476,	2
477,	0
478,	0
479,	2
480,	1
481,	0
482,	2
483,	1
484,	2
485,	0
486,	2
487,	0
488,	4
489,	1
490,	1
491,	0
492,	3
493,	6
494,	0
495,	3
496,	2
497,	1
498,	5
499,	2
500,	2
501,	1
502,	1
503,	1
504,	4
505,	2
506,	4
507,	0
508,	0
509,	1
510,	5
511,	6
512,	0
513,	5
514,	1
515,	0
516,	2
517,	2
518,	2
519,	4
520,	0
521,	0
522,	0
523,	4
524,	5
525,	1
526,	0
527,	0
528,	1
529,	0
530,	1
531,	6
532,	0
533,	1
534,	0
535,	1
536,	0
537,	0
538,	1
539,	0
540,	1
541,	1
542,	1
543,	2
544,	0
545,	2
546,	0
547,	1
548,	0
549,	0
550,	1
551,	0
552,	2
553,	2
554,	2
555,	0
556,	0
557,	1
558,	2
559,	2
560,	1
561,	0
562,	2
563,	2
564,	3
565,	2
566,	3
567,	0
568,	3
569,	1
570,	0
571,	1
572,	4
573,	1
574,	1
575,	0
576,	1
577,	0
578,	3
579,	0
580,	1
581,	1
582,	2
583,	0
584,	1
585,	1
586,	1
587,	1
588,	0
589,	0
590,	3
591,	3
592,	0
593,	0
594,	0
595,	1
596,	0
597,	3
598,	0
599,	2
600,	3
601,	2
602,	5
603,	0
604,	2
605,	2
606,	5
607,	3
608,	2
609,	4
610,	1
611,	2
612,	0
613,	0
614,	1
615,	0
616,	3
617,	0
618,	3
619,	3
620,	8
621,	2
622,	0
623,	0
624,	0
625,	2
626,	2
627,	3
628,	2
629,	4
630,	0
631,	4
632,	3
633,	3
634,	0
635,	2
636,	1
637,	7
638,	4
639,	0
640,	2
641,	0
642,	0
643,	2
644,	1
645,	3
646,	0
647,	3
648,	1
649,	1
650,	2
651,	0
652,	1
653,	1
654,	3
655,	3
656,	1
657,	3
658,	5
659,	1
660,	1
661,	2
662,	0
663,	1
664,	2
665,	0
666,	0
667,	4
668,	2
669,	0
670,	4
671,	0
672,	0
673,	0
674,	3
675,	1
676,	1
677,	3
678,	1
679,	0
680,	3
681,	3
682,	4
683,	1
684,	3
685,	1
686,	4
687,	3
688,	1
689,	2
690,	4
691,	2
692,	3
693,	0
694,	6
695,	1
696,	2
697,	2
698,	3
699,	4
700,	1
701,	1
702,	3
703,	0
704,	5
705,	5
706,	0
707,	2
708,	3
709,	2
710,	0
711,	4
712,	2
713,	1
714,	2
715,	2
716,	3
717,	2
718,	3
719,	1
720,	0
721,	1
722,	1
723,	2
724,	3
725,	2
726,	1
727,	1
728,	5
729,	3
730,	3
731,	3
732,	0
733,	4
734,	1
735,	0
736,	2
737,	0
738,	3
739,	5
740,	3
741,	0
742,	3
743,	2
744,	5
745,	4
746,	1
747,	3
748,	2
749,	3
750,	6
751,	3
752,	3
753,	3
754,	1
755,	1
756,	3
757,	1
758,	1
759,	2
760,	1
761,	2
762,	2
763,	1
764,	1
765,	4
766,	0
767,	4
768,	3
769,	0
770,	4
771,	0
772,	4
773,	1
774,	3
775,	5
776,	3
777,	2
778,	3
779,	0
780,	3
781,	4
782,	8
783,	7
784,	1
785,	2
786,	1
787,	3
788,	2
789,	4
790,	5
791,	5
792,	4
793,	0
794,	5
795,	3
796,	0
797,	3
798,	2
799,	4
800,	3
801,	4
802,	0
803,	2
804,	6
805,	6
806,	1
807,	2
808,	3
809,	6
810,	3
811,	4
812,	1
813,	5
814,	2
815,	4
816,	3
817,	3
818,	0
819,	1
820,	3
821,	5
822,	0
823,	0
824,	4
825,	5
826,	2
827,	2
828,	6
829,	3
830,	2
831,	1
832,	4
833,	3
834,	0
835,	2
836,	5
837,	1
838,	5
839,	3
840,	2
841,	0
842,	1
843,	3
844,	3
845,	1
846,	0
847,	2
848,	3
849,	0
850,	2
851,	5
852,	2
853,	4
854,	4
855,	5
856,	2
857,	3
858,	2
859,	3
860,	7
861,	5
862,	2
863,	0
864,	3
865,	4
866,	1
867,	0
868,	4
869,	1
870,	3
871,	2
872,	4
873,	2
874,	4
875,	1
876,	4
877,	2
878,	3
879,	5
880,	0
881,	4
882,	4
883,	1
884,	4
885,	5
886,	3
887,	1
888,	3
889,	0
890,	2
891,	3
892,	1
893,	3
894,	2
895,	3
896,	5
897,	5
898,	2
899,	0
900,	1
901,	2
902,	2
903,	1
904,	1
905,	2
906,	6
907,	3
908,	3
909,	6
910,	5
911,	5
912,	1
913,	0
914,	0
915,	3
916,	2
917,	2
918,	1
919,	3
920,	7
921,	1
922,	0
923,	4
924,	6
925,	2
926,	4
927,	2
928,	7
929,	3
930,	3
931,	0
932,	2
933,	1
934,	1
935,	2
936,	5
937,	4
938,	8
939,	4
940,	2
941,	6
942,	4
943,	5
944,	3
945,	1
946,	5
947,	3
948,	4
949,	4
950,	0
951,	4
952,	5
953,	4
954,	2
955,	5
956,	4
957,	2
958,	7
959,	1
960,	4
961,	0
962,	4
963,	5
964,	3
965,	3
966,	3
967,	3
968,	9
969,	4
970,	4
971,	4
972,	4
973,	0
974,	0
975,	4
976,	5
977,	3
978,	2
979,	2
980,	6
981,	9
982,	2
983,	1
984,	0
985,	1
986,	6
987,	3
988,	3
989,	5
990,	1
991,	4
992,	0
993,	4
994,	6
995,	7
996,	9
997,	3
998,	4
999,	2
