Instance: /home/gabriel/Documents/ufrgs/courses/oc/trab/instances/cmb01
Vertices: 500
Colors: 12
NumIterations: 10
Alpha: 0.500000
Is Factible?: false
Solution Value: 101670.757812
	Vertex,	Color
0,	6
1,	5
2,	4
3,	3
4,	7
5,	5
6,	5
7,	6
8,	7
9,	2
10,	4
11,	6
12,	7
13,	4
14,	1
15,	6
16,	11
17,	7
18,	2
19,	5
20,	5
21,	9
22,	4
23,	9
24,	2
25,	6
26,	11
27,	7
28,	2
29,	10
30,	6
31,	3
32,	8
33,	6
34,	8
35,	7
36,	7
37,	6
38,	5
39,	7
40,	11
41,	2
42,	9
43,	4
44,	3
45,	9
46,	11
47,	2
48,	9
49,	1
50,	2
51,	9
52,	5
53,	10
54,	3
55,	10
56,	6
57,	0
58,	10
59,	5
60,	8
61,	8
62,	4
63,	10
64,	9
65,	6
66,	5
67,	0
68,	7
69,	3
70,	5
71,	5
72,	6
73,	10
74,	3
75,	9
76,	5
77,	6
78,	7
79,	11
80,	5
81,	7
82,	0
83,	4
84,	0
85,	11
86,	1
87,	11
88,	1
89,	11
90,	8
91,	0
92,	0
93,	7
94,	4
95,	6
96,	4
97,	0
98,	11
99,	3
100,	5
101,	11
102,	4
103,	6
104,	10
105,	7
106,	8
107,	4
108,	0
109,	2
110,	1
111,	4
112,	11
113,	10
114,	2
115,	0
116,	4
117,	3
118,	9
119,	9
120,	1
121,	0
122,	11
123,	1
124,	10
125,	2
126,	9
127,	2
128,	5
129,	10
130,	11
131,	5
132,	0
133,	1
134,	2
135,	3
136,	0
137,	7
138,	8
139,	5
140,	6
141,	2
142,	7
143,	6
144,	3
145,	3
146,	10
147,	11
148,	10
149,	3
150,	8
151,	5
152,	4
153,	4
154,	7
155,	2
156,	0
157,	11
158,	8
159,	3
160,	8
161,	8
162,	1
163,	4
164,	2
165,	10
166,	2
167,	10
168,	3
169,	3
170,	5
171,	8
172,	9
173,	4
174,	9
175,	9
176,	5
177,	9
178,	0
179,	2
180,	6
181,	1
182,	6
183,	11
184,	0
185,	7
186,	10
187,	9
188,	7
189,	3
190,	5
191,	8
192,	6
193,	7
194,	2
195,	5
196,	2
197,	10
198,	8
199,	8
200,	10
201,	8
202,	11
203,	8
204,	11
205,	6
206,	9
207,	1
208,	0
209,	3
210,	4
211,	4
212,	11
213,	2
214,	5
215,	9
216,	1
217,	6
218,	11
219,	3
220,	9
221,	9
222,	1
223,	0
224,	5
225,	11
226,	7
227,	2
228,	8
229,	9
230,	9
231,	1
232,	10
233,	4
234,	4
235,	1
236,	10
237,	9
238,	10
239,	5
240,	5
241,	9
242,	6
243,	0
244,	11
245,	3
246,	1
247,	5
248,	6
249,	11
250,	4
251,	0
252,	0
253,	2
254,	5
255,	8
256,	7
257,	5
258,	10
259,	2
260,	6
261,	4
262,	0
263,	10
264,	8
265,	5
266,	11
267,	3
268,	4
269,	1
270,	11
271,	2
272,	7
273,	10
274,	3
275,	7
276,	8
277,	3
278,	7
279,	11
280,	6
281,	4
282,	8
283,	0
284,	9
285,	7
286,	10
287,	4
288,	1
289,	11
290,	7
291,	0
292,	0
293,	2
294,	2
295,	10
296,	10
297,	0
298,	4
299,	2
300,	6
301,	7
302,	11
303,	10
304,	9
305,	1
306,	0
307,	9
308,	11
309,	3
310,	9
311,	11
312,	4
313,	11
314,	0
315,	5
316,	5
317,	8
318,	6
319,	0
320,	4
321,	11
322,	10
323,	4
324,	0
325,	9
326,	8
327,	4
328,	3
329,	2
330,	10
331,	11
332,	1
333,	9
334,	1
335,	4
336,	6
337,	2
338,	2
339,	10
340,	8
341,	10
342,	11
343,	2
344,	11
345,	11
346,	6
347,	5
348,	7
349,	3
350,	1
351,	2
352,	8
353,	8
354,	3
355,	10
356,	9
357,	6
358,	3
359,	8
360,	7
361,	6
362,	11
363,	5
364,	3
365,	8
366,	0
367,	4
368,	11
369,	11
370,	7
371,	8
372,	0
373,	8
374,	1
375,	8
376,	6
377,	8
378,	4
379,	7
380,	3
381,	9
382,	8
383,	4
384,	11
385,	7
386,	6
387,	0
388,	8
389,	2
390,	1
391,	1
392,	1
393,	9
394,	0
395,	4
396,	3
397,	3
398,	1
399,	1
400,	4
401,	6
402,	1
403,	11
404,	0
405,	9
406,	0
407,	8
408,	0
409,	5
410,	10
411,	7
412,	7
413,	1
414,	9
415,	1
416,	3
417,	10
418,	7
419,	11
420,	7
421,	10
422,	8
423,	3
424,	8
425,	5
426,	0
427,	0
428,	3
429,	6
430,	5
431,	5
432,	5
433,	10
434,	7
435,	1
436,	1
437,	2
438,	2
439,	2
440,	3
441,	3
442,	7
443,	9
444,	7
445,	5
446,	4
447,	5
448,	4
449,	0
450,	2
451,	9
452,	10
453,	11
454,	0
455,	3
456,	1
457,	8
458,	4
459,	2
460,	4
461,	1
462,	1
463,	6
464,	5
465,	11
466,	1
467,	2
468,	4
469,	4
470,	8
471,	8
472,	3
473,	6
474,	9
475,	5
476,	11
477,	6
478,	10
479,	1
480,	6
481,	1
482,	11
483,	1
484,	9
485,	0
486,	7
487,	10
488,	5
489,	2
490,	6
491,	7
492,	0
493,	10
494,	7
495,	6
496,	3
497,	1
498,	1
499,	4
