Instance: /home/gabriel/Documents/ufrgs/courses/oc/trab/instances/cmb01
Vertices: 500
Colors: 12
NumIterations: 100
Alpha: 0.850000
Is Factible?: false
Conflicts: 52
Solution Value: 112136.367188
Vertex,	Color
0,	11
1,	7
2,	11
3,	0
4,	7
5,	0
6,	11
7,	6
8,	9
9,	4
10,	9
11,	5
12,	0
13,	10
14,	3
15,	11
16,	1
17,	10
18,	3
19,	8
20,	0
21,	9
22,	11
23,	3
24,	4
25,	2
26,	7
27,	3
28,	7
29,	6
30,	11
31,	6
32,	6
33,	10
34,	3
35,	0
36,	2
37,	10
38,	11
39,	5
40,	6
41,	9
42,	2
43,	2
44,	5
45,	5
46,	9
47,	2
48,	9
49,	1
50,	8
51,	7
52,	5
53,	11
54,	0
55,	4
56,	1
57,	11
58,	5
59,	6
60,	11
61,	10
62,	9
63,	2
64,	9
65,	7
66,	4
67,	10
68,	2
69,	11
70,	2
71,	3
72,	2
73,	3
74,	11
75,	4
76,	10
77,	1
78,	11
79,	1
80,	0
81,	6
82,	9
83,	11
84,	7
85,	4
86,	10
87,	6
88,	4
89,	7
90,	7
91,	5
92,	5
93,	9
94,	4
95,	7
96,	1
97,	3
98,	7
99,	6
100,	8
101,	8
102,	1
103,	10
104,	9
105,	9
106,	6
107,	2
108,	9
109,	2
110,	5
111,	9
112,	6
113,	4
114,	10
115,	5
116,	2
117,	4
118,	1
119,	10
120,	11
121,	3
122,	2
123,	8
124,	2
125,	9
126,	9
127,	3
128,	8
129,	8
130,	6
131,	9
132,	8
133,	6
134,	1
135,	0
136,	11
137,	7
138,	0
139,	6
140,	4
141,	1
142,	3
143,	4
144,	9
145,	3
146,	2
147,	7
148,	1
149,	4
150,	4
151,	7
152,	7
153,	0
154,	8
155,	0
156,	10
157,	4
158,	4
159,	10
160,	0
161,	6
162,	3
163,	6
164,	7
165,	10
166,	4
167,	11
168,	1
169,	7
170,	3
171,	4
172,	5
173,	5
174,	3
175,	3
176,	3
177,	8
178,	4
179,	0
180,	2
181,	8
182,	1
183,	2
184,	10
185,	8
186,	9
187,	4
188,	10
189,	2
190,	5
191,	4
192,	0
193,	8
194,	11
195,	10
196,	7
197,	1
198,	11
199,	9
200,	5
201,	0
202,	5
203,	2
204,	11
205,	10
206,	1
207,	8
208,	3
209,	2
210,	4
211,	7
212,	6
213,	3
214,	1
215,	5
216,	8
217,	5
218,	6
219,	5
220,	10
221,	3
222,	4
223,	7
224,	9
225,	3
226,	8
227,	11
228,	6
229,	6
230,	7
231,	8
232,	7
233,	8
234,	11
235,	8
236,	4
237,	5
238,	3
239,	11
240,	0
241,	4
242,	7
243,	2
244,	10
245,	7
246,	6
247,	2
248,	10
249,	6
250,	1
251,	0
252,	4
253,	0
254,	4
255,	6
256,	11
257,	11
258,	6
259,	7
260,	7
261,	1
262,	8
263,	11
264,	5
265,	3
266,	4
267,	1
268,	1
269,	2
270,	2
271,	8
272,	6
273,	0
274,	0
275,	1
276,	6
277,	4
278,	9
279,	0
280,	2
281,	9
282,	0
283,	4
284,	9
285,	10
286,	11
287,	11
288,	6
289,	8
290,	4
291,	9
292,	11
293,	3
294,	0
295,	5
296,	9
297,	10
298,	6
299,	4
300,	0
301,	11
302,	1
303,	11
304,	5
305,	11
306,	5
307,	0
308,	0
309,	1
310,	3
311,	10
312,	8
313,	3
314,	8
315,	4
316,	2
317,	5
318,	2
319,	3
320,	1
321,	5
322,	10
323,	6
324,	6
325,	10
326,	3
327,	3
328,	8
329,	0
330,	9
331,	6
332,	5
333,	6
334,	4
335,	6
336,	10
337,	5
338,	4
339,	2
340,	7
341,	2
342,	7
343,	0
344,	7
345,	10
346,	9
347,	9
348,	3
349,	7
350,	1
351,	0
352,	5
353,	10
354,	8
355,	5
356,	2
357,	7
358,	8
359,	9
360,	11
361,	3
362,	11
363,	9
364,	5
365,	2
366,	6
367,	1
368,	8
369,	8
370,	8
371,	6
372,	5
373,	8
374,	4
375,	1
376,	7
377,	9
378,	2
379,	11
380,	10
381,	8
382,	5
383,	1
384,	10
385,	11
386,	0
387,	4
388,	9
389,	0
390,	0
391,	6
392,	1
393,	6
394,	1
395,	8
396,	3
397,	1
398,	6
399,	11
400,	1
401,	2
402,	5
403,	4
404,	9
405,	0
406,	0
407,	11
408,	7
409,	9
410,	3
411,	5
412,	1
413,	10
414,	9
415,	3
416,	6
417,	1
418,	10
419,	3
420,	3
421,	2
422,	9
423,	5
424,	3
425,	3
426,	10
427,	0
428,	5
429,	9
430,	0
431,	11
432,	7
433,	9
434,	2
435,	1
436,	3
437,	10
438,	3
439,	5
440,	11
441,	11
442,	11
443,	2
444,	6
445,	3
446,	6
447,	3
448,	9
449,	10
450,	5
451,	8
452,	0
453,	0
454,	9
455,	2
456,	10
457,	10
458,	2
459,	1
460,	8
461,	3
462,	4
463,	9
464,	9
465,	0
466,	2
467,	7
468,	7
469,	6
470,	10
471,	3
472,	0
473,	2
474,	5
475,	10
476,	3
477,	7
478,	2
479,	10
480,	6
481,	11
482,	2
483,	8
484,	7
485,	2
486,	8
487,	7
488,	9
489,	0
490,	7
491,	2
492,	10
493,	10
494,	10
495,	7
496,	1
497,	2
498,	3
499,	5
