Instance: /home/gabriel/Documents/ufrgs/courses/oc/trab/instances/cmb01
Vertices: 500
Colors: 12
NumIterations: 100
Alpha: 0.850000
Is Factible?: false
Conflicts: 48
Solution Value: 116168.218750
Vertex,	Color
0,	7
1,	5
2,	9
3,	7
4,	0
5,	8
6,	4
7,	9
8,	8
9,	3
10,	1
11,	10
12,	4
13,	11
14,	8
15,	0
16,	8
17,	2
18,	3
19,	4
20,	11
21,	9
22,	3
23,	2
24,	7
25,	8
26,	2
27,	7
28,	0
29,	10
30,	9
31,	10
32,	1
33,	10
34,	3
35,	7
36,	2
37,	9
38,	9
39,	7
40,	4
41,	9
42,	9
43,	0
44,	0
45,	6
46,	3
47,	4
48,	6
49,	11
50,	9
51,	11
52,	11
53,	10
54,	7
55,	7
56,	1
57,	9
58,	3
59,	4
60,	3
61,	5
62,	6
63,	1
64,	10
65,	5
66,	10
67,	2
68,	4
69,	3
70,	9
71,	2
72,	1
73,	1
74,	8
75,	3
76,	9
77,	10
78,	9
79,	1
80,	7
81,	8
82,	5
83,	4
84,	11
85,	0
86,	8
87,	11
88,	11
89,	6
90,	3
91,	10
92,	11
93,	3
94,	7
95,	4
96,	7
97,	10
98,	5
99,	4
100,	4
101,	0
102,	2
103,	9
104,	3
105,	2
106,	7
107,	10
108,	4
109,	1
110,	7
111,	8
112,	4
113,	7
114,	2
115,	7
116,	2
117,	1
118,	6
119,	10
120,	0
121,	1
122,	10
123,	7
124,	7
125,	1
126,	6
127,	3
128,	7
129,	6
130,	6
131,	11
132,	3
133,	4
134,	0
135,	11
136,	9
137,	2
138,	10
139,	3
140,	7
141,	11
142,	4
143,	8
144,	2
145,	7
146,	3
147,	6
148,	2
149,	0
150,	4
151,	0
152,	2
153,	2
154,	10
155,	9
156,	2
157,	3
158,	11
159,	11
160,	5
161,	6
162,	11
163,	10
164,	4
165,	4
166,	10
167,	7
168,	0
169,	4
170,	3
171,	3
172,	11
173,	1
174,	0
175,	4
176,	9
177,	6
178,	10
179,	11
180,	9
181,	3
182,	0
183,	2
184,	3
185,	8
186,	4
187,	4
188,	0
189,	8
190,	7
191,	1
192,	9
193,	7
194,	9
195,	3
196,	2
197,	2
198,	0
199,	9
200,	7
201,	6
202,	0
203,	10
204,	9
205,	5
206,	2
207,	5
208,	4
209,	4
210,	2
211,	6
212,	8
213,	11
214,	4
215,	5
216,	3
217,	8
218,	8
219,	11
220,	9
221,	1
222,	7
223,	4
224,	4
225,	9
226,	5
227,	4
228,	2
229,	11
230,	2
231,	10
232,	3
233,	7
234,	0
235,	7
236,	11
237,	0
238,	2
239,	8
240,	4
241,	6
242,	5
243,	9
244,	10
245,	9
246,	11
247,	10
248,	4
249,	11
250,	5
251,	1
252,	7
253,	5
254,	3
255,	9
256,	9
257,	11
258,	10
259,	2
260,	9
261,	1
262,	8
263,	0
264,	5
265,	8
266,	7
267,	11
268,	1
269,	11
270,	6
271,	3
272,	8
273,	0
274,	5
275,	7
276,	9
277,	2
278,	0
279,	1
280,	5
281,	6
282,	5
283,	7
284,	1
285,	1
286,	0
287,	9
288,	7
289,	0
290,	10
291,	10
292,	3
293,	8
294,	10
295,	4
296,	7
297,	5
298,	4
299,	6
300,	5
301,	7
302,	2
303,	11
304,	1
305,	3
306,	8
307,	6
308,	3
309,	8
310,	10
311,	5
312,	9
313,	1
314,	11
315,	0
316,	10
317,	4
318,	1
319,	0
320,	3
321,	6
322,	7
323,	0
324,	10
325,	9
326,	2
327,	10
328,	1
329,	2
330,	8
331,	0
332,	1
333,	1
334,	5
335,	4
336,	7
337,	7
338,	9
339,	6
340,	3
341,	0
342,	8
343,	7
344,	0
345,	9
346,	8
347,	8
348,	9
349,	5
350,	8
351,	1
352,	11
353,	6
354,	4
355,	5
356,	6
357,	4
358,	9
359,	9
360,	0
361,	8
362,	7
363,	11
364,	5
365,	6
366,	10
367,	5
368,	1
369,	2
370,	6
371,	10
372,	6
373,	7
374,	10
375,	11
376,	9
377,	1
378,	11
379,	1
380,	1
381,	11
382,	2
383,	0
384,	8
385,	5
386,	1
387,	3
388,	10
389,	1
390,	3
391,	7
392,	11
393,	8
394,	2
395,	7
396,	9
397,	8
398,	9
399,	1
400,	10
401,	8
402,	11
403,	10
404,	6
405,	1
406,	0
407,	5
408,	10
409,	8
410,	10
411,	6
412,	9
413,	6
414,	9
415,	3
416,	5
417,	8
418,	5
419,	10
420,	0
421,	11
422,	2
423,	4
424,	4
425,	9
426,	11
427,	3
428,	2
429,	0
430,	0
431,	2
432,	8
433,	1
434,	11
435,	4
436,	5
437,	2
438,	4
439,	3
440,	4
441,	5
442,	7
443,	5
444,	11
445,	8
446,	5
447,	10
448,	8
449,	5
450,	3
451,	1
452,	0
453,	11
454,	6
455,	11
456,	0
457,	2
458,	6
459,	1
460,	4
461,	4
462,	6
463,	0
464,	4
465,	9
466,	3
467,	6
468,	1
469,	8
470,	4
471,	8
472,	11
473,	9
474,	6
475,	11
476,	5
477,	4
478,	1
479,	7
480,	11
481,	0
482,	7
483,	6
484,	8
485,	2
486,	6
487,	7
488,	4
489,	9
490,	2
491,	1
492,	10
493,	11
494,	10
495,	8
496,	5
497,	2
498,	0
499,	3
