Instance: /home/gabriel/Documents/ufrgs/courses/oc/trab/instances/cmb01
Vertices: 500
Colors: 12
NumIterations: 10
Alpha: 0.500000
Is Factible?: false
Solution Value: 101729.500000
	Vertex,	Color
0,	8
1,	2
2,	8
3,	10
4,	10
5,	1
6,	3
7,	4
8,	11
9,	0
10,	6
11,	6
12,	6
13,	11
14,	0
15,	4
16,	0
17,	10
18,	11
19,	11
20,	7
21,	10
22,	8
23,	0
24,	8
25,	11
26,	1
27,	3
28,	8
29,	7
30,	10
31,	11
32,	10
33,	8
34,	6
35,	1
36,	4
37,	5
38,	2
39,	5
40,	7
41,	7
42,	9
43,	3
44,	10
45,	9
46,	9
47,	6
48,	0
49,	6
50,	3
51,	8
52,	2
53,	1
54,	0
55,	11
56,	8
57,	4
58,	6
59,	9
60,	5
61,	8
62,	10
63,	10
64,	1
65,	6
66,	4
67,	2
68,	9
69,	9
70,	9
71,	2
72,	9
73,	4
74,	5
75,	1
76,	11
77,	1
78,	3
79,	5
80,	2
81,	2
82,	1
83,	4
84,	3
85,	3
86,	11
87,	2
88,	7
89,	8
90,	5
91,	9
92,	1
93,	4
94,	11
95,	3
96,	8
97,	4
98,	0
99,	6
100,	7
101,	8
102,	6
103,	10
104,	6
105,	4
106,	2
107,	0
108,	3
109,	1
110,	6
111,	6
112,	6
113,	7
114,	6
115,	9
116,	10
117,	4
118,	10
119,	1
120,	5
121,	10
122,	4
123,	4
124,	0
125,	2
126,	4
127,	10
128,	10
129,	10
130,	5
131,	0
132,	3
133,	4
134,	8
135,	3
136,	3
137,	9
138,	5
139,	9
140,	9
141,	8
142,	7
143,	3
144,	11
145,	0
146,	5
147,	1
148,	7
149,	0
150,	6
151,	0
152,	10
153,	11
154,	10
155,	9
156,	1
157,	2
158,	9
159,	10
160,	10
161,	5
162,	8
163,	2
164,	5
165,	6
166,	8
167,	5
168,	1
169,	2
170,	9
171,	5
172,	2
173,	10
174,	8
175,	11
176,	4
177,	7
178,	3
179,	6
180,	8
181,	8
182,	11
183,	7
184,	7
185,	8
186,	11
187,	11
188,	0
189,	7
190,	8
191,	11
192,	3
193,	6
194,	9
195,	1
196,	6
197,	2
198,	8
199,	8
200,	11
201,	9
202,	3
203,	9
204,	7
205,	9
206,	9
207,	0
208,	4
209,	9
210,	0
211,	3
212,	3
213,	0
214,	10
215,	10
216,	10
217,	2
218,	7
219,	2
220,	4
221,	4
222,	2
223,	3
224,	3
225,	4
226,	0
227,	7
228,	1
229,	1
230,	6
231,	8
232,	6
233,	8
234,	4
235,	4
236,	0
237,	5
238,	1
239,	10
240,	11
241,	9
242,	10
243,	3
244,	9
245,	1
246,	0
247,	3
248,	3
249,	5
250,	11
251,	9
252,	8
253,	0
254,	2
255,	11
256,	6
257,	11
258,	7
259,	6
260,	4
261,	3
262,	6
263,	4
264,	2
265,	7
266,	11
267,	8
268,	0
269,	0
270,	9
271,	9
272,	8
273,	4
274,	6
275,	5
276,	11
277,	2
278,	2
279,	9
280,	0
281,	9
282,	0
283,	1
284,	5
285,	6
286,	2
287,	8
288,	0
289,	4
290,	10
291,	11
292,	7
293,	5
294,	7
295,	5
296,	10
297,	2
298,	6
299,	2
300,	10
301,	4
302,	3
303,	6
304,	9
305,	1
306,	10
307,	8
308,	0
309,	7
310,	2
311,	9
312,	4
313,	11
314,	10
315,	0
316,	9
317,	10
318,	2
319,	5
320,	0
321,	8
322,	1
323,	5
324,	7
325,	5
326,	4
327,	4
328,	6
329,	8
330,	8
331,	5
332,	0
333,	5
334,	4
335,	8
336,	6
337,	1
338,	9
339,	2
340,	7
341,	10
342,	6
343,	4
344,	6
345,	3
346,	6
347,	2
348,	7
349,	1
350,	0
351,	8
352,	8
353,	6
354,	3
355,	1
356,	11
357,	3
358,	10
359,	10
360,	6
361,	10
362,	9
363,	1
364,	7
365,	5
366,	7
367,	4
368,	4
369,	4
370,	7
371,	9
372,	4
373,	5
374,	0
375,	9
376,	10
377,	0
378,	3
379,	4
380,	11
381,	3
382,	0
383,	2
384,	5
385,	10
386,	3
387,	11
388,	3
389,	10
390,	11
391,	3
392,	1
393,	5
394,	1
395,	3
396,	3
397,	4
398,	5
399,	0
400,	3
401,	8
402,	9
403,	1
404,	3
405,	2
406,	2
407,	7
408,	10
409,	11
410,	1
411,	5
412,	1
413,	7
414,	1
415,	11
416,	0
417,	5
418,	1
419,	5
420,	2
421,	7
422,	9
423,	4
424,	3
425,	8
426,	7
427,	11
428,	7
429,	7
430,	0
431,	4
432,	8
433,	3
434,	10
435,	7
436,	8
437,	7
438,	11
439,	5
440,	7
441,	7
442,	6
443,	3
444,	5
445,	8
446,	10
447,	0
448,	0
449,	0
450,	1
451,	9
452,	2
453,	0
454,	6
455,	2
456,	0
457,	3
458,	4
459,	1
460,	4
461,	0
462,	11
463,	10
464,	9
465,	0
466,	7
467,	7
468,	5
469,	1
470,	2
471,	0
472,	11
473,	3
474,	4
475,	8
476,	0
477,	1
478,	6
479,	5
480,	2
481,	7
482,	11
483,	8
484,	1
485,	11
486,	5
487,	6
488,	2
489,	1
490,	2
491,	8
492,	1
493,	10
494,	6
495,	4
496,	6
497,	0
498,	0
499,	7
