Instance: /home/gabriel/Documents/ufrgs/courses/oc/trab/instances/cmb01
Vertices: 500
Colors: 12
NumIterations: 10
Alpha: 0.500000
Is Factible?: false
Solution Value: 101765.601562
	Vertex,	Color
0,	9
1,	6
2,	8
3,	5
4,	1
5,	10
6,	7
7,	5
8,	6
9,	7
10,	5
11,	9
12,	0
13,	8
14,	9
15,	1
16,	2
17,	4
18,	2
19,	2
20,	4
21,	1
22,	10
23,	8
24,	0
25,	11
26,	9
27,	8
28,	7
29,	11
30,	6
31,	3
32,	5
33,	5
34,	5
35,	10
36,	4
37,	4
38,	7
39,	5
40,	6
41,	3
42,	11
43,	4
44,	8
45,	10
46,	0
47,	5
48,	9
49,	2
50,	9
51,	10
52,	5
53,	6
54,	1
55,	11
56,	3
57,	9
58,	2
59,	5
60,	0
61,	4
62,	11
63,	2
64,	2
65,	5
66,	6
67,	5
68,	7
69,	6
70,	8
71,	11
72,	11
73,	10
74,	9
75,	5
76,	4
77,	10
78,	5
79,	0
80,	4
81,	6
82,	5
83,	5
84,	0
85,	9
86,	0
87,	8
88,	1
89,	11
90,	1
91,	10
92,	1
93,	6
94,	10
95,	4
96,	6
97,	8
98,	5
99,	6
100,	7
101,	7
102,	9
103,	3
104,	5
105,	3
106,	11
107,	9
108,	1
109,	6
110,	4
111,	6
112,	8
113,	11
114,	2
115,	9
116,	11
117,	1
118,	0
119,	7
120,	11
121,	9
122,	10
123,	11
124,	7
125,	3
126,	8
127,	6
128,	5
129,	10
130,	7
131,	9
132,	11
133,	2
134,	4
135,	7
136,	10
137,	9
138,	0
139,	5
140,	10
141,	3
142,	2
143,	8
144,	2
145,	10
146,	11
147,	2
148,	2
149,	8
150,	8
151,	3
152,	1
153,	6
154,	3
155,	3
156,	1
157,	10
158,	6
159,	2
160,	1
161,	0
162,	8
163,	0
164,	6
165,	7
166,	5
167,	6
168,	10
169,	3
170,	10
171,	8
172,	0
173,	2
174,	1
175,	6
176,	0
177,	1
178,	7
179,	0
180,	3
181,	4
182,	9
183,	7
184,	7
185,	9
186,	7
187,	9
188,	8
189,	4
190,	4
191,	10
192,	4
193,	9
194,	0
195,	7
196,	6
197,	8
198,	7
199,	7
200,	2
201,	4
202,	0
203,	8
204,	5
205,	1
206,	8
207,	0
208,	3
209,	9
210,	10
211,	11
212,	11
213,	3
214,	5
215,	1
216,	9
217,	7
218,	0
219,	4
220,	6
221,	11
222,	2
223,	9
224,	10
225,	4
226,	9
227,	0
228,	3
229,	0
230,	3
231,	11
232,	6
233,	8
234,	6
235,	2
236,	2
237,	3
238,	11
239,	8
240,	9
241,	3
242,	11
243,	2
244,	5
245,	0
246,	4
247,	11
248,	2
249,	1
250,	11
251,	7
252,	10
253,	4
254,	4
255,	0
256,	0
257,	2
258,	4
259,	3
260,	10
261,	4
262,	0
263,	0
264,	3
265,	5
266,	2
267,	2
268,	4
269,	10
270,	2
271,	5
272,	6
273,	0
274,	5
275,	10
276,	8
277,	1
278,	3
279,	5
280,	6
281,	7
282,	5
283,	1
284,	4
285,	7
286,	5
287,	6
288,	4
289,	10
290,	6
291,	8
292,	6
293,	10
294,	8
295,	7
296,	2
297,	1
298,	5
299,	9
300,	11
301,	11
302,	0
303,	2
304,	5
305,	10
306,	2
307,	9
308,	0
309,	2
310,	2
311,	3
312,	7
313,	7
314,	3
315,	1
316,	7
317,	10
318,	8
319,	5
320,	7
321,	10
322,	11
323,	11
324,	3
325,	2
326,	3
327,	10
328,	5
329,	11
330,	6
331,	3
332,	7
333,	10
334,	0
335,	8
336,	11
337,	2
338,	0
339,	5
340,	7
341,	3
342,	8
343,	4
344,	4
345,	5
346,	2
347,	4
348,	10
349,	11
350,	4
351,	11
352,	1
353,	1
354,	3
355,	3
356,	0
357,	6
358,	2
359,	4
360,	10
361,	0
362,	9
363,	5
364,	10
365,	2
366,	6
367,	9
368,	3
369,	2
370,	3
371,	9
372,	3
373,	3
374,	10
375,	11
376,	6
377,	8
378,	8
379,	8
380,	0
381,	7
382,	1
383,	5
384,	4
385,	10
386,	8
387,	4
388,	5
389,	8
390,	9
391,	11
392,	1
393,	3
394,	1
395,	6
396,	4
397,	11
398,	8
399,	1
400,	7
401,	4
402,	1
403,	11
404,	0
405,	6
406,	1
407,	9
408,	6
409,	8
410,	9
411,	8
412,	9
413,	5
414,	0
415,	11
416,	5
417,	10
418,	9
419,	9
420,	5
421,	8
422,	5
423,	1
424,	4
425,	7
426,	9
427,	11
428,	3
429,	0
430,	8
431,	7
432,	9
433,	8
434,	6
435,	7
436,	2
437,	7
438,	9
439,	1
440,	1
441,	5
442,	1
443,	5
444,	0
445,	4
446,	11
447,	9
448,	6
449,	6
450,	10
451,	3
452,	1
453,	1
454,	3
455,	1
456,	7
457,	6
458,	7
459,	4
460,	2
461,	9
462,	10
463,	0
464,	10
465,	1
466,	9
467,	3
468,	8
469,	4
470,	9
471,	1
472,	2
473,	1
474,	7
475,	4
476,	6
477,	2
478,	0
479,	9
480,	10
481,	1
482,	10
483,	0
484,	7
485,	11
486,	6
487,	5
488,	6
489,	7
490,	3
491,	5
492,	0
493,	0
494,	6
495,	3
496,	0
497,	8
498,	2
499,	2
