Instance: /home/gabriel/Documents/ufrgs/courses/oc/trab/instances/cmb01
Vertices: 500
Colors: 12
NumIterations: 10
Alpha: 0.500000
Is Factible?: false
Conflicts: 61
Solution Value: 114312.070312
Vertex,	Color
	0,	2
	1,	10
	2,	0
	3,	8
	4,	9
	5,	11
	6,	3
	7,	7
	8,	1
	9,	2
	10,	6
	11,	10
	12,	10
	13,	4
	14,	2
	15,	6
	16,	11
	17,	8
	18,	11
	19,	9
	20,	2
	21,	10
	22,	6
	23,	8
	24,	8
	25,	5
	26,	11
	27,	5
	28,	0
	29,	6
	30,	2
	31,	0
	32,	6
	33,	3
	34,	2
	35,	0
	36,	10
	37,	2
	38,	1
	39,	1
	40,	1
	41,	5
	42,	7
	43,	11
	44,	6
	45,	0
	46,	4
	47,	7
	48,	7
	49,	6
	50,	5
	51,	4
	52,	8
	53,	8
	54,	3
	55,	0
	56,	3
	57,	8
	58,	0
	59,	10
	60,	4
	61,	8
	62,	0
	63,	8
	64,	2
	65,	11
	66,	10
	67,	1
	68,	0
	69,	11
	70,	0
	71,	7
	72,	3
	73,	9
	74,	4
	75,	8
	76,	6
	77,	3
	78,	9
	79,	3
	80,	7
	81,	7
	82,	10
	83,	10
	84,	10
	85,	5
	86,	5
	87,	3
	88,	7
	89,	9
	90,	5
	91,	4
	92,	5
	93,	1
	94,	5
	95,	3
	96,	6
	97,	1
	98,	10
	99,	4
	100,	7
	101,	5
	102,	1
	103,	1
	104,	10
	105,	10
	106,	0
	107,	3
	108,	5
	109,	10
	110,	11
	111,	11
	112,	7
	113,	11
	114,	5
	115,	10
	116,	7
	117,	4
	118,	11
	119,	6
	120,	11
	121,	9
	122,	8
	123,	2
	124,	9
	125,	0
	126,	9
	127,	3
	128,	1
	129,	7
	130,	9
	131,	0
	132,	8
	133,	4
	134,	9
	135,	0
	136,	6
	137,	2
	138,	3
	139,	6
	140,	5
	141,	5
	142,	11
	143,	6
	144,	6
	145,	5
	146,	3
	147,	10
	148,	11
	149,	5
	150,	2
	151,	0
	152,	4
	153,	11
	154,	7
	155,	2
	156,	7
	157,	6
	158,	3
	159,	9
	160,	4
	161,	4
	162,	6
	163,	3
	164,	5
	165,	4
	166,	8
	167,	1
	168,	5
	169,	6
	170,	9
	171,	11
	172,	0
	173,	6
	174,	1
	175,	5
	176,	8
	177,	7
	178,	3
	179,	6
	180,	10
	181,	4
	182,	8
	183,	9
	184,	9
	185,	11
	186,	9
	187,	3
	188,	8
	189,	3
	190,	6
	191,	1
	192,	3
	193,	3
	194,	10
	195,	11
	196,	2
	197,	8
	198,	9
	199,	8
	200,	10
	201,	2
	202,	1
	203,	5
	204,	4
	205,	10
	206,	9
	207,	3
	208,	0
	209,	10
	210,	3
	211,	4
	212,	9
	213,	8
	214,	4
	215,	10
	216,	6
	217,	7
	218,	9
	219,	8
	220,	5
	221,	3
	222,	4
	223,	5
	224,	9
	225,	10
	226,	2
	227,	5
	228,	8
	229,	3
	230,	5
	231,	6
	232,	9
	233,	4
	234,	2
	235,	11
	236,	2
	237,	1
	238,	4
	239,	10
	240,	6
	241,	5
	242,	8
	243,	1
	244,	4
	245,	3
	246,	3
	247,	10
	248,	11
	249,	7
	250,	1
	251,	3
	252,	2
	253,	1
	254,	7
	255,	8
	256,	10
	257,	4
	258,	8
	259,	9
	260,	10
	261,	9
	262,	2
	263,	4
	264,	2
	265,	5
	266,	11
	267,	5
	268,	1
	269,	0
	270,	4
	271,	3
	272,	1
	273,	0
	274,	10
	275,	6
	276,	10
	277,	7
	278,	9
	279,	1
	280,	11
	281,	11
	282,	1
	283,	7
	284,	1
	285,	2
	286,	4
	287,	10
	288,	9
	289,	2
	290,	6
	291,	4
	292,	7
	293,	11
	294,	8
	295,	4
	296,	0
	297,	5
	298,	11
	299,	7
	300,	0
	301,	7
	302,	1
	303,	8
	304,	4
	305,	1
	306,	11
	307,	11
	308,	5
	309,	11
	310,	9
	311,	9
	312,	6
	313,	1
	314,	0
	315,	0
	316,	9
	317,	8
	318,	1
	319,	2
	320,	7
	321,	11
	322,	2
	323,	2
	324,	7
	325,	1
	326,	8
	327,	1
	328,	5
	329,	8
	330,	5
	331,	7
	332,	7
	333,	0
	334,	0
	335,	7
	336,	11
	337,	0
	338,	10
	339,	2
	340,	4
	341,	2
	342,	3
	343,	0
	344,	0
	345,	5
	346,	2
	347,	2
	348,	9
	349,	3
	350,	11
	351,	9
	352,	4
	353,	6
	354,	9
	355,	3
	356,	4
	357,	4
	358,	6
	359,	10
	360,	1
	361,	11
	362,	5
	363,	5
	364,	10
	365,	2
	366,	3
	367,	3
	368,	8
	369,	11
	370,	0
	371,	4
	372,	10
	373,	9
	374,	2
	375,	11
	376,	2
	377,	2
	378,	0
	379,	3
	380,	6
	381,	5
	382,	5
	383,	8
	384,	9
	385,	0
	386,	9
	387,	8
	388,	7
	389,	1
	390,	0
	391,	3
	392,	0
	393,	3
	394,	6
	395,	1
	396,	8
	397,	0
	398,	1
	399,	8
	400,	5
	401,	10
	402,	8
	403,	1
	404,	4
	405,	7
	406,	6
	407,	5
	408,	5
	409,	5
	410,	1
	411,	8
	412,	4
	413,	0
	414,	1
	415,	6
	416,	10
	417,	0
	418,	8
	419,	7
	420,	3
	421,	7
	422,	6
	423,	6
	424,	9
	425,	0
	426,	5
	427,	11
	428,	4
	429,	8
	430,	4
	431,	2
	432,	8
	433,	7
	434,	4
	435,	5
	436,	8
	437,	1
	438,	0
	439,	8
	440,	10
	441,	6
	442,	4
	443,	10
	444,	8
	445,	2
	446,	3
	447,	0
	448,	4
	449,	3
	450,	0
	451,	3
	452,	11
	453,	8
	454,	2
	455,	11
	456,	2
	457,	6
	458,	7
	459,	0
	460,	5
	461,	2
	462,	1
	463,	2
	464,	6
	465,	0
	466,	5
	467,	6
	468,	10
	469,	7
	470,	2
	471,	0
	472,	3
	473,	5
	474,	5
	475,	7
	476,	9
	477,	2
	478,	1
	479,	2
	480,	7
	481,	4
	482,	2
	483,	8
	484,	7
	485,	6
	486,	3
	487,	6
	488,	4
	489,	1
	490,	7
	491,	3
	492,	7
	493,	3
	494,	2
	495,	9
	496,	1
	497,	4
	498,	0
	499,	3
