Instance: /home/gabriel/Documents/ufrgs/courses/oc/trab/instances/cmb02
Vertices: 1000
Colors: 10
NumIterations: 1
Alpha: 0.500000
Is Factible?: false
Conflicts: 207
Solution Value: 749498.500000
Vertex,	Color
0,	1
1,	0
2,	2
3,	0
4,	0
5,	3
6,	0
7,	3
8,	3
9,	0
10,	1
11,	0
12,	1
13,	1
14,	3
15,	0
16,	0
17,	1
18,	2
19,	0
20,	4
21,	0
22,	0
23,	0
24,	3
25,	3
26,	0
27,	0
28,	0
29,	0
30,	0
31,	4
32,	2
33,	0
34,	2
35,	0
36,	0
37,	0
38,	2
39,	1
40,	0
41,	0
42,	0
43,	1
44,	3
45,	0
46,	3
47,	0
48,	1
49,	2
50,	0
51,	0
52,	0
53,	0
54,	1
55,	2
56,	3
57,	4
58,	0
59,	3
60,	1
61,	1
62,	0
63,	0
64,	1
65,	0
66,	0
67,	0
68,	1
69,	2
70,	0
71,	3
72,	3
73,	4
74,	0
75,	0
76,	0
77,	1
78,	0
79,	1
80,	0
81,	1
82,	3
83,	1
84,	5
85,	0
86,	2
87,	1
88,	0
89,	0
90,	0
91,	0
92,	1
93,	2
94,	1
95,	2
96,	2
97,	1
98,	1
99,	1
100,	2
101,	0
102,	0
103,	1
104,	1
105,	0
106,	3
107,	0
108,	1
109,	1
110,	1
111,	0
112,	3
113,	1
114,	1
115,	0
116,	0
117,	3
118,	1
119,	1
120,	1
121,	0
122,	1
123,	0
124,	2
125,	2
126,	0
127,	2
128,	3
129,	0
130,	2
131,	0
132,	0
133,	3
134,	5
135,	0
136,	0
137,	4
138,	1
139,	1
140,	0
141,	1
142,	1
143,	0
144,	4
145,	0
146,	0
147,	0
148,	2
149,	0
150,	2
151,	1
152,	0
153,	0
154,	0
155,	4
156,	1
157,	0
158,	1
159,	0
160,	2
161,	1
162,	6
163,	4
164,	1
165,	1
166,	0
167,	2
168,	0
169,	0
170,	0
171,	2
172,	0
173,	2
174,	1
175,	3
176,	0
177,	0
178,	1
179,	3
180,	1
181,	1
182,	2
183,	0
184,	0
185,	3
186,	1
187,	1
188,	1
189,	0
190,	0
191,	0
192,	0
193,	0
194,	2
195,	0
196,	1
197,	0
198,	1
199,	1
200,	0
201,	0
202,	2
203,	0
204,	1
205,	6
206,	0
207,	0
208,	2
209,	0
210,	0
211,	1
212,	0
213,	1
214,	1
215,	2
216,	0
217,	5
218,	0
219,	2
220,	0
221,	1
222,	0
223,	0
224,	1
225,	0
226,	0
227,	0
228,	0
229,	3
230,	0
231,	1
232,	1
233,	0
234,	1
235,	0
236,	1
237,	0
238,	7
239,	0
240,	0
241,	2
242,	0
243,	1
244,	0
245,	1
246,	0
247,	0
248,	3
249,	1
250,	0
251,	0
252,	1
253,	2
254,	3
255,	1
256,	1
257,	3
258,	0
259,	1
260,	1
261,	2
262,	2
263,	5
264,	1
265,	0
266,	1
267,	1
268,	0
269,	2
270,	0
271,	1
272,	1
273,	1
274,	1
275,	3
276,	8
277,	0
278,	0
279,	2
280,	3
281,	3
282,	2
283,	1
284,	0
285,	0
286,	2
287,	2
288,	6
289,	3
290,	0
291,	0
292,	2
293,	0
294,	1
295,	0
296,	0
297,	0
298,	2
299,	0
300,	1
301,	1
302,	0
303,	2
304,	3
305,	2
306,	6
307,	0
308,	0
309,	2
310,	0
311,	2
312,	2
313,	2
314,	0
315,	5
316,	0
317,	0
318,	1
319,	2
320,	1
321,	0
322,	0
323,	0
324,	1
325,	1
326,	1
327,	2
328,	2
329,	1
330,	2
331,	0
332,	0
333,	0
334,	0
335,	1
336,	2
337,	5
338,	0
339,	0
340,	1
341,	8
342,	0
343,	0
344,	0
345,	0
346,	0
347,	1
348,	8
349,	1
350,	1
351,	0
352,	0
353,	0
354,	1
355,	1
356,	1
357,	0
358,	1
359,	1
360,	1
361,	1
362,	0
363,	1
364,	1
365,	1
366,	1
367,	0
368,	5
369,	1
370,	1
371,	1
372,	4
373,	1
374,	4
375,	1
376,	0
377,	0
378,	2
379,	3
380,	0
381,	1
382,	0
383,	0
384,	0
385,	2
386,	5
387,	2
388,	0
389,	0
390,	2
391,	1
392,	1
393,	1
394,	1
395,	0
396,	0
397,	1
398,	0
399,	3
400,	0
401,	2
402,	2
403,	0
404,	1
405,	3
406,	0
407,	0
408,	0
409,	1
410,	1
411,	0
412,	2
413,	5
414,	1
415,	0
416,	2
417,	0
418,	0
419,	1
420,	0
421,	0
422,	1
423,	0
424,	5
425,	1
426,	0
427,	0
428,	3
429,	0
430,	0
431,	3
432,	1
433,	2
434,	1
435,	5
436,	0
437,	1
438,	1
439,	3
440,	0
441,	1
442,	2
443,	0
444,	0
445,	0
446,	0
447,	0
448,	1
449,	2
450,	1
451,	0
452,	3
453,	0
454,	0
455,	1
456,	0
457,	3
458,	0
459,	7
460,	4
461,	0
462,	1
463,	4
464,	2
465,	1
466,	0
467,	1
468,	1
469,	0
470,	2
471,	2
472,	0
473,	0
474,	1
475,	1
476,	0
477,	1
478,	0
479,	1
480,	2
481,	2
482,	0
483,	0
484,	0
485,	0
486,	0
487,	0
488,	1
489,	1
490,	1
491,	3
492,	0
493,	4
494,	0
495,	0
496,	0
497,	1
498,	2
499,	2
500,	0
501,	0
502,	3
503,	0
504,	2
505,	2
506,	3
507,	0
508,	1
509,	0
510,	1
511,	4
512,	0
513,	0
514,	0
515,	1
516,	3
517,	2
518,	2
519,	0
520,	2
521,	0
522,	1
523,	4
524,	3
525,	0
526,	2
527,	1
528,	0
529,	1
530,	0
531,	1
532,	1
533,	1
534,	1
535,	1
536,	0
537,	0
538,	2
539,	2
540,	1
541,	1
542,	3
543,	2
544,	0
545,	1
546,	0
547,	0
548,	1
549,	1
550,	1
551,	1
552,	2
553,	3
554,	0
555,	0
556,	0
557,	0
558,	2
559,	1
560,	2
561,	0
562,	3
563,	1
564,	3
565,	2
566,	5
567,	1
568,	3
569,	1
570,	0
571,	1
572,	2
573,	1
574,	2
575,	0
576,	2
577,	0
578,	4
579,	0
580,	2
581,	1
582,	3
583,	1
584,	1
585,	1
586,	1
587,	2
588,	0
589,	2
590,	0
591,	1
592,	0
593,	0
594,	0
595,	4
596,	0
597,	4
598,	3
599,	5
600,	4
601,	2
602,	0
603,	0
604,	2
605,	0
606,	1
607,	2
608,	2
609,	2
610,	0
611,	2
612,	0
613,	1
614,	3
615,	1
616,	3
617,	2
618,	1
619,	5
620,	5
621,	0
622,	1
623,	1
624,	1
625,	1
626,	2
627,	3
628,	2
629,	1
630,	0
631,	5
632,	2
633,	4
634,	2
635,	3
636,	0
637,	3
638,	2
639,	0
640,	0
641,	1
642,	0
643,	1
644,	2
645,	2
646,	4
647,	3
648,	1
649,	2
650,	3
651,	3
652,	0
653,	1
654,	2
655,	2
656,	1
657,	2
658,	3
659,	0
660,	1
661,	4
662,	1
663,	1
664,	1
665,	2
666,	1
667,	3
668,	3
669,	0
670,	0
671,	1
672,	2
673,	4
674,	1
675,	0
676,	3
677,	3
678,	0
679,	6
680,	2
681,	3
682,	3
683,	2
684,	2
685,	1
686,	4
687,	4
688,	0
689,	4
690,	3
691,	2
692,	4
693,	0
694,	5
695,	2
696,	1
697,	5
698,	3
699,	4
700,	2
701,	1
702,	1
703,	1
704,	4
705,	4
706,	0
707,	2
708,	2
709,	3
710,	0
711,	4
712,	4
713,	3
714,	2
715,	1
716,	5
717,	1
718,	5
719,	3
720,	0
721,	1
722,	0
723,	3
724,	2
725,	3
726,	2
727,	2
728,	5
729,	3
730,	2
731,	2
732,	1
733,	5
734,	2
735,	0
736,	0
737,	0
738,	6
739,	3
740,	4
741,	0
742,	3
743,	3
744,	5
745,	2
746,	1
747,	1
748,	2
749,	2
750,	4
751,	3
752,	3
753,	3
754,	2
755,	1
756,	5
757,	1
758,	1
759,	1
760,	4
761,	4
762,	2
763,	1
764,	0
765,	6
766,	2
767,	4
768,	1
769,	0
770,	1
771,	1
772,	4
773,	2
774,	3
775,	6
776,	2
777,	1
778,	3
779,	1
780,	4
781,	2
782,	7
783,	6
784,	1
785,	0
786,	1
787,	4
788,	2
789,	5
790,	5
791,	3
792,	5
793,	0
794,	5
795,	4
796,	1
797,	4
798,	0
799,	4
800,	2
801,	5
802,	1
803,	1
804,	7
805,	4
806,	2
807,	1
808,	1
809,	6
810,	3
811,	1
812,	2
813,	6
814,	1
815,	3
816,	2
817,	3
818,	0
819,	0
820,	3
821,	1
822,	1
823,	0
824,	5
825,	6
826,	3
827,	2
828,	0
829,	2
830,	1
831,	1
832,	3
833,	6
834,	0
835,	0
836,	4
837,	1
838,	6
839,	2
840,	3
841,	0
842,	4
843,	4
844,	3
845,	3
846,	0
847,	3
848,	2
849,	5
850,	1
851,	3
852,	1
853,	2
854,	3
855,	5
856,	3
857,	2
858,	0
859,	2
860,	2
861,	6
862,	0
863,	1
864,	2
865,	5
866,	0
867,	0
868,	5
869,	3
870,	2
871,	3
872,	4
873,	2
874,	9
875,	2
876,	3
877,	2
878,	7
879,	4
880,	2
881,	4
882,	3
883,	0
884,	4
885,	4
886,	3
887,	2
888,	1
889,	0
890,	2
891,	3
892,	3
893,	3
894,	2
895,	3
896,	5
897,	3
898,	1
899,	0
900,	0
901,	3
902,	2
903,	2
904,	3
905,	1
906,	7
907,	2
908,	3
909,	5
910,	5
911,	5
912,	0
913,	0
914,	1
915,	3
916,	2
917,	3
918,	4
919,	5
920,	6
921,	0
922,	1
923,	4
924,	4
925,	2
926,	4
927,	0
928,	6
929,	3
930,	4
931,	0
932,	2
933,	1
934,	1
935,	2
936,	3
937,	4
938,	8
939,	1
940,	1
941,	6
942,	3
943,	6
944,	4
945,	1
946,	5
947,	3
948,	4
949,	4
950,	3
951,	0
952,	3
953,	6
954,	2
955,	5
956,	2
957,	0
958,	7
959,	3
960,	5
961,	2
962,	5
963,	5
964,	4
965,	3
966,	1
967,	1
968,	0
969,	4
970,	3
971,	4
972,	4
973,	0
974,	0
975,	4
976,	4
977,	3
978,	2
979,	2
980,	6
981,	2
982,	3
983,	1
984,	4
985,	1
986,	6
987,	3
988,	2
989,	5
990,	1
991,	4
992,	0
993,	2
994,	6
995,	7
996,	9
997,	3
998,	4
999,	1
