Instance: /home/gabriel/Documents/ufrgs/courses/oc/trab/instances/cmb02
Vertices: 1000
Colors: 10
NumIterations: 1
Alpha: 0.500000
Is Factible?: false
Conflicts: 201
Solution Value: 750983.500000
Vertex,	Color
0,	0
1,	0
2,	1
3,	2
4,	5
5,	2
6,	1
7,	4
8,	1
9,	1
10,	7
11,	2
12,	1
13,	0
14,	3
15,	0
16,	0
17,	0
18,	1
19,	0
20,	4
21,	1
22,	1
23,	0
24,	1
25,	2
26,	1
27,	5
28,	0
29,	0
30,	1
31,	6
32,	2
33,	0
34,	0
35,	1
36,	0
37,	1
38,	2
39,	1
40,	1
41,	0
42,	2
43,	0
44,	3
45,	1
46,	0
47,	0
48,	0
49,	0
50,	0
51,	0
52,	0
53,	0
54,	2
55,	0
56,	1
57,	4
58,	1
59,	0
60,	0
61,	2
62,	0
63,	0
64,	0
65,	0
66,	0
67,	0
68,	0
69,	0
70,	1
71,	2
72,	2
73,	2
74,	2
75,	0
76,	0
77,	0
78,	0
79,	3
80,	2
81,	1
82,	0
83,	1
84,	0
85,	0
86,	6
87,	3
88,	2
89,	0
90,	0
91,	0
92,	1
93,	1
94,	3
95,	2
96,	6
97,	1
98,	0
99,	0
100,	4
101,	0
102,	0
103,	1
104,	6
105,	0
106,	0
107,	1
108,	0
109,	0
110,	0
111,	0
112,	6
113,	0
114,	0
115,	0
116,	0
117,	3
118,	0
119,	2
120,	1
121,	0
122,	2
123,	0
124,	4
125,	0
126,	1
127,	0
128,	2
129,	0
130,	2
131,	1
132,	0
133,	4
134,	4
135,	0
136,	1
137,	2
138,	1
139,	1
140,	1
141,	0
142,	0
143,	5
144,	1
145,	0
146,	2
147,	1
148,	1
149,	5
150,	5
151,	2
152,	1
153,	2
154,	4
155,	1
156,	0
157,	0
158,	5
159,	0
160,	1
161,	5
162,	6
163,	4
164,	0
165,	0
166,	3
167,	0
168,	0
169,	3
170,	0
171,	1
172,	0
173,	1
174,	0
175,	0
176,	0
177,	2
178,	4
179,	2
180,	2
181,	1
182,	0
183,	0
184,	1
185,	2
186,	1
187,	0
188,	4
189,	1
190,	1
191,	1
192,	1
193,	0
194,	2
195,	0
196,	0
197,	1
198,	0
199,	0
200,	0
201,	0
202,	3
203,	1
204,	2
205,	1
206,	0
207,	0
208,	1
209,	1
210,	5
211,	0
212,	0
213,	1
214,	2
215,	2
216,	1
217,	7
218,	0
219,	2
220,	3
221,	0
222,	0
223,	0
224,	5
225,	0
226,	1
227,	0
228,	0
229,	0
230,	0
231,	0
232,	0
233,	0
234,	0
235,	1
236,	4
237,	1
238,	3
239,	0
240,	1
241,	1
242,	0
243,	1
244,	0
245,	2
246,	0
247,	0
248,	5
249,	1
250,	3
251,	1
252,	0
253,	1
254,	0
255,	0
256,	3
257,	1
258,	3
259,	0
260,	0
261,	4
262,	6
263,	0
264,	3
265,	2
266,	0
267,	0
268,	2
269,	4
270,	0
271,	0
272,	2
273,	0
274,	2
275,	1
276,	0
277,	2
278,	1
279,	1
280,	3
281,	1
282,	1
283,	2
284,	0
285,	2
286,	0
287,	3
288,	2
289,	4
290,	1
291,	0
292,	1
293,	0
294,	1
295,	3
296,	1
297,	5
298,	3
299,	2
300,	0
301,	2
302,	0
303,	2
304,	0
305,	0
306,	2
307,	3
308,	0
309,	2
310,	1
311,	3
312,	1
313,	1
314,	0
315,	1
316,	1
317,	0
318,	0
319,	1
320,	3
321,	0
322,	1
323,	1
324,	0
325,	2
326,	3
327,	1
328,	3
329,	1
330,	3
331,	0
332,	1
333,	1
334,	0
335,	1
336,	0
337,	4
338,	3
339,	0
340,	2
341,	3
342,	3
343,	2
344,	1
345,	0
346,	2
347,	1
348,	0
349,	1
350,	0
351,	0
352,	0
353,	1
354,	2
355,	3
356,	1
357,	2
358,	1
359,	0
360,	0
361,	0
362,	1
363,	1
364,	1
365,	0
366,	0
367,	3
368,	1
369,	0
370,	0
371,	0
372,	3
373,	1
374,	0
375,	3
376,	1
377,	1
378,	0
379,	2
380,	2
381,	1
382,	4
383,	1
384,	0
385,	2
386,	1
387,	0
388,	0
389,	0
390,	0
391,	1
392,	1
393,	2
394,	2
395,	2
396,	0
397,	0
398,	0
399,	2
400,	0
401,	0
402,	0
403,	1
404,	0
405,	1
406,	1
407,	0
408,	1
409,	2
410,	4
411,	0
412,	3
413,	2
414,	1
415,	2
416,	0
417,	1
418,	1
419,	0
420,	0
421,	0
422,	0
423,	1
424,	2
425,	2
426,	1
427,	0
428,	1
429,	1
430,	1
431,	1
432,	2
433,	0
434,	1
435,	1
436,	1
437,	0
438,	0
439,	2
440,	1
441,	4
442,	1
443,	0
444,	1
445,	0
446,	1
447,	3
448,	0
449,	0
450,	2
451,	0
452,	1
453,	0
454,	0
455,	0
456,	0
457,	1
458,	2
459,	8
460,	0
461,	0
462,	0
463,	1
464,	1
465,	2
466,	0
467,	0
468,	0
469,	0
470,	5
471,	2
472,	1
473,	1
474,	1
475,	0
476,	0
477,	3
478,	0
479,	2
480,	3
481,	0
482,	1
483,	1
484,	1
485,	1
486,	0
487,	0
488,	1
489,	0
490,	0
491,	2
492,	2
493,	4
494,	0
495,	0
496,	4
497,	0
498,	0
499,	3
500,	1
501,	1
502,	0
503,	1
504,	3
505,	0
506,	0
507,	0
508,	0
509,	0
510,	0
511,	7
512,	0
513,	4
514,	1
515,	0
516,	2
517,	2
518,	3
519,	1
520,	0
521,	0
522,	0
523,	2
524,	2
525,	1
526,	6
527,	1
528,	0
529,	3
530,	0
531,	3
532,	3
533,	0
534,	0
535,	1
536,	1
537,	0
538,	2
539,	0
540,	0
541,	0
542,	0
543,	0
544,	0
545,	1
546,	0
547,	1
548,	2
549,	0
550,	1
551,	0
552,	2
553,	2
554,	0
555,	1
556,	0
557,	2
558,	1
559,	1
560,	2
561,	1
562,	0
563,	5
564,	3
565,	4
566,	3
567,	0
568,	2
569,	1
570,	0
571,	2
572,	1
573,	2
574,	2
575,	0
576,	6
577,	3
578,	1
579,	0
580,	1
581,	2
582,	2
583,	3
584,	1
585,	1
586,	0
587,	2
588,	1
589,	3
590,	1
591,	0
592,	0
593,	0
594,	1
595,	1
596,	1
597,	3
598,	4
599,	0
600,	2
601,	2
602,	3
603,	1
604,	0
605,	1
606,	2
607,	5
608,	2
609,	5
610,	2
611,	2
612,	0
613,	0
614,	0
615,	2
616,	2
617,	0
618,	1
619,	1
620,	6
621,	1
622,	0
623,	0
624,	1
625,	2
626,	2
627,	2
628,	1
629,	3
630,	0
631,	4
632,	4
633,	2
634,	2
635,	2
636,	0
637,	5
638,	2
639,	0
640,	2
641,	2
642,	0
643,	0
644,	1
645,	4
646,	3
647,	5
648,	0
649,	1
650,	1
651,	2
652,	3
653,	0
654,	2
655,	4
656,	0
657,	1
658,	2
659,	2
660,	2
661,	2
662,	3
663,	0
664,	0
665,	1
666,	0
667,	1
668,	1
669,	1
670,	7
671,	0
672,	1
673,	3
674,	3
675,	1
676,	2
677,	2
678,	3
679,	2
680,	2
681,	4
682,	6
683,	1
684,	2
685,	0
686,	6
687,	4
688,	0
689,	2
690,	1
691,	2
692,	3
693,	0
694,	6
695,	0
696,	1
697,	3
698,	4
699,	3
700,	1
701,	1
702,	2
703,	0
704,	4
705,	3
706,	2
707,	2
708,	0
709,	3
710,	0
711,	3
712,	2
713,	3
714,	2
715,	2
716,	4
717,	2
718,	4
719,	1
720,	1
721,	0
722,	1
723,	3
724,	5
725,	2
726,	2
727,	1
728,	5
729,	1
730,	4
731,	3
732,	1
733,	4
734,	1
735,	0
736,	4
737,	0
738,	2
739,	5
740,	2
741,	0
742,	3
743,	1
744,	3
745,	3
746,	0
747,	0
748,	1
749,	0
750,	6
751,	3
752,	2
753,	4
754,	2
755,	1
756,	0
757,	1
758,	6
759,	1
760,	5
761,	3
762,	4
763,	1
764,	1
765,	5
766,	3
767,	3
768,	2
769,	0
770,	0
771,	0
772,	6
773,	0
774,	3
775,	5
776,	3
777,	4
778,	3
779,	0
780,	1
781,	1
782,	8
783,	7
784,	1
785,	1
786,	2
787,	4
788,	2
789,	3
790,	0
791,	4
792,	5
793,	0
794,	5
795,	2
796,	0
797,	2
798,	1
799,	5
800,	1
801,	4
802,	0
803,	0
804,	4
805,	4
806,	1
807,	2
808,	3
809,	6
810,	3
811,	2
812,	1
813,	5
814,	1
815,	3
816,	3
817,	2
818,	0
819,	2
820,	2
821,	2
822,	0
823,	0
824,	4
825,	5
826,	1
827,	3
828,	0
829,	3
830,	1
831,	1
832,	3
833,	4
834,	0
835,	4
836,	4
837,	1
838,	3
839,	3
840,	1
841,	0
842,	4
843,	2
844,	1
845,	2
846,	1
847,	3
848,	3
849,	6
850,	2
851,	5
852,	2
853,	4
854,	5
855,	1
856,	2
857,	3
858,	4
859,	2
860,	3
861,	4
862,	1
863,	0
864,	2
865,	4
866,	2
867,	2
868,	4
869,	3
870,	2
871,	4
872,	4
873,	3
874,	3
875,	3
876,	3
877,	2
878,	3
879,	4
880,	4
881,	5
882,	3
883,	0
884,	4
885,	1
886,	2
887,	2
888,	2
889,	0
890,	4
891,	2
892,	2
893,	3
894,	1
895,	2
896,	6
897,	4
898,	1
899,	1
900,	1
901,	2
902,	2
903,	1
904,	4
905,	0
906,	7
907,	3
908,	3
909,	7
910,	5
911,	3
912,	0
913,	0
914,	3
915,	2
916,	3
917,	3
918,	2
919,	5
920,	6
921,	1
922,	1
923,	5
924,	6
925,	2
926,	4
927,	3
928,	7
929,	3
930,	2
931,	0
932,	3
933,	0
934,	2
935,	3
936,	4
937,	4
938,	8
939,	4
940,	3
941,	5
942,	2
943,	5
944,	2
945,	0
946,	6
947,	3
948,	4
949,	4
950,	4
951,	2
952,	4
953,	5
954,	2
955,	4
956,	3
957,	1
958,	7
959,	1
960,	5
961,	0
962,	6
963,	1
964,	2
965,	2
966,	2
967,	0
968,	9
969,	4
970,	5
971,	4
972,	1
973,	1
974,	2
975,	4
976,	4
977,	2
978,	2
979,	2
980,	7
981,	5
982,	0
983,	1
984,	5
985,	1
986,	2
987,	2
988,	2
989,	5
990,	1
991,	4
992,	0
993,	4
994,	6
995,	4
996,	9
997,	4
998,	4
999,	3
