Instance: /home/gabriel/Documents/ufrgs/courses/oc/trab/instances/cmb02
Vertices: 1000
Colors: 10
NumIterations: 1
Alpha: 0.500000
Is Factible?: false
Conflicts: 191
Solution Value: 767762.437500
Vertex,	Color
0,	1
1,	0
2,	2
3,	0
4,	0
5,	3
6,	1
7,	3
8,	0
9,	0
10,	3
11,	2
12,	1
13,	0
14,	2
15,	0
16,	0
17,	0
18,	0
19,	0
20,	3
21,	0
22,	2
23,	0
24,	1
25,	1
26,	0
27,	3
28,	0
29,	0
30,	1
31,	5
32,	3
33,	0
34,	0
35,	0
36,	0
37,	0
38,	1
39,	2
40,	1
41,	2
42,	2
43,	0
44,	1
45,	1
46,	1
47,	0
48,	0
49,	0
50,	0
51,	1
52,	2
53,	3
54,	4
55,	1
56,	3
57,	4
58,	0
59,	2
60,	1
61,	1
62,	0
63,	0
64,	0
65,	0
66,	0
67,	0
68,	1
69,	2
70,	0
71,	1
72,	1
73,	4
74,	0
75,	1
76,	0
77,	1
78,	0
79,	4
80,	3
81,	1
82,	1
83,	1
84,	0
85,	0
86,	0
87,	0
88,	0
89,	0
90,	0
91,	0
92,	1
93,	0
94,	1
95,	0
96,	0
97,	0
98,	4
99,	2
100,	2
101,	2
102,	1
103,	2
104,	4
105,	5
106,	0
107,	2
108,	0
109,	0
110,	3
111,	3
112,	0
113,	1
114,	1
115,	1
116,	0
117,	1
118,	2
119,	1
120,	0
121,	0
122,	2
123,	0
124,	4
125,	2
126,	2
127,	0
128,	3
129,	0
130,	3
131,	2
132,	0
133,	0
134,	5
135,	0
136,	0
137,	3
138,	0
139,	0
140,	3
141,	0
142,	0
143,	1
144,	0
145,	0
146,	4
147,	2
148,	0
149,	1
150,	2
151,	0
152,	2
153,	3
154,	0
155,	1
156,	2
157,	0
158,	5
159,	0
160,	2
161,	4
162,	0
163,	4
164,	3
165,	0
166,	0
167,	3
168,	0
169,	3
170,	0
171,	1
172,	0
173,	1
174,	1
175,	3
176,	4
177,	0
178,	1
179,	3
180,	0
181,	1
182,	1
183,	0
184,	1
185,	1
186,	0
187,	1
188,	3
189,	3
190,	0
191,	0
192,	3
193,	0
194,	0
195,	2
196,	5
197,	0
198,	0
199,	1
200,	0
201,	0
202,	0
203,	0
204,	0
205,	3
206,	1
207,	1
208,	1
209,	1
210,	3
211,	4
212,	4
213,	4
214,	0
215,	2
216,	2
217,	2
218,	0
219,	1
220,	1
221,	1
222,	1
223,	0
224,	4
225,	0
226,	0
227,	0
228,	0
229,	1
230,	0
231,	1
232,	0
233,	0
234,	0
235,	1
236,	1
237,	2
238,	4
239,	0
240,	1
241,	0
242,	1
243,	1
244,	0
245,	1
246,	0
247,	0
248,	1
249,	1
250,	0
251,	3
252,	0
253,	1
254,	2
255,	2
256,	0
257,	5
258,	0
259,	1
260,	1
261,	2
262,	4
263,	1
264,	2
265,	0
266,	1
267,	0
268,	4
269,	1
270,	1
271,	1
272,	1
273,	0
274,	1
275,	2
276,	1
277,	1
278,	0
279,	3
280,	3
281,	2
282,	0
283,	1
284,	0
285,	0
286,	0
287,	4
288,	5
289,	3
290,	1
291,	0
292,	0
293,	0
294,	0
295,	2
296,	0
297,	7
298,	2
299,	0
300,	0
301,	1
302,	0
303,	0
304,	2
305,	0
306,	5
307,	3
308,	0
309,	2
310,	1
311,	0
312,	1
313,	0
314,	0
315,	3
316,	2
317,	0
318,	0
319,	2
320,	3
321,	1
322,	1
323,	4
324,	0
325,	0
326,	2
327,	2
328,	0
329,	0
330,	2
331,	1
332,	0
333,	3
334,	1
335,	3
336,	0
337,	4
338,	0
339,	0
340,	0
341,	1
342,	0
343,	0
344,	2
345,	0
346,	3
347,	0
348,	1
349,	0
350,	0
351,	0
352,	0
353,	1
354,	1
355,	3
356,	2
357,	1
358,	0
359,	0
360,	2
361,	1
362,	3
363,	1
364,	1
365,	0
366,	0
367,	4
368,	3
369,	0
370,	2
371,	3
372,	3
373,	1
374,	4
375,	1
376,	0
377,	0
378,	0
379,	3
380,	0
381,	1
382,	4
383,	1
384,	0
385,	1
386,	2
387,	1
388,	1
389,	2
390,	0
391,	2
392,	1
393,	0
394,	2
395,	1
396,	2
397,	0
398,	0
399,	3
400,	0
401,	1
402,	2
403,	0
404,	0
405,	3
406,	1
407,	0
408,	1
409,	1
410,	3
411,	0
412,	1
413,	0
414,	1
415,	0
416,	0
417,	0
418,	0
419,	3
420,	0
421,	0
422,	1
423,	1
424,	5
425,	0
426,	0
427,	0
428,	2
429,	1
430,	1
431,	0
432,	1
433,	0
434,	1
435,	1
436,	0
437,	0
438,	2
439,	0
440,	2
441,	2
442,	0
443,	1
444,	0
445,	0
446,	1
447,	2
448,	2
449,	0
450,	0
451,	0
452,	0
453,	3
454,	0
455,	0
456,	0
457,	1
458,	1
459,	7
460,	0
461,	0
462,	0
463,	4
464,	1
465,	0
466,	1
467,	0
468,	0
469,	2
470,	1
471,	3
472,	2
473,	1
474,	2
475,	0
476,	0
477,	1
478,	4
479,	0
480,	3
481,	0
482,	2
483,	1
484,	0
485,	0
486,	0
487,	0
488,	1
489,	2
490,	0
491,	1
492,	0
493,	5
494,	0
495,	0
496,	0
497,	0
498,	0
499,	5
500,	1
501,	0
502,	5
503,	4
504,	6
505,	2
506,	5
507,	0
508,	0
509,	1
510,	0
511,	0
512,	0
513,	3
514,	3
515,	1
516,	2
517,	2
518,	2
519,	1
520,	0
521,	0
522,	3
523,	3
524,	1
525,	1
526,	3
527,	3
528,	1
529,	2
530,	1
531,	1
532,	2
533,	2
534,	1
535,	1
536,	1
537,	0
538,	0
539,	0
540,	1
541,	1
542,	3
543,	2
544,	0
545,	4
546,	0
547,	2
548,	2
549,	1
550,	0
551,	1
552,	1
553,	0
554,	2
555,	1
556,	0
557,	1
558,	5
559,	1
560,	2
561,	2
562,	3
563,	3
564,	1
565,	1
566,	2
567,	1
568,	1
569,	1
570,	0
571,	0
572,	1
573,	1
574,	2
575,	1
576,	1
577,	0
578,	4
579,	0
580,	1
581,	1
582,	4
583,	2
584,	1
585,	1
586,	1
587,	2
588,	1
589,	0
590,	3
591,	1
592,	0
593,	0
594,	2
595,	3
596,	0
597,	1
598,	2
599,	2
600,	2
601,	2
602,	4
603,	2
604,	1
605,	2
606,	1
607,	5
608,	4
609,	5
610,	1
611,	2
612,	1
613,	0
614,	2
615,	0
616,	4
617,	2
618,	0
619,	2
620,	2
621,	2
622,	0
623,	0
624,	0
625,	2
626,	1
627,	3
628,	1
629,	2
630,	1
631,	2
632,	3
633,	3
634,	2
635,	0
636,	0
637,	8
638,	6
639,	0
640,	0
641,	1
642,	0
643,	0
644,	1
645,	2
646,	1
647,	3
648,	1
649,	1
650,	2
651,	2
652,	2
653,	0
654,	3
655,	1
656,	0
657,	5
658,	2
659,	2
660,	1
661,	1
662,	3
663,	2
664,	0
665,	0
666,	3
667,	1
668,	5
669,	0
670,	4
671,	0
672,	0
673,	3
674,	1
675,	1
676,	1
677,	2
678,	0
679,	0
680,	3
681,	3
682,	0
683,	1
684,	3
685,	1
686,	3
687,	3
688,	1
689,	2
690,	3
691,	1
692,	2
693,	0
694,	5
695,	2
696,	2
697,	4
698,	4
699,	3
700,	1
701,	1
702,	2
703,	3
704,	1
705,	6
706,	2
707,	3
708,	2
709,	3
710,	0
711,	4
712,	3
713,	4
714,	0
715,	0
716,	5
717,	3
718,	5
719,	2
720,	0
721,	1
722,	0
723,	2
724,	4
725,	3
726,	2
727,	0
728,	5
729,	0
730,	2
731,	2
732,	0
733,	6
734,	2
735,	2
736,	1
737,	0
738,	2
739,	4
740,	4
741,	0
742,	3
743,	1
744,	6
745,	4
746,	0
747,	1
748,	3
749,	1
750,	7
751,	3
752,	2
753,	2
754,	0
755,	2
756,	5
757,	1
758,	0
759,	1
760,	1
761,	3
762,	3
763,	1
764,	0
765,	6
766,	3
767,	3
768,	2
769,	0
770,	4
771,	1
772,	5
773,	2
774,	0
775,	6
776,	3
777,	2
778,	3
779,	2
780,	3
781,	3
782,	6
783,	6
784,	1
785,	0
786,	0
787,	4
788,	2
789,	3
790,	5
791,	2
792,	4
793,	3
794,	5
795,	3
796,	1
797,	4
798,	5
799,	4
800,	1
801,	4
802,	1
803,	2
804,	6
805,	2
806,	2
807,	2
808,	3
809,	4
810,	3
811,	2
812,	1
813,	5
814,	2
815,	4
816,	4
817,	3
818,	1
819,	1
820,	0
821,	3
822,	0
823,	0
824,	3
825,	4
826,	1
827,	4
828,	0
829,	1
830,	2
831,	1
832,	2
833,	3
834,	0
835,	0
836,	5
837,	1
838,	4
839,	4
840,	1
841,	0
842,	1
843,	3
844,	3
845,	2
846,	1
847,	3
848,	2
849,	4
850,	2
851,	5
852,	1
853,	2
854,	4
855,	5
856,	2
857,	4
858,	1
859,	0
860,	2
861,	3
862,	0
863,	1
864,	2
865,	3
866,	0
867,	1
868,	5
869,	6
870,	3
871,	2
872,	4
873,	2
874,	4
875,	4
876,	3
877,	2
878,	9
879,	5
880,	3
881,	2
882,	3
883,	0
884,	4
885,	4
886,	1
887,	1
888,	4
889,	0
890,	2
891,	3
892,	2
893,	2
894,	4
895,	4
896,	5
897,	4
898,	0
899,	0
900,	1
901,	2
902,	2
903,	0
904,	1
905,	0
906,	6
907,	2
908,	1
909,	4
910,	5
911,	5
912,	0
913,	0
914,	3
915,	3
916,	3
917,	3
918,	3
919,	5
920,	7
921,	2
922,	1
923,	4
924,	4
925,	2
926,	4
927,	2
928,	6
929,	3
930,	2
931,	0
932,	2
933,	1
934,	2
935,	3
936,	4
937,	4
938,	8
939,	4
940,	1
941,	3
942,	3
943,	7
944,	3
945,	1
946,	5
947,	3
948,	4
949,	4
950,	2
951,	3
952,	5
953,	4
954,	2
955,	5
956,	4
957,	1
958,	2
959,	2
960,	5
961,	2
962,	4
963,	3
964,	4
965,	2
966,	1
967,	0
968,	9
969,	5
970,	4
971,	3
972,	0
973,	1
974,	3
975,	5
976,	2
977,	2
978,	3
979,	2
980,	6
981,	1
982,	0
983,	1
984,	3
985,	1
986,	6
987,	2
988,	3
989,	5
990,	2
991,	5
992,	0
993,	4
994,	6
995,	7
996,	8
997,	3
998,	4
999,	1
