Instance: /home/gabriel/Documents/ufrgs/courses/oc/trab/instances/cmb01
Vertices: 500
Colors: 12
NumIterations: 100
Alpha: 0.970000
Is Factible?: false
Conflicts: 54
Solution Value: 115007.335938
Vertex,	Color
0,	3
1,	4
2,	6
3,	0
4,	3
5,	6
6,	8
7,	10
8,	7
9,	4
10,	7
11,	10
12,	11
13,	0
14,	4
15,	1
16,	1
17,	1
18,	3
19,	5
20,	5
21,	11
22,	3
23,	11
24,	10
25,	7
26,	1
27,	0
28,	11
29,	2
30,	6
31,	11
32,	9
33,	9
34,	5
35,	0
36,	7
37,	3
38,	9
39,	7
40,	9
41,	0
42,	11
43,	7
44,	1
45,	6
46,	8
47,	2
48,	8
49,	10
50,	3
51,	2
52,	9
53,	10
54,	4
55,	0
56,	10
57,	10
58,	2
59,	0
60,	10
61,	10
62,	4
63,	9
64,	4
65,	4
66,	1
67,	7
68,	10
69,	5
70,	5
71,	3
72,	11
73,	11
74,	8
75,	2
76,	2
77,	6
78,	7
79,	6
80,	5
81,	7
82,	3
83,	4
84,	9
85,	9
86,	4
87,	4
88,	6
89,	5
90,	0
91,	8
92,	3
93,	3
94,	9
95,	3
96,	11
97,	3
98,	11
99,	4
100,	3
101,	6
102,	0
103,	0
104,	7
105,	10
106,	11
107,	1
108,	3
109,	10
110,	8
111,	0
112,	8
113,	5
114,	2
115,	5
116,	3
117,	5
118,	3
119,	2
120,	1
121,	9
122,	10
123,	7
124,	5
125,	10
126,	4
127,	7
128,	6
129,	10
130,	9
131,	4
132,	4
133,	4
134,	1
135,	7
136,	8
137,	11
138,	7
139,	6
140,	9
141,	10
142,	3
143,	10
144,	10
145,	9
146,	6
147,	11
148,	3
149,	9
150,	3
151,	8
152,	8
153,	1
154,	2
155,	4
156,	5
157,	8
158,	8
159,	4
160,	7
161,	1
162,	3
163,	10
164,	11
165,	0
166,	2
167,	10
168,	0
169,	9
170,	5
171,	11
172,	10
173,	2
174,	11
175,	0
176,	11
177,	8
178,	8
179,	2
180,	2
181,	10
182,	11
183,	2
184,	5
185,	7
186,	2
187,	1
188,	7
189,	5
190,	2
191,	9
192,	11
193,	5
194,	0
195,	0
196,	0
197,	9
198,	5
199,	5
200,	8
201,	8
202,	4
203,	4
204,	6
205,	9
206,	11
207,	9
208,	10
209,	7
210,	3
211,	7
212,	1
213,	4
214,	8
215,	8
216,	0
217,	6
218,	0
219,	5
220,	3
221,	4
222,	10
223,	5
224,	0
225,	5
226,	8
227,	0
228,	8
229,	10
230,	2
231,	11
232,	10
233,	9
234,	11
235,	9
236,	2
237,	7
238,	9
239,	0
240,	1
241,	11
242,	9
243,	6
244,	11
245,	7
246,	9
247,	6
248,	7
249,	10
250,	0
251,	8
252,	0
253,	7
254,	2
255,	4
256,	9
257,	5
258,	8
259,	3
260,	6
261,	9
262,	11
263,	6
264,	9
265,	6
266,	4
267,	7
268,	10
269,	2
270,	6
271,	5
272,	7
273,	1
274,	1
275,	1
276,	9
277,	5
278,	1
279,	2
280,	4
281,	8
282,	3
283,	3
284,	9
285,	10
286,	2
287,	5
288,	10
289,	6
290,	10
291,	1
292,	7
293,	6
294,	8
295,	7
296,	11
297,	4
298,	11
299,	9
300,	2
301,	3
302,	2
303,	4
304,	10
305,	11
306,	1
307,	8
308,	7
309,	1
310,	3
311,	9
312,	2
313,	8
314,	5
315,	7
316,	2
317,	1
318,	7
319,	3
320,	2
321,	11
322,	8
323,	8
324,	4
325,	7
326,	5
327,	7
328,	10
329,	3
330,	9
331,	1
332,	11
333,	0
334,	2
335,	10
336,	11
337,	10
338,	5
339,	0
340,	8
341,	1
342,	8
343,	4
344,	10
345,	5
346,	6
347,	1
348,	2
349,	11
350,	2
351,	5
352,	10
353,	11
354,	5
355,	6
356,	2
357,	9
358,	0
359,	0
360,	6
361,	1
362,	11
363,	4
364,	1
365,	2
366,	1
367,	2
368,	0
369,	0
370,	0
371,	5
372,	10
373,	1
374,	2
375,	4
376,	10
377,	8
378,	0
379,	5
380,	0
381,	8
382,	9
383,	0
384,	6
385,	10
386,	3
387,	1
388,	0
389,	11
390,	10
391,	4
392,	2
393,	1
394,	5
395,	2
396,	8
397,	6
398,	1
399,	8
400,	9
401,	3
402,	2
403,	11
404,	3
405,	0
406,	10
407,	6
408,	10
409,	7
410,	4
411,	8
412,	6
413,	10
414,	11
415,	6
416,	6
417,	9
418,	10
419,	9
420,	5
421,	11
422,	9
423,	4
424,	0
425,	4
426,	9
427,	8
428,	10
429,	1
430,	4
431,	9
432,	7
433,	5
434,	5
435,	6
436,	6
437,	3
438,	3
439,	0
440,	10
441,	4
442,	5
443,	7
444,	6
445,	5
446,	7
447,	9
448,	8
449,	11
450,	6
451,	1
452,	8
453,	7
454,	1
455,	1
456,	4
457,	11
458,	6
459,	2
460,	6
461,	9
462,	3
463,	0
464,	4
465,	8
466,	6
467,	1
468,	9
469,	2
470,	1
471,	6
472,	4
473,	10
474,	6
475,	5
476,	2
477,	1
478,	3
479,	0
480,	2
481,	8
482,	1
483,	1
484,	6
485,	3
486,	7
487,	10
488,	5
489,	0
490,	3
491,	3
492,	2
493,	4
494,	7
495,	1
496,	3
497,	3
498,	2
499,	5
