Instance: /home/gabriel/Documents/ufrgs/courses/oc/trab/instances/cmb02
Vertices: 1000
Colors: 10
NumIterations: 1
Alpha: 0.500000
Is Factible?: false
Conflicts: 211
Solution Value: 799161.437500
Vertex,	Color
0,	1
1,	0
2,	0
3,	2
4,	6
5,	4
6,	0
7,	4
8,	0
9,	1
10,	0
11,	1
12,	0
13,	1
14,	2
15,	1
16,	0
17,	0
18,	1
19,	0
20,	4
21,	0
22,	3
23,	1
24,	1
25,	0
26,	0
27,	1
28,	0
29,	0
30,	0
31,	0
32,	0
33,	0
34,	3
35,	0
36,	0
37,	0
38,	0
39,	0
40,	0
41,	1
42,	1
43,	0
44,	4
45,	1
46,	0
47,	0
48,	0
49,	1
50,	3
51,	1
52,	1
53,	0
54,	2
55,	0
56,	1
57,	2
58,	0
59,	1
60,	0
61,	1
62,	0
63,	0
64,	0
65,	0
66,	0
67,	0
68,	0
69,	2
70,	0
71,	2
72,	1
73,	2
74,	1
75,	0
76,	0
77,	2
78,	0
79,	2
80,	2
81,	1
82,	0
83,	0
84,	0
85,	0
86,	2
87,	2
88,	0
89,	0
90,	0
91,	0
92,	0
93,	2
94,	2
95,	3
96,	1
97,	0
98,	0
99,	4
100,	4
101,	0
102,	0
103,	0
104,	6
105,	6
106,	1
107,	2
108,	0
109,	1
110,	1
111,	2
112,	1
113,	0
114,	3
115,	3
116,	0
117,	1
118,	0
119,	2
120,	0
121,	0
122,	0
123,	2
124,	1
125,	0
126,	2
127,	1
128,	0
129,	0
130,	3
131,	2
132,	1
133,	0
134,	0
135,	0
136,	1
137,	3
138,	0
139,	0
140,	0
141,	3
142,	0
143,	1
144,	7
145,	0
146,	2
147,	3
148,	0
149,	6
150,	4
151,	0
152,	1
153,	1
154,	1
155,	0
156,	3
157,	0
158,	5
159,	0
160,	1
161,	3
162,	6
163,	4
164,	1
165,	2
166,	0
167,	1
168,	0
169,	0
170,	0
171,	1
172,	0
173,	2
174,	0
175,	3
176,	1
177,	1
178,	3
179,	0
180,	0
181,	2
182,	2
183,	0
184,	0
185,	2
186,	0
187,	0
188,	3
189,	1
190,	0
191,	0
192,	0
193,	0
194,	2
195,	1
196,	3
197,	2
198,	0
199,	0
200,	4
201,	0
202,	4
203,	1
204,	0
205,	3
206,	0
207,	1
208,	0
209,	3
210,	2
211,	0
212,	3
213,	4
214,	1
215,	1
216,	2
217,	3
218,	0
219,	0
220,	1
221,	2
222,	0
223,	0
224,	1
225,	0
226,	2
227,	0
228,	0
229,	1
230,	0
231,	0
232,	0
233,	0
234,	3
235,	0
236,	3
237,	2
238,	2
239,	0
240,	2
241,	0
242,	0
243,	0
244,	0
245,	0
246,	0
247,	0
248,	3
249,	0
250,	0
251,	3
252,	0
253,	1
254,	2
255,	0
256,	2
257,	2
258,	0
259,	0
260,	0
261,	0
262,	0
263,	6
264,	2
265,	0
266,	2
267,	0
268,	3
269,	0
270,	5
271,	1
272,	4
273,	0
274,	2
275,	4
276,	1
277,	1
278,	0
279,	0
280,	0
281,	1
282,	0
283,	1
284,	0
285,	1
286,	0
287,	1
288,	0
289,	2
290,	1
291,	1
292,	1
293,	1
294,	0
295,	2
296,	2
297,	1
298,	4
299,	2
300,	5
301,	0
302,	0
303,	2
304,	1
305,	1
306,	5
307,	0
308,	0
309,	2
310,	0
311,	0
312,	2
313,	1
314,	1
315,	1
316,	1
317,	0
318,	0
319,	0
320,	1
321,	1
322,	1
323,	1
324,	2
325,	3
326,	2
327,	0
328,	3
329,	0
330,	5
331,	1
332,	0
333,	1
334,	0
335,	0
336,	0
337,	1
338,	0
339,	0
340,	0
341,	2
342,	1
343,	3
344,	0
345,	0
346,	1
347,	1
348,	1
349,	1
350,	0
351,	0
352,	1
353,	0
354,	1
355,	1
356,	4
357,	0
358,	0
359,	1
360,	0
361,	0
362,	0
363,	1
364,	1
365,	0
366,	1
367,	2
368,	2
369,	1
370,	1
371,	1
372,	1
373,	0
374,	4
375,	0
376,	0
377,	2
378,	2
379,	1
380,	2
381,	0
382,	3
383,	0
384,	1
385,	1
386,	3
387,	3
388,	0
389,	0
390,	2
391,	1
392,	1
393,	1
394,	3
395,	0
396,	0
397,	1
398,	1
399,	1
400,	0
401,	1
402,	0
403,	1
404,	0
405,	1
406,	1
407,	0
408,	2
409,	0
410,	2
411,	0
412,	0
413,	2
414,	2
415,	0
416,	0
417,	2
418,	0
419,	2
420,	0
421,	0
422,	1
423,	0
424,	0
425,	0
426,	1
427,	0
428,	3
429,	1
430,	1
431,	1
432,	5
433,	0
434,	0
435,	4
436,	0
437,	3
438,	3
439,	4
440,	2
441,	3
442,	0
443,	2
444,	0
445,	0
446,	1
447,	2
448,	1
449,	0
450,	1
451,	0
452,	2
453,	0
454,	0
455,	1
456,	2
457,	0
458,	1
459,	2
460,	3
461,	0
462,	2
463,	5
464,	2
465,	1
466,	0
467,	2
468,	2
469,	1
470,	0
471,	1
472,	2
473,	0
474,	1
475,	0
476,	1
477,	1
478,	3
479,	0
480,	0
481,	0
482,	1
483,	3
484,	0
485,	1
486,	1
487,	0
488,	2
489,	1
490,	0
491,	2
492,	1
493,	0
494,	0
495,	0
496,	0
497,	0
498,	6
499,	3
500,	1
501,	1
502,	1
503,	0
504,	6
505,	2
506,	0
507,	1
508,	2
509,	0
510,	1
511,	7
512,	0
513,	3
514,	1
515,	1
516,	4
517,	2
518,	0
519,	3
520,	0
521,	0
522,	2
523,	4
524,	3
525,	0
526,	0
527,	1
528,	1
529,	3
530,	0
531,	0
532,	0
533,	0
534,	0
535,	1
536,	3
537,	0
538,	4
539,	2
540,	1
541,	0
542,	1
543,	3
544,	1
545,	1
546,	0
547,	5
548,	1
549,	1
550,	1
551,	0
552,	2
553,	0
554,	2
555,	0
556,	0
557,	2
558,	1
559,	2
560,	1
561,	2
562,	2
563,	1
564,	2
565,	2
566,	3
567,	1
568,	2
569,	2
570,	0
571,	1
572,	0
573,	0
574,	5
575,	3
576,	0
577,	1
578,	6
579,	0
580,	1
581,	1
582,	1
583,	2
584,	3
585,	2
586,	1
587,	4
588,	0
589,	1
590,	3
591,	2
592,	0
593,	0
594,	0
595,	3
596,	0
597,	1
598,	4
599,	2
600,	5
601,	2
602,	4
603,	2
604,	0
605,	1
606,	4
607,	4
608,	5
609,	3
610,	1
611,	3
612,	0
613,	0
614,	1
615,	1
616,	2
617,	2
618,	1
619,	3
620,	5
621,	3
622,	0
623,	0
624,	0
625,	0
626,	2
627,	1
628,	2
629,	3
630,	0
631,	1
632,	1
633,	1
634,	1
635,	2
636,	0
637,	8
638,	5
639,	0
640,	0
641,	1
642,	0
643,	0
644,	1
645,	5
646,	2
647,	3
648,	1
649,	2
650,	4
651,	2
652,	2
653,	0
654,	3
655,	2
656,	2
657,	1
658,	3
659,	1
660,	2
661,	0
662,	2
663,	1
664,	1
665,	0
666,	0
667,	3
668,	1
669,	0
670,	3
671,	0
672,	1
673,	3
674,	0
675,	3
676,	0
677,	3
678,	0
679,	4
680,	1
681,	3
682,	1
683,	1
684,	1
685,	3
686,	5
687,	5
688,	2
689,	4
690,	2
691,	1
692,	1
693,	0
694,	4
695,	0
696,	1
697,	5
698,	3
699,	3
700,	2
701,	2
702,	0
703,	2
704,	2
705,	4
706,	1
707,	2
708,	3
709,	3
710,	1
711,	5
712,	3
713,	1
714,	2
715,	1
716,	3
717,	2
718,	4
719,	0
720,	0
721,	0
722,	0
723,	2
724,	4
725,	1
726,	1
727,	2
728,	4
729,	3
730,	4
731,	3
732,	1
733,	4
734,	2
735,	0
736,	0
737,	0
738,	3
739,	5
740,	4
741,	0
742,	3
743,	3
744,	4
745,	2
746,	1
747,	0
748,	1
749,	0
750,	8
751,	1
752,	0
753,	2
754,	3
755,	0
756,	4
757,	0
758,	0
759,	1
760,	2
761,	5
762,	4
763,	1
764,	0
765,	5
766,	2
767,	3
768,	1
769,	0
770,	0
771,	0
772,	3
773,	3
774,	3
775,	5
776,	3
777,	2
778,	2
779,	2
780,	2
781,	1
782,	6
783,	4
784,	0
785,	2
786,	1
787,	3
788,	2
789,	5
790,	2
791,	1
792,	4
793,	0
794,	3
795,	2
796,	0
797,	3
798,	0
799,	3
800,	2
801,	5
802,	0
803,	0
804,	5
805,	4
806,	1
807,	1
808,	3
809,	6
810,	2
811,	3
812,	1
813,	1
814,	2
815,	4
816,	2
817,	2
818,	0
819,	1
820,	2
821,	4
822,	0
823,	0
824,	1
825,	4
826,	2
827,	2
828,	1
829,	3
830,	1
831,	0
832,	4
833,	3
834,	0
835,	6
836,	5
837,	0
838,	0
839,	3
840,	1
841,	0
842,	3
843,	3
844,	4
845,	2
846,	2
847,	1
848,	1
849,	5
850,	2
851,	3
852,	2
853,	3
854,	4
855,	4
856,	3
857,	0
858,	1
859,	0
860,	4
861,	4
862,	0
863,	0
864,	2
865,	4
866,	0
867,	5
868,	5
869,	4
870,	3
871,	4
872,	4
873,	3
874,	3
875,	3
876,	3
877,	2
878,	2
879,	5
880,	4
881,	3
882,	3
883,	1
884,	4
885,	4
886,	2
887,	1
888,	3
889,	1
890,	3
891,	2
892,	2
893,	3
894,	4
895,	5
896,	5
897,	4
898,	2
899,	0
900,	1
901,	1
902,	2
903,	1
904,	3
905,	3
906,	4
907,	2
908,	2
909,	6
910,	4
911,	5
912,	0
913,	0
914,	1
915,	6
916,	3
917,	2
918,	3
919,	2
920,	5
921,	2
922,	0
923,	5
924,	4
925,	2
926,	4
927,	1
928,	7
929,	3
930,	0
931,	0
932,	2
933,	1
934,	1
935,	4
936,	4
937,	4
938,	5
939,	1
940,	2
941,	2
942,	2
943,	6
944,	4
945,	1
946,	5
947,	2
948,	4
949,	4
950,	4
951,	2
952,	6
953,	2
954,	2
955,	5
956,	2
957,	1
958,	7
959,	2
960,	4
961,	2
962,	3
963,	5
964,	3
965,	2
966,	1
967,	5
968,	9
969,	6
970,	3
971,	4
972,	1
973,	1
974,	0
975,	3
976,	2
977,	2
978,	3
979,	2
980,	7
981,	3
982,	4
983,	1
984,	3
985,	2
986,	6
987,	3
988,	3
989,	5
990,	1
991,	4
992,	0
993,	4
994,	6
995,	8
996,	8
997,	3
998,	3
999,	2
