Instance: /home/gabriel/Documents/ufrgs/courses/oc/trab/instances/cmb01
Vertices: 500
Colors: 12
NumIterations: 100
Alpha: 0.500000
Is Factible?: false
Conflicts: 55
Solution Value: 126654.468750
Vertex,	Color
0,	1
1,	7
2,	1
3,	9
4,	7
5,	7
6,	11
7,	4
8,	6
9,	1
10,	6
11,	6
12,	2
13,	10
14,	7
15,	1
16,	2
17,	0
18,	2
19,	3
20,	3
21,	2
22,	9
23,	1
24,	3
25,	11
26,	11
27,	9
28,	1
29,	0
30,	5
31,	5
32,	9
33,	6
34,	9
35,	10
36,	5
37,	1
38,	9
39,	11
40,	7
41,	3
42,	4
43,	2
44,	7
45,	7
46,	5
47,	1
48,	2
49,	6
50,	5
51,	3
52,	0
53,	4
54,	2
55,	8
56,	8
57,	4
58,	9
59,	10
60,	5
61,	8
62,	7
63,	5
64,	0
65,	3
66,	4
67,	9
68,	6
69,	9
70,	11
71,	7
72,	11
73,	8
74,	9
75,	10
76,	2
77,	10
78,	2
79,	7
80,	11
81,	9
82,	8
83,	0
84,	1
85,	3
86,	2
87,	8
88,	3
89,	6
90,	6
91,	5
92,	9
93,	3
94,	3
95,	3
96,	0
97,	9
98,	1
99,	2
100,	4
101,	6
102,	9
103,	0
104,	2
105,	0
106,	0
107,	5
108,	1
109,	3
110,	2
111,	3
112,	7
113,	5
114,	2
115,	11
116,	9
117,	0
118,	3
119,	6
120,	0
121,	1
122,	0
123,	5
124,	11
125,	11
126,	6
127,	2
128,	0
129,	3
130,	0
131,	0
132,	4
133,	7
134,	6
135,	2
136,	9
137,	5
138,	10
139,	6
140,	5
141,	10
142,	3
143,	11
144,	8
145,	3
146,	1
147,	3
148,	7
149,	6
150,	7
151,	7
152,	2
153,	9
154,	9
155,	11
156,	9
157,	0
158,	4
159,	8
160,	8
161,	10
162,	4
163,	10
164,	3
165,	3
166,	1
167,	2
168,	11
169,	1
170,	3
171,	5
172,	5
173,	8
174,	11
175,	2
176,	3
177,	11
178,	7
179,	9
180,	8
181,	8
182,	8
183,	6
184,	4
185,	9
186,	6
187,	1
188,	9
189,	4
190,	7
191,	0
192,	11
193,	8
194,	5
195,	6
196,	1
197,	2
198,	1
199,	2
200,	6
201,	4
202,	7
203,	10
204,	0
205,	3
206,	8
207,	6
208,	11
209,	0
210,	2
211,	5
212,	11
213,	11
214,	0
215,	4
216,	8
217,	6
218,	8
219,	9
220,	3
221,	6
222,	11
223,	4
224,	0
225,	9
226,	1
227,	11
228,	3
229,	10
230,	11
231,	4
232,	6
233,	8
234,	9
235,	10
236,	5
237,	1
238,	2
239,	10
240,	4
241,	3
242,	6
243,	6
244,	5
245,	5
246,	0
247,	1
248,	5
249,	6
250,	10
251,	4
252,	2
253,	11
254,	6
255,	8
256,	10
257,	7
258,	3
259,	2
260,	1
261,	3
262,	1
263,	9
264,	5
265,	7
266,	2
267,	9
268,	6
269,	9
270,	4
271,	7
272,	3
273,	5
274,	0
275,	5
276,	1
277,	8
278,	10
279,	6
280,	8
281,	10
282,	4
283,	0
284,	0
285,	10
286,	11
287,	2
288,	5
289,	11
290,	1
291,	8
292,	8
293,	2
294,	3
295,	11
296,	8
297,	7
298,	2
299,	4
300,	10
301,	3
302,	4
303,	11
304,	9
305,	0
306,	8
307,	10
308,	1
309,	1
310,	10
311,	10
312,	7
313,	7
314,	6
315,	0
316,	4
317,	10
318,	1
319,	10
320,	5
321,	1
322,	7
323,	7
324,	4
325,	8
326,	1
327,	10
328,	5
329,	11
330,	4
331,	7
332,	0
333,	8
334,	10
335,	8
336,	5
337,	11
338,	3
339,	3
340,	5
341,	5
342,	10
343,	9
344,	1
345,	2
346,	2
347,	5
348,	10
349,	10
350,	5
351,	2
352,	3
353,	8
354,	3
355,	0
356,	4
357,	1
358,	6
359,	2
360,	0
361,	7
362,	5
363,	6
364,	0
365,	8
366,	9
367,	1
368,	3
369,	10
370,	4
371,	7
372,	2
373,	1
374,	5
375,	8
376,	0
377,	9
378,	8
379,	7
380,	7
381,	3
382,	1
383,	2
384,	9
385,	7
386,	11
387,	6
388,	0
389,	6
390,	6
391,	8
392,	10
393,	4
394,	2
395,	6
396,	8
397,	2
398,	0
399,	11
400,	10
401,	2
402,	9
403,	2
404,	1
405,	0
406,	1
407,	1
408,	1
409,	9
410,	0
411,	7
412,	11
413,	0
414,	2
415,	8
416,	1
417,	8
418,	6
419,	0
420,	5
421,	0
422,	5
423,	11
424,	1
425,	6
426,	8
427,	1
428,	1
429,	4
430,	11
431,	5
432,	2
433,	1
434,	6
435,	8
436,	7
437,	10
438,	1
439,	4
440,	1
441,	5
442,	3
443,	8
444,	0
445,	1
446,	6
447,	5
448,	10
449,	7
450,	10
451,	4
452,	11
453,	0
454,	8
455,	4
456,	3
457,	11
458,	3
459,	3
460,	3
461,	6
462,	1
463,	5
464,	1
465,	3
466,	10
467,	0
468,	11
469,	8
470,	1
471,	11
472,	10
473,	7
474,	7
475,	9
476,	4
477,	3
478,	0
479,	8
480,	7
481,	9
482,	9
483,	4
484,	7
485,	10
486,	11
487,	9
488,	0
489,	11
490,	3
491,	11
492,	4
493,	0
494,	6
495,	2
496,	5
497,	3
498,	0
499,	2
