Instance: /home/gabriel/Documents/ufrgs/courses/oc/trab/instances/cmb02
Vertices: 1000
Colors: 10
NumIterations: 1
Alpha: 0.500000
Is Factible?: true
Conflicts: 0
Solution Value: 777641.750000
Vertex,	Color
0,	6
1,	4
2,	0
3,	9
4,	0
5,	9
6,	6
7,	5
8,	3
9,	3
10,	8
11,	6
12,	3
13,	2
14,	3
15,	2
16,	4
17,	0
18,	6
19,	0
20,	7
21,	4
22,	5
23,	1
24,	8
25,	5
26,	5
27,	6
28,	3
29,	2
30,	0
31,	6
32,	3
33,	2
34,	7
35,	5
36,	0
37,	4
38,	4
39,	3
40,	0
41,	4
42,	2
43,	4
44,	2
45,	2
46,	4
47,	3
48,	4
49,	4
50,	6
51,	1
52,	2
53,	4
54,	5
55,	5
56,	4
57,	5
58,	4
59,	2
60,	1
61,	3
62,	4
63,	6
64,	6
65,	1
66,	4
67,	2
68,	4
69,	5
70,	3
71,	0
72,	5
73,	6
74,	1
75,	1
76,	1
77,	5
78,	1
79,	6
80,	7
81,	0
82,	3
83,	2
84,	1
85,	0
86,	1
87,	5
88,	6
89,	1
90,	3
91,	1
92,	5
93,	2
94,	4
95,	7
96,	7
97,	2
98,	5
99,	6
100,	4
101,	5
102,	1
103,	2
104,	7
105,	3
106,	6
107,	3
108,	0
109,	2
110,	2
111,	1
112,	0
113,	4
114,	6
115,	3
116,	3
117,	4
118,	1
119,	7
120,	0
121,	0
122,	5
123,	2
124,	5
125,	3
126,	1
127,	4
128,	4
129,	4
130,	6
131,	4
132,	1
133,	7
134,	0
135,	1
136,	0
137,	8
138,	2
139,	1
140,	0
141,	4
142,	5
143,	0
144,	1
145,	3
146,	1
147,	2
148,	6
149,	7
150,	4
151,	5
152,	2
153,	4
154,	0
155,	1
156,	4
157,	4
158,	3
159,	3
160,	0
161,	2
162,	2
163,	4
164,	1
165,	5
166,	1
167,	1
168,	4
169,	0
170,	0
171,	0
172,	0
173,	3
174,	0
175,	0
176,	3
177,	3
178,	5
179,	2
180,	5
181,	1
182,	4
183,	1
184,	2
185,	3
186,	5
187,	0
188,	3
189,	5
190,	3
191,	0
192,	6
193,	1
194,	6
195,	0
196,	1
197,	0
198,	0
199,	2
200,	0
201,	0
202,	2
203,	6
204,	5
205,	2
206,	4
207,	1
208,	0
209,	1
210,	0
211,	7
212,	1
213,	6
214,	2
215,	4
216,	0
217,	4
218,	2
219,	0
220,	1
221,	2
222,	0
223,	2
224,	0
225,	2
226,	3
227,	2
228,	0
229,	4
230,	0
231,	2
232,	2
233,	0
234,	1
235,	7
236,	1
237,	1
238,	4
239,	0
240,	1
241,	2
242,	1
243,	1
244,	3
245,	2
246,	3
247,	0
248,	7
249,	1
250,	6
251,	2
252,	0
253,	0
254,	5
255,	4
256,	2
257,	0
258,	1
259,	3
260,	7
261,	5
262,	2
263,	4
264,	2
265,	6
266,	1
267,	3
268,	4
269,	4
270,	1
271,	1
272,	4
273,	1
274,	1
275,	8
276,	1
277,	0
278,	0
279,	0
280,	0
281,	3
282,	1
283,	1
284,	1
285,	2
286,	4
287,	0
288,	0
289,	0
290,	2
291,	2
292,	2
293,	3
294,	0
295,	6
296,	4
297,	6
298,	7
299,	5
300,	1
301,	3
302,	0
303,	0
304,	0
305,	3
306,	3
307,	0
308,	0
309,	6
310,	1
311,	0
312,	3
313,	6
314,	2
315,	0
316,	3
317,	2
318,	2
319,	4
320,	8
321,	0
322,	1
323,	1
324,	0
325,	0
326,	2
327,	1
328,	2
329,	3
330,	3
331,	0
332,	4
333,	1
334,	4
335,	2
336,	2
337,	7
338,	2
339,	2
340,	0
341,	0
342,	2
343,	0
344,	2
345,	1
346,	3
347,	3
348,	1
349,	0
350,	1
351,	0
352,	0
353,	0
354,	0
355,	4
356,	2
357,	3
358,	5
359,	1
360,	0
361,	4
362,	0
363,	4
364,	2
365,	1
366,	2
367,	4
368,	0
369,	5
370,	2
371,	2
372,	1
373,	0
374,	4
375,	2
376,	4
377,	1
378,	4
379,	0
380,	0
381,	0
382,	1
383,	0
384,	7
385,	0
386,	1
387,	0
388,	4
389,	0
390,	1
391,	0
392,	0
393,	0
394,	0
395,	0
396,	1
397,	1
398,	0
399,	0
400,	0
401,	1
402,	2
403,	0
404,	1
405,	3
406,	1
407,	0
408,	1
409,	0
410,	0
411,	1
412,	1
413,	0
414,	1
415,	1
416,	1
417,	1
418,	2
419,	1
420,	0
421,	0
422,	1
423,	1
424,	1
425,	1
426,	1
427,	0
428,	2
429,	1
430,	1
431,	0
432,	6
433,	1
434,	1
435,	2
436,	0
437,	2
438,	0
439,	3
440,	2
441,	3
442,	1
443,	0
444,	0
445,	0
446,	2
447,	1
448,	2
449,	0
450,	8
451,	3
452,	8
453,	1
454,	0
455,	2
456,	0
457,	0
458,	4
459,	3
460,	6
461,	0
462,	3
463,	3
464,	1
465,	0
466,	3
467,	0
468,	0
469,	0
470,	0
471,	1
472,	2
473,	1
474,	2
475,	0
476,	2
477,	1
478,	2
479,	2
480,	1
481,	0
482,	1
483,	1
484,	5
485,	3
486,	2
487,	0
488,	2
489,	1
490,	0
491,	3
492,	0
493,	2
494,	0
495,	3
496,	4
497,	0
498,	3
499,	1
500,	0
501,	1
502,	0
503,	1
504,	2
505,	2
506,	2
507,	0
508,	1
509,	0
510,	1
511,	7
512,	0
513,	5
514,	1
515,	2
516,	4
517,	0
518,	5
519,	5
520,	4
521,	0
522,	3
523,	5
524,	0
525,	0
526,	1
527,	0
528,	1
529,	1
530,	1
531,	6
532,	6
533,	2
534,	2
535,	2
536,	0
537,	0
538,	1
539,	0
540,	3
541,	1
542,	0
543,	2
544,	2
545,	2
546,	0
547,	3
548,	0
549,	0
550,	3
551,	0
552,	1
553,	0
554,	2
555,	0
556,	0
557,	2
558,	2
559,	2
560,	1
561,	1
562,	3
563,	3
564,	2
565,	3
566,	3
567,	1
568,	4
569,	0
570,	0
571,	1
572,	1
573,	1
574,	1
575,	4
576,	3
577,	0
578,	3
579,	0
580,	0
581,	2
582,	3
583,	0
584,	2
585,	3
586,	0
587,	2
588,	1
589,	2
590,	0
591,	2
592,	0
593,	0
594,	1
595,	1
596,	1
597,	1
598,	3
599,	3
600,	5
601,	2
602,	2
603,	0
604,	1
605,	1
606,	5
607,	2
608,	1
609,	3
610,	2
611,	1
612,	0
613,	0
614,	1
615,	1
616,	1
617,	2
618,	1
619,	3
620,	4
621,	1
622,	0
623,	1
624,	0
625,	3
626,	2
627,	3
628,	2
629,	1
630,	0
631,	5
632,	3
633,	0
634,	1
635,	2
636,	0
637,	8
638,	3
639,	0
640,	1
641,	2
642,	0
643,	3
644,	1
645,	5
646,	4
647,	2
648,	0
649,	1
650,	2
651,	3
652,	1
653,	0
654,	2
655,	2
656,	0
657,	0
658,	3
659,	0
660,	1
661,	1
662,	5
663,	0
664,	1
665,	1
666,	0
667,	3
668,	3
669,	0
670,	1
671,	0
672,	1
673,	3
674,	1
675,	1
676,	0
677,	2
678,	3
679,	6
680,	4
681,	5
682,	0
683,	0
684,	2
685,	1
686,	3
687,	6
688,	0
689,	4
690,	2
691,	2
692,	3
693,	0
694,	6
695,	1
696,	1
697,	5
698,	2
699,	4
700,	3
701,	0
702,	1
703,	2
704,	4
705,	6
706,	1
707,	3
708,	2
709,	3
710,	0
711,	5
712,	2
713,	2
714,	4
715,	2
716,	1
717,	2
718,	4
719,	0
720,	1
721,	0
722,	0
723,	2
724,	1
725,	3
726,	2
727,	1
728,	4
729,	2
730,	3
731,	3
732,	0
733,	4
734,	1
735,	0
736,	2
737,	1
738,	2
739,	4
740,	3
741,	0
742,	3
743,	2
744,	5
745,	1
746,	0
747,	2
748,	2
749,	1
750,	6
751,	2
752,	3
753,	2
754,	2
755,	1
756,	4
757,	0
758,	3
759,	2
760,	1
761,	5
762,	3
763,	1
764,	1
765,	5
766,	3
767,	4
768,	2
769,	1
770,	1
771,	1
772,	6
773,	1
774,	3
775,	6
776,	4
777,	2
778,	3
779,	2
780,	4
781,	3
782,	7
783,	7
784,	1
785,	0
786,	4
787,	5
788,	2
789,	5
790,	5
791,	4
792,	4
793,	0
794,	2
795,	3
796,	3
797,	3
798,	3
799,	5
800,	1
801,	5
802,	1
803,	1
804,	5
805,	3
806,	1
807,	1
808,	2
809,	4
810,	3
811,	0
812,	1
813,	4
814,	1
815,	4
816,	3
817,	3
818,	0
819,	2
820,	2
821,	4
822,	0
823,	0
824,	2
825,	6
826,	2
827,	3
828,	0
829,	3
830,	2
831,	0
832,	4
833,	3
834,	0
835,	2
836,	5
837,	0
838,	4
839,	5
840,	3
841,	0
842,	3
843,	3
844,	4
845,	2
846,	1
847,	3
848,	1
849,	3
850,	2
851,	6
852,	2
853,	2
854,	4
855,	4
856,	3
857,	2
858,	1
859,	2
860,	5
861,	4
862,	0
863,	0
864,	2
865,	5
866,	0
867,	1
868,	5
869,	2
870,	1
871,	3
872,	4
873,	1
874,	5
875,	3
876,	4
877,	2
878,	3
879,	4
880,	4
881,	3
882,	3
883,	0
884,	3
885,	4
886,	3
887,	1
888,	3
889,	0
890,	4
891,	3
892,	2
893,	1
894,	2
895,	3
896,	1
897,	3
898,	2
899,	0
900,	1
901,	3
902,	1
903,	2
904,	2
905,	0
906,	4
907,	2
908,	4
909,	4
910,	4
911,	5
912,	1
913,	0
914,	0
915,	4
916,	3
917,	2
918,	2
919,	5
920,	7
921,	1
922,	1
923,	4
924,	5
925,	1
926,	4
927,	3
928,	7
929,	3
930,	3
931,	0
932,	2
933,	1
934,	3
935,	4
936,	3
937,	4
938,	8
939,	2
940,	2
941,	6
942,	3
943,	7
944,	5
945,	1
946,	5
947,	3
948,	3
949,	4
950,	5
951,	3
952,	5
953,	3
954,	2
955,	5
956,	4
957,	0
958,	8
959,	3
960,	4
961,	2
962,	3
963,	5
964,	3
965,	3
966,	3
967,	1
968,	9
969,	5
970,	2
971,	3
972,	2
973,	0
974,	0
975,	4
976,	3
977,	2
978,	2
979,	1
980,	6
981,	4
982,	5
983,	2
984,	4
985,	1
986,	6
987,	3
988,	2
989,	5
990,	1
991,	5
992,	0
993,	4
994,	6
995,	7
996,	8
997,	4
998,	4
999,	2
