Instance: /home/gabriel/Documents/ufrgs/courses/oc/trab/instances/cmb01
Vertices: 500
Colors: 12
NumIterations: 10
Alpha: 0.500000
Is Factible?: false
Solution Value: 101965.484375
	Vertex,	Color
0,	2
1,	9
2,	4
3,	9
4,	5
5,	7
6,	1
7,	5
8,	5
9,	4
10,	5
11,	11
12,	5
13,	6
14,	10
15,	11
16,	3
17,	9
18,	2
19,	5
20,	11
21,	2
22,	0
23,	6
24,	2
25,	0
26,	2
27,	1
28,	10
29,	8
30,	7
31,	10
32,	4
33,	4
34,	10
35,	3
36,	5
37,	0
38,	2
39,	10
40,	7
41,	9
42,	8
43,	11
44,	9
45,	11
46,	9
47,	9
48,	2
49,	3
50,	1
51,	4
52,	5
53,	7
54,	6
55,	3
56,	7
57,	10
58,	7
59,	3
60,	5
61,	11
62,	4
63,	2
64,	10
65,	2
66,	8
67,	4
68,	4
69,	8
70,	0
71,	9
72,	5
73,	9
74,	4
75,	5
76,	4
77,	6
78,	0
79,	6
80,	3
81,	2
82,	7
83,	6
84,	6
85,	10
86,	0
87,	0
88,	5
89,	9
90,	0
91,	9
92,	8
93,	3
94,	6
95,	3
96,	6
97,	4
98,	2
99,	11
100,	5
101,	3
102,	9
103,	8
104,	2
105,	11
106,	7
107,	0
108,	9
109,	8
110,	8
111,	1
112,	3
113,	8
114,	6
115,	10
116,	0
117,	0
118,	4
119,	9
120,	0
121,	6
122,	0
123,	11
124,	10
125,	2
126,	6
127,	3
128,	6
129,	2
130,	4
131,	10
132,	1
133,	9
134,	8
135,	8
136,	9
137,	2
138,	3
139,	10
140,	1
141,	6
142,	5
143,	2
144,	1
145,	8
146,	9
147,	2
148,	11
149,	11
150,	8
151,	5
152,	1
153,	0
154,	9
155,	9
156,	9
157,	2
158,	8
159,	9
160,	10
161,	10
162,	1
163,	11
164,	5
165,	4
166,	9
167,	1
168,	3
169,	7
170,	6
171,	2
172,	9
173,	6
174,	1
175,	5
176,	8
177,	10
178,	10
179,	5
180,	1
181,	5
182,	11
183,	9
184,	5
185,	2
186,	4
187,	5
188,	11
189,	7
190,	10
191,	5
192,	4
193,	9
194,	8
195,	5
196,	4
197,	0
198,	6
199,	10
200,	8
201,	7
202,	0
203,	10
204,	5
205,	5
206,	9
207,	5
208,	5
209,	6
210,	3
211,	11
212,	9
213,	0
214,	6
215,	0
216,	9
217,	2
218,	10
219,	10
220,	5
221,	2
222,	11
223,	4
224,	1
225,	11
226,	0
227,	7
228,	8
229,	4
230,	2
231,	1
232,	2
233,	6
234,	7
235,	3
236,	7
237,	3
238,	0
239,	0
240,	6
241,	1
242,	0
243,	2
244,	11
245,	2
246,	4
247,	1
248,	10
249,	3
250,	0
251,	7
252,	5
253,	8
254,	4
255,	6
256,	1
257,	0
258,	11
259,	2
260,	1
261,	0
262,	2
263,	0
264,	11
265,	0
266,	10
267,	8
268,	7
269,	8
270,	4
271,	7
272,	4
273,	11
274,	1
275,	7
276,	4
277,	11
278,	6
279,	2
280,	2
281,	9
282,	7
283,	2
284,	0
285,	0
286,	7
287,	3
288,	10
289,	6
290,	6
291,	1
292,	1
293,	3
294,	10
295,	3
296,	3
297,	8
298,	8
299,	5
300,	7
301,	11
302,	6
303,	10
304,	7
305,	1
306,	11
307,	7
308,	3
309,	5
310,	1
311,	5
312,	8
313,	3
314,	4
315,	8
316,	9
317,	8
318,	0
319,	7
320,	6
321,	8
322,	8
323,	1
324,	10
325,	10
326,	5
327,	6
328,	3
329,	1
330,	3
331,	9
332,	3
333,	10
334,	4
335,	6
336,	0
337,	3
338,	9
339,	4
340,	10
341,	11
342,	3
343,	0
344,	7
345,	4
346,	4
347,	3
348,	9
349,	8
350,	0
351,	8
352,	10
353,	8
354,	6
355,	1
356,	7
357,	6
358,	6
359,	5
360,	9
361,	11
362,	6
363,	4
364,	1
365,	11
366,	4
367,	9
368,	2
369,	11
370,	8
371,	0
372,	6
373,	9
374,	3
375,	2
376,	7
377,	0
378,	1
379,	9
380,	0
381,	0
382,	8
383,	9
384,	7
385,	5
386,	7
387,	3
388,	4
389,	11
390,	8
391,	3
392,	5
393,	1
394,	3
395,	6
396,	6
397,	7
398,	5
399,	2
400,	4
401,	2
402,	1
403,	1
404,	1
405,	11
406,	8
407,	11
408,	4
409,	1
410,	0
411,	10
412,	11
413,	7
414,	11
415,	6
416,	7
417,	5
418,	0
419,	4
420,	11
421,	4
422,	10
423,	6
424,	9
425,	2
426,	3
427,	5
428,	5
429,	7
430,	9
431,	0
432,	8
433,	3
434,	11
435,	4
436,	4
437,	5
438,	9
439,	11
440,	2
441,	5
442,	10
443,	7
444,	2
445,	8
446,	2
447,	5
448,	5
449,	4
450,	3
451,	3
452,	3
453,	11
454,	0
455,	1
456,	4
457,	5
458,	10
459,	3
460,	10
461,	0
462,	2
463,	4
464,	10
465,	2
466,	10
467,	6
468,	11
469,	7
470,	7
471,	11
472,	11
473,	3
474,	4
475,	9
476,	10
477,	6
478,	9
479,	1
480,	7
481,	1
482,	7
483,	6
484,	1
485,	1
486,	3
487,	8
488,	9
489,	4
490,	4
491,	3
492,	0
493,	7
494,	3
495,	10
496,	8
497,	1
498,	2
499,	3
