Instance: /home/gabriel/Documents/ufrgs/courses/oc/trab/instances/cmb02
Vertices: 1000
Colors: 10
NumIterations: 1
Alpha: 0.500000
Is Factible?: false
Conflicts: 209
Solution Value: 787113.875000
Vertex,	Color
0,	0
1,	0
2,	3
3,	0
4,	0
5,	2
6,	0
7,	0
8,	0
9,	0
10,	3
11,	2
12,	0
13,	0
14,	0
15,	0
16,	2
17,	0
18,	1
19,	0
20,	1
21,	0
22,	1
23,	0
24,	2
25,	1
26,	0
27,	0
28,	1
29,	0
30,	1
31,	1
32,	2
33,	0
34,	3
35,	0
36,	2
37,	0
38,	2
39,	2
40,	0
41,	0
42,	5
43,	0
44,	2
45,	1
46,	1
47,	0
48,	1
49,	1
50,	0
51,	0
52,	4
53,	0
54,	2
55,	1
56,	3
57,	2
58,	0
59,	0
60,	2
61,	0
62,	0
63,	0
64,	1
65,	0
66,	0
67,	0
68,	0
69,	2
70,	0
71,	0
72,	3
73,	1
74,	0
75,	0
76,	1
77,	1
78,	0
79,	1
80,	1
81,	0
82,	0
83,	0
84,	1
85,	0
86,	3
87,	6
88,	0
89,	0
90,	0
91,	0
92,	0
93,	1
94,	2
95,	0
96,	0
97,	1
98,	0
99,	2
100,	0
101,	0
102,	1
103,	0
104,	7
105,	0
106,	2
107,	1
108,	1
109,	1
110,	3
111,	1
112,	0
113,	0
114,	0
115,	2
116,	2
117,	1
118,	0
119,	2
120,	0
121,	0
122,	2
123,	0
124,	3
125,	0
126,	0
127,	1
128,	0
129,	0
130,	0
131,	0
132,	0
133,	7
134,	0
135,	0
136,	0
137,	3
138,	5
139,	0
140,	0
141,	0
142,	4
143,	0
144,	1
145,	0
146,	3
147,	0
148,	2
149,	0
150,	0
151,	3
152,	0
153,	0
154,	0
155,	0
156,	5
157,	1
158,	5
159,	0
160,	1
161,	1
162,	0
163,	3
164,	1
165,	0
166,	4
167,	0
168,	0
169,	0
170,	0
171,	1
172,	5
173,	2
174,	4
175,	2
176,	7
177,	0
178,	0
179,	2
180,	1
181,	4
182,	1
183,	0
184,	1
185,	2
186,	4
187,	0
188,	4
189,	1
190,	1
191,	0
192,	0
193,	0
194,	0
195,	1
196,	2
197,	1
198,	0
199,	2
200,	0
201,	0
202,	2
203,	1
204,	0
205,	6
206,	3
207,	2
208,	0
209,	2
210,	2
211,	2
212,	1
213,	2
214,	2
215,	2
216,	0
217,	5
218,	0
219,	1
220,	1
221,	2
222,	0
223,	1
224,	2
225,	1
226,	0
227,	0
228,	0
229,	0
230,	0
231,	0
232,	0
233,	1
234,	0
235,	1
236,	2
237,	0
238,	1
239,	0
240,	1
241,	0
242,	0
243,	0
244,	0
245,	0
246,	0
247,	5
248,	5
249,	0
250,	1
251,	1
252,	1
253,	2
254,	3
255,	0
256,	0
257,	1
258,	0
259,	0
260,	2
261,	2
262,	6
263,	1
264,	1
265,	0
266,	2
267,	0
268,	0
269,	1
270,	1
271,	2
272,	0
273,	2
274,	1
275,	0
276,	3
277,	1
278,	0
279,	0
280,	1
281,	4
282,	1
283,	0
284,	1
285,	0
286,	1
287,	0
288,	5
289,	3
290,	0
291,	2
292,	1
293,	1
294,	1
295,	2
296,	0
297,	4
298,	4
299,	1
300,	0
301,	0
302,	0
303,	5
304,	0
305,	1
306,	3
307,	2
308,	0
309,	0
310,	0
311,	1
312,	1
313,	0
314,	0
315,	3
316,	2
317,	0
318,	0
319,	1
320,	1
321,	1
322,	1
323,	1
324,	3
325,	1
326,	0
327,	1
328,	1
329,	1
330,	2
331,	1
332,	0
333,	1
334,	0
335,	1
336,	0
337,	1
338,	4
339,	0
340,	1
341,	2
342,	1
343,	0
344,	3
345,	2
346,	0
347,	4
348,	1
349,	0
350,	0
351,	0
352,	1
353,	0
354,	0
355,	0
356,	6
357,	1
358,	0
359,	0
360,	2
361,	1
362,	0
363,	1
364,	2
365,	0
366,	0
367,	0
368,	0
369,	4
370,	2
371,	1
372,	3
373,	1
374,	3
375,	1
376,	1
377,	1
378,	0
379,	4
380,	5
381,	1
382,	2
383,	1
384,	0
385,	0
386,	2
387,	1
388,	0
389,	0
390,	3
391,	0
392,	1
393,	2
394,	1
395,	0
396,	2
397,	0
398,	0
399,	3
400,	0
401,	2
402,	0
403,	0
404,	0
405,	3
406,	1
407,	0
408,	0
409,	1
410,	2
411,	0
412,	0
413,	2
414,	2
415,	3
416,	1
417,	1
418,	1
419,	2
420,	0
421,	0
422,	2
423,	3
424,	5
425,	0
426,	1
427,	0
428,	2
429,	1
430,	1
431,	1
432,	3
433,	0
434,	0
435,	2
436,	0
437,	4
438,	0
439,	0
440,	0
441,	4
442,	1
443,	0
444,	1
445,	0
446,	1
447,	0
448,	2
449,	0
450,	0
451,	0
452,	0
453,	0
454,	0
455,	2
456,	0
457,	2
458,	1
459,	0
460,	0
461,	1
462,	3
463,	1
464,	2
465,	0
466,	0
467,	2
468,	3
469,	0
470,	3
471,	2
472,	1
473,	1
474,	0
475,	0
476,	0
477,	4
478,	1
479,	1
480,	1
481,	2
482,	0
483,	0
484,	1
485,	1
486,	0
487,	0
488,	0
489,	1
490,	0
491,	1
492,	3
493,	0
494,	0
495,	0
496,	3
497,	0
498,	5
499,	3
500,	1
501,	1
502,	4
503,	3
504,	1
505,	1
506,	5
507,	1
508,	3
509,	0
510,	2
511,	7
512,	0
513,	4
514,	1
515,	2
516,	3
517,	0
518,	1
519,	2
520,	0
521,	0
522,	0
523,	6
524,	0
525,	1
526,	3
527,	3
528,	1
529,	3
530,	0
531,	1
532,	3
533,	3
534,	1
535,	1
536,	0
537,	0
538,	1
539,	3
540,	1
541,	0
542,	1
543,	2
544,	0
545,	0
546,	0
547,	4
548,	2
549,	3
550,	4
551,	0
552,	1
553,	0
554,	4
555,	1
556,	0
557,	3
558,	1
559,	2
560,	1
561,	1
562,	1
563,	3
564,	3
565,	2
566,	5
567,	0
568,	4
569,	1
570,	0
571,	1
572,	1
573,	1
574,	2
575,	0
576,	4
577,	1
578,	3
579,	0
580,	2
581,	1
582,	2
583,	1
584,	1
585,	3
586,	0
587,	2
588,	1
589,	1
590,	2
591,	2
592,	0
593,	0
594,	1
595,	3
596,	1
597,	1
598,	2
599,	5
600,	4
601,	1
602,	2
603,	0
604,	3
605,	3
606,	3
607,	3
608,	5
609,	6
610,	3
611,	2
612,	0
613,	0
614,	2
615,	1
616,	3
617,	4
618,	1
619,	3
620,	6
621,	0
622,	1
623,	0
624,	0
625,	3
626,	2
627,	2
628,	2
629,	3
630,	0
631,	5
632,	4
633,	4
634,	1
635,	0
636,	0
637,	8
638,	2
639,	1
640,	0
641,	1
642,	0
643,	2
644,	1
645,	4
646,	1
647,	5
648,	0
649,	0
650,	4
651,	3
652,	1
653,	0
654,	2
655,	4
656,	0
657,	2
658,	2
659,	2
660,	2
661,	2
662,	1
663,	0
664,	2
665,	0
666,	0
667,	2
668,	1
669,	0
670,	1
671,	0
672,	1
673,	1
674,	5
675,	0
676,	1
677,	3
678,	2
679,	4
680,	3
681,	4
682,	0
683,	2
684,	1
685,	2
686,	5
687,	4
688,	1
689,	2
690,	2
691,	1
692,	3
693,	0
694,	3
695,	3
696,	4
697,	5
698,	4
699,	3
700,	1
701,	1
702,	3
703,	3
704,	4
705,	4
706,	0
707,	3
708,	2
709,	3
710,	1
711,	4
712,	0
713,	2
714,	0
715,	1
716,	2
717,	1
718,	5
719,	0
720,	1
721,	4
722,	1
723,	2
724,	2
725,	2
726,	3
727,	1
728,	5
729,	2
730,	3
731,	1
732,	1
733,	5
734,	2
735,	1
736,	0
737,	0
738,	1
739,	3
740,	1
741,	0
742,	3
743,	2
744,	6
745,	4
746,	0
747,	2
748,	1
749,	3
750,	6
751,	3
752,	4
753,	4
754,	1
755,	2
756,	5
757,	1
758,	3
759,	2
760,	6
761,	4
762,	3
763,	1
764,	0
765,	5
766,	2
767,	3
768,	2
769,	0
770,	2
771,	0
772,	6
773,	2
774,	2
775,	8
776,	3
777,	2
778,	2
779,	2
780,	4
781,	0
782,	7
783,	7
784,	0
785,	3
786,	1
787,	3
788,	2
789,	5
790,	4
791,	2
792,	4
793,	0
794,	5
795,	2
796,	2
797,	3
798,	2
799,	5
800,	1
801,	5
802,	0
803,	0
804,	6
805,	4
806,	2
807,	1
808,	2
809,	5
810,	3
811,	2
812,	1
813,	4
814,	2
815,	3
816,	3
817,	3
818,	0
819,	1
820,	3
821,	4
822,	0
823,	0
824,	5
825,	2
826,	1
827,	2
828,	0
829,	1
830,	1
831,	2
832,	4
833,	3
834,	0
835,	0
836,	2
837,	1
838,	1
839,	1
840,	2
841,	0
842,	2
843,	3
844,	3
845,	2
846,	1
847,	0
848,	4
849,	6
850,	2
851,	4
852,	1
853,	0
854,	5
855,	6
856,	3
857,	3
858,	2
859,	0
860,	4
861,	4
862,	1
863,	2
864,	3
865,	3
866,	0
867,	1
868,	4
869,	2
870,	4
871,	4
872,	5
873,	2
874,	4
875,	3
876,	3
877,	3
878,	1
879,	5
880,	2
881,	6
882,	4
883,	0
884,	2
885,	6
886,	3
887,	1
888,	2
889,	0
890,	2
891,	5
892,	1
893,	3
894,	2
895,	3
896,	3
897,	4
898,	0
899,	0
900,	0
901,	3
902,	2
903,	1
904,	2
905,	0
906,	6
907,	2
908,	3
909,	3
910,	4
911,	5
912,	0
913,	1
914,	3
915,	2
916,	3
917,	3
918,	0
919,	5
920,	7
921,	1
922,	1
923,	3
924,	4
925,	2
926,	4
927,	0
928,	7
929,	3
930,	4
931,	0
932,	1
933,	2
934,	3
935,	1
936,	3
937,	4
938,	8
939,	2
940,	2
941,	4
942,	3
943,	6
944,	4
945,	1
946,	5
947,	3
948,	4
949,	4
950,	5
951,	3
952,	5
953,	3
954,	2
955,	4
956,	3
957,	1
958,	7
959,	2
960,	4
961,	0
962,	4
963,	1
964,	4
965,	2
966,	2
967,	0
968,	9
969,	2
970,	4
971,	5
972,	1
973,	0
974,	1
975,	4
976,	4
977,	1
978,	3
979,	2
980,	6
981,	4
982,	5
983,	1
984,	3
985,	2
986,	6
987,	3
988,	4
989,	6
990,	2
991,	4
992,	0
993,	2
994,	5
995,	7
996,	8
997,	3
998,	3
999,	1
