Instance: /home/gabriel/Documents/ufrgs/courses/oc/trab/instances/cmb01
Vertices: 500
Colors: 12
NumIterations: 10
Alpha: 0.500000
Is Factible?: false
Solution Value: 0.000000
	Vertex,	Color
0,	909653041
1,	3224878
2,	892875315
3,	3749678
4,	942684211
5,	3290926
6,	842021169
7,	3354926
8,	875574321
9,	3421998
10,	909195569
11,	3487534
12,	842479666
13,	3225134
14,	859386418
15,	3749934
16,	943207985
17,	3355182
18,	842217779
19,	3551534
20,	943271985
21,	3421486
22,	892548147
23,	3682862
24,	926038323
25,	3682862
26,	825308466
27,	3552046
28,	909129009
29,	3552046
30,	909455921
31,	822097966
32,	775173688
33,	855651121
34,	775173936
35,	909312051
36,	959330609
37,	942800949
38,	959329074
39,	808648760
40,	808333620
41,	842072121
42,	942551344
43,	892469300
44,	908998708
45,	892351232
46,	942812726
47,	942879232
48,	858926647
49,	859123968
50,	842542644
51,	858927360
52,	959524408
53,	825700864
54,	892415542
55,	809054976
56,	959524404
57,	825307904
58,	943271478
59,	825570048
60,	909192761
61,	842609408
62,	876031544
63,	959460096
64,	3747378
65,	876033330
66,	3485742
67,	858797874
68,	3289390
69,	942814514
70,	3551278
71,	842544689
72,	3420974
73,	959723571
74,	3356718
75,	859059249
76,	3748654
77,	909128241
78,	3684142
79,	875771441
80,	3290670
81,	842413106
82,	3225646
83,	909457715
84,	3421230
85,	959658034
86,	3225390
87,	959722545
88,	855651374
89,	774911793
90,	822097972
91,	774911541
92,	822096179
93,	775239479
94,	838874424
95,	774911540
96,	822097208
97,	775369010
98,	822096180
99,	775041846
100,	825294899
101,	925775665
102,	825360437
103,	825112627
104,	858914871
105,	925774389
106,	909246518
107,	942553140
108,	909312052
109,	892219961
110,	875626547
111,	825111602
112,	892403768
113,	875444021
114,	909246513
115,	875442486
116,	858980409
117,	959328309
118,	909180984
119,	908996659
120,	925958193
121,	825111353
122,	909180978
123,	825111088
124,	842072114
125,	942551094
126,	926023732
127,	925775410
128,	875692085
129,	841888565
130,	842137657
131,	875444276
132,	842072121
133,	908998451
134,	808583218
135,	959329328
136,	959643702
137,	875444535
138,	892469298
139,	892221494
140,	942800951
141,	841889587
142,	858849336
143,	908996665
144,	959512627
145,	808335667
146,	892403765
147,	841889592
148,	875692082
149,	841889078
150,	909246516
151,	925775671
152,	842072117
153,	858665273
154,	858914873
155,	959329842
156,	942800946
157,	858665524
158,	909180978
159,	825111346
160,	875626553
161,	858665782
162,	808648759
163,	908997175
164,	808517686
165,	858665528
166,	875757624
167,	942552117
168,	858914870
169,	925774388
170,	942735409
171,	841890097
172,	926023731
173,	858666549
174,	875626546
175,	841890104
176,	858849334
177,	808335664
178,	926023732
179,	959330360
180,	842412288
181,	875966002
182,	825372928
183,	842346032
184,	959590912
185,	825765432
186,	926363904
187,	825830964
188,	876097792
189,	926166585
190,	892416512
191,	892677689
192,	842281216
193,	926166581
194,	943010048
195,	842018357
196,	892744448
197,	909192761
198,	858862080
199,	926363187
200,	926233344
201,	876097081
202,	825635584
203,	858795575
204,	859386624
205,	925904438
206,	892547328
207,	925904436
208,	825700864
209,	925969974
210,	859123968
211,	942878259
212,	926298368
213,	943205941
214,	959525376
215,	3288626
216,	859058739
217,	3683374
218,	909718835
219,	3617838
220,	858992947
221,	3552814
222,	875639345
223,	3487278
224,	943076403
225,	3223854
226,	825308978
227,	3487534
228,	892809778
229,	3683630
230,	959591986
231,	3356462
232,	892483377
233,	3748910
234,	926036017
235,	3618094
236,	842086451
237,	3684142
238,	942747697
239,	3289134
240,	808661297
241,	3617070
242,	959722289
243,	3617326
244,	926101809
245,	3421486
246,	876034098
247,	3683118
248,	909717555
249,	3290926
250,	959656499
251,	3354926
252,	959721778
253,	3354926
254,	959655987
255,	3289646
256,	892613937
257,	3422510
258,	808531761
259,	3289646
260,	959525425
261,	3223854
262,	842020915
263,	3422510
264,	875901491
265,	3290670
266,	892875057
267,	3420462
268,	842283313
269,	3683374
270,	892679475
271,	3747886
272,	892614451
273,	3422510
274,	825307697
275,	822096942
276,	775303476
277,	855651122
278,	775304241
279,	822096945
280,	774911285
281,	855650611
282,	775239225
283,	838874425
284,	775303992
285,	822096947
286,	775107891
287,	959643699
288,	825112121
289,	892482304
290,	825437749
291,	943141120
292,	959983158
293,	858862080
294,	842018355
295,	926167296
296,	859188788
297,	858862336
298,	892350008
299,	925970944
300,	842608180
301,	909128448
302,	825503285
303,	892547584
304,	892743224
305,	909259520
306,	892546611
307,	942878976
308,	875900470
309,	959984128
310,	3681846
311,	959657522
312,	3485742
313,	925972275
314,	3355438
315,	875705906
316,	855651886
317,	775108406
318,	808583219
319,	925774391
320,	942800946
321,	825112625
322,	942866486
323,	825112631
324,	959590656
325,	926297657
326,	926363904
327,	926101042
328,	943075840
329,	859057718
330,	892613376
331,	892481080
332,	875966976
333,	3354163
334,	909521715
335,	3617582
336,	909194801
337,	3420462
338,	892810803
339,	3289390
340,	959590706
341,	3618862
342,	808661298
343,	3618094
344,	959723826
345,	3356462
346,	926365489
347,	3421998
348,	926168626
349,	3224622
350,	892680241
351,	3420718
352,	876165427
353,	838874926
354,	775041845
355,	855652658
356,	775108660
357,	838874673
358,	774977334
359,	855651376
360,	775172662
361,	822098225
362,	775501368
363,	822096696
364,	775436083
365,	855650872
366,	774975543
367,	855650610
368,	775174451
369,	838875184
370,	775106613
371,	925958196
372,	942551353
373,	825425970
374,	959329587
375,	926089270
376,	892221751
377,	875692087
378,	942552113
379,	892403763
380,	841889586
381,	892534840
382,	925775670
383,	925958195
384,	858667320
385,	842137652
386,	875442487
387,	842203192
388,	908997174
389,	942866486
390,	942551857
391,	842072115
392,	925773878
393,	875626553
394,	892221234
395,	909246520
396,	858665011
397,	842203189
398,	858666546
399,	959512633
400,	942552624
401,	825360433
402,	959330105
403,	842137650
404,	892220982
405,	875757617
406,	942552884
407,	909521664
408,	3616305
409,	825570611
410,	3749422
411,	875639602
412,	3487534
413,	875967537
414,	3486766
415,	943142449
416,	3552302
417,	959918129
418,	3617838
419,	859322673
420,	3422510
421,	943271985
422,	3356974
423,	892940850
424,	822096686
425,	775172912
426,	822096690
427,	775172408
428,	855650870
429,	775172144
430,	825294904
431,	959330352
432,	875770624
433,	926089269
434,	808334643
435,	825425969
436,	908997687
437,	825294899
438,	855652660
439,	775238193
440,	838875185
441,	774910008
442,	838875192
443,	774976050
444,	822097719
445,	775304759
446,	822097200
447,	775041332
448,	822097458
449,	775108149
450,	838873396
451,	775107637
452,	875757624
453,	808335669
454,	825425974
455,	925776176
456,	842137653
457,	875443250
458,	808517681
459,	892220468
460,	909180977
461,	959329844
462,	875692086
463,	858666036
464,	892403763
465,	808335668
466,	892469297
467,	875444018
468,	942866486
469,	942553400
470,	875692089
471,	908997943
472,	942735417
473,	808333880
474,	808648755
475,	892220976
476,	909246521
477,	925774642
478,	909180977
479,	908997937
480,	825294901
481,	925775155
482,	926023734
483,	959329590
484,	909312049
485,	875443764
486,	825294900
487,	892221490
488,	858914871
489,	841890102
490,	842203189
491,	908996657
492,	909180983
493,	875443252
494,	875573760
495,	859319861
496,	808464896
497,	959655477
498,	842084608
499,	842542647
