Instance: /home/gabriel/Documents/ufrgs/courses/oc/trab/instances/cmb01
Vertices: 500
Colors: 12
NumIterations: 100
Alpha: 0.970000
Is Factible?: false
Conflicts: 70
Solution Value: 111906.804688
Vertex,	Color
0,	0
1,	11
2,	0
3,	1
4,	7
5,	0
6,	9
7,	2
8,	2
9,	1
10,	2
11,	5
12,	11
13,	11
14,	7
15,	10
16,	2
17,	7
18,	10
19,	8
20,	4
21,	4
22,	1
23,	4
24,	11
25,	7
26,	6
27,	0
28,	10
29,	5
30,	3
31,	7
32,	7
33,	3
34,	8
35,	7
36,	3
37,	8
38,	8
39,	7
40,	1
41,	8
42,	6
43,	4
44,	8
45,	6
46,	2
47,	8
48,	5
49,	3
50,	10
51,	7
52,	5
53,	4
54,	11
55,	0
56,	4
57,	10
58,	4
59,	9
60,	0
61,	9
62,	0
63,	0
64,	1
65,	6
66,	9
67,	3
68,	7
69,	8
70,	9
71,	11
72,	2
73,	0
74,	10
75,	3
76,	11
77,	2
78,	11
79,	1
80,	11
81,	4
82,	11
83,	5
84,	5
85,	3
86,	7
87,	10
88,	10
89,	1
90,	1
91,	3
92,	9
93,	6
94,	4
95,	6
96,	7
97,	6
98,	1
99,	3
100,	9
101,	11
102,	6
103,	10
104,	8
105,	5
106,	4
107,	4
108,	2
109,	4
110,	6
111,	11
112,	10
113,	10
114,	2
115,	1
116,	6
117,	3
118,	4
119,	9
120,	9
121,	1
122,	6
123,	4
124,	6
125,	4
126,	5
127,	2
128,	0
129,	6
130,	11
131,	10
132,	6
133,	6
134,	10
135,	6
136,	1
137,	5
138,	8
139,	2
140,	6
141,	2
142,	1
143,	3
144,	0
145,	9
146,	3
147,	0
148,	2
149,	1
150,	5
151,	6
152,	0
153,	1
154,	6
155,	2
156,	1
157,	9
158,	10
159,	11
160,	3
161,	0
162,	6
163,	11
164,	4
165,	3
166,	6
167,	8
168,	0
169,	5
170,	7
171,	10
172,	5
173,	7
174,	9
175,	3
176,	11
177,	9
178,	10
179,	9
180,	10
181,	9
182,	3
183,	9
184,	2
185,	3
186,	10
187,	7
188,	11
189,	2
190,	2
191,	7
192,	6
193,	9
194,	11
195,	5
196,	4
197,	9
198,	9
199,	5
200,	9
201,	8
202,	11
203,	1
204,	3
205,	9
206,	9
207,	5
208,	6
209,	0
210,	3
211,	5
212,	7
213,	1
214,	4
215,	10
216,	3
217,	10
218,	10
219,	2
220,	11
221,	1
222,	5
223,	1
224,	0
225,	5
226,	8
227,	5
228,	4
229,	9
230,	7
231,	3
232,	9
233,	5
234,	4
235,	2
236,	10
237,	7
238,	9
239,	4
240,	2
241,	7
242,	9
243,	0
244,	4
245,	7
246,	8
247,	7
248,	0
249,	7
250,	5
251,	2
252,	7
253,	2
254,	7
255,	11
256,	9
257,	10
258,	3
259,	10
260,	3
261,	8
262,	3
263,	8
264,	3
265,	0
266,	10
267,	2
268,	1
269,	10
270,	3
271,	6
272,	7
273,	8
274,	8
275,	8
276,	8
277,	11
278,	9
279,	10
280,	11
281,	3
282,	7
283,	7
284,	6
285,	10
286,	1
287,	2
288,	3
289,	1
290,	4
291,	0
292,	2
293,	4
294,	0
295,	5
296,	6
297,	4
298,	8
299,	3
300,	10
301,	3
302,	5
303,	1
304,	9
305,	11
306,	3
307,	2
308,	10
309,	8
310,	5
311,	9
312,	11
313,	8
314,	1
315,	8
316,	7
317,	8
318,	1
319,	7
320,	2
321,	6
322,	11
323,	2
324,	0
325,	4
326,	6
327,	6
328,	11
329,	6
330,	8
331,	0
332,	7
333,	8
334,	4
335,	3
336,	10
337,	8
338,	1
339,	7
340,	7
341,	0
342,	2
343,	6
344,	1
345,	8
346,	0
347,	0
348,	4
349,	8
350,	3
351,	5
352,	0
353,	8
354,	4
355,	1
356,	0
357,	9
358,	7
359,	7
360,	2
361,	0
362,	7
363,	3
364,	6
365,	8
366,	6
367,	7
368,	5
369,	7
370,	6
371,	3
372,	9
373,	1
374,	6
375,	11
376,	4
377,	4
378,	11
379,	8
380,	11
381,	6
382,	0
383,	1
384,	3
385,	0
386,	11
387,	2
388,	5
389,	7
390,	0
391,	6
392,	8
393,	6
394,	6
395,	2
396,	10
397,	1
398,	7
399,	9
400,	8
401,	9
402,	8
403,	11
404,	0
405,	5
406,	9
407,	5
408,	8
409,	2
410,	1
411,	8
412,	7
413,	5
414,	5
415,	2
416,	10
417,	3
418,	9
419,	9
420,	9
421,	2
422,	9
423,	5
424,	11
425,	8
426,	11
427,	8
428,	2
429,	0
430,	5
431,	9
432,	3
433,	1
434,	11
435,	10
436,	2
437,	6
438,	10
439,	2
440,	8
441,	0
442,	6
443,	1
444,	1
445,	1
446,	0
447,	9
448,	3
449,	5
450,	2
451,	5
452,	10
453,	8
454,	11
455,	2
456,	11
457,	4
458,	11
459,	7
460,	5
461,	4
462,	4
463,	1
464,	2
465,	0
466,	0
467,	7
468,	5
469,	1
470,	1
471,	10
472,	10
473,	8
474,	10
475,	8
476,	6
477,	10
478,	11
479,	5
480,	10
481,	6
482,	1
483,	2
484,	11
485,	4
486,	1
487,	10
488,	9
489,	0
490,	1
491,	7
492,	4
493,	2
494,	4
495,	10
496,	4
497,	2
498,	2
499,	0
