Instance: /home/gabriel/Documents/ufrgs/courses/oc/trab/instances/cmb01
Vertices: 500
Colors: 12
NumIterations: 10
Alpha: 0.500000
Is Factible?: false
Conflicts: 72
Solution Value: 123242.406250
Vertex,	Color
0,	7
1,	9
2,	11
3,	7
4,	4
5,	9
6,	2
7,	11
8,	9
9,	4
10,	9
11,	3
12,	0
13,	7
14,	7
15,	4
16,	3
17,	4
18,	10
19,	8
20,	3
21,	6
22,	11
23,	0
24,	9
25,	1
26,	2
27,	0
28,	9
29,	2
30,	6
31,	9
32,	1
33,	2
34,	2
35,	6
36,	2
37,	10
38,	3
39,	3
40,	6
41,	11
42,	6
43,	2
44,	0
45,	7
46,	8
47,	3
48,	0
49,	5
50,	8
51,	4
52,	9
53,	7
54,	10
55,	5
56,	9
57,	0
58,	11
59,	0
60,	6
61,	10
62,	2
63,	11
64,	9
65,	8
66,	6
67,	1
68,	8
69,	11
70,	3
71,	6
72,	1
73,	3
74,	7
75,	9
76,	4
77,	5
78,	6
79,	4
80,	3
81,	5
82,	8
83,	6
84,	0
85,	10
86,	1
87,	2
88,	6
89,	7
90,	8
91,	6
92,	4
93,	11
94,	0
95,	6
96,	5
97,	11
98,	6
99,	11
100,	4
101,	5
102,	2
103,	10
104,	0
105,	0
106,	7
107,	7
108,	2
109,	0
110,	9
111,	9
112,	4
113,	8
114,	10
115,	1
116,	1
117,	1
118,	3
119,	9
120,	3
121,	7
122,	3
123,	4
124,	1
125,	8
126,	3
127,	0
128,	8
129,	1
130,	9
131,	7
132,	2
133,	5
134,	2
135,	0
136,	2
137,	7
138,	3
139,	6
140,	5
141,	11
142,	3
143,	2
144,	2
145,	9
146,	6
147,	10
148,	9
149,	4
150,	8
151,	2
152,	9
153,	5
154,	6
155,	5
156,	6
157,	6
158,	9
159,	8
160,	6
161,	7
162,	5
163,	5
164,	11
165,	11
166,	4
167,	1
168,	2
169,	5
170,	4
171,	8
172,	1
173,	9
174,	6
175,	2
176,	10
177,	9
178,	0
179,	8
180,	7
181,	0
182,	10
183,	4
184,	2
185,	7
186,	2
187,	5
188,	1
189,	11
190,	5
191,	3
192,	7
193,	6
194,	7
195,	2
196,	7
197,	5
198,	1
199,	11
200,	8
201,	5
202,	0
203,	10
204,	10
205,	1
206,	7
207,	6
208,	11
209,	3
210,	0
211,	7
212,	1
213,	1
214,	5
215,	3
216,	5
217,	9
218,	11
219,	11
220,	1
221,	7
222,	10
223,	11
224,	8
225,	0
226,	1
227,	11
228,	10
229,	0
230,	3
231,	4
232,	6
233,	10
234,	11
235,	0
236,	2
237,	3
238,	0
239,	3
240,	1
241,	0
242,	11
243,	5
244,	9
245,	11
246,	3
247,	8
248,	4
249,	5
250,	1
251,	3
252,	0
253,	1
254,	6
255,	11
256,	11
257,	2
258,	10
259,	11
260,	6
261,	10
262,	5
263,	4
264,	4
265,	5
266,	7
267,	8
268,	8
269,	3
270,	4
271,	9
272,	4
273,	10
274,	11
275,	6
276,	11
277,	10
278,	3
279,	10
280,	5
281,	7
282,	9
283,	8
284,	0
285,	11
286,	10
287,	0
288,	2
289,	6
290,	8
291,	8
292,	6
293,	9
294,	9
295,	0
296,	5
297,	3
298,	2
299,	3
300,	11
301,	1
302,	1
303,	11
304,	3
305,	8
306,	3
307,	4
308,	8
309,	10
310,	3
311,	9
312,	4
313,	3
314,	4
315,	7
316,	1
317,	8
318,	11
319,	11
320,	6
321,	4
322,	9
323,	2
324,	1
325,	4
326,	5
327,	0
328,	10
329,	2
330,	9
331,	11
332,	8
333,	10
334,	2
335,	5
336,	7
337,	5
338,	7
339,	9
340,	7
341,	10
342,	6
343,	8
344,	0
345,	6
346,	7
347,	7
348,	4
349,	3
350,	1
351,	2
352,	1
353,	9
354,	0
355,	8
356,	10
357,	0
358,	4
359,	8
360,	8
361,	1
362,	7
363,	4
364,	0
365,	8
366,	9
367,	10
368,	0
369,	2
370,	9
371,	1
372,	0
373,	11
374,	9
375,	2
376,	5
377,	2
378,	2
379,	0
380,	2
381,	2
382,	0
383,	3
384,	8
385,	11
386,	3
387,	2
388,	6
389,	4
390,	4
391,	3
392,	6
393,	1
394,	0
395,	8
396,	10
397,	3
398,	1
399,	6
400,	9
401,	0
402,	6
403,	5
404,	0
405,	4
406,	8
407,	9
408,	0
409,	7
410,	0
411,	9
412,	10
413,	0
414,	7
415,	0
416,	8
417,	7
418,	11
419,	1
420,	6
421,	4
422,	9
423,	6
424,	2
425,	11
426,	10
427,	10
428,	4
429,	4
430,	0
431,	3
432,	8
433,	4
434,	7
435,	2
436,	1
437,	8
438,	7
439,	6
440,	5
441,	5
442,	6
443,	2
444,	11
445,	5
446,	5
447,	5
448,	4
449,	4
450,	8
451,	10
452,	2
453,	8
454,	8
455,	8
456,	6
457,	1
458,	8
459,	1
460,	1
461,	5
462,	1
463,	2
464,	0
465,	1
466,	7
467,	9
468,	6
469,	7
470,	1
471,	0
472,	4
473,	2
474,	7
475,	4
476,	9
477,	4
478,	0
479,	3
480,	9
481,	1
482,	8
483,	3
484,	10
485,	0
486,	8
487,	8
488,	4
489,	6
490,	2
491,	11
492,	1
493,	1
494,	11
495,	10
496,	8
497,	2
498,	3
499,	2
