Instance: /home/gabriel/Documents/ufrgs/courses/oc/trab/instances/cmb02
Vertices: 1000
Colors: 10
NumIterations: 1
Alpha: 0.500000
Is Factible?: false
Conflicts: 210
Solution Value: 766163.000000
Vertex,	Color
0,	1
1,	0
2,	0
3,	2
4,	6
5,	1
6,	0
7,	1
8,	1
9,	0
10,	2
11,	0
12,	0
13,	0
14,	3
15,	0
16,	0
17,	0
18,	1
19,	0
20,	5
21,	0
22,	0
23,	0
24,	3
25,	4
26,	0
27,	1
28,	2
29,	1
30,	0
31,	0
32,	2
33,	1
34,	1
35,	1
36,	0
37,	0
38,	1
39,	1
40,	1
41,	2
42,	0
43,	0
44,	1
45,	1
46,	2
47,	0
48,	0
49,	0
50,	2
51,	1
52,	1
53,	0
54,	3
55,	3
56,	0
57,	2
58,	0
59,	2
60,	0
61,	1
62,	1
63,	0
64,	1
65,	0
66,	0
67,	0
68,	1
69,	2
70,	0
71,	0
72,	1
73,	1
74,	4
75,	0
76,	2
77,	0
78,	0
79,	3
80,	3
81,	0
82,	1
83,	2
84,	3
85,	0
86,	4
87,	6
88,	0
89,	0
90,	0
91,	1
92,	1
93,	2
94,	1
95,	2
96,	3
97,	1
98,	0
99,	1
100,	3
101,	0
102,	0
103,	1
104,	2
105,	2
106,	2
107,	1
108,	1
109,	1
110,	0
111,	2
112,	2
113,	1
114,	0
115,	1
116,	0
117,	1
118,	2
119,	2
120,	2
121,	0
122,	1
123,	2
124,	1
125,	3
126,	2
127,	0
128,	0
129,	0
130,	1
131,	0
132,	0
133,	0
134,	3
135,	0
136,	0
137,	0
138,	0
139,	0
140,	0
141,	0
142,	0
143,	1
144,	0
145,	0
146,	0
147,	3
148,	2
149,	0
150,	2
151,	0
152,	2
153,	1
154,	2
155,	1
156,	5
157,	0
158,	3
159,	2
160,	2
161,	3
162,	1
163,	2
164,	1
165,	0
166,	1
167,	1
168,	0
169,	1
170,	0
171,	0
172,	0
173,	4
174,	0
175,	1
176,	5
177,	1
178,	0
179,	3
180,	0
181,	1
182,	1
183,	0
184,	2
185,	1
186,	1
187,	1
188,	1
189,	0
190,	0
191,	2
192,	2
193,	0
194,	2
195,	0
196,	3
197,	0
198,	0
199,	0
200,	1
201,	0
202,	0
203,	0
204,	1
205,	1
206,	0
207,	2
208,	0
209,	1
210,	5
211,	1
212,	2
213,	2
214,	1
215,	3
216,	2
217,	5
218,	1
219,	1
220,	3
221,	1
222,	1
223,	1
224,	1
225,	0
226,	2
227,	0
228,	0
229,	1
230,	0
231,	0
232,	0
233,	3
234,	0
235,	0
236,	0
237,	0
238,	7
239,	0
240,	1
241,	0
242,	0
243,	2
244,	1
245,	0
246,	0
247,	0
248,	5
249,	0
250,	2
251,	2
252,	1
253,	0
254,	1
255,	2
256,	3
257,	1
258,	0
259,	1
260,	0
261,	6
262,	4
263,	5
264,	1
265,	3
266,	4
267,	0
268,	1
269,	4
270,	0
271,	0
272,	3
273,	0
274,	2
275,	1
276,	8
277,	2
278,	0
279,	0
280,	2
281,	1
282,	0
283,	1
284,	0
285,	0
286,	2
287,	1
288,	3
289,	1
290,	0
291,	0
292,	1
293,	1
294,	0
295,	0
296,	0
297,	3
298,	2
299,	1
300,	4
301,	2
302,	0
303,	3
304,	1
305,	0
306,	2
307,	6
308,	0
309,	1
310,	0
311,	1
312,	0
313,	0
314,	1
315,	4
316,	0
317,	0
318,	0
319,	1
320,	5
321,	0
322,	0
323,	0
324,	1
325,	0
326,	3
327,	1
328,	0
329,	1
330,	3
331,	2
332,	0
333,	1
334,	0
335,	0
336,	0
337,	3
338,	5
339,	0
340,	0
341,	6
342,	0
343,	0
344,	3
345,	0
346,	0
347,	1
348,	0
349,	0
350,	3
351,	0
352,	1
353,	1
354,	0
355,	0
356,	4
357,	0
358,	0
359,	1
360,	1
361,	0
362,	2
363,	1
364,	3
365,	0
366,	0
367,	0
368,	1
369,	3
370,	1
371,	2
372,	4
373,	0
374,	2
375,	2
376,	0
377,	0
378,	0
379,	0
380,	3
381,	1
382,	0
383,	2
384,	1
385,	2
386,	0
387,	4
388,	0
389,	1
390,	1
391,	1
392,	1
393,	0
394,	1
395,	0
396,	2
397,	1
398,	0
399,	0
400,	0
401,	0
402,	2
403,	0
404,	0
405,	2
406,	0
407,	0
408,	0
409,	1
410,	0
411,	0
412,	0
413,	1
414,	0
415,	0
416,	1
417,	0
418,	1
419,	0
420,	2
421,	1
422,	0
423,	1
424,	3
425,	1
426,	2
427,	0
428,	3
429,	1
430,	0
431,	1
432,	0
433,	1
434,	0
435,	3
436,	0
437,	1
438,	0
439,	0
440,	0
441,	1
442,	2
443,	0
444,	0
445,	0
446,	0
447,	0
448,	3
449,	2
450,	2
451,	1
452,	2
453,	2
454,	1
455,	0
456,	0
457,	0
458,	0
459,	7
460,	0
461,	0
462,	0
463,	2
464,	2
465,	0
466,	0
467,	0
468,	0
469,	2
470,	0
471,	1
472,	1
473,	1
474,	2
475,	1
476,	0
477,	1
478,	0
479,	2
480,	5
481,	0
482,	0
483,	4
484,	0
485,	2
486,	0
487,	0
488,	1
489,	1
490,	4
491,	0
492,	0
493,	3
494,	0
495,	0
496,	0
497,	1
498,	2
499,	2
500,	3
501,	0
502,	1
503,	1
504,	0
505,	0
506,	1
507,	1
508,	0
509,	0
510,	1
511,	4
512,	0
513,	5
514,	0
515,	1
516,	5
517,	1
518,	1
519,	0
520,	0
521,	0
522,	2
523,	5
524,	4
525,	0
526,	2
527,	0
528,	0
529,	1
530,	1
531,	2
532,	7
533,	1
534,	1
535,	0
536,	0
537,	0
538,	2
539,	1
540,	0
541,	1
542,	1
543,	2
544,	0
545,	1
546,	0
547,	4
548,	1
549,	0
550,	1
551,	2
552,	1
553,	3
554,	2
555,	0
556,	0
557,	0
558,	2
559,	1
560,	2
561,	0
562,	4
563,	1
564,	1
565,	1
566,	4
567,	1
568,	1
569,	1
570,	0
571,	1
572,	0
573,	1
574,	4
575,	3
576,	5
577,	0
578,	3
579,	0
580,	0
581,	1
582,	3
583,	1
584,	1
585,	2
586,	0
587,	2
588,	1
589,	1
590,	0
591,	2
592,	0
593,	0
594,	2
595,	3
596,	0
597,	3
598,	3
599,	1
600,	4
601,	2
602,	2
603,	2
604,	2
605,	0
606,	3
607,	4
608,	2
609,	5
610,	2
611,	2
612,	0
613,	1
614,	1
615,	2
616,	1
617,	1
618,	1
619,	3
620,	6
621,	2
622,	1
623,	0
624,	1
625,	2
626,	1
627,	3
628,	0
629,	2
630,	0
631,	3
632,	2
633,	3
634,	2
635,	2
636,	0
637,	9
638,	6
639,	0
640,	1
641,	2
642,	0
643,	1
644,	1
645,	2
646,	2
647,	3
648,	1
649,	2
650,	2
651,	2
652,	2
653,	0
654,	1
655,	1
656,	0
657,	0
658,	2
659,	2
660,	4
661,	3
662,	3
663,	1
664,	2
665,	1
666,	0
667,	1
668,	2
669,	1
670,	2
671,	0
672,	1
673,	3
674,	3
675,	2
676,	4
677,	3
678,	2
679,	2
680,	2
681,	5
682,	2
683,	0
684,	3
685,	3
686,	4
687,	4
688,	0
689,	4
690,	1
691,	1
692,	4
693,	0
694,	3
695,	2
696,	3
697,	4
698,	4
699,	2
700,	0
701,	1
702,	2
703,	2
704,	4
705,	4
706,	0
707,	3
708,	2
709,	2
710,	0
711,	3
712,	3
713,	3
714,	1
715,	1
716,	4
717,	1
718,	5
719,	2
720,	0
721,	4
722,	0
723,	2
724,	5
725,	3
726,	2
727,	2
728,	5
729,	0
730,	5
731,	1
732,	0
733,	2
734,	1
735,	0
736,	2
737,	0
738,	3
739,	4
740,	2
741,	0
742,	3
743,	3
744,	5
745,	3
746,	0
747,	0
748,	3
749,	0
750,	4
751,	3
752,	3
753,	4
754,	1
755,	1
756,	5
757,	1
758,	2
759,	1
760,	4
761,	3
762,	2
763,	1
764,	1
765,	5
766,	3
767,	4
768,	2
769,	1
770,	1
771,	0
772,	3
773,	1
774,	2
775,	3
776,	3
777,	1
778,	3
779,	1
780,	4
781,	2
782,	7
783,	5
784,	1
785,	1
786,	1
787,	3
788,	1
789,	3
790,	2
791,	2
792,	4
793,	0
794,	4
795,	3
796,	0
797,	3
798,	1
799,	3
800,	3
801,	3
802,	2
803,	1
804,	6
805,	3
806,	1
807,	2
808,	3
809,	6
810,	3
811,	2
812,	1
813,	5
814,	0
815,	2
816,	3
817,	2
818,	0
819,	1
820,	1
821,	4
822,	1
823,	0
824,	2
825,	6
826,	2
827,	3
828,	0
829,	2
830,	2
831,	0
832,	2
833,	4
834,	0
835,	0
836,	5
837,	0
838,	6
839,	6
840,	2
841,	0
842,	4
843,	3
844,	0
845,	4
846,	1
847,	3
848,	1
849,	2
850,	2
851,	5
852,	0
853,	6
854,	5
855,	6
856,	2
857,	2
858,	2
859,	1
860,	6
861,	5
862,	0
863,	2
864,	2
865,	4
866,	0
867,	0
868,	5
869,	4
870,	2
871,	2
872,	3
873,	2
874,	5
875,	3
876,	4
877,	2
878,	1
879,	4
880,	2
881,	3
882,	3
883,	0
884,	4
885,	4
886,	3
887,	1
888,	3
889,	0
890,	1
891,	3
892,	3
893,	2
894,	1
895,	3
896,	4
897,	5
898,	2
899,	0
900,	0
901,	2
902,	2
903,	2
904,	2
905,	0
906,	6
907,	3
908,	3
909,	5
910,	5
911,	5
912,	0
913,	0
914,	4
915,	1
916,	2
917,	2
918,	3
919,	2
920,	7
921,	2
922,	1
923,	4
924,	4
925,	2
926,	5
927,	0
928,	5
929,	3
930,	5
931,	0
932,	4
933,	1
934,	1
935,	4
936,	3
937,	4
938,	8
939,	4
940,	1
941,	5
942,	3
943,	4
944,	3
945,	0
946,	5
947,	3
948,	4
949,	4
950,	5
951,	0
952,	5
953,	4
954,	2
955,	3
956,	4
957,	0
958,	7
959,	2
960,	4
961,	2
962,	3
963,	4
964,	3
965,	2
966,	1
967,	4
968,	0
969,	1
970,	4
971,	4
972,	4
973,	0
974,	0
975,	4
976,	3
977,	1
978,	2
979,	2
980,	6
981,	6
982,	5
983,	1
984,	0
985,	1
986,	6
987,	3
988,	2
989,	4
990,	1
991,	4
992,	0
993,	4
994,	6
995,	7
996,	8
997,	3
998,	4
999,	1
