Instance: /home/gabriel/Documents/ufrgs/courses/oc/trab/instances/cmb02
Vertices: 1000
Colors: 10
NumIterations: 1
Alpha: 0.500000
Is Factible?: false
Conflicts: 216
Solution Value: 771704.562500
Vertex,	Color
0,	2
1,	0
2,	2
3,	0
4,	3
5,	0
6,	0
7,	0
8,	0
9,	1
10,	1
11,	1
12,	1
13,	0
14,	1
15,	0
16,	0
17,	3
18,	0
19,	0
20,	4
21,	0
22,	0
23,	0
24,	1
25,	2
26,	0
27,	2
28,	1
29,	1
30,	0
31,	4
32,	2
33,	0
34,	0
35,	0
36,	0
37,	0
38,	1
39,	0
40,	0
41,	1
42,	2
43,	0
44,	2
45,	0
46,	1
47,	0
48,	0
49,	3
50,	2
51,	1
52,	3
53,	1
54,	0
55,	0
56,	2
57,	4
58,	0
59,	1
60,	0
61,	2
62,	0
63,	0
64,	1
65,	0
66,	1
67,	0
68,	1
69,	1
70,	0
71,	3
72,	1
73,	0
74,	5
75,	0
76,	0
77,	2
78,	0
79,	5
80,	3
81,	0
82,	0
83,	2
84,	3
85,	1
86,	1
87,	3
88,	2
89,	0
90,	0
91,	1
92,	0
93,	0
94,	0
95,	2
96,	2
97,	1
98,	2
99,	1
100,	3
101,	1
102,	1
103,	0
104,	0
105,	1
106,	2
107,	0
108,	1
109,	0
110,	4
111,	1
112,	2
113,	1
114,	1
115,	0
116,	2
117,	3
118,	0
119,	0
120,	0
121,	0
122,	1
123,	2
124,	3
125,	2
126,	0
127,	2
128,	2
129,	0
130,	1
131,	0
132,	1
133,	2
134,	4
135,	0
136,	1
137,	1
138,	2
139,	0
140,	2
141,	3
142,	4
143,	2
144,	3
145,	1
146,	1
147,	2
148,	0
149,	0
150,	1
151,	1
152,	3
153,	1
154,	1
155,	0
156,	6
157,	1
158,	0
159,	2
160,	0
161,	0
162,	2
163,	4
164,	1
165,	0
166,	1
167,	0
168,	0
169,	1
170,	0
171,	0
172,	1
173,	5
174,	4
175,	1
176,	1
177,	0
178,	0
179,	2
180,	2
181,	1
182,	0
183,	0
184,	1
185,	0
186,	0
187,	1
188,	1
189,	3
190,	0
191,	3
192,	0
193,	1
194,	1
195,	0
196,	2
197,	2
198,	1
199,	2
200,	1
201,	0
202,	2
203,	0
204,	1
205,	4
206,	1
207,	2
208,	0
209,	2
210,	6
211,	1
212,	0
213,	3
214,	2
215,	2
216,	1
217,	1
218,	0
219,	1
220,	3
221,	0
222,	0
223,	0
224,	3
225,	0
226,	2
227,	0
228,	0
229,	0
230,	0
231,	0
232,	0
233,	4
234,	0
235,	2
236,	2
237,	0
238,	1
239,	0
240,	2
241,	0
242,	0
243,	2
244,	0
245,	1
246,	0
247,	3
248,	2
249,	1
250,	0
251,	0
252,	0
253,	1
254,	3
255,	0
256,	1
257,	3
258,	0
259,	0
260,	3
261,	3
262,	2
263,	6
264,	1
265,	0
266,	0
267,	2
268,	3
269,	1
270,	1
271,	0
272,	3
273,	0
274,	2
275,	0
276,	8
277,	2
278,	1
279,	0
280,	2
281,	1
282,	1
283,	3
284,	1
285,	1
286,	0
287,	4
288,	4
289,	2
290,	1
291,	1
292,	2
293,	0
294,	0
295,	0
296,	0
297,	8
298,	0
299,	2
300,	0
301,	1
302,	0
303,	2
304,	2
305,	0
306,	4
307,	4
308,	0
309,	1
310,	0
311,	1
312,	0
313,	1
314,	1
315,	4
316,	1
317,	1
318,	1
319,	0
320,	1
321,	0
322,	0
323,	0
324,	2
325,	0
326,	3
327,	0
328,	2
329,	2
330,	2
331,	1
332,	0
333,	0
334,	0
335,	0
336,	1
337,	2
338,	3
339,	0
340,	0
341,	5
342,	0
343,	1
344,	1
345,	1
346,	1
347,	1
348,	5
349,	0
350,	1
351,	0
352,	0
353,	0
354,	0
355,	3
356,	5
357,	2
358,	0
359,	0
360,	0
361,	1
362,	0
363,	3
364,	1
365,	1
366,	0
367,	1
368,	0
369,	1
370,	1
371,	4
372,	1
373,	0
374,	0
375,	0
376,	0
377,	0
378,	1
379,	1
380,	0
381,	0
382,	1
383,	0
384,	1
385,	1
386,	4
387,	0
388,	0
389,	3
390,	0
391,	0
392,	0
393,	0
394,	2
395,	0
396,	1
397,	0
398,	0
399,	0
400,	0
401,	1
402,	1
403,	3
404,	0
405,	3
406,	1
407,	0
408,	0
409,	0
410,	0
411,	0
412,	1
413,	1
414,	0
415,	1
416,	1
417,	3
418,	1
419,	2
420,	0
421,	0
422,	1
423,	1
424,	0
425,	2
426,	0
427,	0
428,	1
429,	0
430,	1
431,	0
432,	2
433,	0
434,	1
435,	1
436,	0
437,	4
438,	0
439,	0
440,	0
441,	1
442,	2
443,	0
444,	0
445,	0
446,	0
447,	3
448,	0
449,	0
450,	0
451,	0
452,	0
453,	2
454,	1
455,	2
456,	0
457,	3
458,	3
459,	2
460,	0
461,	0
462,	0
463,	0
464,	3
465,	0
466,	0
467,	0
468,	1
469,	2
470,	1
471,	5
472,	0
473,	1
474,	2
475,	1
476,	3
477,	1
478,	0
479,	1
480,	0
481,	0
482,	1
483,	3
484,	0
485,	0
486,	0
487,	0
488,	1
489,	0
490,	3
491,	0
492,	2
493,	0
494,	0
495,	0
496,	1
497,	0
498,	1
499,	1
500,	0
501,	0
502,	4
503,	0
504,	5
505,	0
506,	0
507,	0
508,	1
509,	0
510,	2
511,	0
512,	0
513,	1
514,	1
515,	1
516,	4
517,	4
518,	0
519,	2
520,	0
521,	0
522,	0
523,	6
524,	1
525,	1
526,	1
527,	2
528,	0
529,	3
530,	1
531,	2
532,	3
533,	0
534,	0
535,	0
536,	0
537,	0
538,	1
539,	2
540,	4
541,	0
542,	0
543,	1
544,	1
545,	6
546,	0
547,	1
548,	2
549,	1
550,	1
551,	1
552,	1
553,	0
554,	4
555,	2
556,	0
557,	2
558,	0
559,	2
560,	1
561,	2
562,	2
563,	3
564,	1
565,	2
566,	2
567,	1
568,	3
569,	0
570,	0
571,	1
572,	0
573,	0
574,	1
575,	1
576,	5
577,	1
578,	3
579,	0
580,	0
581,	2
582,	3
583,	4
584,	0
585,	2
586,	0
587,	3
588,	1
589,	1
590,	1
591,	2
592,	0
593,	0
594,	1
595,	2
596,	0
597,	1
598,	2
599,	5
600,	5
601,	2
602,	2
603,	2
604,	4
605,	1
606,	2
607,	3
608,	3
609,	4
610,	2
611,	1
612,	0
613,	1
614,	3
615,	0
616,	1
617,	4
618,	4
619,	2
620,	7
621,	1
622,	0
623,	1
624,	1
625,	2
626,	1
627,	2
628,	1
629,	2
630,	0
631,	6
632,	3
633,	7
634,	2
635,	2
636,	0
637,	6
638,	4
639,	0
640,	2
641,	0
642,	0
643,	0
644,	1
645,	2
646,	0
647,	1
648,	1
649,	1
650,	2
651,	3
652,	1
653,	1
654,	1
655,	0
656,	0
657,	1
658,	3
659,	2
660,	6
661,	2
662,	2
663,	2
664,	0
665,	0
666,	0
667,	6
668,	2
669,	0
670,	0
671,	0
672,	1
673,	3
674,	2
675,	0
676,	2
677,	2
678,	1
679,	3
680,	3
681,	2
682,	2
683,	1
684,	2
685,	2
686,	2
687,	5
688,	1
689,	0
690,	1
691,	1
692,	2
693,	0
694,	5
695,	1
696,	3
697,	5
698,	4
699,	1
700,	3
701,	0
702,	3
703,	0
704,	5
705,	5
706,	1
707,	3
708,	2
709,	3
710,	0
711,	5
712,	4
713,	1
714,	1
715,	1
716,	3
717,	1
718,	2
719,	2
720,	0
721,	2
722,	0
723,	2
724,	4
725,	2
726,	2
727,	2
728,	6
729,	1
730,	2
731,	1
732,	1
733,	5
734,	1
735,	0
736,	4
737,	1
738,	5
739,	4
740,	2
741,	0
742,	2
743,	1
744,	6
745,	3
746,	0
747,	1
748,	3
749,	0
750,	5
751,	3
752,	4
753,	4
754,	2
755,	1
756,	4
757,	1
758,	2
759,	2
760,	3
761,	4
762,	3
763,	0
764,	0
765,	6
766,	2
767,	3
768,	2
769,	0
770,	1
771,	0
772,	4
773,	0
774,	2
775,	5
776,	3
777,	3
778,	4
779,	2
780,	3
781,	2
782,	7
783,	7
784,	1
785,	2
786,	2
787,	5
788,	2
789,	3
790,	6
791,	2
792,	5
793,	0
794,	5
795,	4
796,	1
797,	3
798,	0
799,	5
800,	3
801,	5
802,	0
803,	1
804,	4
805,	3
806,	1
807,	1
808,	2
809,	6
810,	2
811,	4
812,	2
813,	4
814,	2
815,	3
816,	2
817,	3
818,	0
819,	1
820,	1
821,	1
822,	0
823,	0
824,	1
825,	4
826,	1
827,	2
828,	0
829,	1
830,	2
831,	1
832,	2
833,	4
834,	0
835,	0
836,	6
837,	0
838,	2
839,	1
840,	2
841,	0
842,	4
843,	3
844,	3
845,	2
846,	3
847,	3
848,	5
849,	7
850,	2
851,	4
852,	2
853,	5
854,	5
855,	3
856,	2
857,	4
858,	2
859,	1
860,	5
861,	6
862,	0
863,	0
864,	2
865,	3
866,	0
867,	1
868,	3
869,	3
870,	2
871,	2
872,	5
873,	2
874,	3
875,	4
876,	3
877,	3
878,	1
879,	4
880,	4
881,	3
882,	3
883,	1
884,	4
885,	3
886,	1
887,	2
888,	1
889,	0
890,	3
891,	2
892,	0
893,	2
894,	2
895,	3
896,	4
897,	4
898,	1
899,	0
900,	1
901,	3
902,	2
903,	2
904,	3
905,	1
906,	2
907,	2
908,	2
909,	6
910,	5
911,	5
912,	0
913,	1
914,	3
915,	4
916,	1
917,	2
918,	1
919,	5
920,	5
921,	0
922,	0
923,	4
924,	4
925,	2
926,	4
927,	1
928,	6
929,	3
930,	4
931,	0
932,	1
933,	1
934,	2
935,	5
936,	2
937,	4
938,	8
939,	2
940,	1
941,	4
942,	2
943,	7
944,	4
945,	1
946,	5
947,	3
948,	2
949,	4
950,	2
951,	3
952,	5
953,	4
954,	2
955,	5
956,	2
957,	1
958,	8
959,	2
960,	4
961,	1
962,	4
963,	3
964,	3
965,	2
966,	2
967,	0
968,	9
969,	2
970,	3
971,	3
972,	3
973,	0
974,	3
975,	4
976,	2
977,	2
978,	2
979,	3
980,	6
981,	3
982,	4
983,	1
984,	1
985,	3
986,	4
987,	3
988,	3
989,	5
990,	2
991,	5
992,	0
993,	4
994,	6
995,	7
996,	9
997,	3
998,	5
999,	1
