Instance: /home/gabriel/Documents/ufrgs/courses/oc/trab/instances/cmb01
Vertices: 500
Colors: 12
NumIterations: 100
Alpha: 0.970000
Is Factible?: false
Conflicts: 62
Solution Value: 117658.695312
Vertex,	Color
0,	0
1,	4
2,	7
3,	0
4,	5
5,	10
6,	0
7,	1
8,	5
9,	8
10,	1
11,	8
12,	2
13,	1
14,	7
15,	9
16,	8
17,	4
18,	5
19,	3
20,	10
21,	6
22,	6
23,	11
24,	3
25,	8
26,	11
27,	6
28,	0
29,	3
30,	2
31,	1
32,	10
33,	8
34,	1
35,	4
36,	1
37,	7
38,	5
39,	7
40,	10
41,	3
42,	2
43,	6
44,	4
45,	1
46,	11
47,	6
48,	2
49,	9
50,	7
51,	6
52,	1
53,	10
54,	10
55,	2
56,	11
57,	11
58,	1
59,	3
60,	10
61,	2
62,	9
63,	0
64,	6
65,	7
66,	3
67,	0
68,	5
69,	0
70,	3
71,	4
72,	11
73,	1
74,	3
75,	8
76,	5
77,	6
78,	9
79,	3
80,	1
81,	8
82,	0
83,	8
84,	3
85,	3
86,	10
87,	6
88,	9
89,	10
90,	4
91,	9
92,	5
93,	3
94,	2
95,	1
96,	11
97,	9
98,	6
99,	11
100,	4
101,	0
102,	4
103,	7
104,	2
105,	0
106,	3
107,	8
108,	5
109,	9
110,	11
111,	9
112,	9
113,	11
114,	9
115,	8
116,	0
117,	1
118,	11
119,	4
120,	6
121,	2
122,	6
123,	11
124,	0
125,	7
126,	6
127,	9
128,	10
129,	7
130,	6
131,	5
132,	10
133,	10
134,	5
135,	8
136,	5
137,	9
138,	6
139,	6
140,	9
141,	1
142,	9
143,	8
144,	10
145,	7
146,	9
147,	5
148,	9
149,	3
150,	3
151,	10
152,	2
153,	8
154,	11
155,	7
156,	4
157,	1
158,	7
159,	9
160,	5
161,	4
162,	10
163,	10
164,	2
165,	9
166,	8
167,	5
168,	11
169,	2
170,	5
171,	8
172,	10
173,	11
174,	9
175,	7
176,	6
177,	1
178,	2
179,	11
180,	5
181,	9
182,	0
183,	11
184,	2
185,	11
186,	1
187,	8
188,	2
189,	8
190,	0
191,	0
192,	1
193,	9
194,	8
195,	3
196,	11
197,	0
198,	1
199,	1
200,	6
201,	10
202,	5
203,	6
204,	5
205,	5
206,	9
207,	7
208,	1
209,	7
210,	5
211,	5
212,	4
213,	0
214,	6
215,	0
216,	10
217,	5
218,	6
219,	8
220,	3
221,	0
222,	10
223,	3
224,	4
225,	6
226,	1
227,	10
228,	11
229,	6
230,	0
231,	1
232,	3
233,	0
234,	10
235,	3
236,	2
237,	8
238,	11
239,	5
240,	6
241,	11
242,	1
243,	11
244,	11
245,	2
246,	3
247,	7
248,	0
249,	3
250,	2
251,	6
252,	1
253,	11
254,	8
255,	6
256,	9
257,	6
258,	0
259,	11
260,	6
261,	10
262,	3
263,	3
264,	11
265,	8
266,	1
267,	0
268,	2
269,	10
270,	5
271,	4
272,	6
273,	9
274,	7
275,	5
276,	5
277,	8
278,	4
279,	10
280,	7
281,	2
282,	2
283,	0
284,	7
285,	0
286,	0
287,	6
288,	3
289,	6
290,	3
291,	4
292,	9
293,	1
294,	2
295,	5
296,	2
297,	0
298,	5
299,	2
300,	10
301,	7
302,	11
303,	4
304,	3
305,	3
306,	1
307,	10
308,	2
309,	8
310,	6
311,	9
312,	2
313,	6
314,	11
315,	7
316,	0
317,	4
318,	3
319,	11
320,	9
321,	1
322,	4
323,	7
324,	7
325,	0
326,	5
327,	8
328,	8
329,	11
330,	8
331,	7
332,	1
333,	6
334,	3
335,	5
336,	4
337,	4
338,	3
339,	2
340,	5
341,	9
342,	4
343,	3
344,	2
345,	4
346,	1
347,	8
348,	4
349,	6
350,	8
351,	7
352,	1
353,	8
354,	7
355,	6
356,	0
357,	3
358,	2
359,	2
360,	9
361,	7
362,	1
363,	5
364,	9
365,	10
366,	0
367,	2
368,	2
369,	11
370,	2
371,	0
372,	1
373,	9
374,	8
375,	9
376,	8
377,	3
378,	2
379,	1
380,	4
381,	6
382,	1
383,	4
384,	9
385,	4
386,	7
387,	4
388,	7
389,	2
390,	3
391,	1
392,	2
393,	7
394,	6
395,	8
396,	5
397,	2
398,	4
399,	9
400,	7
401,	7
402,	11
403,	7
404,	0
405,	11
406,	10
407,	10
408,	5
409,	0
410,	5
411,	4
412,	6
413,	10
414,	0
415,	0
416,	3
417,	7
418,	0
419,	9
420,	10
421,	5
422,	10
423,	1
424,	6
425,	4
426,	0
427,	4
428,	6
429,	0
430,	2
431,	11
432,	1
433,	11
434,	0
435,	11
436,	7
437,	10
438,	0
439,	6
440,	8
441,	10
442,	10
443,	4
444,	4
445,	4
446,	10
447,	2
448,	2
449,	1
450,	3
451,	10
452,	11
453,	2
454,	5
455,	0
456,	10
457,	5
458,	4
459,	8
460,	5
461,	10
462,	10
463,	6
464,	8
465,	3
466,	7
467,	3
468,	4
469,	8
470,	8
471,	4
472,	2
473,	6
474,	10
475,	6
476,	5
477,	0
478,	1
479,	2
480,	5
481,	5
482,	2
483,	5
484,	9
485,	10
486,	4
487,	7
488,	8
489,	4
490,	3
491,	1
492,	9
493,	7
494,	2
495,	0
496,	8
497,	9
498,	1
499,	0
