Instance: /home/gabriel/Documents/ufrgs/courses/oc/trab/instances/cmb02
Vertices: 1000
Colors: 10
NumIterations: 1
Alpha: 0.500000
Is Factible?: false
Conflicts: 1
Solution Value: 768374.500000
Vertex,	Color
0,	6
1,	3
2,	6
3,	9
4,	6
5,	9
6,	2
7,	6
8,	5
9,	4
10,	7
11,	3
12,	3
13,	1
14,	4
15,	5
16,	4
17,	4
18,	5
19,	1
20,	7
21,	4
22,	4
23,	2
24,	9
25,	5
26,	5
27,	6
28,	3
29,	2
30,	3
31,	7
32,	3
33,	3
34,	6
35,	6
36,	5
37,	4
38,	3
39,	3
40,	3
41,	4
42,	1
43,	7
44,	2
45,	0
46,	5
47,	0
48,	1
49,	4
50,	5
51,	2
52,	0
53,	5
54,	6
55,	6
56,	4
57,	6
58,	1
59,	5
60,	5
61,	2
62,	4
63,	4
64,	6
65,	1
66,	0
67,	2
68,	4
69,	5
70,	1
71,	3
72,	6
73,	5
74,	5
75,	2
76,	1
77,	7
78,	0
79,	3
80,	4
81,	0
82,	3
83,	3
84,	0
85,	3
86,	1
87,	5
88,	6
89,	2
90,	2
91,	0
92,	5
93,	0
94,	4
95,	6
96,	8
97,	2
98,	5
99,	6
100,	0
101,	5
102,	1
103,	2
104,	6
105,	6
106,	3
107,	4
108,	1
109,	3
110,	0
111,	0
112,	1
113,	4
114,	3
115,	2
116,	2
117,	1
118,	5
119,	7
120,	2
121,	0
122,	0
123,	1
124,	5
125,	3
126,	2
127,	3
128,	4
129,	5
130,	6
131,	4
132,	0
133,	7
134,	4
135,	0
136,	0
137,	8
138,	2
139,	1
140,	0
141,	5
142,	1
143,	0
144,	5
145,	3
146,	3
147,	0
148,	0
149,	7
150,	2
151,	5
152,	1
153,	3
154,	8
155,	0
156,	0
157,	2
158,	7
159,	4
160,	0
161,	5
162,	3
163,	4
164,	4
165,	5
166,	1
167,	4
168,	4
169,	0
170,	0
171,	2
172,	0
173,	2
174,	3
175,	1
176,	6
177,	3
178,	0
179,	2
180,	2
181,	6
182,	2
183,	0
184,	0
185,	1
186,	5
187,	0
188,	4
189,	5
190,	3
191,	4
192,	6
193,	1
194,	5
195,	0
196,	1
197,	0
198,	2
199,	7
200,	0
201,	0
202,	4
203,	6
204,	2
205,	2
206,	4
207,	1
208,	1
209,	3
210,	0
211,	7
212,	4
213,	2
214,	0
215,	3
216,	2
217,	0
218,	4
219,	4
220,	2
221,	1
222,	0
223,	1
224,	0
225,	3
226,	7
227,	2
228,	0
229,	1
230,	0
231,	2
232,	1
233,	1
234,	1
235,	7
236,	4
237,	1
238,	2
239,	0
240,	0
241,	1
242,	0
243,	0
244,	2
245,	0
246,	3
247,	0
248,	6
249,	0
250,	6
251,	6
252,	1
253,	2
254,	3
255,	4
256,	4
257,	4
258,	4
259,	4
260,	7
261,	5
262,	3
263,	0
264,	2
265,	5
266,	5
267,	4
268,	4
269,	1
270,	1
271,	1
272,	4
273,	4
274,	0
275,	1
276,	8
277,	1
278,	0
279,	0
280,	0
281,	2
282,	3
283,	1
284,	0
285,	3
286,	3
287,	1
288,	6
289,	0
290,	5
291,	1
292,	1
293,	1
294,	1
295,	5
296,	0
297,	4
298,	3
299,	0
300,	0
301,	4
302,	0
303,	0
304,	2
305,	3
306,	1
307,	1
308,	0
309,	4
310,	1
311,	2
312,	0
313,	6
314,	1
315,	3
316,	3
317,	1
318,	2
319,	2
320,	7
321,	0
322,	1
323,	1
324,	3
325,	1
326,	2
327,	1
328,	2
329,	6
330,	7
331,	0
332,	5
333,	1
334,	4
335,	2
336,	4
337,	0
338,	0
339,	2
340,	0
341,	2
342,	2
343,	0
344,	2
345,	1
346,	3
347,	3
348,	8
349,	0
350,	2
351,	0
352,	0
353,	1
354,	0
355,	3
356,	3
357,	4
358,	5
359,	0
360,	0
361,	1
362,	0
363,	0
364,	1
365,	2
366,	2
367,	1
368,	0
369,	4
370,	1
371,	2
372,	1
373,	0
374,	3
375,	1
376,	1
377,	1
378,	0
379,	1
380,	3
381,	4
382,	1
383,	5
384,	7
385,	1
386,	0
387,	0
388,	4
389,	0
390,	1
391,	0
392,	1
393,	2
394,	4
395,	1
396,	1
397,	2
398,	1
399,	0
400,	0
401,	1
402,	1
403,	0
404,	0
405,	2
406,	1
407,	0
408,	0
409,	2
410,	0
411,	0
412,	2
413,	4
414,	3
415,	0
416,	2
417,	1
418,	3
419,	2
420,	0
421,	0
422,	0
423,	1
424,	5
425,	1
426,	3
427,	0
428,	0
429,	1
430,	1
431,	0
432,	0
433,	0
434,	1
435,	1
436,	4
437,	3
438,	2
439,	4
440,	2
441,	1
442,	3
443,	2
444,	2
445,	0
446,	0
447,	1
448,	2
449,	0
450,	4
451,	3
452,	8
453,	0
454,	0
455,	2
456,	4
457,	0
458,	2
459,	1
460,	5
461,	0
462,	1
463,	2
464,	0
465,	0
466,	2
467,	0
468,	0
469,	0
470,	0
471,	0
472,	0
473,	0
474,	1
475,	0
476,	1
477,	0
478,	3
479,	2
480,	1
481,	0
482,	2
483,	2
484,	2
485,	2
486,	1
487,	0
488,	4
489,	1
490,	1
491,	4
492,	0
493,	0
494,	0
495,	3
496,	4
497,	0
498,	5
499,	5
500,	0
501,	1
502,	2
503,	4
504,	0
505,	1
506,	5
507,	1
508,	0
509,	1
510,	0
511,	4
512,	0
513,	3
514,	1
515,	0
516,	1
517,	0
518,	0
519,	1
520,	4
521,	0
522,	0
523,	3
524,	1
525,	1
526,	3
527,	2
528,	0
529,	2
530,	0
531,	2
532,	0
533,	2
534,	2
535,	1
536,	0
537,	0
538,	3
539,	0
540,	3
541,	1
542,	1
543,	0
544,	0
545,	2
546,	0
547,	1
548,	2
549,	0
550,	3
551,	0
552,	2
553,	0
554,	3
555,	1
556,	0
557,	1
558,	2
559,	1
560,	2
561,	0
562,	1
563,	2
564,	4
565,	2
566,	1
567,	0
568,	2
569,	2
570,	1
571,	0
572,	1
573,	2
574,	4
575,	1
576,	3
577,	0
578,	3
579,	0
580,	1
581,	1
582,	1
583,	1
584,	0
585,	3
586,	1
587,	2
588,	1
589,	1
590,	1
591,	2
592,	0
593,	0
594,	1
595,	2
596,	1
597,	1
598,	2
599,	2
600,	3
601,	1
602,	2
603,	1
604,	1
605,	1
606,	1
607,	3
608,	2
609,	2
610,	3
611,	1
612,	0
613,	0
614,	4
615,	3
616,	1
617,	2
618,	1
619,	4
620,	7
621,	2
622,	0
623,	1
624,	1
625,	2
626,	0
627,	3
628,	1
629,	2
630,	1
631,	5
632,	3
633,	1
634,	1
635,	3
636,	0
637,	5
638,	1
639,	0
640,	0
641,	2
642,	0
643,	2
644,	0
645,	3
646,	3
647,	2
648,	0
649,	0
650,	1
651,	2
652,	2
653,	1
654,	3
655,	0
656,	0
657,	2
658,	4
659,	1
660,	2
661,	5
662,	2
663,	2
664,	2
665,	1
666,	0
667,	4
668,	1
669,	0
670,	4
671,	0
672,	0
673,	1
674,	1
675,	2
676,	2
677,	3
678,	3
679,	3
680,	3
681,	6
682,	6
683,	1
684,	3
685,	3
686,	3
687,	0
688,	0
689,	4
690,	4
691,	0
692,	3
693,	0
694,	5
695,	1
696,	4
697,	5
698,	1
699,	2
700,	1
701,	1
702,	2
703,	1
704,	4
705,	4
706,	1
707,	3
708,	1
709,	3
710,	0
711,	6
712,	2
713,	3
714,	0
715,	2
716,	4
717,	2
718,	3
719,	0
720,	0
721,	3
722,	1
723,	2
724,	3
725,	2
726,	2
727,	1
728,	5
729,	1
730,	4
731,	2
732,	3
733,	5
734,	3
735,	1
736,	1
737,	0
738,	5
739,	5
740,	4
741,	0
742,	2
743,	2
744,	1
745,	3
746,	0
747,	1
748,	0
749,	3
750,	6
751,	4
752,	4
753,	2
754,	2
755,	0
756,	3
757,	1
758,	3
759,	1
760,	3
761,	3
762,	3
763,	0
764,	1
765,	4
766,	1
767,	1
768,	3
769,	0
770,	1
771,	0
772,	3
773,	0
774,	3
775,	5
776,	2
777,	2
778,	2
779,	2
780,	0
781,	1
782,	7
783,	7
784,	1
785,	2
786,	1
787,	3
788,	2
789,	5
790,	4
791,	1
792,	4
793,	0
794,	5
795,	4
796,	0
797,	4
798,	1
799,	4
800,	1
801,	4
802,	1
803,	0
804,	6
805,	3
806,	2
807,	1
808,	2
809,	5
810,	2
811,	3
812,	1
813,	5
814,	2
815,	3
816,	3
817,	3
818,	0
819,	1
820,	3
821,	1
822,	0
823,	1
824,	1
825,	6
826,	2
827,	3
828,	0
829,	3
830,	1
831,	0
832,	2
833,	1
834,	0
835,	4
836,	5
837,	0
838,	5
839,	4
840,	2
841,	0
842,	2
843,	3
844,	3
845,	2
846,	1
847,	3
848,	4
849,	6
850,	2
851,	4
852,	1
853,	2
854,	3
855,	5
856,	2
857,	3
858,	1
859,	1
860,	4
861,	6
862,	0
863,	0
864,	3
865,	5
866,	0
867,	1
868,	5
869,	4
870,	3
871,	3
872,	4
873,	2
874,	2
875,	1
876,	3
877,	2
878,	2
879,	5
880,	0
881,	4
882,	4
883,	0
884,	4
885,	2
886,	3
887,	1
888,	3
889,	0
890,	4
891,	2
892,	2
893,	3
894,	2
895,	3
896,	5
897,	4
898,	0
899,	0
900,	0
901,	3
902,	2
903,	2
904,	1
905,	0
906,	5
907,	3
908,	4
909,	3
910,	5
911,	5
912,	1
913,	0
914,	4
915,	2
916,	3
917,	4
918,	3
919,	3
920,	6
921,	2
922,	1
923,	4
924,	4
925,	2
926,	4
927,	3
928,	4
929,	3
930,	4
931,	0
932,	1
933,	2
934,	2
935,	5
936,	4
937,	4
938,	8
939,	5
940,	2
941,	6
942,	2
943,	7
944,	4
945,	1
946,	5
947,	3
948,	4
949,	3
950,	2
951,	3
952,	5
953,	8
954,	2
955,	4
956,	5
957,	1
958,	4
959,	2
960,	5
961,	1
962,	4
963,	5
964,	3
965,	1
966,	2
967,	0
968,	9
969,	4
970,	3
971,	2
972,	1
973,	0
974,	2
975,	4
976,	3
977,	3
978,	3
979,	1
980,	7
981,	3
982,	0
983,	1
984,	6
985,	1
986,	1
987,	3
988,	3
989,	5
990,	1
991,	4
992,	0
993,	4
994,	6
995,	8
996,	8
997,	4
998,	4
999,	2
