Instance: /home/gabriel/Documents/ufrgs/courses/oc/trab/instances/cmb02
Vertices: 1000
Colors: 10
NumIterations: 1
Alpha: 0.500000
Is Factible?: false
Conflicts: 227
Solution Value: 800569.375000
Vertex,	Color
0,	3
1,	0
2,	3
3,	0
4,	2
5,	2
6,	1
7,	2
8,	0
9,	0
10,	2
11,	0
12,	0
13,	0
14,	3
15,	0
16,	0
17,	4
18,	1
19,	0
20,	0
21,	0
22,	3
23,	0
24,	3
25,	2
26,	2
27,	3
28,	1
29,	1
30,	1
31,	1
32,	0
33,	0
34,	2
35,	1
36,	0
37,	0
38,	0
39,	1
40,	1
41,	3
42,	1
43,	0
44,	2
45,	1
46,	2
47,	1
48,	0
49,	0
50,	0
51,	0
52,	2
53,	1
54,	0
55,	0
56,	2
57,	2
58,	0
59,	3
60,	0
61,	3
62,	0
63,	0
64,	0
65,	0
66,	1
67,	0
68,	2
69,	2
70,	0
71,	2
72,	0
73,	1
74,	1
75,	0
76,	0
77,	2
78,	0
79,	6
80,	3
81,	0
82,	1
83,	0
84,	2
85,	1
86,	0
87,	0
88,	3
89,	0
90,	0
91,	0
92,	0
93,	2
94,	1
95,	1
96,	1
97,	1
98,	0
99,	1
100,	3
101,	0
102,	0
103,	2
104,	3
105,	1
106,	0
107,	1
108,	0
109,	0
110,	3
111,	2
112,	2
113,	1
114,	1
115,	2
116,	1
117,	2
118,	2
119,	0
120,	0
121,	0
122,	4
123,	1
124,	0
125,	2
126,	2
127,	1
128,	0
129,	0
130,	4
131,	0
132,	0
133,	1
134,	1
135,	0
136,	0
137,	1
138,	1
139,	1
140,	0
141,	1
142,	0
143,	4
144,	6
145,	0
146,	1
147,	1
148,	4
149,	0
150,	2
151,	4
152,	0
153,	0
154,	0
155,	4
156,	3
157,	1
158,	3
159,	0
160,	0
161,	4
162,	6
163,	0
164,	0
165,	0
166,	3
167,	0
168,	0
169,	0
170,	0
171,	0
172,	0
173,	0
174,	0
175,	0
176,	0
177,	0
178,	2
179,	3
180,	1
181,	0
182,	1
183,	0
184,	1
185,	2
186,	1
187,	1
188,	0
189,	3
190,	1
191,	1
192,	0
193,	1
194,	0
195,	1
196,	0
197,	1
198,	1
199,	2
200,	2
201,	0
202,	1
203,	0
204,	1
205,	0
206,	0
207,	0
208,	0
209,	0
210,	0
211,	2
212,	4
213,	0
214,	2
215,	3
216,	1
217,	3
218,	0
219,	1
220,	0
221,	0
222,	1
223,	0
224,	2
225,	0
226,	0
227,	0
228,	0
229,	3
230,	0
231,	1
232,	0
233,	0
234,	0
235,	1
236,	3
237,	0
238,	4
239,	0
240,	0
241,	0
242,	1
243,	3
244,	0
245,	0
246,	0
247,	0
248,	5
249,	1
250,	4
251,	3
252,	1
253,	1
254,	2
255,	0
256,	0
257,	2
258,	3
259,	1
260,	1
261,	7
262,	0
263,	5
264,	2
265,	5
266,	0
267,	1
268,	1
269,	0
270,	1
271,	0
272,	2
273,	1
274,	4
275,	0
276,	1
277,	0
278,	0
279,	1
280,	2
281,	0
282,	0
283,	0
284,	2
285,	0
286,	2
287,	3
288,	5
289,	5
290,	0
291,	1
292,	0
293,	0
294,	1
295,	3
296,	2
297,	1
298,	1
299,	0
300,	0
301,	0
302,	0
303,	2
304,	1
305,	0
306,	7
307,	2
308,	0
309,	1
310,	0
311,	3
312,	1
313,	0
314,	0
315,	5
316,	3
317,	0
318,	1
319,	0
320,	0
321,	1
322,	0
323,	1
324,	0
325,	0
326,	3
327,	0
328,	0
329,	2
330,	3
331,	0
332,	1
333,	1
334,	0
335,	1
336,	0
337,	0
338,	4
339,	0
340,	0
341,	4
342,	1
343,	0
344,	3
345,	1
346,	0
347,	2
348,	1
349,	1
350,	0
351,	0
352,	0
353,	0
354,	0
355,	0
356,	1
357,	1
358,	1
359,	0
360,	0
361,	1
362,	2
363,	1
364,	0
365,	0
366,	0
367,	0
368,	2
369,	1
370,	2
371,	0
372,	3
373,	1
374,	4
375,	1
376,	0
377,	0
378,	0
379,	2
380,	2
381,	2
382,	0
383,	1
384,	4
385,	0
386,	1
387,	1
388,	1
389,	1
390,	4
391,	0
392,	0
393,	1
394,	2
395,	1
396,	0
397,	0
398,	0
399,	0
400,	0
401,	1
402,	2
403,	1
404,	1
405,	4
406,	1
407,	0
408,	1
409,	1
410,	0
411,	0
412,	1
413,	0
414,	0
415,	0
416,	2
417,	0
418,	0
419,	5
420,	0
421,	0
422,	0
423,	0
424,	0
425,	0
426,	0
427,	0
428,	2
429,	0
430,	1
431,	2
432,	2
433,	1
434,	1
435,	3
436,	0
437,	0
438,	1
439,	4
440,	0
441,	0
442,	1
443,	0
444,	2
445,	0
446,	0
447,	4
448,	2
449,	1
450,	0
451,	0
452,	0
453,	1
454,	1
455,	0
456,	2
457,	2
458,	1
459,	7
460,	3
461,	1
462,	1
463,	4
464,	3
465,	2
466,	0
467,	1
468,	1
469,	0
470,	1
471,	3
472,	0
473,	0
474,	1
475,	0
476,	0
477,	2
478,	0
479,	0
480,	0
481,	0
482,	0
483,	1
484,	0
485,	0
486,	0
487,	0
488,	0
489,	2
490,	1
491,	3
492,	2
493,	1
494,	0
495,	0
496,	0
497,	0
498,	0
499,	2
500,	0
501,	1
502,	1
503,	1
504,	4
505,	0
506,	0
507,	0
508,	3
509,	1
510,	0
511,	2
512,	0
513,	3
514,	0
515,	1
516,	2
517,	1
518,	3
519,	3
520,	0
521,	0
522,	3
523,	2
524,	2
525,	1
526,	0
527,	2
528,	1
529,	3
530,	1
531,	1
532,	1
533,	1
534,	1
535,	2
536,	1
537,	0
538,	4
539,	2
540,	1
541,	0
542,	0
543,	1
544,	0
545,	3
546,	0
547,	2
548,	1
549,	1
550,	2
551,	0
552,	3
553,	1
554,	3
555,	1
556,	0
557,	1
558,	2
559,	2
560,	1
561,	1
562,	1
563,	0
564,	2
565,	1
566,	4
567,	1
568,	4
569,	2
570,	1
571,	1
572,	0
573,	1
574,	1
575,	2
576,	4
577,	0
578,	1
579,	0
580,	1
581,	1
582,	2
583,	1
584,	3
585,	0
586,	1
587,	4
588,	1
589,	1
590,	0
591,	2
592,	0
593,	0
594,	2
595,	1
596,	0
597,	3
598,	4
599,	2
600,	2
601,	2
602,	3
603,	0
604,	0
605,	0
606,	3
607,	1
608,	1
609,	1
610,	3
611,	1
612,	0
613,	0
614,	2
615,	0
616,	0
617,	2
618,	0
619,	1
620,	6
621,	3
622,	1
623,	1
624,	0
625,	0
626,	1
627,	2
628,	2
629,	0
630,	0
631,	5
632,	2
633,	2
634,	1
635,	2
636,	0
637,	8
638,	5
639,	1
640,	0
641,	0
642,	0
643,	3
644,	0
645,	2
646,	2
647,	2
648,	1
649,	2
650,	2
651,	2
652,	4
653,	0
654,	3
655,	1
656,	1
657,	1
658,	5
659,	3
660,	4
661,	5
662,	3
663,	1
664,	2
665,	1
666,	0
667,	1
668,	5
669,	0
670,	3
671,	0
672,	0
673,	2
674,	2
675,	0
676,	3
677,	1
678,	1
679,	4
680,	3
681,	4
682,	2
683,	2
684,	2
685,	1
686,	5
687,	5
688,	0
689,	1
690,	3
691,	2
692,	4
693,	0
694,	6
695,	1
696,	3
697,	4
698,	4
699,	3
700,	3
701,	1
702,	1
703,	0
704,	2
705,	4
706,	0
707,	1
708,	1
709,	3
710,	0
711,	3
712,	3
713,	1
714,	1
715,	2
716,	5
717,	2
718,	2
719,	2
720,	0
721,	2
722,	0
723,	2
724,	3
725,	2
726,	3
727,	2
728,	7
729,	2
730,	4
731,	2
732,	1
733,	4
734,	2
735,	0
736,	0
737,	0
738,	4
739,	5
740,	3
741,	0
742,	3
743,	2
744,	2
745,	2
746,	0
747,	2
748,	3
749,	4
750,	6
751,	3
752,	3
753,	3
754,	1
755,	1
756,	6
757,	1
758,	0
759,	1
760,	1
761,	3
762,	2
763,	3
764,	0
765,	5
766,	3
767,	5
768,	3
769,	0
770,	2
771,	0
772,	3
773,	2
774,	3
775,	5
776,	3
777,	3
778,	2
779,	2
780,	3
781,	0
782,	5
783,	5
784,	1
785,	2
786,	0
787,	3
788,	2
789,	4
790,	3
791,	2
792,	3
793,	0
794,	5
795,	3
796,	0
797,	4
798,	3
799,	6
800,	4
801,	5
802,	2
803,	2
804,	5
805,	5
806,	1
807,	1
808,	2
809,	6
810,	2
811,	2
812,	1
813,	6
814,	2
815,	2
816,	3
817,	2
818,	1
819,	0
820,	2
821,	4
822,	2
823,	0
824,	2
825,	6
826,	1
827,	2
828,	2
829,	1
830,	2
831,	1
832,	3
833,	6
834,	0
835,	6
836,	5
837,	1
838,	4
839,	4
840,	2
841,	0
842,	2
843,	2
844,	3
845,	3
846,	1
847,	3
848,	4
849,	5
850,	2
851,	6
852,	2
853,	1
854,	4
855,	5
856,	2
857,	3
858,	3
859,	0
860,	5
861,	5
862,	1
863,	2
864,	2
865,	4
866,	0
867,	1
868,	4
869,	4
870,	1
871,	4
872,	4
873,	3
874,	3
875,	1
876,	2
877,	2
878,	2
879,	4
880,	3
881,	4
882,	3
883,	0
884,	4
885,	3
886,	2
887,	2
888,	2
889,	0
890,	3
891,	3
892,	2
893,	3
894,	1
895,	3
896,	6
897,	4
898,	1
899,	1
900,	0
901,	3
902,	2
903,	1
904,	3
905,	1
906,	7
907,	2
908,	2
909,	6
910,	5
911,	5
912,	0
913,	1
914,	0
915,	3
916,	2
917,	3
918,	0
919,	3
920,	5
921,	1
922,	1
923,	4
924,	4
925,	2
926,	4
927,	0
928,	5
929,	2
930,	3
931,	0
932,	1
933,	1
934,	1
935,	4
936,	4
937,	4
938,	7
939,	1
940,	3
941,	5
942,	3
943,	1
944,	4
945,	1
946,	5
947,	2
948,	4
949,	4
950,	4
951,	2
952,	5
953,	4
954,	2
955,	7
956,	2
957,	0
958,	7
959,	1
960,	5
961,	0
962,	4
963,	5
964,	2
965,	2
966,	1
967,	0
968,	9
969,	2
970,	3
971,	4
972,	4
973,	0
974,	3
975,	4
976,	4
977,	2
978,	2
979,	3
980,	7
981,	4
982,	3
983,	2
984,	1
985,	3
986,	6
987,	3
988,	3
989,	5
990,	0
991,	4
992,	0
993,	4
994,	6
995,	8
996,	8
997,	3
998,	5
999,	3
