Instance: /home/gabriel/Documents/ufrgs/courses/oc/trab/instances/cmb02
Vertices: 1000
Colors: 10
NumIterations: 1
Alpha: 0.500000
Is Factible?: false
Conflicts: 1
Solution Value: 743588.125000
Vertex,	Color
0,	6
1,	0
2,	5
3,	9
4,	4
5,	1
6,	5
7,	7
8,	5
9,	3
10,	7
11,	4
12,	3
13,	1
14,	4
15,	3
16,	4
17,	5
18,	6
19,	0
20,	7
21,	4
22,	5
23,	1
24,	8
25,	5
26,	6
27,	6
28,	3
29,	2
30,	0
31,	6
32,	4
33,	0
34,	6
35,	6
36,	0
37,	4
38,	6
39,	3
40,	3
41,	4
42,	2
43,	7
44,	2
45,	1
46,	3
47,	1
48,	2
49,	2
50,	6
51,	1
52,	4
53,	4
54,	5
55,	6
56,	4
57,	5
58,	4
59,	1
60,	2
61,	3
62,	0
63,	5
64,	6
65,	2
66,	0
67,	2
68,	5
69,	0
70,	3
71,	0
72,	6
73,	6
74,	4
75,	1
76,	1
77,	7
78,	0
79,	5
80,	3
81,	0
82,	3
83,	5
84,	7
85,	0
86,	2
87,	7
88,	7
89,	1
90,	3
91,	0
92,	5
93,	4
94,	4
95,	7
96,	8
97,	3
98,	5
99,	6
100,	1
101,	5
102,	2
103,	1
104,	6
105,	7
106,	2
107,	0
108,	0
109,	4
110,	1
111,	0
112,	2
113,	2
114,	5
115,	3
116,	3
117,	0
118,	2
119,	7
120,	2
121,	0
122,	4
123,	2
124,	5
125,	4
126,	1
127,	5
128,	4
129,	5
130,	4
131,	5
132,	0
133,	7
134,	5
135,	2
136,	1
137,	8
138,	2
139,	1
140,	3
141,	5
142,	0
143,	0
144,	3
145,	3
146,	4
147,	1
148,	3
149,	8
150,	1
151,	4
152,	1
153,	3
154,	0
155,	3
156,	1
157,	2
158,	0
159,	4
160,	3
161,	4
162,	0
163,	2
164,	2
165,	5
166,	2
167,	4
168,	4
169,	0
170,	0
171,	0
172,	6
173,	5
174,	0
175,	0
176,	6
177,	3
178,	2
179,	1
180,	2
181,	6
182,	2
183,	1
184,	3
185,	3
186,	5
187,	1
188,	6
189,	1
190,	3
191,	0
192,	6
193,	0
194,	1
195,	0
196,	0
197,	0
198,	2
199,	6
200,	0
201,	0
202,	3
203,	1
204,	2
205,	3
206,	4
207,	4
208,	2
209,	5
210,	0
211,	2
212,	1
213,	2
214,	0
215,	1
216,	1
217,	2
218,	4
219,	1
220,	0
221,	2
222,	2
223,	0
224,	5
225,	3
226,	0
227,	2
228,	0
229,	1
230,	0
231,	2
232,	0
233,	3
234,	0
235,	7
236,	0
237,	5
238,	5
239,	1
240,	0
241,	1
242,	0
243,	1
244,	3
245,	0
246,	2
247,	5
248,	8
249,	1
250,	8
251,	1
252,	1
253,	1
254,	0
255,	2
256,	0
257,	4
258,	1
259,	0
260,	7
261,	1
262,	6
263,	5
264,	1
265,	0
266,	2
267,	3
268,	2
269,	1
270,	0
271,	0
272,	1
273,	4
274,	0
275,	0
276,	3
277,	0
278,	0
279,	0
280,	2
281,	1
282,	2
283,	1
284,	0
285,	3
286,	2
287,	4
288,	0
289,	3
290,	0
291,	0
292,	1
293,	0
294,	0
295,	7
296,	5
297,	5
298,	4
299,	0
300,	0
301,	1
302,	0
303,	4
304,	0
305,	3
306,	0
307,	2
308,	1
309,	7
310,	0
311,	3
312,	1
313,	6
314,	0
315,	2
316,	2
317,	1
318,	1
319,	5
320,	2
321,	4
322,	0
323,	2
324,	2
325,	1
326,	2
327,	0
328,	0
329,	2
330,	6
331,	0
332,	4
333,	3
334,	4
335,	1
336,	4
337,	0
338,	4
339,	1
340,	0
341,	4
342,	2
343,	4
344,	2
345,	1
346,	3
347,	6
348,	1
349,	0
350,	0
351,	0
352,	0
353,	1
354,	0
355,	3
356,	4
357,	4
358,	4
359,	0
360,	0
361,	1
362,	1
363,	1
364,	2
365,	2
366,	2
367,	1
368,	2
369,	7
370,	1
371,	3
372,	1
373,	1
374,	4
375,	3
376,	4
377,	0
378,	0
379,	3
380,	7
381,	0
382,	1
383,	1
384,	4
385,	1
386,	2
387,	4
388,	4
389,	0
390,	0
391,	0
392,	1
393,	1
394,	2
395,	0
396,	1
397,	1
398,	0
399,	1
400,	0
401,	1
402,	2
403,	0
404,	1
405,	0
406,	1
407,	0
408,	1
409,	2
410,	4
411,	1
412,	3
413,	1
414,	0
415,	0
416,	2
417,	2
418,	3
419,	2
420,	0
421,	0
422,	1
423,	0
424,	0
425,	1
426,	0
427,	0
428,	2
429,	0
430,	0
431,	0
432,	2
433,	1
434,	1
435,	2
436,	0
437,	0
438,	2
439,	0
440,	3
441,	2
442,	0
443,	0
444,	2
445,	0
446,	0
447,	3
448,	0
449,	0
450,	1
451,	3
452,	7
453,	0
454,	2
455,	3
456,	0
457,	1
458,	1
459,	7
460,	3
461,	0
462,	1
463,	2
464,	1
465,	0
466,	3
467,	1
468,	1
469,	0
470,	2
471,	2
472,	0
473,	0
474,	1
475,	0
476,	0
477,	2
478,	1
479,	1
480,	0
481,	3
482,	0
483,	3
484,	2
485,	0
486,	0
487,	0
488,	1
489,	1
490,	1
491,	3
492,	6
493,	0
494,	0
495,	3
496,	2
497,	1
498,	4
499,	6
500,	0
501,	1
502,	0
503,	2
504,	1
505,	1
506,	3
507,	0
508,	2
509,	0
510,	5
511,	5
512,	0
513,	8
514,	0
515,	1
516,	2
517,	2
518,	5
519,	5
520,	3
521,	2
522,	4
523,	3
524,	0
525,	0
526,	2
527,	0
528,	1
529,	3
530,	0
531,	1
532,	2
533,	0
534,	0
535,	3
536,	0
537,	0
538,	2
539,	1
540,	4
541,	1
542,	2
543,	0
544,	2
545,	0
546,	0
547,	1
548,	2
549,	0
550,	0
551,	2
552,	2
553,	2
554,	3
555,	2
556,	0
557,	1
558,	0
559,	2
560,	1
561,	2
562,	4
563,	2
564,	3
565,	2
566,	4
567,	0
568,	1
569,	2
570,	0
571,	1
572,	1
573,	1
574,	1
575,	3
576,	6
577,	0
578,	1
579,	0
580,	2
581,	0
582,	0
583,	0
584,	0
585,	1
586,	1
587,	1
588,	0
589,	0
590,	1
591,	1
592,	0
593,	0
594,	1
595,	2
596,	1
597,	1
598,	3
599,	3
600,	5
601,	2
602,	2
603,	1
604,	0
605,	1
606,	0
607,	5
608,	1
609,	4
610,	1
611,	1
612,	1
613,	0
614,	3
615,	2
616,	0
617,	1
618,	1
619,	1
620,	6
621,	4
622,	1
623,	1
624,	0
625,	1
626,	2
627,	2
628,	1
629,	2
630,	0
631,	3
632,	1
633,	3
634,	2
635,	2
636,	0
637,	4
638,	1
639,	0
640,	2
641,	2
642,	0
643,	0
644,	1
645,	2
646,	2
647,	3
648,	0
649,	1
650,	3
651,	3
652,	1
653,	0
654,	2
655,	3
656,	1
657,	1
658,	3
659,	4
660,	2
661,	2
662,	1
663,	2
664,	3
665,	3
666,	0
667,	3
668,	2
669,	0
670,	1
671,	0
672,	2
673,	3
674,	4
675,	0
676,	0
677,	1
678,	0
679,	4
680,	2
681,	4
682,	7
683,	0
684,	2
685,	2
686,	3
687,	3
688,	0
689,	2
690,	0
691,	2
692,	4
693,	0
694,	3
695,	1
696,	1
697,	4
698,	4
699,	1
700,	2
701,	0
702,	1
703,	1
704,	1
705,	6
706,	1
707,	3
708,	1
709,	2
710,	0
711,	5
712,	2
713,	4
714,	2
715,	1
716,	3
717,	1
718,	4
719,	3
720,	0
721,	3
722,	1
723,	2
724,	3
725,	3
726,	1
727,	0
728,	4
729,	2
730,	3
731,	3
732,	1
733,	4
734,	2
735,	0
736,	0
737,	1
738,	4
739,	1
740,	4
741,	0
742,	3
743,	3
744,	5
745,	3
746,	1
747,	1
748,	1
749,	3
750,	6
751,	3
752,	2
753,	3
754,	0
755,	1
756,	4
757,	1
758,	1
759,	2
760,	5
761,	4
762,	3
763,	1
764,	1
765,	5
766,	2
767,	3
768,	3
769,	1
770,	2
771,	0
772,	5
773,	2
774,	2
775,	5
776,	2
777,	2
778,	3
779,	1
780,	3
781,	3
782,	8
783,	7
784,	1
785,	2
786,	2
787,	3
788,	0
789,	5
790,	3
791,	5
792,	3
793,	1
794,	5
795,	3
796,	2
797,	3
798,	3
799,	5
800,	1
801,	4
802,	2
803,	1
804,	6
805,	3
806,	2
807,	2
808,	1
809,	6
810,	2
811,	4
812,	1
813,	5
814,	1
815,	4
816,	2
817,	2
818,	0
819,	2
820,	2
821,	1
822,	0
823,	0
824,	3
825,	5
826,	2
827,	3
828,	0
829,	3
830,	1
831,	1
832,	4
833,	5
834,	0
835,	6
836,	5
837,	1
838,	5
839,	4
840,	2
841,	0
842,	3
843,	4
844,	1
845,	2
846,	0
847,	3
848,	3
849,	6
850,	2
851,	6
852,	1
853,	5
854,	4
855,	6
856,	1
857,	2
858,	4
859,	1
860,	3
861,	6
862,	2
863,	2
864,	2
865,	3
866,	0
867,	0
868,	5
869,	6
870,	4
871,	4
872,	3
873,	2
874,	8
875,	4
876,	2
877,	2
878,	2
879,	4
880,	5
881,	4
882,	4
883,	0
884,	3
885,	5
886,	4
887,	2
888,	3
889,	0
890,	3
891,	4
892,	0
893,	3
894,	4
895,	3
896,	5
897,	5
898,	1
899,	1
900,	0
901,	2
902,	2
903,	0
904,	2
905,	2
906,	7
907,	3
908,	2
909,	2
910,	5
911,	4
912,	0
913,	1
914,	1
915,	2
916,	3
917,	2
918,	1
919,	4
920,	4
921,	1
922,	1
923,	2
924,	5
925,	2
926,	4
927,	3
928,	7
929,	3
930,	4
931,	0
932,	2
933,	1
934,	2
935,	4
936,	5
937,	4
938,	8
939,	0
940,	3
941,	6
942,	4
943,	6
944,	3
945,	1
946,	2
947,	2
948,	4
949,	4
950,	5
951,	3
952,	5
953,	4
954,	2
955,	5
956,	4
957,	0
958,	7
959,	1
960,	5
961,	0
962,	3
963,	4
964,	3
965,	2
966,	2
967,	0
968,	9
969,	5
970,	3
971,	2
972,	3
973,	0
974,	1
975,	4
976,	3
977,	3
978,	2
979,	2
980,	6
981,	4
982,	3
983,	1
984,	1
985,	2
986,	5
987,	3
988,	3
989,	5
990,	2
991,	4
992,	0
993,	3
994,	6
995,	7
996,	9
997,	4
998,	4
999,	3
