Instance: /home/gabriel/Documents/ufrgs/courses/oc/trab/instances/cmb01
Vertices: 500
Colors: 12
NumIterations: 100
Alpha: 0.500000
Is Factible?: false
Conflicts: 60
Solution Value: 117047.453125
Vertex,	Color
0,	4
1,	11
2,	7
3,	6
4,	5
5,	7
6,	0
7,	8
8,	11
9,	10
10,	2
11,	11
12,	4
13,	11
14,	8
15,	10
16,	0
17,	8
18,	7
19,	2
20,	5
21,	1
22,	10
23,	1
24,	9
25,	5
26,	8
27,	11
28,	7
29,	1
30,	3
31,	5
32,	6
33,	4
34,	3
35,	0
36,	4
37,	5
38,	2
39,	8
40,	8
41,	7
42,	7
43,	1
44,	11
45,	3
46,	4
47,	1
48,	5
49,	1
50,	6
51,	10
52,	4
53,	2
54,	9
55,	5
56,	5
57,	6
58,	0
59,	4
60,	0
61,	9
62,	10
63,	7
64,	0
65,	2
66,	3
67,	6
68,	2
69,	9
70,	6
71,	4
72,	9
73,	7
74,	1
75,	3
76,	9
77,	10
78,	7
79,	3
80,	11
81,	1
82,	8
83,	5
84,	1
85,	1
86,	3
87,	7
88,	5
89,	0
90,	9
91,	4
92,	6
93,	7
94,	9
95,	9
96,	10
97,	9
98,	8
99,	4
100,	6
101,	2
102,	2
103,	10
104,	2
105,	10
106,	0
107,	0
108,	2
109,	3
110,	2
111,	5
112,	5
113,	4
114,	1
115,	0
116,	1
117,	4
118,	4
119,	10
120,	8
121,	5
122,	10
123,	4
124,	2
125,	7
126,	6
127,	11
128,	1
129,	3
130,	8
131,	2
132,	1
133,	3
134,	2
135,	10
136,	6
137,	5
138,	6
139,	3
140,	2
141,	0
142,	11
143,	7
144,	7
145,	8
146,	0
147,	6
148,	3
149,	5
150,	0
151,	0
152,	6
153,	8
154,	10
155,	3
156,	6
157,	8
158,	4
159,	9
160,	3
161,	4
162,	7
163,	1
164,	9
165,	4
166,	6
167,	0
168,	8
169,	3
170,	8
171,	1
172,	9
173,	6
174,	11
175,	9
176,	2
177,	8
178,	10
179,	9
180,	4
181,	2
182,	9
183,	7
184,	5
185,	0
186,	8
187,	0
188,	6
189,	5
190,	10
191,	0
192,	8
193,	5
194,	10
195,	11
196,	1
197,	11
198,	1
199,	6
200,	3
201,	4
202,	5
203,	11
204,	0
205,	9
206,	7
207,	7
208,	11
209,	5
210,	3
211,	2
212,	1
213,	11
214,	3
215,	3
216,	11
217,	11
218,	10
219,	4
220,	6
221,	10
222,	5
223,	0
224,	5
225,	4
226,	7
227,	8
228,	4
229,	3
230,	2
231,	10
232,	1
233,	1
234,	0
235,	7
236,	7
237,	1
238,	6
239,	1
240,	2
241,	5
242,	11
243,	5
244,	2
245,	0
246,	10
247,	1
248,	6
249,	4
250,	8
251,	6
252,	0
253,	11
254,	11
255,	9
256,	4
257,	7
258,	11
259,	5
260,	10
261,	10
262,	2
263,	0
264,	8
265,	11
266,	9
267,	10
268,	8
269,	6
270,	3
271,	2
272,	1
273,	5
274,	8
275,	5
276,	9
277,	9
278,	1
279,	5
280,	1
281,	1
282,	6
283,	0
284,	5
285,	9
286,	6
287,	10
288,	10
289,	7
290,	3
291,	2
292,	11
293,	11
294,	2
295,	2
296,	1
297,	2
298,	2
299,	0
300,	3
301,	6
302,	0
303,	8
304,	8
305,	5
306,	2
307,	8
308,	11
309,	7
310,	8
311,	1
312,	4
313,	0
314,	7
315,	5
316,	8
317,	6
318,	0
319,	7
320,	10
321,	5
322,	7
323,	2
324,	10
325,	7
326,	2
327,	7
328,	9
329,	11
330,	6
331,	10
332,	9
333,	2
334,	8
335,	9
336,	8
337,	3
338,	2
339,	7
340,	3
341,	1
342,	11
343,	11
344,	11
345,	8
346,	10
347,	11
348,	7
349,	0
350,	9
351,	7
352,	7
353,	9
354,	1
355,	8
356,	4
357,	8
358,	7
359,	11
360,	4
361,	3
362,	1
363,	7
364,	8
365,	7
366,	10
367,	9
368,	3
369,	11
370,	6
371,	6
372,	3
373,	1
374,	11
375,	8
376,	5
377,	10
378,	4
379,	5
380,	4
381,	2
382,	2
383,	4
384,	3
385,	10
386,	8
387,	3
388,	10
389,	5
390,	5
391,	9
392,	11
393,	4
394,	9
395,	4
396,	11
397,	9
398,	5
399,	11
400,	9
401,	4
402,	4
403,	0
404,	9
405,	6
406,	0
407,	7
408,	0
409,	5
410,	5
411,	8
412,	6
413,	7
414,	5
415,	11
416,	7
417,	10
418,	9
419,	2
420,	7
421,	7
422,	4
423,	1
424,	9
425,	10
426,	6
427,	9
428,	0
429,	11
430,	11
431,	8
432,	8
433,	0
434,	11
435,	10
436,	11
437,	2
438,	11
439,	6
440,	3
441,	4
442,	1
443,	6
444,	10
445,	5
446,	7
447,	8
448,	1
449,	2
450,	4
451,	6
452,	3
453,	3
454,	1
455,	1
456,	1
457,	8
458,	5
459,	3
460,	1
461,	9
462,	3
463,	0
464,	2
465,	3
466,	7
467,	3
468,	0
469,	7
470,	5
471,	0
472,	0
473,	5
474,	10
475,	4
476,	2
477,	0
478,	5
479,	3
480,	1
481,	0
482,	8
483,	2
484,	4
485,	2
486,	0
487,	4
488,	8
489,	6
490,	0
491,	0
492,	0
493,	2
494,	10
495,	7
496,	4
497,	0
498,	2
499,	1
