Instance: /home/gabriel/Documents/ufrgs/courses/oc/trab/instances/cmb01
Vertices: 500
Colors: 12
NumIterations: 100
Alpha: 0.970000
Is Factible?: false
Conflicts: 61
Solution Value: 126097.226562
Vertex,	Color
0,	6
1,	2
2,	9
3,	7
4,	3
5,	11
6,	6
7,	0
8,	3
9,	3
10,	7
11,	6
12,	10
13,	0
14,	8
15,	1
16,	3
17,	4
18,	8
19,	9
20,	11
21,	10
22,	0
23,	10
24,	3
25,	0
26,	8
27,	3
28,	7
29,	7
30,	6
31,	2
32,	2
33,	11
34,	3
35,	4
36,	5
37,	6
38,	1
39,	0
40,	2
41,	11
42,	10
43,	6
44,	2
45,	2
46,	3
47,	5
48,	2
49,	0
50,	8
51,	5
52,	2
53,	10
54,	5
55,	11
56,	1
57,	0
58,	10
59,	0
60,	10
61,	7
62,	4
63,	7
64,	6
65,	8
66,	0
67,	10
68,	7
69,	9
70,	5
71,	4
72,	10
73,	5
74,	7
75,	5
76,	1
77,	5
78,	10
79,	11
80,	2
81,	8
82,	3
83,	11
84,	4
85,	4
86,	3
87,	9
88,	4
89,	10
90,	0
91,	8
92,	11
93,	11
94,	1
95,	8
96,	7
97,	4
98,	0
99,	2
100,	6
101,	7
102,	3
103,	6
104,	6
105,	9
106,	3
107,	6
108,	6
109,	0
110,	5
111,	4
112,	8
113,	3
114,	8
115,	7
116,	1
117,	1
118,	5
119,	6
120,	6
121,	7
122,	5
123,	4
124,	0
125,	4
126,	8
127,	4
128,	7
129,	5
130,	10
131,	6
132,	3
133,	3
134,	9
135,	7
136,	6
137,	0
138,	10
139,	11
140,	10
141,	8
142,	1
143,	9
144,	9
145,	5
146,	6
147,	11
148,	11
149,	10
150,	3
151,	2
152,	8
153,	4
154,	8
155,	1
156,	0
157,	5
158,	1
159,	2
160,	5
161,	11
162,	3
163,	0
164,	10
165,	0
166,	0
167,	0
168,	0
169,	3
170,	4
171,	11
172,	0
173,	9
174,	4
175,	2
176,	5
177,	5
178,	10
179,	10
180,	2
181,	3
182,	0
183,	9
184,	11
185,	7
186,	7
187,	4
188,	1
189,	4
190,	9
191,	11
192,	3
193,	5
194,	0
195,	11
196,	9
197,	7
198,	9
199,	5
200,	11
201,	2
202,	3
203,	3
204,	10
205,	7
206,	11
207,	1
208,	11
209,	11
210,	6
211,	11
212,	9
213,	2
214,	9
215,	2
216,	7
217,	1
218,	10
219,	4
220,	0
221,	7
222,	5
223,	3
224,	8
225,	10
226,	1
227,	5
228,	3
229,	3
230,	6
231,	6
232,	7
233,	8
234,	4
235,	5
236,	8
237,	7
238,	11
239,	7
240,	4
241,	8
242,	7
243,	9
244,	6
245,	3
246,	4
247,	2
248,	6
249,	4
250,	9
251,	0
252,	6
253,	6
254,	4
255,	2
256,	5
257,	3
258,	5
259,	6
260,	10
261,	0
262,	0
263,	9
264,	7
265,	11
266,	8
267,	6
268,	10
269,	1
270,	1
271,	0
272,	11
273,	7
274,	4
275,	0
276,	11
277,	8
278,	5
279,	4
280,	7
281,	4
282,	10
283,	2
284,	11
285,	2
286,	1
287,	9
288,	11
289,	10
290,	7
291,	2
292,	11
293,	4
294,	7
295,	9
296,	6
297,	3
298,	10
299,	8
300,	8
301,	10
302,	3
303,	5
304,	0
305,	3
306,	4
307,	10
308,	11
309,	5
310,	5
311,	8
312,	6
313,	1
314,	1
315,	10
316,	6
317,	7
318,	3
319,	1
320,	4
321,	10
322,	3
323,	2
324,	7
325,	1
326,	3
327,	5
328,	0
329,	1
330,	7
331,	4
332,	9
333,	10
334,	3
335,	8
336,	6
337,	9
338,	5
339,	1
340,	1
341,	7
342,	8
343,	1
344,	5
345,	4
346,	6
347,	8
348,	2
349,	9
350,	5
351,	5
352,	1
353,	9
354,	5
355,	6
356,	9
357,	6
358,	7
359,	8
360,	4
361,	1
362,	6
363,	5
364,	3
365,	2
366,	11
367,	0
368,	3
369,	0
370,	3
371,	2
372,	11
373,	6
374,	6
375,	8
376,	9
377,	1
378,	4
379,	10
380,	3
381,	5
382,	1
383,	6
384,	1
385,	1
386,	10
387,	5
388,	6
389,	2
390,	4
391,	8
392,	10
393,	2
394,	3
395,	10
396,	9
397,	6
398,	11
399,	9
400,	8
401,	3
402,	0
403,	3
404,	10
405,	11
406,	8
407,	3
408,	10
409,	1
410,	7
411,	10
412,	3
413,	2
414,	9
415,	2
416,	0
417,	5
418,	7
419,	6
420,	8
421,	8
422,	1
423,	9
424,	2
425,	0
426,	4
427,	2
428,	8
429,	5
430,	8
431,	6
432,	7
433,	6
434,	2
435,	11
436,	1
437,	2
438,	2
439,	9
440,	9
441,	9
442,	9
443,	3
444,	3
445,	3
446,	2
447,	1
448,	7
449,	3
450,	0
451,	6
452,	10
453,	0
454,	2
455,	9
456,	2
457,	9
458,	2
459,	5
460,	1
461,	9
462,	3
463,	10
464,	9
465,	7
466,	11
467,	2
468,	7
469,	5
470,	5
471,	2
472,	6
473,	6
474,	2
475,	5
476,	1
477,	1
478,	10
479,	4
480,	0
481,	9
482,	4
483,	8
484,	8
485,	9
486,	3
487,	1
488,	6
489,	3
490,	6
491,	1
492,	2
493,	7
494,	8
495,	2
496,	10
497,	0
498,	1
499,	0
