Instance: /home/gabriel/Documents/ufrgs/courses/oc/trab/instances/cmb01
Vertices: 500
Colors: 12
NumIterations: 10
Alpha: 0.500000
Is Factible?: false
Solution Value: 101847.359375
	Vertex,	Color
0,	9
1,	5
2,	5
3,	11
4,	11
5,	3
6,	2
7,	11
8,	3
9,	6
10,	7
11,	10
12,	6
13,	5
14,	8
15,	10
16,	2
17,	0
18,	7
19,	11
20,	6
21,	0
22,	0
23,	5
24,	1
25,	0
26,	1
27,	10
28,	3
29,	6
30,	11
31,	5
32,	11
33,	8
34,	11
35,	3
36,	4
37,	11
38,	8
39,	3
40,	0
41,	7
42,	1
43,	8
44,	2
45,	11
46,	8
47,	4
48,	9
49,	11
50,	5
51,	6
52,	8
53,	8
54,	8
55,	4
56,	9
57,	8
58,	6
59,	5
60,	2
61,	0
62,	9
63,	8
64,	4
65,	9
66,	3
67,	11
68,	8
69,	8
70,	11
71,	7
72,	4
73,	6
74,	6
75,	8
76,	8
77,	5
78,	9
79,	7
80,	7
81,	9
82,	6
83,	8
84,	5
85,	2
86,	5
87,	1
88,	10
89,	4
90,	9
91,	4
92,	10
93,	7
94,	1
95,	0
96,	8
97,	8
98,	10
99,	2
100,	1
101,	0
102,	2
103,	5
104,	1
105,	9
106,	9
107,	4
108,	0
109,	3
110,	8
111,	10
112,	1
113,	7
114,	8
115,	3
116,	0
117,	4
118,	9
119,	6
120,	2
121,	8
122,	11
123,	7
124,	5
125,	6
126,	7
127,	4
128,	3
129,	7
130,	1
131,	5
132,	7
133,	8
134,	9
135,	8
136,	7
137,	8
138,	3
139,	3
140,	8
141,	2
142,	11
143,	9
144,	1
145,	2
146,	0
147,	0
148,	10
149,	4
150,	0
151,	10
152,	6
153,	0
154,	11
155,	1
156,	6
157,	3
158,	5
159,	8
160,	7
161,	10
162,	4
163,	4
164,	10
165,	6
166,	3
167,	6
168,	10
169,	3
170,	1
171,	5
172,	0
173,	10
174,	0
175,	8
176,	1
177,	0
178,	10
179,	2
180,	1
181,	10
182,	10
183,	8
184,	3
185,	9
186,	6
187,	3
188,	6
189,	3
190,	9
191,	3
192,	11
193,	4
194,	9
195,	5
196,	11
197,	1
198,	1
199,	5
200,	5
201,	7
202,	8
203,	4
204,	4
205,	11
206,	3
207,	3
208,	11
209,	10
210,	4
211,	4
212,	11
213,	9
214,	7
215,	7
216,	10
217,	4
218,	3
219,	9
220,	2
221,	7
222,	4
223,	8
224,	7
225,	1
226,	6
227,	10
228,	6
229,	9
230,	0
231,	6
232,	4
233,	8
234,	4
235,	3
236,	8
237,	9
238,	7
239,	1
240,	2
241,	0
242,	10
243,	10
244,	7
245,	0
246,	4
247,	2
248,	10
249,	0
250,	5
251,	2
252,	4
253,	4
254,	9
255,	0
256,	11
257,	6
258,	5
259,	9
260,	9
261,	3
262,	9
263,	6
264,	9
265,	3
266,	4
267,	5
268,	9
269,	0
270,	5
271,	6
272,	0
273,	11
274,	1
275,	11
276,	11
277,	8
278,	2
279,	1
280,	0
281,	10
282,	7
283,	8
284,	7
285,	1
286,	7
287,	1
288,	4
289,	10
290,	4
291,	10
292,	6
293,	6
294,	10
295,	6
296,	7
297,	0
298,	3
299,	11
300,	10
301,	7
302,	0
303,	1
304,	9
305,	11
306,	9
307,	5
308,	1
309,	5
310,	6
311,	6
312,	2
313,	0
314,	11
315,	5
316,	10
317,	6
318,	8
319,	6
320,	10
321,	1
322,	3
323,	2
324,	0
325,	6
326,	10
327,	8
328,	8
329,	1
330,	1
331,	11
332,	10
333,	9
334,	6
335,	4
336,	3
337,	1
338,	4
339,	10
340,	8
341,	6
342,	10
343,	2
344,	7
345,	8
346,	6
347,	10
348,	2
349,	4
350,	7
351,	6
352,	3
353,	0
354,	3
355,	5
356,	2
357,	5
358,	5
359,	2
360,	1
361,	7
362,	4
363,	5
364,	5
365,	1
366,	0
367,	0
368,	5
369,	4
370,	3
371,	1
372,	11
373,	6
374,	0
375,	10
376,	1
377,	11
378,	1
379,	2
380,	2
381,	10
382,	9
383,	0
384,	4
385,	4
386,	2
387,	4
388,	5
389,	1
390,	2
391,	5
392,	4
393,	5
394,	11
395,	9
396,	0
397,	2
398,	6
399,	2
400,	0
401,	3
402,	3
403,	9
404,	1
405,	7
406,	3
407,	3
408,	11
409,	4
410,	10
411,	9
412,	7
413,	7
414,	4
415,	5
416,	1
417,	5
418,	0
419,	3
420,	3
421,	8
422,	10
423,	11
424,	1
425,	7
426,	9
427,	11
428,	10
429,	7
430,	4
431,	7
432,	5
433,	4
434,	3
435,	10
436,	9
437,	11
438,	9
439,	2
440,	2
441,	0
442,	10
443,	7
444,	11
445,	8
446,	3
447,	6
448,	2
449,	8
450,	9
451,	1
452,	2
453,	11
454,	1
455,	7
456,	1
457,	2
458,	2
459,	4
460,	4
461,	0
462,	4
463,	10
464,	1
465,	4
466,	2
467,	7
468,	11
469,	1
470,	11
471,	6
472,	5
473,	5
474,	8
475,	2
476,	1
477,	3
478,	8
479,	9
480,	2
481,	3
482,	10
483,	1
484,	5
485,	8
486,	0
487,	9
488,	3
489,	9
490,	2
491,	0
492,	7
493,	1
494,	8
495,	5
496,	3
497,	4
498,	2
499,	8
