Instance: /home/gabriel/Documents/ufrgs/courses/oc/trab/instances/cmb01
Vertices: 500
Colors: 12
NumIterations: 10
Alpha: 0.500000
Is Factible?: false
Solution Value: 118834.968750
	Vertex,	Color
0,	9
1,	6
2,	4
3,	10
4,	10
5,	2
6,	3
7,	3
8,	11
9,	2
10,	8
11,	6
12,	6
13,	9
14,	3
15,	3
16,	6
17,	3
18,	11
19,	2
20,	0
21,	4
22,	8
23,	4
24,	5
25,	1
26,	9
27,	6
28,	2
29,	5
30,	10
31,	2
32,	3
33,	8
34,	4
35,	3
36,	4
37,	2
38,	0
39,	7
40,	9
41,	0
42,	2
43,	3
44,	0
45,	8
46,	3
47,	6
48,	9
49,	3
50,	4
51,	4
52,	8
53,	1
54,	5
55,	0
56,	4
57,	2
58,	1
59,	8
60,	10
61,	7
62,	3
63,	8
64,	7
65,	0
66,	2
67,	4
68,	0
69,	4
70,	3
71,	6
72,	10
73,	6
74,	5
75,	7
76,	4
77,	10
78,	3
79,	6
80,	0
81,	6
82,	10
83,	9
84,	10
85,	7
86,	7
87,	5
88,	11
89,	5
90,	6
91,	10
92,	4
93,	9
94,	1
95,	10
96,	8
97,	1
98,	3
99,	4
100,	4
101,	5
102,	4
103,	7
104,	0
105,	3
106,	7
107,	2
108,	7
109,	9
110,	5
111,	0
112,	4
113,	0
114,	2
115,	3
116,	6
117,	2
118,	1
119,	7
120,	8
121,	4
122,	3
123,	2
124,	8
125,	10
126,	1
127,	6
128,	10
129,	1
130,	11
131,	8
132,	4
133,	1
134,	2
135,	10
136,	4
137,	0
138,	5
139,	2
140,	1
141,	11
142,	4
143,	11
144,	1
145,	7
146,	9
147,	5
148,	3
149,	4
150,	8
151,	5
152,	9
153,	0
154,	1
155,	6
156,	9
157,	5
158,	10
159,	8
160,	11
161,	11
162,	11
163,	0
164,	5
165,	9
166,	9
167,	0
168,	5
169,	5
170,	4
171,	6
172,	3
173,	11
174,	5
175,	0
176,	5
177,	8
178,	9
179,	6
180,	8
181,	4
182,	2
183,	6
184,	1
185,	5
186,	9
187,	9
188,	1
189,	7
190,	8
191,	4
192,	8
193,	5
194,	5
195,	0
196,	11
197,	7
198,	11
199,	6
200,	8
201,	1
202,	10
203,	7
204,	11
205,	6
206,	11
207,	3
208,	2
209,	0
210,	11
211,	2
212,	1
213,	1
214,	5
215,	10
216,	9
217,	6
218,	6
219,	10
220,	6
221,	9
222,	11
223,	3
224,	7
225,	1
226,	0
227,	6
228,	2
229,	4
230,	7
231,	5
232,	10
233,	11
234,	2
235,	9
236,	1
237,	4
238,	4
239,	4
240,	2
241,	5
242,	7
243,	1
244,	11
245,	4
246,	8
247,	0
248,	9
249,	6
250,	7
251,	6
252,	9
253,	1
254,	5
255,	10
256,	11
257,	3
258,	10
259,	6
260,	6
261,	10
262,	3
263,	2
264,	11
265,	1
266,	2
267,	8
268,	7
269,	7
270,	1
271,	7
272,	9
273,	4
274,	8
275,	8
276,	1
277,	11
278,	5
279,	5
280,	7
281,	10
282,	8
283,	4
284,	2
285,	11
286,	10
287,	7
288,	10
289,	2
290,	8
291,	4
292,	10
293,	10
294,	8
295,	4
296,	11
297,	8
298,	10
299,	7
300,	5
301,	7
302,	5
303,	9
304,	6
305,	3
306,	10
307,	9
308,	8
309,	2
310,	2
311,	10
312,	2
313,	0
314,	0
315,	4
316,	7
317,	0
318,	2
319,	9
320,	9
321,	6
322,	5
323,	2
324,	1
325,	4
326,	8
327,	9
328,	9
329,	0
330,	1
331,	2
332,	5
333,	11
334,	10
335,	1
336,	10
337,	0
338,	10
339,	0
340,	4
341,	1
342,	9
343,	9
344,	2
345,	7
346,	8
347,	11
348,	1
349,	2
350,	8
351,	1
352,	10
353,	9
354,	3
355,	4
356,	1
357,	10
358,	6
359,	6
360,	8
361,	0
362,	8
363,	3
364,	8
365,	8
366,	0
367,	3
368,	4
369,	3
370,	10
371,	10
372,	11
373,	4
374,	3
375,	7
376,	3
377,	3
378,	11
379,	0
380,	3
381,	5
382,	3
383,	6
384,	10
385,	9
386,	11
387,	1
388,	3
389,	9
390,	2
391,	3
392,	0
393,	2
394,	9
395,	8
396,	8
397,	7
398,	8
399,	9
400,	7
401,	1
402,	6
403,	1
404,	11
405,	2
406,	1
407,	9
408,	4
409,	7
410,	10
411,	11
412,	2
413,	0
414,	9
415,	3
416,	3
417,	11
418,	2
419,	11
420,	10
421,	9
422,	11
423,	9
424,	7
425,	4
426,	0
427,	7
428,	8
429,	3
430,	2
431,	0
432,	2
433,	6
434,	10
435,	9
436,	9
437,	3
438,	3
439,	7
440,	4
441,	0
442,	7
443,	10
444,	7
445,	8
446,	3
447,	0
448,	5
449,	0
450,	0
451,	11
452,	10
453,	8
454,	2
455,	8
456,	5
457,	7
458,	1
459,	9
460,	11
461,	6
462,	0
463,	10
464,	2
465,	11
466,	7
467,	8
468,	11
469,	5
470,	2
471,	6
472,	10
473,	2
474,	6
475,	0
476,	1
477,	4
478,	11
479,	7
480,	6
481,	6
482,	8
483,	3
484,	1
485,	6
486,	2
487,	0
488,	8
489,	4
490,	2
491,	0
492,	1
493,	5
494,	7
495,	10
496,	8
497,	0
498,	0
499,	6
