Instance: /home/gabriel/Documents/ufrgs/courses/oc/trab/instances/cmb02
Vertices: 1000
Colors: 10
NumIterations: 1
Alpha: 0.500000
Is Factible?: false
Conflicts: 201
Solution Value: 764315.812500
Vertex,	Color
0,	0
1,	0
2,	0
3,	0
4,	0
5,	0
6,	1
7,	0
8,	2
9,	1
10,	4
11,	1
12,	0
13,	1
14,	0
15,	0
16,	0
17,	0
18,	1
19,	0
20,	1
21,	0
22,	1
23,	0
24,	1
25,	4
26,	0
27,	0
28,	0
29,	0
30,	0
31,	4
32,	3
33,	0
34,	5
35,	0
36,	0
37,	0
38,	1
39,	0
40,	1
41,	0
42,	1
43,	0
44,	1
45,	0
46,	1
47,	0
48,	1
49,	0
50,	1
51,	1
52,	3
53,	0
54,	1
55,	1
56,	1
57,	1
58,	0
59,	0
60,	1
61,	0
62,	2
63,	2
64,	0
65,	0
66,	0
67,	0
68,	0
69,	1
70,	1
71,	1
72,	4
73,	5
74,	1
75,	1
76,	2
77,	3
78,	0
79,	2
80,	3
81,	2
82,	1
83,	0
84,	1
85,	0
86,	3
87,	1
88,	1
89,	0
90,	0
91,	0
92,	0
93,	3
94,	1
95,	3
96,	4
97,	0
98,	0
99,	1
100,	1
101,	2
102,	1
103,	1
104,	6
105,	0
106,	1
107,	0
108,	0
109,	0
110,	3
111,	0
112,	4
113,	1
114,	3
115,	0
116,	0
117,	0
118,	1
119,	0
120,	2
121,	0
122,	3
123,	1
124,	4
125,	1
126,	0
127,	1
128,	2
129,	0
130,	3
131,	1
132,	0
133,	1
134,	0
135,	0
136,	1
137,	1
138,	1
139,	0
140,	1
141,	0
142,	0
143,	0
144,	4
145,	1
146,	5
147,	3
148,	3
149,	0
150,	2
151,	2
152,	0
153,	2
154,	4
155,	0
156,	2
157,	0
158,	2
159,	0
160,	1
161,	6
162,	1
163,	4
164,	1
165,	2
166,	0
167,	0
168,	0
169,	0
170,	0
171,	0
172,	0
173,	0
174,	1
175,	3
176,	2
177,	1
178,	0
179,	1
180,	1
181,	2
182,	2
183,	0
184,	1
185,	2
186,	0
187,	0
188,	3
189,	0
190,	1
191,	2
192,	2
193,	0
194,	0
195,	0
196,	1
197,	0
198,	0
199,	7
200,	0
201,	0
202,	3
203,	1
204,	0
205,	0
206,	1
207,	1
208,	1
209,	1
210,	2
211,	3
212,	3
213,	3
214,	3
215,	3
216,	2
217,	2
218,	0
219,	2
220,	2
221,	0
222,	0
223,	1
224,	1
225,	0
226,	0
227,	0
228,	0
229,	5
230,	0
231,	0
232,	0
233,	1
234,	0
235,	1
236,	1
237,	0
238,	2
239,	0
240,	2
241,	2
242,	1
243,	1
244,	0
245,	1
246,	0
247,	0
248,	5
249,	0
250,	4
251,	1
252,	0
253,	2
254,	3
255,	1
256,	2
257,	2
258,	1
259,	0
260,	1
261,	3
262,	1
263,	1
264,	2
265,	1
266,	1
267,	1
268,	0
269,	2
270,	1
271,	0
272,	3
273,	0
274,	0
275,	3
276,	1
277,	1
278,	0
279,	0
280,	3
281,	2
282,	1
283,	0
284,	0
285,	0
286,	1
287,	2
288,	4
289,	2
290,	1
291,	1
292,	0
293,	0
294,	0
295,	1
296,	0
297,	5
298,	2
299,	0
300,	0
301,	0
302,	0
303,	0
304,	2
305,	0
306,	6
307,	1
308,	1
309,	0
310,	0
311,	2
312,	2
313,	0
314,	1
315,	0
316,	1
317,	0
318,	0
319,	0
320,	0
321,	0
322,	1
323,	1
324,	0
325,	0
326,	0
327,	1
328,	1
329,	0
330,	5
331,	1
332,	0
333,	0
334,	0
335,	1
336,	0
337,	0
338,	3
339,	0
340,	2
341,	3
342,	0
343,	2
344,	1
345,	0
346,	2
347,	2
348,	1
349,	1
350,	1
351,	0
352,	0
353,	0
354,	3
355,	1
356,	4
357,	0
358,	0
359,	1
360,	1
361,	0
362,	1
363,	3
364,	0
365,	1
366,	0
367,	0
368,	0
369,	2
370,	3
371,	3
372,	2
373,	0
374,	3
375,	0
376,	0
377,	3
378,	3
379,	2
380,	2
381,	0
382,	1
383,	0
384,	0
385,	1
386,	4
387,	3
388,	0
389,	0
390,	3
391,	1
392,	1
393,	1
394,	2
395,	0
396,	0
397,	0
398,	0
399,	0
400,	0
401,	0
402,	0
403,	0
404,	0
405,	4
406,	0
407,	1
408,	1
409,	1
410,	2
411,	0
412,	2
413,	0
414,	1
415,	0
416,	1
417,	3
418,	0
419,	2
420,	0
421,	0
422,	1
423,	0
424,	1
425,	1
426,	0
427,	0
428,	2
429,	1
430,	0
431,	1
432,	1
433,	2
434,	1
435,	1
436,	0
437,	4
438,	2
439,	0
440,	0
441,	0
442,	4
443,	2
444,	2
445,	0
446,	0
447,	0
448,	2
449,	2
450,	0
451,	0
452,	1
453,	2
454,	0
455,	0
456,	1
457,	1
458,	0
459,	6
460,	3
461,	0
462,	0
463,	2
464,	3
465,	0
466,	0
467,	2
468,	0
469,	0
470,	5
471,	2
472,	1
473,	1
474,	2
475,	0
476,	0
477,	0
478,	2
479,	2
480,	3
481,	1
482,	1
483,	0
484,	1
485,	2
486,	1
487,	0
488,	2
489,	1
490,	1
491,	4
492,	0
493,	3
494,	0
495,	0
496,	1
497,	1
498,	4
499,	3
500,	0
501,	1
502,	4
503,	2
504,	5
505,	1
506,	1
507,	1
508,	1
509,	0
510,	1
511,	7
512,	0
513,	2
514,	0
515,	2
516,	5
517,	1
518,	3
519,	4
520,	1
521,	0
522,	2
523,	0
524,	1
525,	2
526,	0
527,	1
528,	0
529,	2
530,	1
531,	0
532,	5
533,	1
534,	2
535,	1
536,	0
537,	0
538,	0
539,	2
540,	3
541,	1
542,	0
543,	1
544,	1
545,	1
546,	0
547,	4
548,	1
549,	0
550,	2
551,	0
552,	1
553,	3
554,	4
555,	1
556,	0
557,	0
558,	3
559,	0
560,	2
561,	0
562,	1
563,	0
564,	4
565,	1
566,	2
567,	2
568,	5
569,	1
570,	0
571,	1
572,	1
573,	2
574,	2
575,	1
576,	3
577,	0
578,	5
579,	0
580,	1
581,	0
582,	3
583,	1
584,	1
585,	1
586,	1
587,	2
588,	1
589,	0
590,	3
591,	2
592,	0
593,	0
594,	2
595,	3
596,	0
597,	0
598,	4
599,	1
600,	3
601,	2
602,	5
603,	2
604,	1
605,	0
606,	3
607,	4
608,	2
609,	5
610,	2
611,	1
612,	0
613,	0
614,	1
615,	2
616,	2
617,	1
618,	1
619,	2
620,	0
621,	3
622,	0
623,	1
624,	1
625,	2
626,	3
627,	1
628,	1
629,	3
630,	0
631,	4
632,	5
633,	2
634,	5
635,	2
636,	1
637,	8
638,	2
639,	0
640,	0
641,	1
642,	0
643,	3
644,	1
645,	4
646,	5
647,	3
648,	1
649,	2
650,	4
651,	1
652,	0
653,	1
654,	3
655,	2
656,	2
657,	2
658,	4
659,	0
660,	1
661,	1
662,	2
663,	2
664,	1
665,	0
666,	0
667,	7
668,	0
669,	0
670,	3
671,	0
672,	1
673,	2
674,	3
675,	1
676,	1
677,	2
678,	3
679,	2
680,	3
681,	3
682,	4
683,	1
684,	1
685,	2
686,	7
687,	2
688,	1
689,	4
690,	3
691,	1
692,	4
693,	0
694,	4
695,	2
696,	4
697,	2
698,	2
699,	4
700,	3
701,	2
702,	2
703,	3
704,	5
705,	6
706,	0
707,	2
708,	3
709,	3
710,	0
711,	2
712,	2
713,	4
714,	0
715,	1
716,	3
717,	2
718,	0
719,	1
720,	0
721,	3
722,	0
723,	2
724,	4
725,	1
726,	3
727,	1
728,	4
729,	1
730,	2
731,	4
732,	1
733,	4
734,	2
735,	0
736,	0
737,	0
738,	2
739,	5
740,	0
741,	0
742,	3
743,	2
744,	5
745,	5
746,	0
747,	2
748,	1
749,	1
750,	5
751,	3
752,	2
753,	4
754,	1
755,	2
756,	5
757,	1
758,	6
759,	3
760,	5
761,	4
762,	4
763,	1
764,	1
765,	2
766,	3
767,	1
768,	3
769,	0
770,	3
771,	0
772,	3
773,	2
774,	2
775,	5
776,	2
777,	2
778,	3
779,	4
780,	3
781,	2
782,	7
783,	6
784,	1
785,	2
786,	0
787,	3
788,	2
789,	3
790,	3
791,	0
792,	5
793,	0
794,	5
795,	3
796,	0
797,	3
798,	1
799,	2
800,	1
801,	6
802,	1
803,	0
804,	6
805,	0
806,	2
807,	1
808,	2
809,	6
810,	2
811,	4
812,	1
813,	4
814,	1
815,	4
816,	3
817,	1
818,	0
819,	0
820,	2
821,	4
822,	0
823,	0
824,	2
825,	5
826,	1
827,	3
828,	0
829,	3
830,	2
831,	1
832,	3
833,	4
834,	0
835,	1
836,	6
837,	0
838,	4
839,	3
840,	2
841,	0
842,	3
843,	2
844,	4
845,	3
846,	1
847,	2
848,	4
849,	6
850,	2
851,	0
852,	1
853,	4
854,	2
855,	5
856,	2
857,	3
858,	1
859,	1
860,	6
861,	4
862,	2
863,	2
864,	2
865,	4
866,	1
867,	2
868,	5
869,	5
870,	3
871,	3
872,	4
873,	3
874,	2
875,	2
876,	3
877,	3
878,	4
879,	4
880,	1
881,	4
882,	4
883,	1
884,	4
885,	3
886,	2
887,	1
888,	2
889,	0
890,	3
891,	3
892,	3
893,	3
894,	2
895,	5
896,	4
897,	3
898,	2
899,	0
900,	1
901,	3
902,	2
903,	1
904,	3
905,	0
906,	4
907,	2
908,	3
909,	5
910,	5
911,	5
912,	0
913,	1
914,	2
915,	5
916,	2
917,	3
918,	3
919,	4
920,	6
921,	3
922,	0
923,	5
924,	5
925,	2
926,	5
927,	0
928,	6
929,	3
930,	5
931,	0
932,	3
933,	0
934,	2
935,	4
936,	5
937,	4
938,	8
939,	3
940,	2
941,	6
942,	3
943,	6
944,	4
945,	1
946,	0
947,	2
948,	4
949,	4
950,	4
951,	3
952,	4
953,	3
954,	2
955,	5
956,	2
957,	0
958,	7
959,	2
960,	4
961,	0
962,	3
963,	3
964,	2
965,	2
966,	1
967,	0
968,	9
969,	2
970,	4
971,	5
972,	1
973,	0
974,	0
975,	4
976,	4
977,	1
978,	2
979,	3
980,	6
981,	7
982,	5
983,	1
984,	1
985,	2
986,	6
987,	4
988,	3
989,	4
990,	3
991,	4
992,	0
993,	4
994,	6
995,	7
996,	8
997,	1
998,	4
999,	2
