Instance: /home/gabriel/Documents/ufrgs/courses/oc/trab/instances/cmb01
Vertices: 500
Colors: 12
NumIterations: 10
Alpha: 0.500000
Is Factible?: false
Solution Value: 101633.070312
	Vertex,	Color
0,	6
1,	1
2,	9
3,	9
4,	7
5,	8
6,	6
7,	4
8,	2
9,	2
10,	11
11,	3
12,	0
13,	7
14,	0
15,	9
16,	3
17,	6
18,	1
19,	3
20,	10
21,	7
22,	11
23,	4
24,	11
25,	1
26,	9
27,	1
28,	2
29,	6
30,	0
31,	7
32,	3
33,	2
34,	9
35,	9
36,	10
37,	4
38,	11
39,	8
40,	11
41,	2
42,	9
43,	1
44,	3
45,	8
46,	3
47,	11
48,	1
49,	1
50,	11
51,	0
52,	11
53,	11
54,	6
55,	8
56,	7
57,	7
58,	6
59,	5
60,	0
61,	4
62,	2
63,	1
64,	4
65,	8
66,	4
67,	8
68,	11
69,	9
70,	2
71,	6
72,	9
73,	6
74,	4
75,	0
76,	3
77,	7
78,	10
79,	8
80,	3
81,	6
82,	1
83,	4
84,	11
85,	8
86,	4
87,	5
88,	1
89,	4
90,	7
91,	2
92,	11
93,	1
94,	2
95,	5
96,	0
97,	9
98,	8
99,	0
100,	0
101,	6
102,	8
103,	9
104,	9
105,	11
106,	0
107,	2
108,	10
109,	10
110,	7
111,	11
112,	0
113,	3
114,	11
115,	8
116,	3
117,	3
118,	0
119,	8
120,	11
121,	11
122,	2
123,	1
124,	9
125,	0
126,	2
127,	11
128,	7
129,	1
130,	6
131,	8
132,	6
133,	6
134,	3
135,	11
136,	11
137,	3
138,	5
139,	8
140,	5
141,	0
142,	8
143,	3
144,	6
145,	4
146,	9
147,	6
148,	7
149,	9
150,	5
151,	5
152,	7
153,	9
154,	1
155,	5
156,	3
157,	2
158,	10
159,	10
160,	7
161,	1
162,	10
163,	7
164,	3
165,	9
166,	11
167,	6
168,	7
169,	2
170,	8
171,	2
172,	10
173,	4
174,	10
175,	7
176,	4
177,	1
178,	1
179,	5
180,	10
181,	5
182,	9
183,	9
184,	2
185,	4
186,	0
187,	3
188,	9
189,	8
190,	9
191,	9
192,	10
193,	8
194,	3
195,	6
196,	6
197,	8
198,	4
199,	4
200,	8
201,	4
202,	2
203,	0
204,	7
205,	0
206,	4
207,	3
208,	11
209,	4
210,	1
211,	10
212,	4
213,	7
214,	0
215,	5
216,	8
217,	5
218,	8
219,	1
220,	9
221,	8
222,	5
223,	11
224,	5
225,	2
226,	0
227,	3
228,	4
229,	0
230,	7
231,	10
232,	4
233,	5
234,	4
235,	6
236,	5
237,	10
238,	8
239,	0
240,	5
241,	11
242,	1
243,	4
244,	5
245,	6
246,	10
247,	5
248,	2
249,	5
250,	5
251,	0
252,	6
253,	6
254,	2
255,	5
256,	7
257,	11
258,	1
259,	5
260,	5
261,	5
262,	9
263,	7
264,	1
265,	1
266,	0
267,	4
268,	3
269,	9
270,	7
271,	4
272,	10
273,	2
274,	4
275,	4
276,	3
277,	5
278,	2
279,	2
280,	5
281,	5
282,	0
283,	10
284,	6
285,	2
286,	4
287,	2
288,	8
289,	6
290,	4
291,	11
292,	5
293,	11
294,	10
295,	7
296,	6
297,	11
298,	2
299,	1
300,	10
301,	9
302,	4
303,	7
304,	11
305,	10
306,	3
307,	6
308,	10
309,	0
310,	4
311,	5
312,	10
313,	5
314,	6
315,	4
316,	11
317,	9
318,	1
319,	6
320,	0
321,	3
322,	7
323,	9
324,	11
325,	9
326,	4
327,	3
328,	1
329,	0
330,	1
331,	1
332,	6
333,	5
334,	6
335,	7
336,	0
337,	10
338,	5
339,	10
340,	8
341,	10
342,	5
343,	2
344,	7
345,	11
346,	11
347,	10
348,	3
349,	6
350,	2
351,	0
352,	10
353,	7
354,	2
355,	3
356,	3
357,	5
358,	6
359,	9
360,	10
361,	1
362,	2
363,	7
364,	4
365,	0
366,	9
367,	8
368,	3
369,	3
370,	8
371,	3
372,	8
373,	2
374,	0
375,	5
376,	9
377,	1
378,	9
379,	7
380,	7
381,	3
382,	4
383,	2
384,	8
385,	2
386,	1
387,	10
388,	6
389,	9
390,	8
391,	9
392,	0
393,	7
394,	8
395,	11
396,	11
397,	8
398,	5
399,	5
400,	1
401,	7
402,	9
403,	4
404,	7
405,	3
406,	8
407,	1
408,	11
409,	7
410,	0
411,	2
412,	3
413,	2
414,	11
415,	1
416,	4
417,	4
418,	10
419,	10
420,	4
421,	11
422,	4
423,	0
424,	6
425,	1
426,	10
427,	3
428,	4
429,	2
430,	9
431,	6
432,	6
433,	0
434,	0
435,	6
436,	0
437,	0
438,	3
439,	9
440,	6
441,	2
442,	8
443,	8
444,	11
445,	11
446,	1
447,	3
448,	5
449,	2
450,	1
451,	10
452,	10
453,	4
454,	1
455,	7
456,	11
457,	7
458,	2
459,	3
460,	5
461,	10
462,	6
463,	5
464,	5
465,	2
466,	10
467,	11
468,	7
469,	9
470,	8
471,	0
472,	1
473,	0
474,	4
475,	3
476,	11
477,	5
478,	3
479,	0
480,	7
481,	0
482,	8
483,	3
484,	6
485,	10
486,	8
487,	8
488,	5
489,	2
490,	6
491,	9
492,	0
493,	7
494,	2
495,	5
496,	8
497,	4
498,	2
499,	1
