Instance: /home/gabriel/Documents/ufrgs/courses/oc/trab/instances/cmb02
Vertices: 1000
Colors: 10
NumIterations: 1
Alpha: 0.500000
Is Factible?: false
Conflicts: 202
Solution Value: 763085.812500
Vertex,	Color
0,	2
1,	0
2,	4
3,	2
4,	2
5,	3
6,	0
7,	6
8,	2
9,	1
10,	2
11,	1
12,	0
13,	0
14,	2
15,	0
16,	0
17,	0
18,	1
19,	0
20,	1
21,	0
22,	2
23,	0
24,	3
25,	0
26,	2
27,	1
28,	0
29,	0
30,	1
31,	4
32,	1
33,	0
34,	3
35,	2
36,	0
37,	0
38,	1
39,	0
40,	1
41,	3
42,	1
43,	0
44,	5
45,	1
46,	1
47,	0
48,	0
49,	2
50,	0
51,	1
52,	0
53,	0
54,	3
55,	0
56,	1
57,	1
58,	2
59,	3
60,	0
61,	2
62,	1
63,	0
64,	0
65,	0
66,	1
67,	0
68,	1
69,	1
70,	0
71,	1
72,	3
73,	4
74,	1
75,	0
76,	0
77,	1
78,	0
79,	3
80,	5
81,	3
82,	1
83,	1
84,	1
85,	3
86,	1
87,	2
88,	1
89,	0
90,	0
91,	0
92,	1
93,	1
94,	1
95,	0
96,	2
97,	1
98,	0
99,	1
100,	1
101,	1
102,	0
103,	1
104,	0
105,	1
106,	0
107,	3
108,	0
109,	0
110,	0
111,	2
112,	5
113,	1
114,	0
115,	0
116,	0
117,	2
118,	1
119,	1
120,	0
121,	0
122,	0
123,	2
124,	3
125,	0
126,	1
127,	0
128,	0
129,	0
130,	4
131,	0
132,	1
133,	0
134,	0
135,	0
136,	1
137,	1
138,	4
139,	1
140,	0
141,	0
142,	2
143,	0
144,	4
145,	0
146,	4
147,	2
148,	4
149,	2
150,	2
151,	0
152,	2
153,	4
154,	0
155,	0
156,	2
157,	1
158,	1
159,	0
160,	2
161,	0
162,	0
163,	3
164,	0
165,	5
166,	0
167,	0
168,	0
169,	0
170,	0
171,	1
172,	0
173,	5
174,	0
175,	2
176,	0
177,	1
178,	1
179,	0
180,	1
181,	0
182,	0
183,	0
184,	0
185,	2
186,	1
187,	2
188,	1
189,	0
190,	1
191,	2
192,	0
193,	0
194,	0
195,	0
196,	0
197,	1
198,	1
199,	1
200,	1
201,	0
202,	0
203,	0
204,	0
205,	3
206,	2
207,	0
208,	0
209,	4
210,	3
211,	0
212,	3
213,	8
214,	0
215,	4
216,	2
217,	2
218,	0
219,	0
220,	0
221,	1
222,	0
223,	0
224,	0
225,	2
226,	2
227,	0
228,	0
229,	2
230,	0
231,	0
232,	0
233,	0
234,	1
235,	1
236,	0
237,	1
238,	6
239,	0
240,	0
241,	0
242,	0
243,	3
244,	0
245,	1
246,	0
247,	0
248,	4
249,	0
250,	4
251,	4
252,	0
253,	2
254,	4
255,	0
256,	2
257,	0
258,	3
259,	3
260,	1
261,	2
262,	1
263,	0
264,	2
265,	2
266,	1
267,	0
268,	4
269,	3
270,	5
271,	0
272,	0
273,	1
274,	0
275,	3
276,	0
277,	1
278,	1
279,	1
280,	0
281,	3
282,	1
283,	0
284,	2
285,	0
286,	2
287,	0
288,	2
289,	0
290,	1
291,	1
292,	2
293,	0
294,	0
295,	3
296,	2
297,	0
298,	3
299,	0
300,	3
301,	3
302,	0
303,	2
304,	1
305,	0
306,	3
307,	6
308,	0
309,	3
310,	0
311,	3
312,	0
313,	3
314,	0
315,	1
316,	3
317,	0
318,	0
319,	3
320,	3
321,	0
322,	0
323,	1
324,	1
325,	0
326,	4
327,	1
328,	1
329,	2
330,	0
331,	0
332,	0
333,	2
334,	0
335,	3
336,	0
337,	2
338,	5
339,	0
340,	0
341,	5
342,	0
343,	0
344,	1
345,	2
346,	1
347,	2
348,	0
349,	0
350,	1
351,	0
352,	0
353,	2
354,	1
355,	3
356,	1
357,	0
358,	1
359,	1
360,	2
361,	0
362,	2
363,	1
364,	1
365,	0
366,	0
367,	1
368,	0
369,	4
370,	2
371,	3
372,	2
373,	1
374,	3
375,	1
376,	0
377,	0
378,	3
379,	1
380,	2
381,	1
382,	0
383,	0
384,	2
385,	0
386,	3
387,	1
388,	0
389,	0
390,	1
391,	0
392,	0
393,	1
394,	1
395,	0
396,	1
397,	1
398,	0
399,	2
400,	0
401,	1
402,	2
403,	0
404,	0
405,	0
406,	1
407,	0
408,	1
409,	0
410,	3
411,	2
412,	0
413,	1
414,	0
415,	0
416,	0
417,	0
418,	0
419,	4
420,	0
421,	0
422,	1
423,	1
424,	1
425,	1
426,	0
427,	0
428,	2
429,	1
430,	1
431,	0
432,	1
433,	0
434,	1
435,	1
436,	0
437,	4
438,	1
439,	4
440,	0
441,	1
442,	1
443,	0
444,	1
445,	0
446,	1
447,	4
448,	1
449,	1
450,	0
451,	2
452,	2
453,	0
454,	2
455,	0
456,	0
457,	1
458,	1
459,	3
460,	5
461,	1
462,	1
463,	0
464,	3
465,	0
466,	0
467,	0
468,	0
469,	3
470,	0
471,	1
472,	0
473,	0
474,	2
475,	0
476,	1
477,	0
478,	5
479,	0
480,	0
481,	0
482,	0
483,	4
484,	2
485,	0
486,	1
487,	0
488,	0
489,	3
490,	3
491,	3
492,	0
493,	0
494,	0
495,	0
496,	6
497,	0
498,	2
499,	0
500,	2
501,	1
502,	1
503,	2
504,	4
505,	1
506,	4
507,	1
508,	1
509,	0
510,	1
511,	7
512,	0
513,	1
514,	1
515,	1
516,	1
517,	2
518,	2
519,	1
520,	0
521,	0
522,	2
523,	2
524,	1
525,	0
526,	2
527,	1
528,	0
529,	1
530,	1
531,	0
532,	2
533,	1
534,	0
535,	2
536,	1
537,	0
538,	4
539,	2
540,	0
541,	0
542,	1
543,	2
544,	0
545,	1
546,	0
547,	5
548,	1
549,	0
550,	2
551,	0
552,	1
553,	0
554,	1
555,	2
556,	0
557,	1
558,	2
559,	1
560,	2
561,	1
562,	1
563,	2
564,	3
565,	2
566,	4
567,	0
568,	3
569,	2
570,	0
571,	1
572,	0
573,	1
574,	4
575,	0
576,	2
577,	0
578,	6
579,	1
580,	1
581,	1
582,	3
583,	0
584,	1
585,	1
586,	1
587,	3
588,	1
589,	1
590,	0
591,	2
592,	0
593,	0
594,	1
595,	2
596,	1
597,	1
598,	3
599,	2
600,	5
601,	0
602,	4
603,	0
604,	0
605,	0
606,	0
607,	1
608,	2
609,	2
610,	2
611,	1
612,	0
613,	0
614,	5
615,	1
616,	3
617,	2
618,	1
619,	2
620,	6
621,	2
622,	1
623,	0
624,	1
625,	2
626,	2
627,	2
628,	2
629,	1
630,	0
631,	5
632,	1
633,	6
634,	3
635,	0
636,	0
637,	5
638,	4
639,	0
640,	0
641,	0
642,	0
643,	2
644,	3
645,	5
646,	2
647,	5
648,	0
649,	0
650,	2
651,	2
652,	1
653,	0
654,	2
655,	2
656,	0
657,	2
658,	4
659,	3
660,	1
661,	2
662,	3
663,	0
664,	2
665,	2
666,	0
667,	3
668,	4
669,	0
670,	3
671,	0
672,	1
673,	1
674,	1
675,	1
676,	2
677,	1
678,	2
679,	4
680,	1
681,	3
682,	5
683,	1
684,	3
685,	4
686,	2
687,	5
688,	3
689,	3
690,	4
691,	2
692,	3
693,	0
694,	5
695,	1
696,	4
697,	1
698,	4
699,	4
700,	3
701,	1
702,	3
703,	1
704,	2
705,	6
706,	0
707,	2
708,	3
709,	3
710,	0
711,	5
712,	3
713,	3
714,	2
715,	2
716,	4
717,	2
718,	2
719,	3
720,	1
721,	2
722,	1
723,	2
724,	3
725,	1
726,	3
727,	2
728,	4
729,	0
730,	3
731,	3
732,	0
733,	3
734,	2
735,	1
736,	3
737,	0
738,	4
739,	6
740,	0
741,	0
742,	3
743,	3
744,	5
745,	2
746,	0
747,	1
748,	0
749,	1
750,	7
751,	3
752,	5
753,	3
754,	1
755,	3
756,	2
757,	1
758,	4
759,	2
760,	2
761,	5
762,	0
763,	0
764,	1
765,	4
766,	2
767,	4
768,	2
769,	0
770,	0
771,	0
772,	4
773,	1
774,	3
775,	5
776,	3
777,	4
778,	3
779,	2
780,	2
781,	0
782,	7
783,	4
784,	1
785,	2
786,	0
787,	2
788,	2
789,	5
790,	3
791,	2
792,	3
793,	0
794,	4
795,	4
796,	1
797,	3
798,	0
799,	5
800,	3
801,	2
802,	1
803,	2
804,	7
805,	6
806,	1
807,	1
808,	1
809,	6
810,	2
811,	3
812,	1
813,	4
814,	2
815,	3
816,	2
817,	1
818,	0
819,	0
820,	2
821,	3
822,	1
823,	0
824,	3
825,	6
826,	1
827,	2
828,	0
829,	3
830,	2
831,	1
832,	3
833,	4
834,	0
835,	0
836,	4
837,	1
838,	3
839,	1
840,	1
841,	0
842,	5
843,	3
844,	4
845,	2
846,	1
847,	1
848,	2
849,	6
850,	1
851,	5
852,	2
853,	5
854,	5
855,	4
856,	0
857,	2
858,	4
859,	2
860,	5
861,	6
862,	1
863,	2
864,	3
865,	3
866,	0
867,	2
868,	2
869,	1
870,	4
871,	4
872,	4
873,	1
874,	8
875,	3
876,	4
877,	2
878,	3
879,	6
880,	4
881,	1
882,	3
883,	1
884,	3
885,	3
886,	2
887,	1
888,	4
889,	0
890,	3
891,	2
892,	3
893,	3
894,	2
895,	4
896,	5
897,	3
898,	0
899,	1
900,	1
901,	0
902,	2
903,	1
904,	3
905,	0
906,	7
907,	2
908,	2
909,	4
910,	5
911,	5
912,	0
913,	0
914,	3
915,	5
916,	3
917,	5
918,	3
919,	5
920,	4
921,	2
922,	0
923,	5
924,	5
925,	2
926,	4
927,	0
928,	5
929,	3
930,	5
931,	0
932,	2
933,	1
934,	3
935,	3
936,	4
937,	4
938,	8
939,	2
940,	2
941,	4
942,	3
943,	7
944,	4
945,	1
946,	4
947,	3
948,	4
949,	4
950,	3
951,	3
952,	4
953,	3
954,	2
955,	6
956,	2
957,	1
958,	6
959,	1
960,	5
961,	2
962,	1
963,	5
964,	4
965,	1
966,	1
967,	3
968,	9
969,	5
970,	5
971,	5
972,	4
973,	1
974,	0
975,	4
976,	2
977,	2
978,	2
979,	3
980,	6
981,	5
982,	4
983,	1
984,	6
985,	1
986,	1
987,	3
988,	4
989,	5
990,	1
991,	4
992,	0
993,	4
994,	6
995,	7
996,	8
997,	3
998,	2
999,	4
