Instance: /home/gabriel/Documents/ufrgs/courses/oc/trab/instances/cmb01
Vertices: 500
Colors: 12
NumIterations: 100
Alpha: 0.970000
Is Factible?: false
Conflicts: 46
Solution Value: 120718.070312
Vertex,	Color
0,	1
1,	0
2,	0
3,	7
4,	11
5,	3
6,	4
7,	1
8,	6
9,	1
10,	5
11,	9
12,	7
13,	1
14,	7
15,	6
16,	7
17,	2
18,	1
19,	11
20,	3
21,	2
22,	3
23,	7
24,	2
25,	3
26,	6
27,	0
28,	4
29,	4
30,	10
31,	0
32,	8
33,	9
34,	0
35,	4
36,	10
37,	10
38,	1
39,	3
40,	2
41,	1
42,	4
43,	2
44,	5
45,	9
46,	9
47,	3
48,	2
49,	7
50,	2
51,	4
52,	6
53,	5
54,	10
55,	5
56,	2
57,	2
58,	7
59,	9
60,	6
61,	1
62,	11
63,	11
64,	6
65,	9
66,	1
67,	8
68,	6
69,	9
70,	5
71,	2
72,	9
73,	9
74,	7
75,	7
76,	5
77,	8
78,	0
79,	3
80,	2
81,	3
82,	2
83,	6
84,	10
85,	10
86,	7
87,	1
88,	8
89,	7
90,	9
91,	0
92,	0
93,	11
94,	1
95,	3
96,	7
97,	11
98,	8
99,	10
100,	9
101,	5
102,	1
103,	3
104,	10
105,	0
106,	4
107,	6
108,	3
109,	8
110,	1
111,	0
112,	8
113,	0
114,	0
115,	4
116,	9
117,	6
118,	6
119,	11
120,	5
121,	10
122,	11
123,	0
124,	6
125,	1
126,	8
127,	3
128,	10
129,	5
130,	9
131,	5
132,	9
133,	11
134,	1
135,	6
136,	2
137,	4
138,	5
139,	10
140,	9
141,	1
142,	3
143,	2
144,	0
145,	10
146,	8
147,	1
148,	0
149,	3
150,	11
151,	4
152,	9
153,	5
154,	7
155,	6
156,	0
157,	3
158,	2
159,	9
160,	0
161,	5
162,	9
163,	9
164,	3
165,	6
166,	9
167,	6
168,	5
169,	4
170,	6
171,	10
172,	8
173,	9
174,	7
175,	11
176,	8
177,	11
178,	11
179,	1
180,	4
181,	6
182,	9
183,	4
184,	11
185,	3
186,	8
187,	5
188,	3
189,	3
190,	9
191,	3
192,	5
193,	2
194,	7
195,	3
196,	1
197,	4
198,	8
199,	0
200,	11
201,	6
202,	2
203,	10
204,	4
205,	2
206,	5
207,	8
208,	11
209,	5
210,	4
211,	2
212,	2
213,	3
214,	3
215,	8
216,	10
217,	4
218,	8
219,	2
220,	4
221,	0
222,	9
223,	10
224,	0
225,	10
226,	0
227,	9
228,	9
229,	5
230,	6
231,	9
232,	6
233,	4
234,	3
235,	7
236,	1
237,	2
238,	0
239,	6
240,	1
241,	3
242,	6
243,	10
244,	2
245,	6
246,	2
247,	6
248,	8
249,	8
250,	8
251,	5
252,	8
253,	1
254,	5
255,	6
256,	4
257,	8
258,	5
259,	8
260,	0
261,	6
262,	5
263,	6
264,	6
265,	4
266,	1
267,	11
268,	11
269,	9
270,	7
271,	11
272,	1
273,	5
274,	8
275,	5
276,	10
277,	7
278,	6
279,	11
280,	7
281,	0
282,	0
283,	8
284,	1
285,	1
286,	11
287,	4
288,	4
289,	7
290,	5
291,	7
292,	1
293,	2
294,	1
295,	2
296,	9
297,	5
298,	11
299,	5
300,	3
301,	0
302,	7
303,	6
304,	6
305,	0
306,	7
307,	2
308,	2
309,	4
310,	7
311,	9
312,	5
313,	11
314,	6
315,	7
316,	11
317,	0
318,	9
319,	0
320,	9
321,	5
322,	11
323,	1
324,	2
325,	5
326,	6
327,	4
328,	9
329,	4
330,	7
331,	0
332,	0
333,	10
334,	1
335,	7
336,	1
337,	4
338,	11
339,	2
340,	6
341,	11
342,	10
343,	6
344,	7
345,	4
346,	0
347,	7
348,	2
349,	2
350,	1
351,	3
352,	2
353,	5
354,	3
355,	6
356,	6
357,	2
358,	5
359,	0
360,	7
361,	11
362,	6
363,	2
364,	4
365,	8
366,	5
367,	11
368,	9
369,	7
370,	11
371,	1
372,	0
373,	7
374,	5
375,	3
376,	11
377,	5
378,	0
379,	10
380,	3
381,	8
382,	10
383,	7
384,	2
385,	2
386,	9
387,	8
388,	10
389,	10
390,	7
391,	3
392,	11
393,	1
394,	8
395,	7
396,	4
397,	0
398,	4
399,	1
400,	7
401,	7
402,	3
403,	7
404,	11
405,	4
406,	3
407,	3
408,	10
409,	5
410,	7
411,	0
412,	3
413,	2
414,	1
415,	2
416,	4
417,	7
418,	8
419,	8
420,	10
421,	1
422,	4
423,	10
424,	2
425,	10
426,	2
427,	2
428,	6
429,	1
430,	4
431,	0
432,	5
433,	8
434,	8
435,	1
436,	4
437,	9
438,	6
439,	2
440,	4
441,	5
442,	0
443,	11
444,	4
445,	0
446,	9
447,	6
448,	3
449,	8
450,	0
451,	11
452,	10
453,	3
454,	11
455,	10
456,	10
457,	8
458,	10
459,	4
460,	0
461,	3
462,	5
463,	0
464,	0
465,	7
466,	5
467,	11
468,	3
469,	0
470,	6
471,	8
472,	7
473,	2
474,	2
475,	2
476,	10
477,	2
478,	4
479,	0
480,	8
481,	1
482,	10
483,	4
484,	9
485,	6
486,	11
487,	4
488,	5
489,	1
490,	3
491,	10
492,	4
493,	3
494,	5
495,	8
496,	1
497,	0
498,	1
499,	4
