Instance: /home/gabriel/Documents/ufrgs/courses/oc/trab/instances/cmb01
Vertices: 500
Colors: 12
NumIterations: 10
Alpha: 0.500000
Is Factible?: false
Solution Value: 101688.476562
	Vertex,	Color
0,	1
1,	11
2,	4
3,	10
4,	1
5,	7
6,	4
7,	10
8,	2
9,	2
10,	3
11,	6
12,	11
13,	10
14,	0
15,	7
16,	1
17,	4
18,	6
19,	3
20,	4
21,	2
22,	1
23,	0
24,	2
25,	8
26,	6
27,	5
28,	1
29,	4
30,	5
31,	6
32,	3
33,	4
34,	11
35,	8
36,	8
37,	7
38,	7
39,	2
40,	9
41,	9
42,	9
43,	3
44,	1
45,	9
46,	5
47,	10
48,	8
49,	7
50,	7
51,	0
52,	4
53,	2
54,	10
55,	1
56,	11
57,	4
58,	2
59,	6
60,	1
61,	0
62,	6
63,	4
64,	11
65,	3
66,	2
67,	9
68,	5
69,	10
70,	9
71,	7
72,	11
73,	2
74,	6
75,	2
76,	11
77,	0
78,	9
79,	10
80,	10
81,	0
82,	3
83,	6
84,	7
85,	0
86,	7
87,	11
88,	7
89,	9
90,	7
91,	0
92,	1
93,	5
94,	2
95,	10
96,	4
97,	8
98,	8
99,	5
100,	3
101,	1
102,	10
103,	11
104,	7
105,	5
106,	9
107,	7
108,	7
109,	11
110,	5
111,	4
112,	0
113,	8
114,	7
115,	3
116,	9
117,	7
118,	6
119,	11
120,	2
121,	6
122,	8
123,	0
124,	5
125,	11
126,	1
127,	5
128,	6
129,	3
130,	2
131,	11
132,	9
133,	1
134,	1
135,	8
136,	8
137,	6
138,	7
139,	0
140,	9
141,	1
142,	7
143,	6
144,	8
145,	4
146,	3
147,	1
148,	6
149,	2
150,	5
151,	4
152,	10
153,	9
154,	7
155,	11
156,	0
157,	2
158,	3
159,	10
160,	10
161,	10
162,	0
163,	0
164,	3
165,	11
166,	6
167,	7
168,	6
169,	1
170,	5
171,	1
172,	6
173,	0
174,	0
175,	0
176,	3
177,	4
178,	9
179,	3
180,	9
181,	9
182,	7
183,	10
184,	3
185,	0
186,	4
187,	2
188,	11
189,	10
190,	5
191,	3
192,	9
193,	1
194,	8
195,	9
196,	6
197,	2
198,	4
199,	2
200,	9
201,	8
202,	4
203,	8
204,	2
205,	0
206,	3
207,	0
208,	1
209,	0
210,	8
211,	11
212,	9
213,	3
214,	3
215,	11
216,	5
217,	10
218,	9
219,	6
220,	8
221,	0
222,	2
223,	4
224,	5
225,	10
226,	10
227,	1
228,	3
229,	2
230,	2
231,	11
232,	7
233,	7
234,	0
235,	2
236,	2
237,	8
238,	8
239,	8
240,	9
241,	1
242,	6
243,	3
244,	2
245,	9
246,	7
247,	0
248,	8
249,	11
250,	2
251,	2
252,	6
253,	9
254,	7
255,	4
256,	5
257,	10
258,	11
259,	6
260,	9
261,	3
262,	3
263,	1
264,	10
265,	6
266,	6
267,	7
268,	2
269,	1
270,	9
271,	9
272,	8
273,	5
274,	2
275,	1
276,	1
277,	3
278,	5
279,	7
280,	1
281,	4
282,	6
283,	2
284,	0
285,	6
286,	2
287,	0
288,	9
289,	8
290,	5
291,	5
292,	9
293,	3
294,	8
295,	3
296,	1
297,	5
298,	0
299,	2
300,	5
301,	11
302,	5
303,	5
304,	6
305,	5
306,	8
307,	11
308,	2
309,	5
310,	9
311,	11
312,	8
313,	11
314,	7
315,	2
316,	9
317,	4
318,	7
319,	7
320,	10
321,	10
322,	4
323,	10
324,	7
325,	4
326,	3
327,	3
328,	3
329,	0
330,	0
331,	4
332,	1
333,	11
334,	6
335,	0
336,	6
337,	1
338,	6
339,	9
340,	5
341,	11
342,	5
343,	10
344,	5
345,	9
346,	3
347,	4
348,	4
349,	11
350,	3
351,	0
352,	10
353,	10
354,	4
355,	3
356,	11
357,	4
358,	1
359,	4
360,	2
361,	4
362,	0
363,	9
364,	0
365,	5
366,	9
367,	3
368,	7
369,	2
370,	9
371,	11
372,	8
373,	6
374,	5
375,	7
376,	2
377,	4
378,	7
379,	2
380,	9
381,	6
382,	8
383,	0
384,	8
385,	7
386,	1
387,	3
388,	7
389,	5
390,	9
391,	6
392,	1
393,	9
394,	0
395,	6
396,	4
397,	8
398,	11
399,	6
400,	6
401,	8
402,	2
403,	0
404,	10
405,	2
406,	1
407,	5
408,	5
409,	9
410,	8
411,	4
412,	6
413,	8
414,	7
415,	6
416,	2
417,	7
418,	10
419,	10
420,	6
421,	0
422,	3
423,	7
424,	1
425,	6
426,	2
427,	4
428,	11
429,	3
430,	2
431,	8
432,	2
433,	11
434,	6
435,	7
436,	8
437,	5
438,	7
439,	10
440,	3
441,	9
442,	1
443,	10
444,	10
445,	2
446,	0
447,	5
448,	11
449,	7
450,	11
451,	8
452,	7
453,	0
454,	1
455,	11
456,	1
457,	8
458,	8
459,	10
460,	3
461,	0
462,	11
463,	4
464,	0
465,	7
466,	8
467,	1
468,	0
469,	3
470,	5
471,	1
472,	10
473,	4
474,	2
475,	1
476,	4
477,	9
478,	9
479,	11
480,	0
481,	2
482,	8
483,	10
484,	3
485,	7
486,	8
487,	11
488,	2
489,	4
490,	5
491,	5
492,	1
493,	11
494,	0
495,	10
496,	0
497,	1
498,	3
499,	4
