Instance: /home/gabriel/Documents/ufrgs/courses/oc/trab/instances/cmb02
Vertices: 1000
Colors: 10
NumIterations: 1215752192
Alpha: 0.850000
Is Factible?: true
Conflicts: 0
Solution Value: 526837.875000
Vertex,	Color
0,	3
1,	0
2,	0
3,	2
4,	4
5,	4
6,	0
7,	0
8,	0
9,	3
10,	0
11,	0
12,	0
13,	2
14,	0
15,	0
16,	1
17,	0
18,	3
19,	1
20,	0
21,	0
22,	0
23,	0
24,	1
25,	0
26,	1
27,	1
28,	0
29,	1
30,	2
31,	2
32,	0
33,	0
34,	0
35,	1
36,	0
37,	1
38,	0
39,	1
40,	1
41,	0
42,	2
43,	1
44,	2
45,	0
46,	2
47,	0
48,	1
49,	0
50,	0
51,	1
52,	2
53,	2
54,	2
55,	1
56,	0
57,	0
58,	1
59,	1
60,	1
61,	0
62,	1
63,	1
64,	0
65,	1
66,	1
67,	0
68,	0
69,	0
70,	0
71,	1
72,	1
73,	0
74,	0
75,	0
76,	2
77,	1
78,	0
79,	1
80,	0
81,	1
82,	2
83,	1
84,	2
85,	1
86,	0
87,	3
88,	1
89,	0
90,	0
91,	1
92,	0
93,	0
94,	2
95,	1
96,	3
97,	0
98,	1
99,	1
100,	2
101,	0
102,	0
103,	3
104,	2
105,	1
106,	0
107,	0
108,	2
109,	0
110,	0
111,	2
112,	0
113,	0
114,	1
115,	4
116,	0
117,	2
118,	0
119,	1
120,	1
121,	1
122,	0
123,	2
124,	0
125,	0
126,	1
127,	2
128,	0
129,	0
130,	1
131,	0
132,	0
133,	1
134,	1
135,	0
136,	0
137,	2
138,	3
139,	0
140,	0
141,	1
142,	1
143,	2
144,	1
145,	0
146,	4
147,	2
148,	1
149,	0
150,	1
151,	2
152,	2
153,	1
154,	1
155,	4
156,	3
157,	0
158,	2
159,	0
160,	1
161,	3
162,	2
163,	1
164,	3
165,	0
166,	3
167,	1
168,	0
169,	1
170,	0
171,	4
172,	2
173,	3
174,	1
175,	1
176,	2
177,	1
178,	0
179,	3
180,	1
181,	0
182,	0
183,	1
184,	0
185,	0
186,	0
187,	1
188,	0
189,	2
190,	0
191,	2
192,	2
193,	2
194,	0
195,	2
196,	2
197,	2
198,	0
199,	0
200,	1
201,	0
202,	1
203,	0
204,	0
205,	1
206,	0
207,	0
208,	0
209,	0
210,	0
211,	1
212,	0
213,	1
214,	2
215,	2
216,	0
217,	3
218,	0
219,	1
220,	2
221,	1
222,	1
223,	1
224,	0
225,	0
226,	1
227,	0
228,	0
229,	2
230,	0
231,	0
232,	0
233,	1
234,	3
235,	2
236,	4
237,	0
238,	3
239,	0
240,	0
241,	0
242,	2
243,	2
244,	0
245,	1
246,	0
247,	0
248,	0
249,	1
250,	1
251,	1
252,	2
253,	3
254,	1
255,	0
256,	2
257,	3
258,	2
259,	2
260,	3
261,	5
262,	2
263,	7
264,	2
265,	1
266,	0
267,	1
268,	2
269,	3
270,	0
271,	0
272,	2
273,	0
274,	0
275,	0
276,	4
277,	1
278,	2
279,	3
280,	3
281,	2
282,	1
283,	0
284,	0
285,	0
286,	1
287,	2
288,	0
289,	4
290,	1
291,	2
292,	0
293,	0
294,	2
295,	0
296,	1
297,	5
298,	1
299,	1
300,	4
301,	2
302,	0
303,	2
304,	1
305,	0
306,	7
307,	1
308,	0
309,	1
310,	1
311,	3
312,	0
313,	0
314,	1
315,	3
316,	0
317,	0
318,	0
319,	1
320,	1
321,	1
322,	2
323,	0
324,	2
325,	3
326,	2
327,	0
328,	3
329,	2
330,	2
331,	2
332,	0
333,	2
334,	0
335,	3
336,	0
337,	2
338,	5
339,	0
340,	3
341,	6
342,	4
343,	1
344,	3
345,	1
346,	1
347,	2
348,	3
349,	2
350,	1
351,	1
352,	2
353,	1
354,	0
355,	1
356,	3
357,	0
358,	0
359,	1
360,	1
361,	2
362,	0
363,	0
364,	0
365,	3
366,	0
367,	1
368,	1
369,	1
370,	1
371,	4
372,	4
373,	2
374,	4
375,	1
376,	0
377,	2
378,	2
379,	5
380,	2
381,	1
382,	2
383,	1
384,	0
385,	1
386,	5
387,	4
388,	1
389,	2
390,	2
391,	2
392,	2
393,	2
394,	2
395,	1
396,	0
397,	2
398,	1
399,	1
400,	0
401,	2
402,	3
403,	1
404,	0
405,	3
406,	2
407,	0
408,	1
409,	3
410,	4
411,	2
412,	3
413,	0
414,	2
415,	1
416,	3
417,	4
418,	0
419,	3
420,	1
421,	1
422,	2
423,	0
424,	1
425,	3
426,	2
427,	0
428,	3
429,	1
430,	2
431,	2
432,	2
433,	2
434,	1
435,	0
436,	0
437,	3
438,	1
439,	2
440,	0
441,	7
442,	3
443,	1
444,	3
445,	1
446,	0
447,	5
448,	2
449,	1
450,	3
451,	0
452,	2
453,	1
454,	1
455,	1
456,	2
457,	1
458,	3
459,	2
460,	4
461,	0
462,	1
463,	3
464,	0
465,	0
466,	1
467,	2
468,	1
469,	1
470,	2
471,	5
472,	3
473,	2
474,	2
475,	2
476,	1
477,	1
478,	4
479,	2
480,	3
481,	0
482,	3
483,	3
484,	0
485,	3
486,	2
487,	0
488,	2
489,	3
490,	1
491,	4
492,	2
493,	2
494,	0
495,	0
496,	4
497,	0
498,	0
499,	4
500,	2
501,	1
502,	1
503,	3
504,	3
505,	3
506,	0
507,	2
508,	0
509,	0
510,	2
511,	6
512,	1
513,	7
514,	1
515,	3
516,	5
517,	5
518,	4
519,	4
520,	0
521,	1
522,	3
523,	5
524,	5
525,	1
526,	3
527,	3
528,	2
529,	3
530,	1
531,	1
532,	4
533,	2
534,	1
535,	2
536,	1
537,	0
538,	3
539,	2
540,	2
541,	1
542,	0
543,	2
544,	2
545,	4
546,	1
547,	6
548,	3
549,	0
550,	2
551,	2
552,	3
553,	3
554,	4
555,	3
556,	1
557,	4
558,	2
559,	1
560,	2
561,	3
562,	3
563,	4
564,	4
565,	2
566,	6
567,	2
568,	0
569,	2
570,	1
571,	3
572,	2
573,	3
574,	5
575,	2
576,	1
577,	0
578,	2
579,	1
580,	1
581,	2
582,	4
583,	1
584,	1
585,	1
586,	1
587,	2
588,	1
589,	2
590,	4
591,	2
592,	0
593,	1
594,	1
595,	5
596,	0
597,	2
598,	5
599,	5
600,	6
601,	3
602,	6
603,	3
604,	0
605,	4
606,	1
607,	3
608,	2
609,	5
610,	3
611,	3
612,	0
613,	1
614,	0
615,	3
616,	3
617,	2
618,	2
619,	5
620,	8
621,	1
622,	2
623,	0
624,	1
625,	4
626,	4
627,	4
628,	1
629,	3
630,	1
631,	5
632,	2
633,	5
634,	3
635,	3
636,	1
637,	5
638,	1
639,	2
640,	1
641,	2
642,	0
643,	2
644,	3
645,	2
646,	3
647,	4
648,	1
649,	2
650,	3
651,	3
652,	2
653,	1
654,	4
655,	0
656,	2
657,	3
658,	5
659,	4
660,	3
661,	2
662,	3
663,	2
664,	2
665,	1
666,	0
667,	7
668,	3
669,	1
670,	0
671,	0
672,	1
673,	3
674,	2
675,	0
676,	3
677,	3
678,	3
679,	3
680,	4
681,	6
682,	0
683,	1
684,	3
685,	3
686,	5
687,	4
688,	2
689,	3
690,	3
691,	2
692,	4
693,	1
694,	7
695,	3
696,	5
697,	4
698,	5
699,	5
700,	4
701,	0
702,	3
703,	4
704,	4
705,	6
706,	2
707,	3
708,	3
709,	3
710,	0
711,	4
712,	3
713,	4
714,	0
715,	2
716,	6
717,	2
718,	2
719,	3
720,	1
721,	1
722,	1
723,	2
724,	5
725,	3
726,	4
727,	2
728,	6
729,	2
730,	4
731,	3
732,	0
733,	7
734,	3
735,	1
736,	2
737,	1
738,	3
739,	6
740,	4
741,	0
742,	4
743,	3
744,	6
745,	5
746,	0
747,	4
748,	2
749,	3
750,	6
751,	4
752,	3
753,	5
754,	1
755,	2
756,	6
757,	1
758,	5
759,	4
760,	5
761,	5
762,	4
763,	0
764,	1
765,	5
766,	4
767,	4
768,	3
769,	0
770,	1
771,	0
772,	5
773,	3
774,	3
775,	7
776,	4
777,	4
778,	4
779,	0
780,	3
781,	4
782,	8
783,	5
784,	1
785,	1
786,	4
787,	4
788,	3
789,	6
790,	4
791,	5
792,	6
793,	0
794,	6
795,	3
796,	1
797,	4
798,	2
799,	4
800,	3
801,	5
802,	0
803,	2
804,	7
805,	5
806,	2
807,	2
808,	3
809,	7
810,	4
811,	4
812,	2
813,	5
814,	2
815,	4
816,	3
817,	4
818,	0
819,	0
820,	2
821,	4
822,	1
823,	1
824,	5
825,	6
826,	3
827,	4
828,	1
829,	2
830,	2
831,	1
832,	4
833,	5
834,	1
835,	2
836,	7
837,	2
838,	7
839,	4
840,	3
841,	0
842,	4
843,	3
844,	5
845,	3
846,	2
847,	4
848,	4
849,	8
850,	2
851,	6
852,	3
853,	4
854,	6
855,	6
856,	3
857,	3
858,	1
859,	1
860,	3
861,	6
862,	1
863,	2
864,	3
865,	4
866,	3
867,	4
868,	6
869,	6
870,	4
871,	3
872,	4
873,	3
874,	7
875,	4
876,	3
877,	3
878,	3
879,	5
880,	2
881,	5
882,	5
883,	1
884,	5
885,	6
886,	2
887,	1
888,	4
889,	0
890,	3
891,	1
892,	2
893,	3
894,	3
895,	3
896,	6
897,	5
898,	2
899,	1
900,	1
901,	4
902,	3
903,	3
904,	1
905,	2
906,	7
907,	3
908,	5
909,	7
910,	5
911,	6
912,	0
913,	1
914,	0
915,	6
916,	4
917,	3
918,	5
919,	6
920,	8
921,	3
922,	2
923,	5
924,	5
925,	3
926,	5
927,	0
928,	7
929,	4
930,	5
931,	0
932,	2
933,	2
934,	2
935,	4
936,	5
937,	5
938,	8
939,	4
940,	1
941,	6
942,	3
943,	5
944,	4
945,	2
946,	4
947,	3
948,	5
949,	5
950,	5
951,	4
952,	6
953,	5
954,	3
955,	4
956,	5
957,	1
958,	8
959,	3
960,	5
961,	2
962,	4
963,	5
964,	4
965,	3
966,	3
967,	4
968,	9
969,	5
970,	4
971,	5
972,	1
973,	0
974,	2
975,	5
976,	3
977,	3
978,	3
979,	4
980,	7
981,	7
982,	5
983,	2
984,	0
985,	3
986,	7
987,	4
988,	3
989,	6
990,	2
991,	5
992,	0
993,	4
994,	7
995,	8
996,	9
997,	4
998,	5
999,	3
