Instance: /home/gabriel/Documents/ufrgs/courses/oc/trab/instances/cmb05
Vertices: 2000
Colors: 7
NumIterations: 100000000
Alpha: 0.500000
Is Factible?: true
Conflicts: 0
Solution Value: 1850179.500000
Initial Value: 1850179.500000
Initial Conflicts: 0
Vertex,	Color
0,	0
1,	0
2,	2
3,	1
4,	1
5,	2
6,	0
7,	1
8,	2
9,	0
10,	0
11,	1
12,	3
13,	0
14,	2
15,	0
16,	1
17,	1
18,	1
19,	0
20,	1
21,	2
22,	0
23,	0
24,	2
25,	1
26,	0
27,	0
28,	0
29,	1
30,	0
31,	1
32,	0
33,	0
34,	1
35,	0
36,	0
37,	1
38,	1
39,	1
40,	0
41,	3
42,	1
43,	0
44,	1
45,	1
46,	0
47,	1
48,	1
49,	0
50,	0
51,	4
52,	0
53,	3
54,	0
55,	0
56,	1
57,	1
58,	0
59,	1
60,	1
61,	2
62,	1
63,	0
64,	1
65,	0
66,	0
67,	1
68,	1
69,	1
70,	3
71,	1
72,	0
73,	1
74,	1
75,	1
76,	2
77,	0
78,	1
79,	2
80,	0
81,	0
82,	1
83,	0
84,	0
85,	0
86,	0
87,	2
88,	0
89,	2
90,	3
91,	0
92,	1
93,	0
94,	1
95,	1
96,	1
97,	1
98,	3
99,	0
100,	0
101,	1
102,	1
103,	0
104,	0
105,	0
106,	0
107,	1
108,	0
109,	0
110,	2
111,	3
112,	2
113,	0
114,	0
115,	0
116,	1
117,	0
118,	2
119,	1
120,	2
121,	2
122,	3
123,	0
124,	4
125,	0
126,	2
127,	0
128,	1
129,	3
130,	2
131,	0
132,	0
133,	1
134,	1
135,	0
136,	2
137,	1
138,	1
139,	3
140,	1
141,	0
142,	3
143,	0
144,	1
145,	0
146,	1
147,	2
148,	2
149,	1
150,	2
151,	0
152,	0
153,	0
154,	1
155,	0
156,	0
157,	0
158,	1
159,	0
160,	1
161,	4
162,	0
163,	0
164,	0
165,	0
166,	2
167,	0
168,	0
169,	1
170,	0
171,	0
172,	0
173,	1
174,	1
175,	0
176,	2
177,	1
178,	2
179,	1
180,	2
181,	1
182,	0
183,	1
184,	1
185,	0
186,	2
187,	0
188,	0
189,	0
190,	0
191,	0
192,	0
193,	1
194,	1
195,	0
196,	1
197,	0
198,	0
199,	0
200,	0
201,	2
202,	1
203,	0
204,	0
205,	0
206,	1
207,	1
208,	0
209,	0
210,	2
211,	1
212,	0
213,	1
214,	0
215,	0
216,	0
217,	1
218,	4
219,	0
220,	0
221,	0
222,	5
223,	5
224,	3
225,	1
226,	0
227,	0
228,	0
229,	2
230,	2
231,	1
232,	1
233,	0
234,	1
235,	0
236,	1
237,	1
238,	1
239,	1
240,	2
241,	0
242,	3
243,	1
244,	2
245,	3
246,	0
247,	0
248,	0
249,	0
250,	1
251,	0
252,	2
253,	0
254,	0
255,	1
256,	0
257,	0
258,	0
259,	1
260,	1
261,	1
262,	0
263,	2
264,	2
265,	0
266,	4
267,	0
268,	0
269,	1
270,	2
271,	1
272,	4
273,	1
274,	0
275,	3
276,	0
277,	1
278,	0
279,	1
280,	1
281,	2
282,	1
283,	0
284,	1
285,	1
286,	3
287,	1
288,	0
289,	0
290,	0
291,	1
292,	1
293,	0
294,	0
295,	0
296,	1
297,	1
298,	0
299,	1
300,	3
301,	0
302,	1
303,	0
304,	0
305,	0
306,	1
307,	1
308,	0
309,	1
310,	1
311,	1
312,	0
313,	3
314,	1
315,	1
316,	3
317,	1
318,	1
319,	0
320,	2
321,	1
322,	0
323,	2
324,	0
325,	0
326,	1
327,	2
328,	1
329,	2
330,	1
331,	0
332,	1
333,	1
334,	1
335,	0
336,	1
337,	1
338,	1
339,	3
340,	0
341,	1
342,	0
343,	0
344,	0
345,	0
346,	3
347,	1
348,	0
349,	1
350,	0
351,	0
352,	1
353,	1
354,	2
355,	1
356,	0
357,	6
358,	2
359,	2
360,	0
361,	0
362,	3
363,	1
364,	2
365,	1
366,	1
367,	1
368,	1
369,	0
370,	0
371,	2
372,	1
373,	0
374,	1
375,	0
376,	4
377,	4
378,	1
379,	2
380,	0
381,	1
382,	2
383,	0
384,	0
385,	0
386,	1
387,	1
388,	0
389,	0
390,	0
391,	1
392,	1
393,	0
394,	0
395,	1
396,	0
397,	2
398,	0
399,	0
400,	0
401,	0
402,	2
403,	0
404,	2
405,	0
406,	1
407,	2
408,	0
409,	1
410,	1
411,	1
412,	2
413,	1
414,	1
415,	1
416,	2
417,	0
418,	0
419,	0
420,	0
421,	1
422,	0
423,	0
424,	0
425,	1
426,	1
427,	2
428,	0
429,	0
430,	0
431,	2
432,	2
433,	0
434,	0
435,	0
436,	0
437,	0
438,	0
439,	0
440,	0
441,	1
442,	1
443,	0
444,	1
445,	0
446,	0
447,	3
448,	0
449,	0
450,	0
451,	0
452,	0
453,	4
454,	1
455,	0
456,	3
457,	0
458,	1
459,	1
460,	0
461,	1
462,	0
463,	0
464,	3
465,	0
466,	0
467,	0
468,	0
469,	0
470,	1
471,	0
472,	3
473,	0
474,	3
475,	1
476,	0
477,	0
478,	1
479,	0
480,	3
481,	1
482,	2
483,	0
484,	0
485,	1
486,	0
487,	0
488,	3
489,	3
490,	0
491,	0
492,	1
493,	0
494,	0
495,	0
496,	1
497,	2
498,	1
499,	2
500,	0
501,	0
502,	0
503,	0
504,	1
505,	0
506,	0
507,	0
508,	0
509,	1
510,	1
511,	3
512,	1
513,	1
514,	1
515,	1
516,	0
517,	1
518,	3
519,	0
520,	2
521,	2
522,	0
523,	0
524,	2
525,	5
526,	1
527,	2
528,	0
529,	0
530,	2
531,	0
532,	0
533,	1
534,	1
535,	0
536,	0
537,	0
538,	1
539,	2
540,	1
541,	1
542,	0
543,	1
544,	1
545,	1
546,	1
547,	4
548,	2
549,	0
550,	0
551,	0
552,	0
553,	0
554,	0
555,	2
556,	2
557,	0
558,	0
559,	1
560,	2
561,	2
562,	1
563,	1
564,	1
565,	1
566,	2
567,	2
568,	1
569,	1
570,	1
571,	2
572,	0
573,	1
574,	0
575,	0
576,	0
577,	0
578,	0
579,	0
580,	5
581,	2
582,	2
583,	0
584,	1
585,	0
586,	1
587,	2
588,	2
589,	0
590,	0
591,	2
592,	2
593,	3
594,	3
595,	1
596,	0
597,	1
598,	1
599,	0
600,	1
601,	1
602,	0
603,	2
604,	4
605,	0
606,	3
607,	1
608,	1
609,	1
610,	1
611,	0
612,	3
613,	0
614,	0
615,	2
616,	1
617,	0
618,	0
619,	0
620,	0
621,	0
622,	2
623,	1
624,	0
625,	0
626,	1
627,	0
628,	1
629,	4
630,	0
631,	1
632,	1
633,	0
634,	1
635,	2
636,	1
637,	4
638,	1
639,	0
640,	4
641,	2
642,	0
643,	0
644,	1
645,	0
646,	0
647,	1
648,	1
649,	0
650,	2
651,	3
652,	0
653,	1
654,	3
655,	3
656,	0
657,	3
658,	3
659,	0
660,	1
661,	4
662,	1
663,	1
664,	2
665,	0
666,	1
667,	1
668,	0
669,	3
670,	2
671,	0
672,	2
673,	0
674,	2
675,	0
676,	1
677,	1
678,	0
679,	2
680,	0
681,	0
682,	1
683,	2
684,	1
685,	3
686,	2
687,	0
688,	5
689,	0
690,	2
691,	2
692,	0
693,	0
694,	0
695,	0
696,	2
697,	3
698,	0
699,	0
700,	1
701,	3
702,	1
703,	0
704,	3
705,	1
706,	1
707,	1
708,	2
709,	0
710,	1
711,	1
712,	1
713,	0
714,	0
715,	0
716,	0
717,	1
718,	0
719,	2
720,	0
721,	1
722,	1
723,	1
724,	2
725,	1
726,	1
727,	2
728,	3
729,	3
730,	2
731,	0
732,	0
733,	0
734,	2
735,	4
736,	2
737,	0
738,	0
739,	0
740,	0
741,	1
742,	0
743,	0
744,	1
745,	3
746,	0
747,	0
748,	1
749,	1
750,	0
751,	1
752,	2
753,	1
754,	0
755,	2
756,	0
757,	0
758,	0
759,	0
760,	2
761,	1
762,	1
763,	2
764,	1
765,	0
766,	0
767,	1
768,	0
769,	2
770,	0
771,	3
772,	3
773,	1
774,	2
775,	3
776,	3
777,	2
778,	0
779,	0
780,	3
781,	2
782,	0
783,	2
784,	0
785,	1
786,	1
787,	0
788,	0
789,	0
790,	0
791,	0
792,	4
793,	0
794,	1
795,	2
796,	1
797,	1
798,	1
799,	2
800,	0
801,	2
802,	1
803,	0
804,	1
805,	3
806,	0
807,	0
808,	0
809,	0
810,	3
811,	0
812,	1
813,	0
814,	1
815,	1
816,	1
817,	1
818,	2
819,	2
820,	1
821,	0
822,	1
823,	1
824,	0
825,	0
826,	0
827,	1
828,	0
829,	0
830,	1
831,	1
832,	3
833,	1
834,	1
835,	1
836,	2
837,	0
838,	1
839,	0
840,	0
841,	0
842,	3
843,	0
844,	0
845,	2
846,	1
847,	0
848,	1
849,	1
850,	0
851,	1
852,	0
853,	2
854,	5
855,	0
856,	0
857,	2
858,	3
859,	1
860,	2
861,	1
862,	1
863,	1
864,	1
865,	1
866,	1
867,	3
868,	1
869,	2
870,	2
871,	2
872,	0
873,	2
874,	0
875,	1
876,	4
877,	0
878,	1
879,	1
880,	1
881,	1
882,	0
883,	2
884,	3
885,	0
886,	3
887,	0
888,	0
889,	1
890,	1
891,	1
892,	3
893,	2
894,	0
895,	0
896,	0
897,	1
898,	0
899,	1
900,	1
901,	1
902,	1
903,	0
904,	0
905,	0
906,	3
907,	2
908,	0
909,	1
910,	0
911,	0
912,	0
913,	0
914,	0
915,	1
916,	1
917,	0
918,	1
919,	3
920,	0
921,	1
922,	1
923,	0
924,	3
925,	0
926,	1
927,	0
928,	1
929,	1
930,	2
931,	0
932,	1
933,	2
934,	0
935,	4
936,	0
937,	0
938,	1
939,	2
940,	2
941,	1
942,	1
943,	1
944,	1
945,	0
946,	1
947,	1
948,	2
949,	1
950,	0
951,	0
952,	0
953,	0
954,	2
955,	0
956,	0
957,	0
958,	0
959,	0
960,	1
961,	0
962,	0
963,	3
964,	0
965,	3
966,	1
967,	0
968,	0
969,	2
970,	0
971,	2
972,	0
973,	0
974,	1
975,	1
976,	3
977,	3
978,	1
979,	0
980,	2
981,	0
982,	0
983,	4
984,	2
985,	1
986,	0
987,	3
988,	0
989,	0
990,	2
991,	2
992,	0
993,	3
994,	3
995,	0
996,	1
997,	1
998,	3
999,	2
1000,	1
1001,	0
1002,	3
1003,	0
1004,	0
1005,	0
1006,	0
1007,	3
1008,	2
1009,	1
1010,	0
1011,	0
1012,	0
1013,	0
1014,	0
1015,	0
1016,	0
1017,	0
1018,	3
1019,	0
1020,	1
1021,	0
1022,	1
1023,	1
1024,	1
1025,	2
1026,	2
1027,	0
1028,	2
1029,	1
1030,	1
1031,	1
1032,	0
1033,	1
1034,	1
1035,	4
1036,	0
1037,	0
1038,	1
1039,	0
1040,	0
1041,	1
1042,	2
1043,	5
1044,	0
1045,	0
1046,	3
1047,	1
1048,	1
1049,	0
1050,	2
1051,	1
1052,	2
1053,	0
1054,	2
1055,	0
1056,	3
1057,	0
1058,	2
1059,	0
1060,	1
1061,	0
1062,	0
1063,	0
1064,	0
1065,	2
1066,	0
1067,	3
1068,	0
1069,	1
1070,	2
1071,	0
1072,	0
1073,	0
1074,	0
1075,	0
1076,	0
1077,	3
1078,	2
1079,	0
1080,	0
1081,	0
1082,	1
1083,	1
1084,	0
1085,	1
1086,	0
1087,	0
1088,	1
1089,	0
1090,	1
1091,	1
1092,	0
1093,	1
1094,	2
1095,	1
1096,	0
1097,	0
1098,	0
1099,	1
1100,	3
1101,	0
1102,	2
1103,	0
1104,	2
1105,	0
1106,	1
1107,	3
1108,	1
1109,	0
1110,	0
1111,	2
1112,	0
1113,	1
1114,	0
1115,	2
1116,	0
1117,	1
1118,	0
1119,	1
1120,	0
1121,	1
1122,	1
1123,	3
1124,	1
1125,	0
1126,	0
1127,	1
1128,	1
1129,	2
1130,	0
1131,	0
1132,	2
1133,	0
1134,	3
1135,	0
1136,	0
1137,	2
1138,	1
1139,	2
1140,	1
1141,	0
1142,	0
1143,	0
1144,	2
1145,	0
1146,	1
1147,	1
1148,	2
1149,	2
1150,	0
1151,	2
1152,	1
1153,	1
1154,	0
1155,	1
1156,	0
1157,	2
1158,	2
1159,	2
1160,	0
1161,	0
1162,	0
1163,	0
1164,	2
1165,	1
1166,	0
1167,	2
1168,	3
1169,	0
1170,	0
1171,	0
1172,	0
1173,	1
1174,	1
1175,	0
1176,	0
1177,	3
1178,	2
1179,	0
1180,	4
1181,	0
1182,	2
1183,	0
1184,	2
1185,	0
1186,	0
1187,	0
1188,	0
1189,	0
1190,	0
1191,	2
1192,	0
1193,	0
1194,	1
1195,	4
1196,	1
1197,	3
1198,	3
1199,	2
1200,	1
1201,	0
1202,	0
1203,	1
1204,	1
1205,	2
1206,	0
1207,	3
1208,	0
1209,	2
1210,	0
1211,	1
1212,	0
1213,	0
1214,	2
1215,	0
1216,	1
1217,	1
1218,	1
1219,	4
1220,	0
1221,	2
1222,	0
1223,	0
1224,	0
1225,	2
1226,	0
1227,	2
1228,	2
1229,	1
1230,	3
1231,	0
1232,	0
1233,	1
1234,	2
1235,	0
1236,	1
1237,	0
1238,	0
1239,	1
1240,	1
1241,	0
1242,	1
1243,	0
1244,	0
1245,	1
1246,	1
1247,	0
1248,	1
1249,	2
1250,	0
1251,	0
1252,	1
1253,	1
1254,	0
1255,	1
1256,	0
1257,	1
1258,	0
1259,	2
1260,	3
1261,	1
1262,	2
1263,	0
1264,	2
1265,	2
1266,	0
1267,	1
1268,	0
1269,	4
1270,	0
1271,	1
1272,	3
1273,	0
1274,	2
1275,	3
1276,	2
1277,	0
1278,	2
1279,	2
1280,	2
1281,	3
1282,	1
1283,	1
1284,	0
1285,	0
1286,	2
1287,	1
1288,	2
1289,	2
1290,	0
1291,	0
1292,	1
1293,	1
1294,	1
1295,	0
1296,	1
1297,	0
1298,	5
1299,	0
1300,	0
1301,	1
1302,	0
1303,	0
1304,	0
1305,	2
1306,	1
1307,	2
1308,	2
1309,	1
1310,	1
1311,	0
1312,	2
1313,	2
1314,	0
1315,	1
1316,	1
1317,	3
1318,	2
1319,	2
1320,	0
1321,	1
1322,	0
1323,	3
1324,	1
1325,	1
1326,	0
1327,	0
1328,	0
1329,	0
1330,	1
1331,	1
1332,	1
1333,	0
1334,	2
1335,	0
1336,	0
1337,	5
1338,	1
1339,	2
1340,	2
1341,	2
1342,	0
1343,	1
1344,	0
1345,	2
1346,	3
1347,	0
1348,	3
1349,	2
1350,	0
1351,	0
1352,	2
1353,	0
1354,	0
1355,	0
1356,	1
1357,	0
1358,	2
1359,	1
1360,	1
1361,	0
1362,	2
1363,	1
1364,	0
1365,	1
1366,	2
1367,	1
1368,	1
1369,	0
1370,	0
1371,	2
1372,	0
1373,	0
1374,	0
1375,	0
1376,	1
1377,	0
1378,	0
1379,	2
1380,	0
1381,	3
1382,	1
1383,	3
1384,	3
1385,	2
1386,	0
1387,	0
1388,	0
1389,	0
1390,	2
1391,	0
1392,	4
1393,	0
1394,	1
1395,	2
1396,	1
1397,	2
1398,	0
1399,	4
1400,	2
1401,	0
1402,	1
1403,	1
1404,	1
1405,	0
1406,	1
1407,	0
1408,	0
1409,	4
1410,	1
1411,	1
1412,	3
1413,	2
1414,	0
1415,	2
1416,	1
1417,	2
1418,	2
1419,	2
1420,	0
1421,	0
1422,	0
1423,	3
1424,	4
1425,	2
1426,	2
1427,	2
1428,	0
1429,	0
1430,	2
1431,	1
1432,	4
1433,	0
1434,	2
1435,	0
1436,	0
1437,	2
1438,	1
1439,	4
1440,	0
1441,	0
1442,	0
1443,	2
1444,	1
1445,	0
1446,	0
1447,	2
1448,	1
1449,	1
1450,	1
1451,	1
1452,	2
1453,	1
1454,	3
1455,	0
1456,	1
1457,	2
1458,	0
1459,	1
1460,	0
1461,	2
1462,	1
1463,	2
1464,	2
1465,	3
1466,	3
1467,	2
1468,	0
1469,	1
1470,	2
1471,	4
1472,	4
1473,	1
1474,	0
1475,	2
1476,	4
1477,	0
1478,	0
1479,	3
1480,	2
1481,	3
1482,	2
1483,	5
1484,	0
1485,	1
1486,	0
1487,	0
1488,	3
1489,	1
1490,	0
1491,	1
1492,	0
1493,	2
1494,	1
1495,	1
1496,	1
1497,	0
1498,	2
1499,	3
1500,	1
1501,	1
1502,	2
1503,	0
1504,	2
1505,	0
1506,	3
1507,	0
1508,	1
1509,	0
1510,	0
1511,	2
1512,	5
1513,	1
1514,	2
1515,	3
1516,	2
1517,	1
1518,	1
1519,	2
1520,	0
1521,	2
1522,	1
1523,	1
1524,	2
1525,	1
1526,	1
1527,	4
1528,	0
1529,	0
1530,	0
1531,	1
1532,	2
1533,	0
1534,	3
1535,	2
1536,	2
1537,	0
1538,	1
1539,	2
1540,	1
1541,	1
1542,	1
1543,	1
1544,	0
1545,	1
1546,	1
1547,	1
1548,	4
1549,	1
1550,	2
1551,	1
1552,	2
1553,	2
1554,	4
1555,	1
1556,	1
1557,	4
1558,	1
1559,	0
1560,	0
1561,	2
1562,	1
1563,	1
1564,	2
1565,	1
1566,	0
1567,	3
1568,	1
1569,	0
1570,	1
1571,	1
1572,	2
1573,	0
1574,	1
1575,	2
1576,	1
1577,	2
1578,	1
1579,	4
1580,	2
1581,	0
1582,	0
1583,	3
1584,	1
1585,	0
1586,	0
1587,	2
1588,	1
1589,	2
1590,	5
1591,	2
1592,	0
1593,	1
1594,	1
1595,	2
1596,	2
1597,	0
1598,	2
1599,	2
1600,	2
1601,	2
1602,	2
1603,	2
1604,	2
1605,	0
1606,	3
1607,	1
1608,	1
1609,	1
1610,	0
1611,	2
1612,	3
1613,	1
1614,	2
1615,	3
1616,	1
1617,	2
1618,	4
1619,	0
1620,	0
1621,	2
1622,	0
1623,	0
1624,	2
1625,	3
1626,	4
1627,	1
1628,	1
1629,	3
1630,	2
1631,	0
1632,	1
1633,	2
1634,	0
1635,	3
1636,	2
1637,	6
1638,	3
1639,	2
1640,	2
1641,	0
1642,	1
1643,	3
1644,	1
1645,	1
1646,	1
1647,	3
1648,	0
1649,	2
1650,	1
1651,	1
1652,	0
1653,	2
1654,	4
1655,	2
1656,	2
1657,	0
1658,	2
1659,	0
1660,	2
1661,	0
1662,	1
1663,	1
1664,	1
1665,	3
1666,	2
1667,	2
1668,	2
1669,	2
1670,	1
1671,	1
1672,	0
1673,	3
1674,	3
1675,	3
1676,	0
1677,	2
1678,	1
1679,	1
1680,	0
1681,	0
1682,	2
1683,	0
1684,	2
1685,	1
1686,	2
1687,	4
1688,	0
1689,	3
1690,	0
1691,	3
1692,	4
1693,	1
1694,	1
1695,	3
1696,	1
1697,	1
1698,	0
1699,	2
1700,	0
1701,	1
1702,	0
1703,	2
1704,	2
1705,	1
1706,	0
1707,	0
1708,	4
1709,	3
1710,	1
1711,	0
1712,	1
1713,	4
1714,	2
1715,	1
1716,	1
1717,	3
1718,	2
1719,	4
1720,	0
1721,	2
1722,	2
1723,	3
1724,	5
1725,	0
1726,	2
1727,	2
1728,	2
1729,	1
1730,	1
1731,	3
1732,	2
1733,	1
1734,	2
1735,	1
1736,	2
1737,	2
1738,	2
1739,	3
1740,	2
1741,	3
1742,	4
1743,	3
1744,	3
1745,	2
1746,	3
1747,	0
1748,	0
1749,	1
1750,	2
1751,	1
1752,	2
1753,	0
1754,	3
1755,	1
1756,	4
1757,	1
1758,	1
1759,	4
1760,	3
1761,	1
1762,	0
1763,	2
1764,	4
1765,	1
1766,	1
1767,	2
1768,	4
1769,	3
1770,	2
1771,	3
1772,	2
1773,	2
1774,	0
1775,	2
1776,	0
1777,	2
1778,	5
1779,	3
1780,	2
1781,	2
1782,	2
1783,	3
1784,	1
1785,	1
1786,	4
1787,	3
1788,	0
1789,	3
1790,	4
1791,	1
1792,	2
1793,	0
1794,	0
1795,	2
1796,	1
1797,	2
1798,	0
1799,	1
1800,	2
1801,	1
1802,	3
1803,	1
1804,	1
1805,	3
1806,	2
1807,	3
1808,	3
1809,	1
1810,	5
1811,	0
1812,	5
1813,	2
1814,	6
1815,	3
1816,	2
1817,	4
1818,	5
1819,	5
1820,	0
1821,	1
1822,	1
1823,	1
1824,	0
1825,	2
1826,	2
1827,	0
1828,	2
1829,	2
1830,	2
1831,	1
1832,	3
1833,	2
1834,	0
1835,	2
1836,	1
1837,	0
1838,	3
1839,	2
1840,	4
1841,	0
1842,	0
1843,	3
1844,	2
1845,	0
1846,	1
1847,	3
1848,	1
1849,	1
1850,	2
1851,	1
1852,	3
1853,	3
1854,	2
1855,	2
1856,	0
1857,	2
1858,	1
1859,	3
1860,	1
1861,	2
1862,	2
1863,	2
1864,	0
1865,	1
1866,	2
1867,	1
1868,	6
1869,	3
1870,	1
1871,	2
1872,	1
1873,	0
1874,	1
1875,	2
1876,	2
1877,	0
1878,	0
1879,	1
1880,	1
1881,	0
1882,	1
1883,	1
1884,	0
1885,	1
1886,	0
1887,	2
1888,	3
1889,	1
1890,	0
1891,	3
1892,	0
1893,	2
1894,	1
1895,	4
1896,	1
1897,	3
1898,	2
1899,	0
1900,	4
1901,	1
1902,	2
1903,	3
1904,	2
1905,	4
1906,	1
1907,	0
1908,	1
1909,	4
1910,	2
1911,	2
1912,	4
1913,	0
1914,	3
1915,	0
1916,	4
1917,	4
1918,	2
1919,	2
1920,	3
1921,	3
1922,	3
1923,	1
1924,	2
1925,	2
1926,	2
1927,	0
1928,	1
1929,	1
1930,	3
1931,	4
1932,	6
1933,	2
1934,	4
1935,	4
1936,	5
1937,	2
1938,	5
1939,	0
1940,	2
1941,	1
1942,	0
1943,	2
1944,	1
1945,	2
1946,	0
1947,	4
1948,	4
1949,	3
1950,	0
1951,	4
1952,	2
1953,	0
1954,	3
1955,	0
1956,	3
1957,	3
1958,	3
1959,	3
1960,	2
1961,	4
1962,	4
1963,	3
1964,	4
1965,	2
1966,	3
1967,	4
1968,	3
1969,	3
1970,	1
1971,	0
1972,	4
1973,	2
1974,	1
1975,	2
1976,	1
1977,	2
1978,	3
1979,	4
1980,	3
1981,	2
1982,	0
1983,	1
1984,	4
1985,	3
1986,	4
1987,	3
1988,	2
1989,	2
1990,	3
1991,	1
1992,	4
1993,	3
1994,	2
1995,	2
1996,	0
1997,	5
1998,	3
1999,	1
