Instance: /home/gabriel/Documents/ufrgs/courses/oc/trab/instances/cmb05
Vertices: 2000
Colors: 7
NumIterations: 1410065408
Alpha: 0.850000
Is Factible?: true
Conflicts: 0
Solution Value: 1829450.125000
Initial Value: 1829450.125000
Conflicts: 0
Vertex,	Color
0,	0
1,	1
2,	2
3,	1
4,	1
5,	0
6,	0
7,	1
8,	3
9,	0
10,	1
11,	0
12,	0
13,	0
14,	0
15,	0
16,	2
17,	0
18,	0
19,	0
20,	0
21,	1
22,	0
23,	0
24,	0
25,	0
26,	0
27,	0
28,	0
29,	0
30,	1
31,	0
32,	0
33,	0
34,	0
35,	0
36,	0
37,	0
38,	0
39,	1
40,	0
41,	0
42,	1
43,	1
44,	0
45,	0
46,	0
47,	0
48,	0
49,	0
50,	0
51,	0
52,	0
53,	2
54,	0
55,	1
56,	1
57,	1
58,	0
59,	1
60,	0
61,	0
62,	1
63,	1
64,	1
65,	0
66,	1
67,	0
68,	0
69,	2
70,	0
71,	0
72,	1
73,	0
74,	1
75,	1
76,	1
77,	0
78,	0
79,	0
80,	0
81,	0
82,	0
83,	0
84,	0
85,	0
86,	0
87,	0
88,	1
89,	1
90,	0
91,	1
92,	2
93,	0
94,	1
95,	0
96,	0
97,	0
98,	5
99,	0
100,	1
101,	0
102,	0
103,	0
104,	0
105,	0
106,	0
107,	1
108,	0
109,	0
110,	1
111,	0
112,	2
113,	1
114,	0
115,	0
116,	3
117,	0
118,	2
119,	1
120,	0
121,	0
122,	0
123,	0
124,	2
125,	0
126,	2
127,	1
128,	2
129,	3
130,	1
131,	0
132,	0
133,	0
134,	1
135,	0
136,	1
137,	0
138,	1
139,	0
140,	1
141,	0
142,	0
143,	0
144,	3
145,	0
146,	1
147,	0
148,	0
149,	0
150,	0
151,	0
152,	2
153,	0
154,	0
155,	0
156,	0
157,	0
158,	0
159,	0
160,	0
161,	0
162,	0
163,	0
164,	0
165,	0
166,	1
167,	0
168,	2
169,	0
170,	3
171,	0
172,	0
173,	0
174,	2
175,	1
176,	0
177,	1
178,	0
179,	0
180,	2
181,	0
182,	0
183,	1
184,	1
185,	1
186,	0
187,	0
188,	1
189,	0
190,	0
191,	0
192,	1
193,	0
194,	1
195,	0
196,	1
197,	2
198,	0
199,	3
200,	0
201,	1
202,	0
203,	0
204,	0
205,	1
206,	0
207,	0
208,	1
209,	0
210,	1
211,	1
212,	1
213,	0
214,	1
215,	0
216,	0
217,	0
218,	3
219,	0
220,	1
221,	0
222,	4
223,	1
224,	1
225,	0
226,	2
227,	1
228,	0
229,	3
230,	1
231,	0
232,	0
233,	0
234,	1
235,	0
236,	1
237,	0
238,	0
239,	0
240,	1
241,	2
242,	2
243,	0
244,	2
245,	1
246,	0
247,	1
248,	0
249,	0
250,	1
251,	0
252,	0
253,	0
254,	1
255,	1
256,	0
257,	0
258,	0
259,	1
260,	4
261,	1
262,	1
263,	0
264,	0
265,	0
266,	1
267,	0
268,	0
269,	0
270,	2
271,	1
272,	0
273,	0
274,	0
275,	1
276,	1
277,	0
278,	0
279,	1
280,	0
281,	1
282,	0
283,	0
284,	0
285,	0
286,	2
287,	2
288,	0
289,	0
290,	1
291,	0
292,	1
293,	0
294,	0
295,	0
296,	0
297,	0
298,	0
299,	0
300,	0
301,	0
302,	1
303,	2
304,	0
305,	0
306,	0
307,	0
308,	1
309,	1
310,	0
311,	0
312,	0
313,	0
314,	1
315,	1
316,	0
317,	1
318,	0
319,	0
320,	0
321,	1
322,	0
323,	0
324,	0
325,	0
326,	1
327,	0
328,	2
329,	1
330,	0
331,	2
332,	0
333,	1
334,	1
335,	1
336,	0
337,	0
338,	0
339,	1
340,	0
341,	3
342,	0
343,	0
344,	0
345,	0
346,	2
347,	1
348,	0
349,	1
350,	0
351,	0
352,	2
353,	1
354,	0
355,	0
356,	0
357,	3
358,	0
359,	2
360,	0
361,	1
362,	0
363,	2
364,	0
365,	1
366,	1
367,	1
368,	0
369,	0
370,	1
371,	0
372,	0
373,	0
374,	0
375,	0
376,	2
377,	3
378,	1
379,	0
380,	0
381,	0
382,	0
383,	1
384,	0
385,	0
386,	1
387,	4
388,	0
389,	0
390,	0
391,	1
392,	2
393,	0
394,	0
395,	0
396,	0
397,	0
398,	0
399,	0
400,	0
401,	0
402,	0
403,	0
404,	0
405,	0
406,	1
407,	1
408,	1
409,	1
410,	0
411,	1
412,	0
413,	0
414,	0
415,	2
416,	2
417,	1
418,	1
419,	0
420,	0
421,	1
422,	0
423,	0
424,	0
425,	1
426,	1
427,	3
428,	0
429,	2
430,	0
431,	1
432,	3
433,	0
434,	0
435,	0
436,	1
437,	0
438,	0
439,	1
440,	0
441,	1
442,	0
443,	0
444,	2
445,	1
446,	0
447,	0
448,	0
449,	0
450,	0
451,	0
452,	0
453,	2
454,	0
455,	1
456,	0
457,	0
458,	1
459,	1
460,	0
461,	2
462,	0
463,	0
464,	0
465,	1
466,	1
467,	2
468,	1
469,	1
470,	2
471,	0
472,	1
473,	3
474,	1
475,	0
476,	0
477,	1
478,	1
479,	0
480,	0
481,	2
482,	0
483,	0
484,	0
485,	2
486,	0
487,	0
488,	1
489,	2
490,	0
491,	1
492,	0
493,	0
494,	0
495,	0
496,	0
497,	1
498,	0
499,	2
500,	0
501,	0
502,	0
503,	2
504,	2
505,	0
506,	0
507,	0
508,	0
509,	1
510,	0
511,	3
512,	0
513,	1
514,	1
515,	2
516,	0
517,	2
518,	1
519,	1
520,	0
521,	1
522,	0
523,	1
524,	0
525,	4
526,	0
527,	1
528,	0
529,	1
530,	0
531,	0
532,	2
533,	0
534,	1
535,	2
536,	2
537,	0
538,	1
539,	1
540,	0
541,	0
542,	0
543,	1
544,	1
545,	3
546,	0
547,	0
548,	0
549,	1
550,	1
551,	1
552,	0
553,	0
554,	0
555,	1
556,	0
557,	0
558,	0
559,	2
560,	2
561,	1
562,	0
563,	0
564,	3
565,	1
566,	2
567,	1
568,	0
569,	1
570,	1
571,	2
572,	1
573,	1
574,	0
575,	1
576,	1
577,	1
578,	0
579,	0
580,	1
581,	1
582,	2
583,	1
584,	1
585,	0
586,	2
587,	2
588,	0
589,	0
590,	1
591,	2
592,	1
593,	0
594,	2
595,	0
596,	0
597,	0
598,	0
599,	0
600,	0
601,	1
602,	0
603,	0
604,	0
605,	1
606,	1
607,	0
608,	0
609,	0
610,	0
611,	2
612,	1
613,	0
614,	1
615,	0
616,	1
617,	1
618,	0
619,	0
620,	1
621,	0
622,	2
623,	0
624,	1
625,	2
626,	1
627,	0
628,	0
629,	1
630,	0
631,	1
632,	0
633,	0
634,	0
635,	0
636,	0
637,	3
638,	1
639,	0
640,	0
641,	0
642,	1
643,	1
644,	0
645,	0
646,	0
647,	1
648,	0
649,	1
650,	1
651,	1
652,	2
653,	0
654,	0
655,	0
656,	0
657,	1
658,	2
659,	3
660,	1
661,	2
662,	2
663,	1
664,	0
665,	0
666,	1
667,	2
668,	0
669,	1
670,	2
671,	0
672,	0
673,	1
674,	0
675,	0
676,	0
677,	2
678,	1
679,	2
680,	0
681,	0
682,	1
683,	1
684,	1
685,	2
686,	1
687,	0
688,	0
689,	0
690,	0
691,	2
692,	0
693,	1
694,	0
695,	0
696,	2
697,	2
698,	1
699,	0
700,	1
701,	0
702,	0
703,	1
704,	3
705,	1
706,	1
707,	0
708,	3
709,	0
710,	0
711,	1
712,	1
713,	0
714,	1
715,	0
716,	0
717,	0
718,	1
719,	1
720,	0
721,	1
722,	2
723,	0
724,	0
725,	0
726,	0
727,	1
728,	1
729,	0
730,	0
731,	0
732,	0
733,	2
734,	2
735,	2
736,	0
737,	0
738,	1
739,	2
740,	0
741,	1
742,	1
743,	1
744,	0
745,	1
746,	0
747,	1
748,	1
749,	2
750,	0
751,	1
752,	1
753,	0
754,	0
755,	2
756,	0
757,	1
758,	1
759,	0
760,	2
761,	1
762,	1
763,	0
764,	2
765,	1
766,	1
767,	1
768,	1
769,	0
770,	0
771,	2
772,	2
773,	1
774,	2
775,	0
776,	1
777,	1
778,	1
779,	2
780,	1
781,	0
782,	0
783,	3
784,	0
785,	1
786,	1
787,	1
788,	0
789,	0
790,	1
791,	1
792,	2
793,	0
794,	2
795,	0
796,	2
797,	1
798,	1
799,	2
800,	0
801,	0
802,	0
803,	0
804,	1
805,	0
806,	0
807,	0
808,	2
809,	0
810,	3
811,	2
812,	0
813,	0
814,	0
815,	1
816,	0
817,	1
818,	1
819,	2
820,	1
821,	0
822,	1
823,	1
824,	0
825,	2
826,	1
827,	1
828,	3
829,	0
830,	1
831,	1
832,	0
833,	0
834,	1
835,	0
836,	2
837,	1
838,	1
839,	0
840,	1
841,	0
842,	0
843,	0
844,	0
845,	4
846,	2
847,	0
848,	1
849,	1
850,	0
851,	1
852,	1
853,	2
854,	1
855,	0
856,	0
857,	2
858,	1
859,	2
860,	0
861,	1
862,	2
863,	1
864,	1
865,	1
866,	1
867,	2
868,	0
869,	2
870,	2
871,	2
872,	0
873,	2
874,	0
875,	0
876,	0
877,	4
878,	2
879,	1
880,	1
881,	1
882,	0
883,	2
884,	1
885,	1
886,	0
887,	0
888,	0
889,	1
890,	1
891,	1
892,	1
893,	3
894,	1
895,	0
896,	1
897,	2
898,	2
899,	2
900,	1
901,	1
902,	1
903,	1
904,	0
905,	0
906,	3
907,	3
908,	1
909,	0
910,	1
911,	0
912,	0
913,	1
914,	1
915,	1
916,	1
917,	0
918,	3
919,	1
920,	0
921,	0
922,	1
923,	0
924,	1
925,	0
926,	1
927,	0
928,	1
929,	2
930,	3
931,	1
932,	1
933,	2
934,	0
935,	2
936,	1
937,	0
938,	2
939,	0
940,	2
941,	1
942,	0
943,	0
944,	0
945,	0
946,	0
947,	0
948,	2
949,	0
950,	1
951,	0
952,	0
953,	0
954,	3
955,	1
956,	0
957,	1
958,	1
959,	0
960,	0
961,	1
962,	2
963,	3
964,	1
965,	3
966,	3
967,	1
968,	1
969,	2
970,	2
971,	2
972,	0
973,	1
974,	0
975,	1
976,	2
977,	2
978,	1
979,	2
980,	2
981,	1
982,	0
983,	0
984,	2
985,	2
986,	0
987,	4
988,	1
989,	1
990,	2
991,	0
992,	4
993,	3
994,	3
995,	3
996,	1
997,	1
998,	0
999,	1
1000,	1
1001,	1
1002,	2
1003,	1
1004,	0
1005,	0
1006,	1
1007,	3
1008,	2
1009,	1
1010,	0
1011,	0
1012,	0
1013,	0
1014,	2
1015,	0
1016,	1
1017,	2
1018,	2
1019,	0
1020,	1
1021,	1
1022,	4
1023,	2
1024,	1
1025,	0
1026,	3
1027,	3
1028,	2
1029,	1
1030,	1
1031,	2
1032,	2
1033,	0
1034,	3
1035,	0
1036,	1
1037,	1
1038,	0
1039,	1
1040,	0
1041,	1
1042,	2
1043,	4
1044,	1
1045,	0
1046,	1
1047,	1
1048,	1
1049,	0
1050,	2
1051,	1
1052,	3
1053,	1
1054,	0
1055,	0
1056,	1
1057,	0
1058,	1
1059,	0
1060,	1
1061,	2
1062,	0
1063,	1
1064,	0
1065,	3
1066,	3
1067,	2
1068,	0
1069,	0
1070,	2
1071,	0
1072,	0
1073,	0
1074,	0
1075,	1
1076,	0
1077,	0
1078,	2
1079,	1
1080,	2
1081,	0
1082,	1
1083,	2
1084,	0
1085,	3
1086,	1
1087,	0
1088,	0
1089,	1
1090,	0
1091,	2
1092,	0
1093,	1
1094,	1
1095,	0
1096,	2
1097,	1
1098,	1
1099,	1
1100,	2
1101,	0
1102,	2
1103,	0
1104,	2
1105,	0
1106,	1
1107,	1
1108,	2
1109,	0
1110,	1
1111,	1
1112,	0
1113,	1
1114,	0
1115,	2
1116,	1
1117,	0
1118,	1
1119,	1
1120,	2
1121,	2
1122,	1
1123,	1
1124,	2
1125,	1
1126,	0
1127,	2
1128,	0
1129,	0
1130,	0
1131,	1
1132,	4
1133,	1
1134,	1
1135,	0
1136,	0
1137,	2
1138,	1
1139,	2
1140,	3
1141,	0
1142,	0
1143,	0
1144,	4
1145,	2
1146,	2
1147,	1
1148,	2
1149,	1
1150,	1
1151,	2
1152,	2
1153,	2
1154,	0
1155,	2
1156,	1
1157,	0
1158,	2
1159,	2
1160,	1
1161,	1
1162,	0
1163,	0
1164,	0
1165,	1
1166,	0
1167,	0
1168,	3
1169,	1
1170,	0
1171,	1
1172,	0
1173,	4
1174,	2
1175,	0
1176,	0
1177,	3
1178,	0
1179,	0
1180,	3
1181,	1
1182,	2
1183,	1
1184,	2
1185,	0
1186,	2
1187,	1
1188,	1
1189,	0
1190,	1
1191,	2
1192,	1
1193,	2
1194,	0
1195,	4
1196,	0
1197,	3
1198,	3
1199,	2
1200,	3
1201,	1
1202,	0
1203,	0
1204,	0
1205,	1
1206,	2
1207,	0
1208,	1
1209,	2
1210,	2
1211,	1
1212,	2
1213,	0
1214,	2
1215,	3
1216,	1
1217,	0
1218,	3
1219,	4
1220,	1
1221,	4
1222,	1
1223,	2
1224,	0
1225,	1
1226,	1
1227,	2
1228,	1
1229,	0
1230,	2
1231,	1
1232,	0
1233,	2
1234,	0
1235,	3
1236,	1
1237,	3
1238,	2
1239,	1
1240,	2
1241,	0
1242,	0
1243,	1
1244,	1
1245,	0
1246,	0
1247,	0
1248,	2
1249,	0
1250,	1
1251,	0
1252,	1
1253,	1
1254,	1
1255,	0
1256,	2
1257,	1
1258,	3
1259,	3
1260,	3
1261,	1
1262,	3
1263,	1
1264,	3
1265,	2
1266,	2
1267,	1
1268,	0
1269,	4
1270,	1
1271,	1
1272,	3
1273,	0
1274,	2
1275,	2
1276,	2
1277,	2
1278,	0
1279,	1
1280,	1
1281,	2
1282,	2
1283,	1
1284,	1
1285,	4
1286,	2
1287,	1
1288,	2
1289,	2
1290,	0
1291,	1
1292,	0
1293,	3
1294,	2
1295,	0
1296,	1
1297,	0
1298,	1
1299,	0
1300,	3
1301,	1
1302,	2
1303,	0
1304,	0
1305,	2
1306,	2
1307,	1
1308,	2
1309,	1
1310,	1
1311,	0
1312,	1
1313,	0
1314,	2
1315,	3
1316,	1
1317,	3
1318,	2
1319,	2
1320,	1
1321,	1
1322,	1
1323,	3
1324,	2
1325,	3
1326,	2
1327,	0
1328,	0
1329,	3
1330,	1
1331,	1
1332,	1
1333,	0
1334,	4
1335,	0
1336,	3
1337,	5
1338,	1
1339,	0
1340,	1
1341,	2
1342,	0
1343,	2
1344,	0
1345,	1
1346,	3
1347,	2
1348,	3
1349,	2
1350,	0
1351,	0
1352,	2
1353,	0
1354,	2
1355,	1
1356,	2
1357,	3
1358,	1
1359,	1
1360,	0
1361,	0
1362,	2
1363,	1
1364,	1
1365,	1
1366,	3
1367,	2
1368,	0
1369,	1
1370,	0
1371,	1
1372,	0
1373,	2
1374,	0
1375,	0
1376,	3
1377,	1
1378,	0
1379,	1
1380,	2
1381,	3
1382,	1
1383,	2
1384,	3
1385,	2
1386,	3
1387,	0
1388,	1
1389,	0
1390,	2
1391,	0
1392,	3
1393,	1
1394,	1
1395,	2
1396,	1
1397,	2
1398,	1
1399,	4
1400,	0
1401,	0
1402,	1
1403,	2
1404,	2
1405,	2
1406,	1
1407,	2
1408,	1
1409,	4
1410,	1
1411,	1
1412,	1
1413,	1
1414,	1
1415,	0
1416,	2
1417,	5
1418,	1
1419,	3
1420,	3
1421,	0
1422,	0
1423,	3
1424,	4
1425,	3
1426,	0
1427,	3
1428,	2
1429,	1
1430,	1
1431,	1
1432,	4
1433,	0
1434,	2
1435,	0
1436,	0
1437,	1
1438,	0
1439,	2
1440,	1
1441,	0
1442,	1
1443,	2
1444,	2
1445,	0
1446,	1
1447,	2
1448,	0
1449,	1
1450,	1
1451,	0
1452,	2
1453,	3
1454,	3
1455,	0
1456,	0
1457,	2
1458,	2
1459,	1
1460,	1
1461,	3
1462,	1
1463,	2
1464,	3
1465,	3
1466,	3
1467,	2
1468,	0
1469,	2
1470,	3
1471,	3
1472,	4
1473,	1
1474,	1
1475,	2
1476,	3
1477,	1
1478,	1
1479,	2
1480,	3
1481,	3
1482,	2
1483,	4
1484,	1
1485,	2
1486,	1
1487,	4
1488,	1
1489,	2
1490,	1
1491,	2
1492,	0
1493,	2
1494,	2
1495,	2
1496,	3
1497,	0
1498,	2
1499,	3
1500,	1
1501,	1
1502,	3
1503,	0
1504,	1
1505,	3
1506,	3
1507,	0
1508,	1
1509,	1
1510,	0
1511,	2
1512,	5
1513,	4
1514,	3
1515,	3
1516,	2
1517,	1
1518,	0
1519,	0
1520,	1
1521,	4
1522,	2
1523,	1
1524,	2
1525,	0
1526,	1
1527,	5
1528,	0
1529,	1
1530,	1
1531,	2
1532,	3
1533,	1
1534,	2
1535,	3
1536,	3
1537,	3
1538,	2
1539,	2
1540,	2
1541,	2
1542,	0
1543,	0
1544,	0
1545,	0
1546,	0
1547,	0
1548,	4
1549,	1
1550,	2
1551,	1
1552,	2
1553,	0
1554,	4
1555,	1
1556,	4
1557,	3
1558,	2
1559,	1
1560,	0
1561,	2
1562,	1
1563,	2
1564,	2
1565,	0
1566,	1
1567,	2
1568,	0
1569,	1
1570,	0
1571,	2
1572,	1
1573,	1
1574,	1
1575,	2
1576,	2
1577,	1
1578,	0
1579,	4
1580,	2
1581,	1
1582,	3
1583,	2
1584,	0
1585,	2
1586,	0
1587,	2
1588,	2
1589,	4
1590,	5
1591,	1
1592,	0
1593,	0
1594,	1
1595,	2
1596,	2
1597,	0
1598,	2
1599,	2
1600,	2
1601,	2
1602,	2
1603,	3
1604,	0
1605,	1
1606,	3
1607,	0
1608,	3
1609,	4
1610,	3
1611,	2
1612,	3
1613,	2
1614,	1
1615,	3
1616,	2
1617,	2
1618,	4
1619,	2
1620,	1
1621,	3
1622,	0
1623,	2
1624,	1
1625,	4
1626,	4
1627,	3
1628,	1
1629,	1
1630,	3
1631,	0
1632,	1
1633,	3
1634,	0
1635,	3
1636,	2
1637,	5
1638,	3
1639,	3
1640,	3
1641,	1
1642,	1
1643,	3
1644,	3
1645,	1
1646,	0
1647,	1
1648,	2
1649,	2
1650,	1
1651,	2
1652,	2
1653,	2
1654,	3
1655,	2
1656,	5
1657,	1
1658,	3
1659,	1
1660,	2
1661,	0
1662,	1
1663,	2
1664,	1
1665,	3
1666,	2
1667,	2
1668,	2
1669,	3
1670,	1
1671,	2
1672,	0
1673,	2
1674,	3
1675,	3
1676,	0
1677,	2
1678,	4
1679,	0
1680,	1
1681,	2
1682,	2
1683,	1
1684,	2
1685,	0
1686,	2
1687,	4
1688,	1
1689,	3
1690,	0
1691,	3
1692,	1
1693,	2
1694,	1
1695,	3
1696,	1
1697,	1
1698,	0
1699,	1
1700,	2
1701,	1
1702,	0
1703,	2
1704,	3
1705,	1
1706,	0
1707,	3
1708,	3
1709,	2
1710,	1
1711,	0
1712,	1
1713,	4
1714,	1
1715,	1
1716,	1
1717,	3
1718,	1
1719,	5
1720,	0
1721,	3
1722,	1
1723,	2
1724,	5
1725,	1
1726,	2
1727,	2
1728,	3
1729,	1
1730,	1
1731,	3
1732,	2
1733,	1
1734,	2
1735,	1
1736,	2
1737,	2
1738,	0
1739,	3
1740,	2
1741,	1
1742,	4
1743,	2
1744,	3
1745,	2
1746,	3
1747,	1
1748,	0
1749,	1
1750,	2
1751,	1
1752,	1
1753,	0
1754,	5
1755,	2
1756,	3
1757,	1
1758,	1
1759,	3
1760,	3
1761,	0
1762,	0
1763,	2
1764,	3
1765,	1
1766,	2
1767,	2
1768,	3
1769,	3
1770,	3
1771,	3
1772,	2
1773,	1
1774,	0
1775,	2
1776,	0
1777,	2
1778,	5
1779,	3
1780,	2
1781,	1
1782,	0
1783,	2
1784,	1
1785,	0
1786,	4
1787,	3
1788,	2
1789,	3
1790,	4
1791,	3
1792,	2
1793,	1
1794,	1
1795,	1
1796,	1
1797,	4
1798,	0
1799,	2
1800,	2
1801,	1
1802,	3
1803,	1
1804,	1
1805,	3
1806,	3
1807,	3
1808,	3
1809,	1
1810,	4
1811,	2
1812,	4
1813,	1
1814,	6
1815,	3
1816,	0
1817,	6
1818,	5
1819,	5
1820,	0
1821,	1
1822,	1
1823,	2
1824,	0
1825,	3
1826,	3
1827,	1
1828,	2
1829,	2
1830,	2
1831,	2
1832,	2
1833,	2
1834,	0
1835,	3
1836,	2
1837,	0
1838,	3
1839,	2
1840,	1
1841,	0
1842,	0
1843,	3
1844,	2
1845,	1
1846,	1
1847,	1
1848,	1
1849,	2
1850,	2
1851,	2
1852,	3
1853,	3
1854,	2
1855,	1
1856,	0
1857,	1
1858,	1
1859,	1
1860,	1
1861,	2
1862,	2
1863,	0
1864,	2
1865,	1
1866,	2
1867,	1
1868,	3
1869,	3
1870,	1
1871,	1
1872,	1
1873,	0
1874,	2
1875,	3
1876,	2
1877,	0
1878,	0
1879,	4
1880,	1
1881,	1
1882,	2
1883,	2
1884,	0
1885,	0
1886,	0
1887,	2
1888,	3
1889,	0
1890,	0
1891,	3
1892,	4
1893,	2
1894,	1
1895,	4
1896,	0
1897,	3
1898,	1
1899,	2
1900,	4
1901,	1
1902,	1
1903,	3
1904,	2
1905,	4
1906,	0
1907,	0
1908,	2
1909,	4
1910,	2
1911,	2
1912,	4
1913,	2
1914,	3
1915,	1
1916,	4
1917,	5
1918,	2
1919,	3
1920,	2
1921,	3
1922,	4
1923,	0
1924,	2
1925,	2
1926,	2
1927,	0
1928,	1
1929,	2
1930,	3
1931,	4
1932,	6
1933,	2
1934,	5
1935,	4
1936,	4
1937,	3
1938,	5
1939,	0
1940,	2
1941,	1
1942,	1
1943,	2
1944,	1
1945,	3
1946,	2
1947,	5
1948,	4
1949,	3
1950,	1
1951,	4
1952,	2
1953,	0
1954,	0
1955,	0
1956,	3
1957,	3
1958,	3
1959,	3
1960,	1
1961,	5
1962,	4
1963,	3
1964,	4
1965,	2
1966,	3
1967,	4
1968,	2
1969,	3
1970,	1
1971,	4
1972,	3
1973,	2
1974,	1
1975,	3
1976,	1
1977,	2
1978,	3
1979,	3
1980,	3
1981,	2
1982,	0
1983,	1
1984,	4
1985,	3
1986,	4
1987,	2
1988,	2
1989,	2
1990,	4
1991,	3
1992,	4
1993,	3
1994,	2
1995,	2
1996,	0
1997,	4
1998,	3
1999,	1
