Instance: /home/gabriel/Documents/ufrgs/courses/oc/trab/instances/cmb02
Vertices: 1000
Colors: 10
NumIterations: 100000000
Alpha: 0.500000
Is Factible?: true
Conflicts: 0
Solution Value: 537383.250000
Initial Value: 537383.250000
Initial Conflicts: 0
Vertex,	Color
0,	2
1,	2
2,	0
3,	5
4,	4
5,	5
6,	4
7,	3
8,	0
9,	1
10,	3
11,	2
12,	0
13,	1
14,	2
15,	0
16,	3
17,	0
18,	4
19,	0
20,	4
21,	0
22,	1
23,	0
24,	3
25,	0
26,	2
27,	1
28,	2
29,	0
30,	1
31,	4
32,	2
33,	0
34,	0
35,	2
36,	0
37,	1
38,	2
39,	1
40,	1
41,	1
42,	3
43,	4
44,	0
45,	0
46,	1
47,	0
48,	0
49,	6
50,	2
51,	1
52,	0
53,	2
54,	1
55,	3
56,	2
57,	0
58,	2
59,	2
60,	3
61,	0
62,	4
63,	4
64,	2
65,	0
66,	0
67,	0
68,	0
69,	3
70,	1
71,	1
72,	4
73,	3
74,	2
75,	0
76,	1
77,	2
78,	0
79,	1
80,	4
81,	3
82,	3
83,	1
84,	3
85,	1
86,	6
87,	1
88,	0
89,	0
90,	0
91,	1
92,	1
93,	2
94,	2
95,	3
96,	0
97,	1
98,	0
99,	2
100,	1
101,	1
102,	2
103,	0
104,	2
105,	7
106,	2
107,	0
108,	2
109,	0
110,	0
111,	0
112,	3
113,	1
114,	0
115,	3
116,	0
117,	1
118,	0
119,	0
120,	1
121,	0
122,	2
123,	0
124,	2
125,	2
126,	0
127,	0
128,	1
129,	3
130,	3
131,	4
132,	1
133,	3
134,	5
135,	0
136,	0
137,	2
138,	3
139,	2
140,	0
141,	2
142,	0
143,	0
144,	4
145,	1
146,	1
147,	2
148,	6
149,	5
150,	2
151,	1
152,	1
153,	3
154,	1
155,	3
156,	2
157,	1
158,	4
159,	0
160,	0
161,	1
162,	0
163,	0
164,	0
165,	2
166,	2
167,	0
168,	1
169,	2
170,	0
171,	3
172,	1
173,	7
174,	0
175,	0
176,	3
177,	0
178,	3
179,	3
180,	3
181,	2
182,	0
183,	0
184,	1
185,	0
186,	3
187,	2
188,	1
189,	1
190,	0
191,	0
192,	1
193,	2
194,	4
195,	0
196,	1
197,	2
198,	1
199,	2
200,	2
201,	0
202,	1
203,	1
204,	1
205,	2
206,	0
207,	2
208,	3
209,	0
210,	2
211,	0
212,	1
213,	6
214,	2
215,	4
216,	3
217,	2
218,	2
219,	0
220,	2
221,	1
222,	2
223,	1
224,	4
225,	0
226,	0
227,	1
228,	1
229,	5
230,	1
231,	0
232,	0
233,	1
234,	3
235,	6
236,	0
237,	1
238,	2
239,	0
240,	0
241,	2
242,	2
243,	1
244,	0
245,	2
246,	0
247,	1
248,	0
249,	1
250,	2
251,	0
252,	3
253,	1
254,	1
255,	0
256,	2
257,	6
258,	0
259,	0
260,	0
261,	7
262,	0
263,	5
264,	1
265,	5
266,	4
267,	0
268,	3
269,	0
270,	1
271,	4
272,	1
273,	1
274,	2
275,	2
276,	5
277,	0
278,	1
279,	0
280,	0
281,	1
282,	1
283,	0
284,	0
285,	1
286,	2
287,	3
288,	0
289,	1
290,	0
291,	0
292,	1
293,	3
294,	2
295,	2
296,	2
297,	1
298,	4
299,	2
300,	0
301,	1
302,	0
303,	7
304,	3
305,	1
306,	6
307,	4
308,	2
309,	5
310,	1
311,	3
312,	3
313,	2
314,	0
315,	4
316,	0
317,	0
318,	0
319,	1
320,	3
321,	2
322,	1
323,	0
324,	2
325,	0
326,	5
327,	1
328,	1
329,	0
330,	2
331,	1
332,	1
333,	1
334,	1
335,	4
336,	1
337,	5
338,	5
339,	0
340,	3
341,	7
342,	2
343,	4
344,	0
345,	0
346,	0
347,	1
348,	5
349,	1
350,	2
351,	0
352,	2
353,	1
354,	0
355,	1
356,	1
357,	2
358,	4
359,	0
360,	2
361,	1
362,	2
363,	0
364,	4
365,	2
366,	0
367,	6
368,	2
369,	5
370,	0
371,	3
372,	1
373,	2
374,	6
375,	1
376,	3
377,	1
378,	0
379,	4
380,	0
381,	2
382,	0
383,	2
384,	1
385,	0
386,	3
387,	4
388,	0
389,	3
390,	4
391,	1
392,	1
393,	2
394,	1
395,	3
396,	2
397,	0
398,	0
399,	1
400,	0
401,	0
402,	1
403,	1
404,	1
405,	0
406,	1
407,	0
408,	1
409,	3
410,	4
411,	1
412,	4
413,	0
414,	0
415,	0
416,	2
417,	1
418,	0
419,	2
420,	1
421,	1
422,	1
423,	1
424,	6
425,	3
426,	0
427,	0
428,	3
429,	1
430,	3
431,	3
432,	4
433,	1
434,	1
435,	4
436,	0
437,	0
438,	2
439,	1
440,	0
441,	3
442,	3
443,	2
444,	1
445,	1
446,	0
447,	5
448,	1
449,	3
450,	0
451,	0
452,	4
453,	1
454,	4
455,	2
456,	1
457,	0
458,	1
459,	2
460,	0
461,	0
462,	3
463,	3
464,	4
465,	1
466,	0
467,	2
468,	3
469,	2
470,	3
471,	3
472,	2
473,	0
474,	1
475,	1
476,	5
477,	1
478,	2
479,	3
480,	0
481,	2
482,	3
483,	4
484,	0
485,	0
486,	1
487,	0
488,	1
489,	1
490,	1
491,	0
492,	2
493,	6
494,	0
495,	0
496,	7
497,	0
498,	2
499,	4
500,	1
501,	1
502,	5
503,	0
504,	7
505,	3
506,	7
507,	2
508,	4
509,	2
510,	0
511,	8
512,	1
513,	1
514,	1
515,	3
516,	5
517,	1
518,	4
519,	5
520,	3
521,	1
522,	3
523,	0
524,	1
525,	2
526,	3
527,	0
528,	1
529,	4
530,	2
531,	2
532,	2
533,	0
534,	2
535,	2
536,	0
537,	0
538,	1
539,	2
540,	3
541,	0
542,	3
543,	2
544,	0
545,	7
546,	0
547,	2
548,	1
549,	1
550,	1
551,	2
552,	2
553,	0
554,	3
555,	0
556,	1
557,	3
558,	1
559,	1
560,	2
561,	2
562,	2
563,	5
564,	5
565,	0
566,	6
567,	1
568,	2
569,	3
570,	0
571,	1
572,	1
573,	3
574,	4
575,	0
576,	1
577,	1
578,	0
579,	1
580,	1
581,	1
582,	3
583,	4
584,	2
585,	2
586,	1
587,	3
588,	1
589,	3
590,	1
591,	3
592,	0
593,	1
594,	1
595,	5
596,	0
597,	1
598,	5
599,	2
600,	5
601,	3
602,	5
603,	3
604,	0
605,	1
606,	0
607,	6
608,	0
609,	3
610,	0
611,	1
612,	1
613,	2
614,	5
615,	0
616,	4
617,	2
618,	1
619,	4
620,	3
621,	0
622,	2
623,	2
624,	2
625,	3
626,	3
627,	3
628,	2
629,	2
630,	2
631,	3
632,	1
633,	4
634,	1
635,	0
636,	0
637,	4
638,	4
639,	0
640,	0
641,	1
642,	0
643,	3
644,	2
645,	7
646,	0
647,	1
648,	1
649,	2
650,	1
651,	2
652,	1
653,	1
654,	1
655,	0
656,	2
657,	1
658,	7
659,	4
660,	2
661,	3
662,	4
663,	3
664,	1
665,	2
666,	0
667,	3
668,	1
669,	1
670,	1
671,	0
672,	0
673,	3
674,	3
675,	2
676,	2
677,	3
678,	3
679,	1
680,	3
681,	2
682,	3
683,	3
684,	3
685,	2
686,	0
687,	5
688,	0
689,	4
690,	2
691,	2
692,	4
693,	0
694,	3
695,	0
696,	3
697,	2
698,	0
699,	2
700,	4
701,	1
702,	1
703,	0
704,	3
705,	6
706,	1
707,	3
708,	2
709,	1
710,	0
711,	1
712,	1
713,	3
714,	1
715,	2
716,	6
717,	2
718,	3
719,	4
720,	1
721,	0
722,	2
723,	3
724,	5
725,	3
726,	2
727,	2
728,	5
729,	1
730,	3
731,	2
732,	0
733,	5
734,	3
735,	1
736,	1
737,	2
738,	2
739,	4
740,	2
741,	0
742,	1
743,	2
744,	6
745,	2
746,	0
747,	2
748,	3
749,	1
750,	1
751,	4
752,	5
753,	2
754,	4
755,	2
756,	5
757,	1
758,	0
759,	2
760,	6
761,	5
762,	4
763,	0
764,	4
765,	3
766,	2
767,	3
768,	3
769,	0
770,	0
771,	0
772,	4
773,	2
774,	4
775,	1
776,	4
777,	4
778,	3
779,	3
780,	4
781,	3
782,	8
783,	8
784,	1
785,	2
786,	4
787,	5
788,	3
789,	6
790,	2
791,	5
792,	5
793,	0
794,	6
795,	3
796,	2
797,	4
798,	5
799,	5
800,	4
801,	5
802,	0
803,	3
804,	6
805,	1
806,	2
807,	0
808,	3
809,	7
810,	4
811,	1
812,	2
813,	4
814,	1
815,	4
816,	2
817,	1
818,	2
819,	0
820,	1
821,	3
822,	2
823,	0
824,	3
825,	5
826,	1
827,	2
828,	0
829,	2
830,	3
831,	0
832,	4
833,	6
834,	1
835,	2
836,	4
837,	2
838,	2
839,	4
840,	0
841,	0
842,	3
843,	0
844,	4
845,	3
846,	3
847,	4
848,	4
849,	3
850,	3
851,	6
852,	3
853,	6
854,	5
855,	6
856,	3
857,	4
858,	3
859,	1
860,	1
861,	6
862,	2
863,	0
864,	4
865,	4
866,	2
867,	6
868,	5
869,	6
870,	4
871,	3
872,	5
873,	2
874,	1
875,	5
876,	5
877,	3
878,	3
879,	5
880,	6
881,	5
882,	5
883,	0
884,	5
885,	2
886,	3
887,	1
888,	3
889,	1
890,	5
891,	4
892,	0
893,	3
894,	4
895,	3
896,	6
897,	2
898,	2
899,	2
900,	0
901,	4
902,	3
903,	1
904,	0
905,	2
906,	5
907,	3
908,	3
909,	5
910,	5
911,	6
912,	0
913,	1
914,	0
915,	6
916,	4
917,	4
918,	1
919,	5
920,	7
921,	1
922,	1
923,	5
924,	6
925,	3
926,	5
927,	2
928,	6
929,	4
930,	5
931,	1
932,	4
933,	0
934,	3
935,	4
936,	5
937,	4
938,	9
939,	2
940,	3
941,	6
942,	3
943,	5
944,	1
945,	2
946,	6
947,	3
948,	5
949,	5
950,	5
951,	5
952,	6
953,	6
954,	3
955,	5
956,	4
957,	3
958,	8
959,	3
960,	5
961,	1
962,	4
963,	1
964,	3
965,	4
966,	3
967,	0
968,	9
969,	5
970,	6
971,	6
972,	4
973,	0
974,	1
975,	4
976,	2
977,	3
978,	3
979,	4
980,	8
981,	7
982,	5
983,	3
984,	4
985,	2
986,	7
987,	4
988,	3
989,	6
990,	3
991,	5
992,	1
993,	4
994,	7
995,	9
996,	9
997,	4
998,	4
999,	2
